0 0.4639423076923077 0.3942307692307692 0.055288461538461536 0.09134615384615384
0 0.29927884615384615 0.2608173076923077 0.057692307692307696 0.09375
0 0.24278846153846154 0.2608173076923077 0.054086538461538464 0.09134615384615384
0 0.19110576923076922 0.25961538461538464 0.04807692307692308 0.08774038461538461
0 0.12139423076923077 0.25961538461538464 0.05889423076923077 0.09375
0 0.8317307692307693 0.5216346153846154 0.054086538461538464 0.09495192307692307
0 0.06129807692307692 0.25600961538461536 0.05889423076923077 0.09254807692307693
0 0.9723557692307693 0.5877403846153846 0.05048076923076923 0.13221153846153846
0 0.9050480769230769 0.5829326923076923 0.07091346153846154 0.13221153846153846
0 0.9711538461538461 0.40625 0.055288461538461536 0.13221153846153846
0 0.9086538461538461 0.40384615384615385 0.06610576923076923 0.13701923076923078
0 0.8485576923076923 0.39663461538461536 0.055288461538461536 0.09134615384615384
0 0.7932692307692307 0.390625 0.055288461538461536 0.10096153846153846
0 0.7379807692307693 0.3954326923076923 0.051682692307692304 0.09014423076923077
0 0.6838942307692307 0.390625 0.052884615384615384 0.09975961538461539
0 0.6286057692307693 0.390625 0.051682692307692304 0.0985576923076923
0 0.5757211538461539 0.3918269230769231 0.05048076923076923 0.10096153846153846
0 0.02403846153846154 0.38341346153846156 0.040865384615384616 0.10096153846153846
0 0.06490384615384616 0.3858173076923077 0.042067307692307696 0.09975961538461539
0 0.109375 0.3870192307692308 0.04447115384615385 0.09735576923076923
0 0.24519230769230768 0.38822115384615385 0.04447115384615385 0.10096153846153846
0 0.296875 0.3894230769230769 0.055288461538461536 0.0985576923076923
0 0.35216346153846156 0.3894230769230769 0.052884615384615384 0.0985576923076923
0 0.40625 0.3894230769230769 0.057692307692307696 0.09975961538461539
0 0.5180288461538461 0.3954326923076923 0.051682692307692304 0.09134615384615384
0 0.7776442307692307 0.5228365384615384 0.05048076923076923 0.09375
0 0.9435096153846154 0.25240384615384615 0.11057692307692307 0.09615384615384616
0 0.8677884615384616 0.125 0.03365384615384615 0.11177884615384616
0 0.8605769230769231 0.2668269230769231 0.054086538461538464 0.08653846153846154
0 0.8040865384615384 0.265625 0.055288461538461536 0.08533653846153846
0 0.7487980769230769 0.26802884615384615 0.055288461538461536 0.08653846153846154
0 0.6947115384615384 0.2668269230769231 0.051682692307692304 0.0889423076923077
0 0.6382211538461539 0.26802884615384615 0.052884615384615384 0.08774038461538461
0 0.5805288461538461 0.2668269230769231 0.051682692307692304 0.0889423076923077
0 0.5252403846153846 0.2620192307692308 0.054086538461538464 0.09615384615384616
0 0.4675480769230769 0.2620192307692308 0.056490384615384616 0.09495192307692307
0 0.8257211538461539 0.12379807692307693 0.03365384615384615 0.11177884615384616
0 0.7319711538461539 0.13581730769230768 0.052884615384615384 0.08653846153846154
0 0.671875 0.13341346153846154 0.054086538461538464 0.08653846153846154
0 0.7247596153846154 0.5240384615384616 0.05048076923076923 0.09134615384615384
0 0.6153846153846154 0.13341346153846154 0.054086538461538464 0.0889423076923077
0 0.49038461538461536 0.13341346153846154 0.05889423076923077 0.0889423076923077
0 0.29927884615384615 0.5216346153846154 0.057692307692307696 0.09735576923076923
0 0.24158653846153846 0.5180288461538461 0.055288461538461536 0.10096153846153846
0 0.18269230769230768 0.5216346153846154 0.06129807692307692 0.09735576923076923
0 0.1201923076923077 0.5204326923076923 0.06009615384615385 0.0985576923076923
0 0.06009615384615385 0.5144230769230769 0.057692307692307696 0.11057692307692307
0 0.014423076923076924 0.5204326923076923 0.028846153846153848 0.09735576923076923
0 0.014423076923076924 0.6478365384615384 0.027644230769230768 0.0985576923076923
0 0.05889423076923077 0.6502403846153846 0.057692307692307696 0.09254807692307693
0 0.12259615384615384 0.6514423076923077 0.056490384615384616 0.09495192307692307
0 0.18028846153846154 0.6490384615384616 0.055288461538461536 0.0985576923076923
0 0.5564903846153846 0.13221153846153846 0.06129807692307692 0.08653846153846154
0 0.3545673076923077 0.5240384615384616 0.051682692307692304 0.09495192307692307
0 0.23918269230769232 0.12740384615384615 0.0673076923076923 0.09495192307692307
0 0.4651442307692308 0.9158653846153846 0.056490384615384616 0.08413461538461539
0 0.5576923076923077 0.7776442307692307 0.04927884615384615 0.0889423076923077
0 0.5060096153846154 0.7764423076923077 0.051682692307692304 0.09014423076923077
0 0.453125 0.7776442307692307 0.055288461538461536 0.0889423076923077
0 0.3954326923076923 0.7764423076923077 0.055288461538461536 0.0889423076923077
0 0.2932692307692308 0.7716346153846154 0.055288461538461536 0.09615384615384616
0 0.23557692307692307 0.78125 0.055288461538461536 0.07932692307692307
0 0.18269230769230768 0.7800480769230769 0.05048076923076923 0.08173076923076923
0 0.609375 0.7776442307692307 0.05048076923076923 0.08774038461538461
0 0.12980769230769232 0.78125 0.051682692307692304 0.078125
0 0.02283653846153846 0.7836538461538461 0.04567307692307692 0.08653846153846154
0 0.046875 0.9206730769230769 0.05048076923076923 0.0625
0 0.0985576923076923 0.9230769230769231 0.051682692307692304 0.0673076923076923
0 0.15264423076923078 0.921875 0.055288461538461536 0.06971153846153846
0 0.2091346153846154 0.9206730769230769 0.056490384615384616 0.0673076923076923
0 0.26322115384615385 0.921875 0.04927884615384615 0.06490384615384616
0 0.3137019230769231 0.921875 0.05048076923076923 0.06129807692307692
0 0.07451923076923077 0.7848557692307693 0.056490384615384616 0.07932692307692307
0 0.7115384615384616 0.78125 0.04927884615384615 0.08653846153846154
0 0.7632211538461539 0.7788461538461539 0.04927884615384615 0.08774038461538461
0 0.8125 0.7788461538461539 0.05048076923076923 0.08774038461538461
0 0.234375 0.6490384615384616 0.055288461538461536 0.0985576923076923
0 0.29447115384615385 0.6514423076923077 0.05048076923076923 0.09735576923076923
0 0.3473557692307692 0.6514423076923077 0.052884615384615384 0.09495192307692307
0 0.40024038461538464 0.6478365384615384 0.05048076923076923 0.0985576923076923
0 0.453125 0.6514423076923077 0.052884615384615384 0.09254807692307693
0 0.5060096153846154 0.6502403846153846 0.051682692307692304 0.09495192307692307
0 0.5588942307692307 0.6514423076923077 0.05048076923076923 0.09014423076923077
0 0.6117788461538461 0.6502403846153846 0.051682692307692304 0.09134615384615384
0 0.6646634615384616 0.6526442307692307 0.054086538461538464 0.08774038461538461
0 0.71875 0.6514423076923077 0.05048076923076923 0.0889423076923077
0 0.7692307692307693 0.6586538461538461 0.05048076923076923 0.07932692307692307
0 0.8221153846153846 0.65625 0.055288461538461536 0.08413461538461539
0 0.8822115384615384 0.7007211538461539 0.04807692307692308 0.051682692307692304
0 0.9459134615384616 0.7007211538461539 0.05889423076923077 0.04927884615384615
0 0.9867788461538461 0.7680288461538461 0.025240384615384616 0.05048076923076923
0 0.9399038461538461 0.7692307692307693 0.05889423076923077 0.056490384615384616
0 0.8762019230769231 0.7716346153846154 0.06009615384615385 0.05048076923076923
0 0.3629807692307692 0.9122596153846154 0.04447115384615385 0.07932692307692307
0 0.41225961538461536 0.9146634615384616 0.05048076923076923 0.08413461538461539
0 0.41225961538461536 0.2644230769230769 0.054086538461538464 0.08774038461538461
0 0.8930288461538461 0.90625 0.046875 0.11658653846153846
0 0.46153846153846156 0.5204326923076923 0.052884615384615384 0.09615384615384616
0 0.40865384615384615 0.5216346153846154 0.05048076923076923 0.09495192307692307
0 0.9867788461538461 0.9050480769230769 0.02403846153846154 0.11298076923076923
0 0.9459134615384616 0.9086538461538461 0.056490384615384616 0.12139423076923077
0 0.5204326923076923 0.9158653846153846 0.051682692307692304 0.0829326923076923
0 0.8064903846153846 0.921875 0.036057692307692304 0.08653846153846154
0 0.765625 0.9230769230769231 0.03365384615384615 0.0829326923076923
0 0.7259615384615384 0.9230769230769231 0.04567307692307692 0.0829326923076923
0 0.6778846153846154 0.9206730769230769 0.04927884615384615 0.08052884615384616
0 0.6201923076923077 0.5240384615384616 0.05048076923076923 0.09134615384615384
0 0.671875 0.5252403846153846 0.052884615384615384 0.0889423076923077
0 0.5120192307692307 0.5216346153846154 0.04927884615384615 0.09375
0 0.052884615384615384 0.12259615384615384 0.054086538461538464 0.09615384615384616
0 0.17427884615384615 0.12259615384615384 0.06129807692307692 0.09735576923076923
0 0.35697115384615385 0.265625 0.052884615384615384 0.08653846153846154
0 0.30288461538461536 0.13221153846153846 0.056490384615384616 0.08774038461538461
0 0.35216346153846156 0.1346153846153846 0.04326923076923077 0.07692307692307693
0 0.42908653846153844 0.13221153846153846 0.054086538461538464 0.08413461538461539
0 0.625 0.9194711538461539 0.052884615384615384 0.08173076923076923
0 0.5709134615384616 0.9170673076923077 0.05048076923076923 0.08052884615384616
0 0.1141826923076923 0.12139423076923077 0.06129807692307692 0.09375
0 0.5661057692307693 0.5228365384615384 0.055288461538461536 0.09375