0 0.5348557692307693 0.7620192307692307 0.06610576923076923 0.056490384615384616
0 0.6057692307692307 0.7608173076923077 0.0673076923076923 0.057692307692307696
0 0.671875 0.7632211538461539 0.054086538461538464 0.04927884615384615
0 0.7259615384615384 0.7608173076923077 0.05048076923076923 0.052884615384615384
0 0.8052884615384616 0.765625 0.03245192307692308 0.042067307692307696
0 0.84375 0.765625 0.039663461538461536 0.04927884615384615
0 0.5432692307692307 0.8545673076923077 0.046875 0.08533653846153846
0 0.22596153846153846 0.8353365384615384 0.038461538461538464 0.04807692307692308
0 0.49759615384615385 0.8377403846153846 0.04326923076923077 0.052884615384615384
0 0.453125 0.7608173076923077 0.07211538461538461 0.05889423076923077
0 0.4543269230769231 0.8401442307692307 0.037259615384615384 0.06129807692307692
0 0.41225961538461536 0.84375 0.040865384615384616 0.06610576923076923
0 0.36658653846153844 0.8473557692307693 0.04326923076923077 0.07091346153846154
0 0.31971153846153844 0.8509615384615384 0.04567307692307692 0.078125
0 0.2704326923076923 0.8569711538461539 0.046875 0.08533653846153846
0 0.8774038461538461 0.7644230769230769 0.028846153846153848 0.04807692307692308
0 0.9194711538461539 0.7572115384615384 0.04447115384615385 0.057692307692307696
0 0.9663461538461539 0.7572115384615384 0.046875 0.06009615384615385
0 0.07692307692307693 0.8533653846153846 0.07091346153846154 0.07932692307692307
0 0.15264423076923078 0.8605769230769231 0.07572115384615384 0.07692307692307693
0 0.2127403846153846 0.29086538461538464 0.06129807692307692 0.10817307692307693
0 0.38461538461538464 0.7475961538461539 0.06370192307692307 0.057692307692307696
0 0.5 0.41466346153846156 0.0829326923076923 0.10216346153846154
0 0.25721153846153844 0.75 0.06129807692307692 0.054086538461538464
0 0.30408653846153844 0.5360576923076923 0.055288461538461536 0.09615384615384616
0 0.2091346153846154 0.5396634615384616 0.037259615384615384 0.0985576923076923
0 0.16105769230769232 0.5588942307692307 0.052884615384615384 0.05889423076923077
0 0.0985576923076923 0.5552884615384616 0.04567307692307692 0.07211538461538461
0 0.056490384615384616 0.5516826923076923 0.036057692307692304 0.07932692307692307
0 0.018028846153846152 0.5540865384615384 0.036057692307692304 0.06850961538461539
0 0.0985576923076923 0.4387019230769231 0.054086538461538464 0.040865384615384616
0 0.9326923076923077 0.4206730769230769 0.07692307692307693 0.08173076923076923
0 0.8341346153846154 0.41225961538461536 0.0829326923076923 0.09254807692307693
0 0.7548076923076923 0.4110576923076923 0.06971153846153846 0.09615384615384616
0 0.703125 0.41225961538461536 0.030048076923076924 0.0985576923076923
0 0.6538461538461539 0.43028846153846156 0.06610576923076923 0.07692307692307693
0 0.5913461538461539 0.8653846153846154 0.04567307692307692 0.07692307692307693
0 0.41586538461538464 0.41586538461538464 0.07692307692307693 0.10096153846153846
0 0.3449519230769231 0.42427884615384615 0.057692307692307696 0.0829326923076923
0 0.2860576923076923 0.4230769230769231 0.06009615384615385 0.08533653846153846
0 0.22115384615384615 0.421875 0.06129807692307692 0.0889423076923077
0 0.16105769230769232 0.4699519230769231 0.054086538461538464 0.052884615384615384
0 0.15745192307692307 0.40024038461538464 0.04567307692307692 0.054086538461538464
0 0.08774038461538461 0.390625 0.06370192307692307 0.056490384615384616
0 0.03245192307692308 0.4230769230769231 0.04567307692307692 0.08533653846153846
0 0.9459134615384616 0.2980769230769231 0.0889423076923077 0.09615384615384616
0 0.8653846153846154 0.3016826923076923 0.06850961538461539 0.08774038461538461
0 0.7896634615384616 0.30288461538461536 0.07692307692307693 0.08774038461538461
0 0.71875 0.3004807692307692 0.0625 0.0889423076923077
0 0.6442307692307693 0.29927884615384615 0.08774038461538461 0.10216346153846154
0 0.546875 0.28846153846153844 0.07692307692307693 0.10817307692307693
0 0.4735576923076923 0.29447115384615385 0.07091346153846154 0.10336538461538461
0 0.40384615384615385 0.2980769230769231 0.06370192307692307 0.09375
0 0.47836538461538464 0.5528846153846154 0.09254807692307693 0.06850961538461539
0 0.5673076923076923 0.5456730769230769 0.07572115384615384 0.08653846153846154
0 0.6358173076923077 0.5444711538461539 0.06009615384615385 0.0889423076923077
0 0.6983173076923077 0.5420673076923077 0.06370192307692307 0.08533653846153846
0 0.19110576923076922 0.765625 0.05889423076923077 0.0673076923076923
0 0.13942307692307693 0.7596153846153846 0.042067307692307696 0.06610576923076923
0 0.08774038461538461 0.7596153846153846 0.054086538461538464 0.06610576923076923
0 0.03245192307692308 0.7620192307692307 0.057692307692307696 0.06370192307692307
0 0.9495192307692307 0.6622596153846154 0.05889423076923077 0.06850961538461539
0 0.8966346153846154 0.65625 0.046875 0.09615384615384616
0 0.8461538461538461 0.65625 0.04807692307692308 0.09375
0 0.7620192307692307 0.640625 0.04326923076923077 0.07211538461538461
0 0.7151442307692307 0.6550480769230769 0.04807692307692308 0.09615384615384616
0 0.3870192307692308 0.5612980769230769 0.078125 0.052884615384615384
0 0.6682692307692307 0.6526442307692307 0.037259615384615384 0.08774038461538461
0 0.6310096153846154 0.6586538461538461 0.036057692307692304 0.08052884615384616
0 0.5925480769230769 0.6514423076923077 0.03485576923076923 0.08413461538461539
0 0.5564903846153846 0.6610576923076923 0.036057692307692304 0.08173076923076923
0 0.31850961538461536 0.7596153846153846 0.05889423076923077 0.0733173076923077
0 0.5240384615384616 0.6526442307692307 0.030048076923076924 0.08052884615384616
0 0.4495192307692308 0.6586538461538461 0.039663461538461536 0.08533653846153846
0 0.40625 0.6574519230769231 0.04326923076923077 0.09014423076923077
0 0.36658653846153844 0.6574519230769231 0.039663461538461536 0.09254807692307693
0 0.3293269230769231 0.6574519230769231 0.03365384615384615 0.09495192307692307
0 0.296875 0.6586538461538461 0.03365384615384615 0.09134615384615384
0 0.25961538461538464 0.6598557692307693 0.037259615384615384 0.09134615384615384
0 0.22596153846153846 0.6802884615384616 0.026442307692307692 0.055288461538461536
0 0.18990384615384615 0.6802884615384616 0.039663461538461536 0.0625
0 0.14783653846153846 0.6790865384615384 0.03485576923076923 0.057692307692307696
0 0.109375 0.6766826923076923 0.036057692307692304 0.05889423076923077
0 0.055288461538461536 0.6658653846153846 0.055288461538461536 0.08533653846153846
0 0.9098557692307693 0.5348557692307693 0.09735576923076923 0.1045673076923077
0 0.8257211538461539 0.5456730769230769 0.06490384615384616 0.08173076923076923
0 0.7620192307692307 0.5384615384615384 0.06129807692307692 0.09375
0 0.4879807692307692 0.6586538461538461 0.037259615384615384 0.0829326923076923
0 0.6334134615384616 0.8581730769230769 0.039663461538461536 0.078125
0 0.2800480769230769 0.29086538461538464 0.06850961538461539 0.10576923076923077
0 0.7019230769230769 0.8353365384615384 0.042067307692307696 0.054086538461538464
0 0.2824519230769231 0.14543269230769232 0.09375 0.06370192307692307
0 0.39302884615384615 0.17307692307692307 0.11057692307692307 0.0829326923076923
0 0.5012019230769231 0.171875 0.1045673076923077 0.08774038461538461
0 0.5805288461538461 0.10336538461538461 0.04927884615384615 0.06971153846153846
0 0.6310096153846154 0.10216346153846154 0.04567307692307692 0.06971153846153846
0 0.5805288461538461 0.17548076923076922 0.04567307692307692 0.07572115384615384
0 0.6310096153846154 0.17548076923076922 0.046875 0.07572115384615384
0 0.6935096153846154 0.1622596153846154 0.037259615384615384 0.021634615384615384
0 0.20432692307692307 0.1971153846153846 0.07572115384615384 0.03365384615384615
0 0.7524038461538461 0.0985576923076923 0.05048076923076923 0.039663461538461536
0 0.7692307692307693 0.16706730769230768 0.040865384615384616 0.09615384615384616
0 0.8774038461538461 0.16346153846153846 0.06370192307692307 0.10336538461538461
0 0.9447115384615384 0.16706730769230768 0.056490384615384616 0.09615384615384616
0 0.6790865384615384 0.19471153846153846 0.04447115384615385 0.04447115384615385
0 0.7235576923076923 0.19471153846153846 0.04447115384615385 0.04326923076923077
0 0.08173076923076923 0.3076923076923077 0.06850961538461539 0.078125
0 0.1502403846153846 0.33533653846153844 0.04447115384615385 0.07211538461538461
0 0.6682692307692307 0.8353365384615384 0.02403846153846154 0.04807692307692308
0 0.8100961538461539 0.09375 0.054086538461538464 0.04807692307692308
0 0.11298076923076923 0.18870192307692307 0.0985576923076923 0.054086538461538464
0 0.8161057692307693 0.16706730769230768 0.04927884615384615 0.09615384615384616
0 0.037259615384615384 0.026442307692307692 0.07091346153846154 0.04567307692307692
0 0.03365384615384615 0.07572115384615384 0.06370192307692307 0.040865384615384616
0 0.12379807692307693 0.09615384615384616 0.10096153846153846 0.04447115384615385
0 0.11538461538461539 0.140625 0.10096153846153846 0.040865384615384616
0 0.796875 0.8461538461538461 0.052884615384615384 0.07091346153846154
0 0.8425480769230769 0.84375 0.039663461538461536 0.06850961538461539
0 0.9014423076923077 0.8497596153846154 0.06370192307692307 0.08413461538461539
0 0.34375 0.3088942307692308 0.057692307692307696 0.07091346153846154
0 0.7439903846153846 0.8341346153846154 0.038461538461538464 0.051682692307692304