0 0.9338942307692307 0.40625 0.04326923076923077 0.09014423076923077
0 0.49038461538461536 0.390625 0.09735576923076923 0.09134615384615384
0 0.8870192307692307 0.4050480769230769 0.05048076923076923 0.09615384615384616
0 0.8245192307692307 0.3918269230769231 0.054086538461538464 0.09375
0 0.7704326923076923 0.3918269230769231 0.055288461538461536 0.09254807692307693
0 0.71875 0.3918269230769231 0.04807692307692308 0.09254807692307693
0 0.6658653846153846 0.390625 0.051682692307692304 0.09254807692307693
0 0.5889423076923077 0.390625 0.09975961538461539 0.09254807692307693
0 0.41586538461538464 0.3894230769230769 0.05048076923076923 0.09134615384615384
0 0.6370192307692307 0.49759615384615385 0.038461538461538464 0.08173076923076923
0 0.5997596153846154 0.4963942307692308 0.037259615384615384 0.08052884615384616
0 0.28725961538461536 0.3870192307692308 0.04326923076923077 0.09254807692307693
0 0.2439903846153846 0.3870192307692308 0.04326923076923077 0.09254807692307693
0 0.11538461538461539 0.3954326923076923 0.08052884615384616 0.07451923076923077
0 0.02403846153846154 0.2764423076923077 0.04807692307692308 0.0889423076923077
0 0.8365384615384616 0.4963942307692308 0.036057692307692304 0.08653846153846154
0 0.7956730769230769 0.49759615384615385 0.042067307692307696 0.08413461538461539
0 0.4675480769230769 0.4963942307692308 0.039663461538461536 0.0889423076923077
0 0.7163461538461539 0.49759615384615385 0.038461538461538464 0.08413461538461539
0 0.5108173076923077 0.49399038461538464 0.04326923076923077 0.0889423076923077
0 0.5588942307692307 0.4951923076923077 0.046875 0.0829326923076923
0 0.6778846153846154 0.49759615384615385 0.042067307692307696 0.0829326923076923
0 0.34975961538461536 0.39302884615384615 0.08052884615384616 0.08653846153846154
0 0.7560096153846154 0.49759615384615385 0.037259615384615384 0.08533653846153846
0 0.7271634615384616 0.28125 0.037259615384615384 0.09254807692307693
0 0.9807692307692307 0.5144230769230769 0.037259615384615384 0.08653846153846154
0 0.6802884615384616 0.16466346153846154 0.046875 0.09495192307692307
0 0.6334134615384616 0.16346153846153846 0.04326923076923077 0.09735576923076923
0 0.5913461538461539 0.16346153846153846 0.039663461538461536 0.09375
0 0.5492788461538461 0.1622596153846154 0.040865384615384616 0.09495192307692307
0 0.5096153846153846 0.16346153846153846 0.03485576923076923 0.09254807692307693
0 0.4675480769230769 0.1622596153846154 0.04567307692307692 0.09495192307692307
0 0.4230769230769231 0.1658653846153846 0.038461538461538464 0.08774038461538461
0 0.3798076923076923 0.16466346153846154 0.04326923076923077 0.08653846153846154
0 0.33413461538461536 0.16466346153846154 0.04567307692307692 0.08653846153846154
0 0.28125 0.15865384615384615 0.05889423076923077 0.09615384615384616
0 0.2283653846153846 0.1622596153846154 0.04567307692307692 0.08774038461538461
0 0.18269230769230768 0.1622596153846154 0.04447115384615385 0.0889423076923077
0 0.13942307692307693 0.1622596153846154 0.042067307692307696 0.08774038461538461
0 0.09615384615384616 0.15985576923076922 0.04567307692307692 0.0889423076923077
0 0.054086538461538464 0.14543269230769232 0.038461538461538464 0.03125
0 0.009615384615384616 0.13701923076923078 0.018028846153846152 0.04567307692307692
0 0.8112980769230769 0.16466346153846154 0.04326923076923077 0.09615384615384616
0 0.8569711538461539 0.1658653846153846 0.04326923076923077 0.09615384615384616
0 0.9771634615384616 0.3112980769230769 0.042067307692307696 0.0625
0 0.9326923076923077 0.3112980769230769 0.04326923076923077 0.06129807692307692
0 0.890625 0.31009615384615385 0.036057692307692304 0.06129807692307692
0 0.8545673076923077 0.28125 0.038461538461538464 0.09615384615384616
0 0.8149038461538461 0.2800480769230769 0.040865384615384616 0.09495192307692307
0 0.7692307692307693 0.28125 0.040865384615384616 0.09254807692307693
0 0.42788461538461536 0.5012019230769231 0.037259615384615384 0.078125
0 0.6850961538461539 0.2800480769230769 0.040865384615384616 0.0985576923076923
0 0.6141826923076923 0.28846153846153844 0.06370192307692307 0.07692307692307693
0 0.5540865384615384 0.28846153846153844 0.05048076923076923 0.07692307692307693
0 0.9326923076923077 0.5132211538461539 0.05048076923076923 0.08653846153846154
0 0.9783653846153846 0.40625 0.038461538461538464 0.09134615384615384
0 0.390625 0.4987980769230769 0.03485576923076923 0.07932692307692307
0 0.2932692307692308 0.6213942307692307 0.07932692307692307 0.078125
0 0.28966346153846156 0.4987980769230769 0.09134615384615384 0.07932692307692307
0 0.7908653846153846 0.734375 0.07091346153846154 0.03245192307692308
0 0.7860576923076923 0.765625 0.06610576923076923 0.030048076923076924
0 0.7163461538461539 0.6995192307692307 0.06850961538461539 0.03485576923076923
0 0.7175480769230769 0.7331730769230769 0.07091346153846154 0.03245192307692308
0 0.7139423076923077 0.765625 0.06610576923076923 0.028846153846153848
0 0.6442307692307693 0.7007211538461539 0.06850961538461539 0.036057692307692304
0 0.6442307692307693 0.7331730769230769 0.0673076923076923 0.027644230769230768
0 0.6442307692307693 0.7620192307692307 0.06610576923076923 0.03365384615384615
0 0.578125 0.6983173076923077 0.06490384615384616 0.03245192307692308
0 0.578125 0.7307692307692307 0.06490384615384616 0.03245192307692308
0 0.5793269230769231 0.7632211538461539 0.06610576923076923 0.030048076923076924
0 0.5108173076923077 0.6995192307692307 0.06610576923076923 0.03365384615384615
0 0.7872596153846154 0.7019230769230769 0.06971153846153846 0.03365384615384615
0 0.5132211538461539 0.7319711538461539 0.06490384615384616 0.030048076923076924
0 0.4579326923076923 0.7319711538461539 0.03485576923076923 0.08533653846153846
0 0.4206730769230769 0.7331730769230769 0.03485576923076923 0.08533653846153846
0 0.3786057692307692 0.7391826923076923 0.038461538461538464 0.08653846153846154
0 0.3425480769230769 0.734375 0.03365384615384615 0.08533653846153846
0 0.2980769230769231 0.7451923076923077 0.05048076923076923 0.0673076923076923
0 0.23677884615384615 0.7439903846153846 0.07211538461538461 0.06850961538461539
0 0.5024038461538461 0.2776442307692308 0.05048076923076923 0.09615384615384616
0 0.3713942307692308 0.2764423076923077 0.055288461538461536 0.0985576923076923
0 0.14182692307692307 0.28966346153846156 0.055288461538461536 0.06610576923076923
0 0.20673076923076922 0.28966346153846156 0.06129807692307692 0.06490384615384616
0 0.27524038461538464 0.28125 0.04326923076923077 0.08653846153846154
0 0.3173076923076923 0.28125 0.040865384615384616 0.08774038461538461
0 0.5132211538461539 0.7632211538461539 0.06370192307692307 0.03125
0 0.35336538461538464 0.49759615384615385 0.036057692307692304 0.078125
0 0.9699519230769231 0.6213942307692307 0.051682692307692304 0.09014423076923077
0 0.8064903846153846 0.6298076923076923 0.06850961538461539 0.06971153846153846
0 0.22115384615384615 0.49759615384615385 0.039663461538461536 0.08052884615384616
0 0.17548076923076922 0.49759615384615385 0.04447115384615385 0.08173076923076923
0 0.12860576923076922 0.4963942307692308 0.04326923076923077 0.08052884615384616
0 0.08413461538461539 0.4963942307692308 0.042067307692307696 0.0829326923076923
0 0.028846153846153848 0.49399038461538464 0.04447115384615385 0.08413461538461539
0 0.025240384615384616 0.6165865384615384 0.05048076923076923 0.08052884615384616
0 0.10817307692307693 0.6201923076923077 0.04567307692307692 0.08413461538461539
0 0.1502403846153846 0.6177884615384616 0.039663461538461536 0.08413461538461539
0 0.21033653846153846 0.6201923076923077 0.078125 0.07692307692307693
0 0.3629807692307692 0.6189903846153846 0.04807692307692308 0.08173076923076923
0 0.4098557692307692 0.6177884615384616 0.046875 0.0829326923076923
0 0.46634615384615385 0.6286057692307693 0.06610576923076923 0.06490384615384616
0 0.8701923076923077 0.6213942307692307 0.054086538461538464 0.08653846153846154
0 0.5324519230769231 0.6286057692307693 0.0673076923076923 0.0673076923076923
0 0.6670673076923077 0.6298076923076923 0.06610576923076923 0.06850961538461539
0 0.17908653846153846 0.734375 0.042067307692307696 0.08774038461538461
0 0.1310096153846154 0.734375 0.05048076923076923 0.08653846153846154
0 0.08653846153846154 0.7355769230769231 0.038461538461538464 0.07692307692307693
0 0.9723557692307693 0.734375 0.05048076923076923 0.07211538461538461
0 0.04807692307692308 0.7379807692307693 0.042067307692307696 0.08052884615384616
0 0.014423076923076924 0.7391826923076923 0.028846153846153848 0.03125
0 0.014423076923076924 0.7668269230769231 0.028846153846153848 0.02403846153846154
0 0.08774038461538461 0.28966346153846156 0.052884615384615384 0.0673076923076923
0 0.26322115384615385 0.6911057692307693 0.0673076923076923 0.02403846153846154
0 0.8545673076923077 0.7355769230769231 0.06009615384615385 0.06850961538461539
0 0.7379807692307693 0.6310096153846154 0.06971153846153846 0.06850961538461539
0 0.5997596153846154 0.6286057692307693 0.06850961538461539 0.06610576923076923
0 0.8810096153846154 0.5096153846153846 0.046875 0.09375
0 0.7235576923076923 0.16466346153846154 0.04326923076923077 0.09495192307692307
0 0.7680288461538461 0.16466346153846154 0.04326923076923077 0.09615384615384616