0 0.4579326923076923 0.3161057692307692 0.06129807692307692 0.037259615384615384
0 0.5024038461538461 0.24278846153846154 0.04326923076923077 0.027644230769230768
0 0.5576923076923077 0.24278846153846154 0.056490384615384616 0.03125
0 0.6165865384615384 0.2439903846153846 0.04927884615384615 0.03125
0 0.671875 0.24519230769230768 0.04927884615384615 0.03125
0 0.7271634615384616 0.2439903846153846 0.04927884615384615 0.03485576923076923
0 0.8088942307692307 0.24158653846153846 0.09615384615384616 0.04567307692307692
0 0.9086538461538461 0.19591346153846154 0.09975961538461539 0.04326923076923077
0 0.9110576923076923 0.2403846153846154 0.10096153846153846 0.04326923076923077
0 0.11057692307692307 0.30528846153846156 0.08173076923076923 0.04326923076923077
0 0.18629807692307693 0.30649038461538464 0.06490384615384616 0.038461538461538464
0 0.25600961538461536 0.3076923076923077 0.06610576923076923 0.040865384615384616
0 0.03125 0.34615384615384615 0.0625 0.04326923076923077
0 0.4495192307692308 0.24278846153846154 0.04807692307692308 0.028846153846153848
0 0.10697115384615384 0.3485576923076923 0.07211538461538461 0.038461538461538464
0 0.2536057692307692 0.3485576923076923 0.0673076923076923 0.037259615384615384
0 0.3942307692307692 0.3137019230769231 0.06009615384615385 0.036057692307692304
0 0.38221153846153844 0.7704326923076923 0.06009615384615385 0.039663461538461536
0 0.5240384615384616 0.3173076923076923 0.06009615384615385 0.036057692307692304
0 0.3942307692307692 0.3545673076923077 0.06610576923076923 0.04326923076923077
0 0.45913461538461536 0.35697115384615385 0.06370192307692307 0.040865384615384616
0 0.5276442307692307 0.3581730769230769 0.06850961538461539 0.04447115384615385
0 0.5925480769230769 0.3161057692307692 0.055288461538461536 0.039663461538461536
0 0.65625 0.3173076923076923 0.06610576923076923 0.039663461538461536
0 0.59375 0.359375 0.057692307692307696 0.038461538461538464
0 0.6550480769230769 0.3605769230769231 0.055288461538461536 0.03485576923076923
0 0.7199519230769231 0.31850961538461536 0.054086538461538464 0.038461538461538464
0 0.18028846153846154 0.3473557692307692 0.06971153846153846 0.038461538461538464
0 0.39663461538461536 0.24158653846153846 0.04447115384615385 0.030048076923076924
0 0.7235576923076923 0.20793269230769232 0.055288461538461536 0.03365384615384615
0 0.6634615384615384 0.2127403846153846 0.042067307692307696 0.025240384615384616
0 0.5588942307692307 0.08413461538461539 0.05048076923076923 0.038461538461538464
0 0.6141826923076923 0.08653846153846154 0.055288461538461536 0.042067307692307696
0 0.6790865384615384 0.08774038461538461 0.04567307692307692 0.03245192307692308
0 0.734375 0.08653846153846154 0.057692307692307696 0.03485576923076923
0 0.6225961538461539 0.125 0.054086538461538464 0.027644230769230768
0 0.6778846153846154 0.12259615384615384 0.04927884615384615 0.03245192307692308
0 0.7403846153846154 0.125 0.04927884615384615 0.03245192307692308
0 0.8185096153846154 0.07572115384615384 0.09735576923076923 0.039663461538461536
0 0.8185096153846154 0.11899038461538461 0.09375 0.042067307692307696
0 0.9134615384615384 0.06850961538461539 0.07211538461538461 0.02403846153846154
0 0.9194711538461539 0.11899038461538461 0.09134615384615384 0.042067307692307696
0 0.9146634615384616 0.0889423076923077 0.07572115384615384 0.014423076923076924
0 0.05889423076923077 0.18389423076923078 0.046875 0.04326923076923077
0 0.054086538461538464 0.2283653846153846 0.08413461538461539 0.038461538461538464
0 0.15745192307692307 0.18990384615384615 0.09254807692307693 0.03485576923076923
0 0.25 0.18990384615384615 0.08413461538461539 0.03365384615384615
0 0.25841346153846156 0.15745192307692307 0.07091346153846154 0.02283653846153846
0 0.15144230769230768 0.22956730769230768 0.09495192307692307 0.039663461538461536
0 0.24639423076923078 0.23076923076923078 0.0889423076923077 0.037259615384615384
0 0.39663461538461536 0.17067307692307693 0.04447115384615385 0.03125
0 0.5084134615384616 0.17427884615384615 0.05048076923076923 0.03365384615384615
0 0.5637019230769231 0.17548076923076922 0.054086538461538464 0.03245192307692308
0 0.39783653846153844 0.20673076923076922 0.05048076923076923 0.03485576923076923
0 0.4519230769230769 0.20793269230769232 0.054086538461538464 0.03365384615384615
0 0.5048076923076923 0.2091346153846154 0.046875 0.036057692307692304
0 0.5576923076923077 0.2091346153846154 0.04927884615384615 0.030048076923076924
0 0.6153846153846154 0.2091346153846154 0.046875 0.03245192307692308
0 0.7800480769230769 0.32211538461538464 0.057692307692307696 0.03125
0 0.8533653846153846 0.35697115384615385 0.07572115384615384 0.040865384615384616
0 0.9302884615384616 0.3137019230769231 0.08413461538461539 0.038461538461538464
0 0.9302884615384616 0.359375 0.07451923076923077 0.04447115384615385
0 0.3798076923076923 0.5901442307692307 0.057692307692307696 0.03245192307692308
0 0.23798076923076922 0.5324519230769231 0.07091346153846154 0.03245192307692308
0 0.037259615384615384 0.6574519230769231 0.07451923076923077 0.04567307692307692
0 0.037259615384615384 0.7007211538461539 0.0733173076923077 0.040865384615384616
0 0.1201923076923077 0.6598557692307693 0.08533653846153846 0.042067307692307696
0 0.20673076923076922 0.6586538461538461 0.07932692307692307 0.039663461538461536
0 0.12139423076923077 0.7019230769230769 0.08413461538461539 0.038461538461538464
0 0.2091346153846154 0.7019230769230769 0.08173076923076923 0.038461538461538464
0 0.296875 0.7043269230769231 0.0829326923076923 0.039663461538461536
0 0.2860576923076923 0.6634615384615384 0.06490384615384616 0.040865384615384616
0 0.3798076923076923 0.6370192307692307 0.06009615384615385 0.020432692307692308
0 0.4423076923076923 0.6358173076923077 0.06009615384615385 0.020432692307692308
0 0.37259615384615385 0.6658653846153846 0.055288461538461536 0.03485576923076923
0 0.4338942307692308 0.6658653846153846 0.0625 0.03485576923076923
0 0.4951923076923077 0.6646634615384616 0.056490384615384616 0.03365384615384615
0 0.5564903846153846 0.6622596153846154 0.056490384615384616 0.038461538461538464
0 0.6262019230769231 0.6622596153846154 0.06129807692307692 0.039663461538461536
0 0.734375 0.6574519230769231 0.13701923076923078 0.039663461538461536
0 0.37259615384615385 0.7007211538461539 0.056490384615384616 0.036057692307692304
0 0.4375 0.7007211538461539 0.06610576923076923 0.03485576923076923
0 0.5036057692307693 0.7007211538461539 0.06009615384615385 0.037259615384615384
0 0.5697115384615384 0.7019230769230769 0.06610576923076923 0.03485576923076923
0 0.6334134615384616 0.7043269230769231 0.06370192307692307 0.039663461538461536
0 0.7319711538461539 0.703125 0.12139423076923077 0.04447115384615385
0 0.3173076923076923 0.7728365384615384 0.06490384615384616 0.04567307692307692
0 0.9170673076923077 0.7043269230769231 0.07692307692307693 0.04567307692307692
0 0.8389423076923077 0.6959134615384616 0.07091346153846154 0.057692307692307696
0 0.7764423076923077 0.5516826923076923 0.0625 0.042067307692307696
0 0.5649038461538461 0.12139423076923077 0.054086538461538464 0.028846153846153848
0 0.7127403846153846 0.5540865384615384 0.06009615384615385 0.038461538461538464
0 0.44350961538461536 0.5516826923076923 0.0625 0.042067307692307696
0 0.03125 0.421875 0.0625 0.040865384615384616
0 0.17427884615384615 0.4266826923076923 0.07451923076923077 0.03365384615384615
0 0.12379807692307693 0.39783653846153844 0.0673076923076923 0.019230769230769232
0 0.25721153846153844 0.42908653846153844 0.05889423076923077 0.030048076923076924
0 0.11177884615384616 0.4266826923076923 0.04927884615384615 0.03365384615384615
0 0.025240384615384616 0.4639423076923077 0.05048076923076923 0.04326923076923077
0 0.0889423076923077 0.4639423076923077 0.0733173076923077 0.037259615384615384
0 0.1622596153846154 0.4651442307692308 0.0673076923076923 0.036057692307692304
0 0.234375 0.46634615384615385 0.06490384615384616 0.039663461538461536
0 0.3786057692307692 0.43028846153846156 0.06009615384615385 0.040865384615384616
0 0.4411057692307692 0.4326923076923077 0.0625 0.037259615384615384
0 0.5072115384615384 0.4338942307692308 0.06370192307692307 0.039663461538461536
0 0.5757211538461539 0.43149038461538464 0.06850961538461539 0.042067307692307696
0 0.640625 0.4326923076923077 0.056490384615384616 0.040865384615384616
0 0.7103365384615384 0.4338942307692308 0.07572115384615384 0.039663461538461536
0 0.7824519230769231 0.4326923076923077 0.06129807692307692 0.036057692307692304
0 0.3798076923076923 0.4723557692307692 0.06129807692307692 0.038461538461538464
0 0.44471153846153844 0.4723557692307692 0.06490384615384616 0.039663461538461536
0 0.5108173076923077 0.47475961538461536 0.06129807692307692 0.036057692307692304
0 0.5757211538461539 0.4735576923076923 0.0625 0.03485576923076923
0 0.640625 0.4735576923076923 0.057692307692307696 0.037259615384615384
0 0.7079326923076923 0.47475961538461536 0.07091346153846154 0.036057692307692304
0 0.7788461538461539 0.47596153846153844 0.06370192307692307 0.039663461538461536
0 0.9302884615384616 0.4362980769230769 0.07572115384615384 0.026442307692307692
0 0.9338942307692307 0.47596153846153844 0.08774038461538461 0.04326923076923077
0 0.19591346153846154 0.5805288461538461 0.08533653846153846 0.04447115384615385
0 0.3786057692307692 0.5504807692307693 0.0625 0.04447115384615385
0 0.5120192307692307 0.5528846153846154 0.06490384615384616 0.04447115384615385
0 0.5024038461538461 0.1201923076923077 0.05048076923076923 0.030048076923076924
0 0.4519230769230769 0.17307692307692307 0.055288461538461536 0.03245192307692308
0 0.3954326923076923 0.11778846153846154 0.04927884615384615 0.030048076923076924
0 0.8737980769230769 0.7980769230769231 0.09735576923076923 0.06490384615384616
0 0.3137019230769231 0.8161057692307693 0.06129807692307692 0.039663461538461536
0 0.3786057692307692 0.8149038461538461 0.056490384615384616 0.04447115384615385
0 0.4423076923076923 0.8161057692307693 0.05889423076923077 0.037259615384615384
0 0.5060096153846154 0.8161057692307693 0.06009615384615385 0.039663461538461536
0 0.5673076923076923 0.8161057692307693 0.06129807692307692 0.037259615384615384
0 0.6334134615384616 0.8173076923076923 0.0625 0.037259615384615384
0 0.7007211538461539 0.8185096153846154 0.06850961538461539 0.040865384615384616
0 0.7704326923076923 0.8209134615384616 0.06490384615384616 0.038461538461538464
0 0.30528846153846156 0.8834134615384616 0.04567307692307692 0.04326923076923077
0 0.30408653846153844 0.9290865384615384 0.057692307692307696 0.042067307692307696
0 0.38100961538461536 0.8810096153846154 0.09014423076923077 0.042067307692307696
0 0.48197115384615385 0.8798076923076923 0.09975961538461539 0.03485576923076923
0 0.7740384615384616 0.7800480769230769 0.0625 0.038461538461538464
0 0.28846153846153844 0.8569711538461539 0.09495192307692307 0.09615384615384616
0 0.4651442307692308 0.9278846153846154 0.0889423076923077 0.046875
0 0.5528846153846154 0.9266826923076923 0.08052884615384616 0.054086538461538464
0 0.6430288461538461 0.8810096153846154 0.09134615384615384 0.038461538461538464
0 0.7584134615384616 0.8882211538461539 0.11778846153846154 0.039663461538461536
0 0.8581730769230769 0.5913461538461539 0.07572115384615384 0.04326923076923077
0 0.7548076923076923 0.9314903846153846 0.12379807692307693 0.037259615384615384
0 0.9615384615384616 0.9098557692307693 0.07572115384615384 0.0733173076923077
0 0.9651442307692307 0.7944711538461539 0.06850961538461539 0.08052884615384616
0 0.4483173076923077 0.11778846153846154 0.05048076923076923 0.03125
0 0.5168269230769231 0.5204326923076923 0.06370192307692307 0.021634615384615384
0 0.45072115384615385 0.5192307692307693 0.0625 0.019230769230769232
0 0.38461538461538464 0.5192307692307693 0.06490384615384616 0.019230769230769232
0 0.9471153846153846 0.5817307692307693 0.0889423076923077 0.051682692307692304
0 0.3762019230769231 0.9290865384615384 0.08052884615384616 0.04326923076923077
0 0.7043269230769231 0.7776442307692307 0.06610576923076923 0.039663461538461536
0 0.6430288461538461 0.9278846153846154 0.08774038461538461 0.05048076923076923
0 0.7848557692307693 0.7536057692307693 0.0673076923076923 0.014423076923076924
0 0.3293269230769231 0.10576923076923077 0.07451923076923077 0.037259615384615384
0 0.6370192307692307 0.7776442307692307 0.06009615384615385 0.038461538461538464
0 0.39302884615384615 0.08173076923076923 0.052884615384615384 0.038461538461538464
0 0.4483173076923077 0.08173076923076923 0.051682692307692304 0.038461538461538464
0 0.44591346153846156 0.7716346153846154 0.06370192307692307 0.04326923076923077
0 0.13942307692307693 0.1045673076923077 0.09014423076923077 0.03365384615384615
0 0.5132211538461539 0.7716346153846154 0.06370192307692307 0.04447115384615385
0 0.5721153846153846 0.7752403846153846 0.05048076923076923 0.042067307692307696
0 0.04567307692307692 0.10336538461538461 0.09014423076923077 0.03365384615384615
0 0.31490384615384615 0.06971153846153846 0.07932692307692307 0.02403846153846154
0 0.2247596153846154 0.0733173076923077 0.09134615384615384 0.025240384615384616
0 0.13341346153846154 0.0733173076923077 0.08173076923076923 0.02283653846153846
0 0.04326923076923077 0.0733173076923077 0.08653846153846154 0.02283653846153846
0 0.24278846153846154 0.10576923076923077 0.09615384615384616 0.036057692307692304
0 0.8233173076923077 0.020432692307692308 0.10096153846153846 0.038461538461538464
0 0.9242788461538461 0.02283653846153846 0.09014423076923077 0.040865384615384616
0 0.7103365384615384 0.75 0.0733173076923077 0.014423076923076924
0 0.1201923076923077 0.018028846153846152 0.09134615384615384 0.03245192307692308
0 0.38461538461538464 0.019230769230769232 0.055288461538461536 0.030048076923076924
0 0.44350961538461536 0.019230769230769232 0.05889423076923077 0.03245192307692308
0 0.21033653846153846 0.019230769230769232 0.08533653846153846 0.03365384615384615
0 0.5036057692307693 0.016826923076923076 0.055288461538461536 0.03365384615384615
0 0.5576923076923077 0.019230769230769232 0.042067307692307696 0.03245192307692308
0 0.6141826923076923 0.019230769230769232 0.057692307692307696 0.03365384615384615
0 0.6742788461538461 0.020432692307692308 0.052884615384615384 0.03125
0 0.7307692307692307 0.02283653846153846 0.054086538461538464 0.030048076923076924
0 0.5024038461538461 0.08052884615384616 0.04807692307692308 0.038461538461538464
0 0.6346153846153846 0.75 0.06850961538461539 0.014423076923076924