0 0.06490384615384616 0.5985576923076923 0.025240384615384616 0.08774038461538461
0 0.8605769230769231 0.19110576923076922 0.0889423076923077 0.06850961538461539
0 0.953125 0.25721153846153844 0.09254807692307693 0.06129807692307692
0 0.6947115384615384 0.9266826923076923 0.06490384615384616 0.09495192307692307
0 0.8149038461538461 0.9038461538461539 0.15144230769230768 0.12259615384615384
0 0.9555288461538461 0.8882211538461539 0.08774038461538461 0.08653846153846154
0 0.9555288461538461 0.9591346153846154 0.08413461538461539 0.052884615384615384
0 0.19591346153846154 0.7548076923076923 0.125 0.052884615384615384
0 0.18990384615384615 0.7175480769230769 0.1310096153846154 0.02403846153846154
0 0.2980769230769231 0.7211538461538461 0.07572115384615384 0.02403846153846154
0 0.38100961538461536 0.7211538461538461 0.07451923076923077 0.027644230769230768
0 0.30288461538461536 0.7584134615384616 0.08052884615384616 0.052884615384615384
0 0.8569711538461539 0.25721153846153844 0.10096153846153846 0.06370192307692307
0 0.7680288461538461 0.19591346153846154 0.0889423076923077 0.07572115384615384
0 0.5901442307692307 0.18509615384615385 0.07692307692307693 0.0673076923076923
0 0.6766826923076923 0.24278846153846154 0.0829326923076923 0.09495192307692307
0 0.38341346153846156 0.7608173076923077 0.078125 0.052884615384615384
0 0.6201923076923077 0.9242788461538461 0.0829326923076923 0.09014423076923077
0 0.21514423076923078 0.6057692307692307 0.07572115384615384 0.039663461538461536
0 0.21875 0.6490384615384616 0.08173076923076923 0.04447115384615385
0 0.3016826923076923 0.6466346153846154 0.07572115384615384 0.04807692307692308
0 0.29927884615384615 0.6057692307692307 0.0829326923076923 0.03365384615384615
0 0.3870192307692308 0.6514423076923077 0.08052884615384616 0.04567307692307692
0 0.3858173076923077 0.6081730769230769 0.0829326923076923 0.039663461538461536
0 0.5913461538461539 0.25240384615384615 0.0829326923076923 0.06610576923076923
0 0.5036057692307693 0.17908653846153846 0.08774038461538461 0.05889423076923077
0 0.5060096153846154 0.24639423076923078 0.08413461538461539 0.07572115384615384
0 0.4074519230769231 0.1935096153846154 0.09735576923076923 0.06610576923076923
0 0.7584134615384616 0.2620192307692308 0.0829326923076923 0.055288461538461536
0 0.4543269230769231 0.75 0.0625 0.07451923076923077
0 0.5841346153846154 0.7560096153846154 0.0625 0.0733173076923077
0 0.4074519230769231 0.2536057692307692 0.09735576923076923 0.054086538461538464
0 0.7415865384615384 0.09254807692307693 0.0829326923076923 0.055288461538461536
0 0.6550480769230769 0.09375 0.0889423076923077 0.052884615384615384
0 0.9411057692307693 0.03245192307692308 0.10817307692307693 0.06009615384615385
0 0.8413461538461539 0.03365384615384615 0.09254807692307693 0.06490384615384616
0 0.7415865384615384 0.03245192307692308 0.08653846153846154 0.06009615384615385
0 0.6706730769230769 0.03245192307692308 0.046875 0.0625
0 0.5901442307692307 0.04567307692307692 0.11538461538461539 0.04447115384615385
0 0.5697115384615384 0.09254807692307693 0.08173076923076923 0.05048076923076923
0 0.484375 0.09014423076923077 0.0829326923076923 0.057692307692307696
0 0.8293269230769231 0.09375 0.08774038461538461 0.05889423076923077
0 0.14182692307692307 0.6430288461538461 0.06850961538461539 0.046875
0 0.8990384615384616 0.7427884615384616 0.11538461538461539 0.037259615384615384
0 0.8978365384615384 0.7836538461538461 0.11658653846153846 0.04447115384615385
0 0.7608173076923077 0.7620192307692307 0.14302884615384615 0.07692307692307693
0 0.6514423076923077 0.7584134615384616 0.0673076923076923 0.07211538461538461
0 0.47716346153846156 0.03245192307692308 0.07211538461538461 0.055288461538461536
0 0.3942307692307692 0.039663461538461536 0.0889423076923077 0.06129807692307692
0 0.40024038461538464 0.09375 0.0829326923076923 0.04326923076923077
0 0.30408653846153844 0.0889423076923077 0.09615384615384616 0.05048076923076923
0 0.28725961538461536 0.03365384615384615 0.0985576923076923 0.05889423076923077
0 0.1971153846153846 0.027644230769230768 0.07932692307692307 0.052884615384615384
0 0.1875 0.08173076923076923 0.0985576923076923 0.055288461538461536
0 0.08413461538461539 0.026442307692307692 0.09735576923076923 0.051682692307692304
0 0.08774038461538461 0.07932692307692307 0.09014423076923077 0.054086538461538464
0 0.953125 0.19110576923076922 0.0889423076923077 0.06850961538461539
0 0.02403846153846154 0.15144230769230768 0.02283653846153846 0.10697115384615384
0 0.030048076923076924 0.2608173076923077 0.02403846153846154 0.10576923076923077
0 0.5180288461538461 0.7512019230769231 0.0673076923076923 0.078125
0 0.30408653846153844 0.1875 0.10216346153846154 0.06610576923076923
0 0.30649038461538464 0.24879807692307693 0.10216346153846154 0.056490384615384616
0 0.20432692307692307 0.1814903846153846 0.09254807692307693 0.0673076923076923
0 0.21153846153846154 0.39663461538461536 0.0985576923076923 0.04807692307692308
0 0.21153846153846154 0.3449519230769231 0.09735576923076923 0.05889423076923077
0 0.31490384615384615 0.3425480769230769 0.09495192307692307 0.06009615384615385
0 0.31971153846153844 0.40024038461538464 0.10576923076923077 0.054086538461538464
0 0.41947115384615385 0.4026442307692308 0.08774038461538461 0.04807692307692308
0 0.41586538461538464 0.3473557692307692 0.08774038461538461 0.052884615384615384
0 0.5084134615384616 0.40024038461538464 0.08653846153846154 0.05889423076923077
0 0.036057692307692304 0.36778846153846156 0.030048076923076924 0.09615384615384616
0 0.5084134615384616 0.34375 0.08413461538461539 0.056490384615384616
0 0.5901442307692307 0.34615384615384615 0.07091346153846154 0.055288461538461536
0 0.5889423076923077 0.4026442307692308 0.07211538461538461 0.057692307692307696
0 0.6646634615384616 0.40384615384615385 0.07572115384615384 0.06129807692307692
0 0.6646634615384616 0.34615384615384615 0.07692307692307693 0.054086538461538464
0 0.7463942307692307 0.40625 0.08533653846153846 0.06129807692307692
0 0.7463942307692307 0.3485576923076923 0.07692307692307693 0.052884615384615384
0 0.8341346153846154 0.40865384615384615 0.08533653846153846 0.052884615384615384
0 0.9314903846153846 0.41225961538461536 0.09254807692307693 0.05889423076923077
0 0.8521634615384616 0.3557692307692308 0.10336538461538461 0.052884615384615384
0 0.5540865384615384 0.8653846153846154 0.055288461538461536 0.07932692307692307
0 0.5516826923076923 0.9326923076923077 0.06129807692307692 0.054086538461538464
0 0.4831730769230769 0.8665865384615384 0.07211538461538461 0.08173076923076923
0 0.4855769230769231 0.9314903846153846 0.06971153846153846 0.04807692307692308
0 0.41586538461538464 0.9170673076923077 0.06129807692307692 0.07932692307692307
0 0.3473557692307692 0.9182692307692307 0.07572115384615384 0.08173076923076923
0 0.234375 0.8810096153846154 0.11658653846153846 0.055288461538461536
0 0.24639423076923078 0.9326923076923077 0.11538461538461539 0.04326923076923077
0 0.12980769230769232 0.9302884615384616 0.109375 0.04447115384615385
0 0.09615384615384616 0.7608173076923077 0.020432692307692308 0.07692307692307693
0 0.08052884615384616 0.6826923076923077 0.027644230769230768 0.07692307692307693
0 0.10576923076923077 0.34134615384615385 0.1045673076923077 0.056490384615384616
0 0.11177884615384616 0.3954326923076923 0.09375 0.04807692307692308
0 0.9627403846153846 0.5492788461538461 0.0733173076923077 0.04807692307692308
0 0.8701923076923077 0.49278846153846156 0.1045673076923077 0.04447115384615385
0 0.20072115384615385 0.24519230769230768 0.10336538461538461 0.06129807692307692
0 0.09615384615384616 0.18269230769230768 0.09495192307692307 0.06610576923076923
0 0.09975961538461539 0.2439903846153846 0.08653846153846154 0.057692307692307696
0 0.9423076923076923 0.35336538461538464 0.078125 0.05048076923076923
0 0.46875 0.6550480769230769 0.06971153846153846 0.04807692307692308
0 0.4675480769230769 0.6117788461538461 0.07211538461538461 0.038461538461538464
0 0.5432692307692307 0.6574519230769231 0.07451923076923077 0.04807692307692308
0 0.5432692307692307 0.6129807692307693 0.06850961538461539 0.042067307692307696
0 0.6165865384615384 0.6454326923076923 0.078125 0.07451923076923077
0 0.6899038461538461 0.6454326923076923 0.06850961538461539 0.07692307692307693
0 0.7860576923076923 0.6622596153846154 0.12379807692307693 0.051682692307692304
0 0.7884615384615384 0.6177884615384616 0.11658653846153846 0.038461538461538464
0 0.8882211538461539 0.6670673076923077 0.07932692307692307 0.04807692307692308
0 0.8894230769230769 0.6237980769230769 0.07932692307692307 0.040865384615384616
0 0.051682692307692304 0.46875 0.03365384615384615 0.09254807692307693
0 0.9639423076923077 0.6778846153846154 0.07091346153846154 0.042067307692307696
0 0.1346153846153846 0.5180288461538461 0.07692307692307693 0.056490384615384616
0 0.22596153846153846 0.5252403846153846 0.09014423076923077 0.054086538461538464
0 0.2283653846153846 0.47596153846153844 0.06850961538461539 0.04326923076923077
0 0.3173076923076923 0.48677884615384615 0.09254807692307693 0.04927884615384615
0 0.41346153846153844 0.4891826923076923 0.09375 0.051682692307692304
0 0.3245192307692308 0.5348557692307693 0.09375 0.038461538461538464
0 0.43028846153846156 0.5360576923076923 0.09254807692307693 0.040865384615384616
0 0.5048076923076923 0.48677884615384615 0.07932692307692307 0.04447115384615385
0 0.5889423076923077 0.484375 0.08413461538461539 0.040865384615384616
0 0.59375 0.5336538461538461 0.07932692307692307 0.054086538461538464
0 0.5168269230769231 0.5348557692307693 0.07692307692307693 0.054086538461538464
0 0.6838942307692307 0.5324519230769231 0.08413461538461539 0.06610576923076923
0 0.7632211538461539 0.5336538461538461 0.07211538461538461 0.06971153846153846
0 0.8629807692307693 0.5420673076923077 0.1201923076923077 0.052884615384615384
0 0.9663461538461539 0.6334134615384616 0.0625 0.05048076923076923
0 0.9278846153846154 0.09495192307692307 0.109375 0.056490384615384616