0 0.5192307692307693 0.11658653846153846 0.03365384615384615 0.10336538461538461
0 0.9278846153846154 0.8617788461538461 0.018028846153846152 0.056490384615384616
0 0.6262019230769231 0.39903846153846156 0.026442307692307692 0.10576923076923077
0 0.6622596153846154 0.6682692307692307 0.02283653846153846 0.09254807692307693
0 0.6850961538461539 0.6706730769230769 0.019230769230769232 0.09134615384615384
0 0.7115384615384616 0.6646634615384616 0.028846153846153848 0.08653846153846154
0 0.8617788461538461 0.21875 0.025240384615384616 0.08052884615384616
0 0.6502403846153846 0.40024038461538464 0.016826923076923076 0.09735576923076923
0 0.6766826923076923 0.39783653846153844 0.025240384615384616 0.10817307692307693
0 0.6995192307692307 0.3942307692307692 0.021634615384615384 0.11298076923076923
0 0.6105769230769231 0.6742788461538461 0.028846153846153848 0.10216346153846154
0 0.5829326923076923 0.6838942307692307 0.021634615384615384 0.10216346153846154
0 0.5564903846153846 0.6850961538461539 0.027644230769230768 0.10817307692307693
0 0.5228365384615384 0.6875 0.03365384615384615 0.109375
0 0.7259615384615384 0.3918269230769231 0.02283653846153846 0.109375
0 0.5985576923076923 0.4026442307692308 0.021634615384615384 0.11177884615384616
0 0.1814903846153846 0.6201923076923077 0.06850961538461539 0.06129807692307692
0 0.44591346153846156 0.8064903846153846 0.05048076923076923 0.054086538461538464
0 0.4495192307692308 0.7379807692307693 0.04326923076923077 0.0625
0 0.3894230769230769 0.8197115384615384 0.04927884615384615 0.055288461538461536
0 0.328125 0.8341346153846154 0.054086538461538464 0.055288461538461536
0 0.27403846153846156 0.8473557692307693 0.05048076923076923 0.055288461538461536
0 0.21514423076923078 0.8617788461538461 0.06009615384615385 0.057692307692307696
0 0.21033653846153846 0.7956730769230769 0.0673076923076923 0.05889423076923077
0 0.7223557692307693 0.5444711538461539 0.02283653846153846 0.08413461538461539
0 0.6959134615384616 0.5480769230769231 0.025240384615384616 0.09134615384615384
0 0.6682692307692307 0.5480769230769231 0.028846153846153848 0.08533653846153846
0 0.6370192307692307 0.5444711538461539 0.030048076923076924 0.109375
0 0.609375 0.5492788461538461 0.025240384615384616 0.10817307692307693
0 0.5793269230769231 0.5516826923076923 0.027644230769230768 0.10697115384615384
0 0.18629807692307693 0.6838942307692307 0.06370192307692307 0.06490384615384616
0 0.5552884615384616 0.5564903846153846 0.020432692307692308 0.1141826923076923
0 0.5721153846153846 0.4014423076923077 0.028846153846153848 0.11658653846153846
0 0.5192307692307693 0.40625 0.025240384615384616 0.1201923076923077
0 0.3629807692307692 0.15865384615384615 0.055288461538461536 0.19230769230769232
0 0.3004807692307692 0.16826923076923078 0.055288461538461536 0.1814903846153846
0 0.24759615384615385 0.16947115384615385 0.04447115384615385 0.19591346153846154
0 0.19471153846153846 0.16947115384615385 0.054086538461538464 0.19110576923076922
0 0.140625 0.1658653846153846 0.055288461538461536 0.21153846153846154
0 0.025240384615384616 0.18629807692307693 0.04567307692307692 0.1310096153846154
0 0.6370192307692307 0.6742788461538461 0.02283653846153846 0.09495192307692307
0 0.5841346153846154 0.11298076923076923 0.026442307692307692 0.09735576923076923
0 0.6165865384615384 0.11538461538461539 0.03365384615384615 0.09735576923076923
0 0.6466346153846154 0.11177884615384616 0.025240384615384616 0.09735576923076923
0 0.6766826923076923 0.11658653846153846 0.03485576923076923 0.09254807692307693
0 0.7247596153846154 0.1201923076923077 0.040865384615384616 0.0889423076923077
0 0.042067307692307696 0.35697115384615385 0.046875 0.11658653846153846
0 0.5456730769230769 0.40625 0.02403846153846154 0.12379807692307693
0 0.056490384615384616 0.5228365384615384 0.04807692307692308 0.10697115384615384
0 0.07692307692307693 0.6730769230769231 0.036057692307692304 0.11778846153846154
0 0.03485576923076923 0.8737980769230769 0.052884615384615384 0.10216346153846154
0 0.16346153846153846 0.4326923076923077 0.054086538461538464 0.1875
0 0.21754807692307693 0.4326923076923077 0.042067307692307696 0.18389423076923078
0 0.27163461538461536 0.42908653846153844 0.054086538461538464 0.19110576923076922
0 0.3293269230769231 0.4110576923076923 0.04447115384615385 0.1875
0 0.3786057692307692 0.4074519230769231 0.04567307692307692 0.18990384615384615
0 0.4254807692307692 0.40384615384615385 0.037259615384615384 0.18028846153846154
0 0.5216346153846154 0.2608173076923077 0.028846153846153848 0.12620192307692307
0 0.5504807692307693 0.2620192307692308 0.026442307692307692 0.12379807692307693
0 0.5805288461538461 0.25841346153846156 0.025240384615384616 0.12259615384615384
0 0.6959134615384616 0.2548076923076923 0.025240384615384616 0.12740384615384615
0 0.7235576923076923 0.25600961538461536 0.028846153846153848 0.11538461538461539
0 0.03485576923076923 0.6814903846153846 0.037259615384615384 0.10697115384615384
0 0.9483173076923077 0.8569711538461539 0.016826923076923076 0.06129807692307692
0 0.5288461538461539 0.5576923076923077 0.030048076923076924 0.11177884615384616
0 0.3629807692307692 0.6490384615384616 0.04927884615384615 0.06490384615384616
0 0.5360576923076923 0.8185096153846154 0.02403846153846154 0.09134615384615384
0 0.5649038461538461 0.8112980769230769 0.02403846153846154 0.09134615384615384
0 0.5913461538461539 0.8100961538461539 0.025240384615384616 0.09134615384615384
0 0.6177884615384616 0.8004807692307693 0.02403846153846154 0.08413461538461539
0 0.6430288461538461 0.7992788461538461 0.02403846153846154 0.0829326923076923
0 0.6694711538461539 0.7872596153846154 0.02283653846153846 0.078125
0 0.6947115384615384 0.7788461538461539 0.021634615384615384 0.09375
0 0.7199519230769231 0.7752403846153846 0.02283653846153846 0.09254807692307693
0 0.8245192307692307 0.7920673076923077 0.020432692307692308 0.08413461538461539
0 0.8473557692307693 0.7860576923076923 0.020432692307692308 0.08533653846153846
0 0.8701923076923077 0.7800480769230769 0.018028846153846152 0.08052884615384616
0 0.890625 0.7776442307692307 0.021634615384615384 0.07451923076923077
0 0.9122596153846154 0.7716346153846154 0.020432692307692308 0.06850961538461539
0 0.45072115384615385 0.9627403846153846 0.04567307692307692 0.042067307692307696
0 0.9314903846153846 0.7668269230769231 0.018028846153846152 0.07451923076923077
0 0.5408653846153846 0.9411057692307693 0.026442307692307692 0.09495192307692307
0 0.5697115384615384 0.9362980769230769 0.02283653846153846 0.1045673076923077
0 0.5973557692307693 0.9266826923076923 0.03245192307692308 0.09254807692307693
0 0.6286057692307693 0.9182692307692307 0.027644230769230768 0.10576923076923077
0 0.6574519230769231 0.9098557692307693 0.025240384615384616 0.09615384615384616
0 0.6875 0.9026442307692307 0.027644230769230768 0.1045673076923077
0 0.7139423076923077 0.8930288461538461 0.025240384615384616 0.09134615384615384
0 0.8137019230769231 0.8882211538461539 0.019230769230769232 0.06850961538461539
0 0.8341346153846154 0.8810096153846154 0.020432692307692308 0.07692307692307693
0 0.8521634615384616 0.8762019230769231 0.015625 0.0673076923076923
0 0.8701923076923077 0.8762019230769231 0.016826923076923076 0.0625
0 0.8918269230769231 0.8737980769230769 0.021634615384615384 0.06610576923076923
0 0.9110576923076923 0.8677884615384616 0.013221153846153846 0.06009615384615385
0 0.953125 0.7596153846153846 0.019230769230769232 0.07451923076923077
0 0.41586538461538464 0.6466346153846154 0.05048076923076923 0.06009615384615385
0 0.4495192307692308 0.9110576923076923 0.05048076923076923 0.052884615384615384
0 0.9399038461538461 0.6598557692307693 0.02283653846153846 0.078125
0 0.3641826923076923 0.578125 0.056490384615384616 0.06009615384615385
0 0.31009615384615385 0.6610576923076923 0.055288461538461536 0.06129807692307692
0 0.3016826923076923 0.5901442307692307 0.06850961538461539 0.0673076923076923
0 0.24759615384615385 0.6694711538461539 0.055288461538461536 0.06129807692307692
0 0.5540865384615384 0.11899038461538461 0.028846153846153848 0.09735576923076923
0 0.8305288461538461 0.3293269230769231 0.021634615384615384 0.09014423076923077
0 0.8533653846153846 0.3269230769230769 0.020432692307692308 0.09495192307692307
0 0.8762019230769231 0.3233173076923077 0.020432692307692308 0.09014423076923077
0 0.8954326923076923 0.3269230769230769 0.016826923076923076 0.0829326923076923
0 0.9807692307692307 0.32091346153846156 0.02283653846153846 0.0829326923076923
0 0.8293269230769231 0.4567307692307692 0.021634615384615384 0.0889423076923077
0 0.8509615384615384 0.4543269230769231 0.020432692307692308 0.08413461538461539
0 0.8725961538461539 0.45072115384615385 0.019230769230769232 0.08653846153846154
0 0.9603365384615384 0.65625 0.016826923076923076 0.08413461538461539
0 0.8942307692307693 0.4495192307692308 0.021634615384615384 0.08653846153846154
0 0.9362980769230769 0.44471153846153844 0.019230769230769232 0.0889423076923077
0 0.9579326923076923 0.44471153846153844 0.016826923076923076 0.07451923076923077
0 0.9759615384615384 0.4411057692307692 0.018028846153846152 0.07572115384615384
0 0.8293269230769231 0.5661057692307693 0.018028846153846152 0.08413461538461539
0 0.8521634615384616 0.5612980769230769 0.02283653846153846 0.08052884615384616
0 0.875 0.5564903846153846 0.019230769230769232 0.0829326923076923
0 0.8978365384615384 0.5600961538461539 0.02283653846153846 0.07692307692307693
0 0.9675480769230769 0.5456730769230769 0.021634615384615384 0.06971153846153846
0 0.8257211538461539 0.6826923076923077 0.02283653846153846 0.08774038461538461
0 0.8485576923076923 0.6790865384615384 0.020432692307692308 0.08533653846153846
0 0.8713942307692307 0.6742788461538461 0.02403846153846154 0.08413461538461539
0 0.8954326923076923 0.6694711538461539 0.019230769230769232 0.08052884615384616
0 0.9170673076923077 0.6634615384615384 0.019230769230769232 0.07932692307692307
0 0.9146634615384616 0.44711538461538464 0.019230769230769232 0.08533653846153846
0 0.8858173076923077 0.21995192307692307 0.016826923076923076 0.08052884615384616