0 0.34375 0.6021634615384616 0.05889423076923077 0.08413461538461539
0 0.4026442307692308 0.6009615384615384 0.06009615384615385 0.0829326923076923
0 0.46274038461538464 0.6009615384615384 0.056490384615384616 0.08533653846153846
0 0.5168269230769231 0.6009615384615384 0.051682692307692304 0.08533653846153846
0 0.5745192307692307 0.6009615384615384 0.056490384615384616 0.0829326923076923
0 0.6334134615384616 0.5997596153846154 0.05889423076923077 0.08173076923076923
0 0.6947115384615384 0.5925480769230769 0.06009615384615385 0.0829326923076923
0 0.7788461538461539 0.5961538461538461 0.06610576923076923 0.08653846153846154
0 0.8485576923076923 0.5961538461538461 0.06610576923076923 0.08774038461538461
0 0.921875 0.5961538461538461 0.057692307692307696 0.07572115384615384
0 0.9747596153846154 0.5973557692307693 0.04927884615384615 0.078125
0 0.9567307692307693 0.7079326923076923 0.04927884615384615 0.06490384615384616
0 0.020432692307692308 0.040865384615384616 0.040865384615384616 0.08173076923076923
0 0.06370192307692307 0.039663461538461536 0.04567307692307692 0.07692307692307693
0 0.1141826923076923 0.038461538461538464 0.04927884615384615 0.07572115384615384
0 0.15865384615384615 0.038461538461538464 0.036057692307692304 0.07692307692307693
0 0.19591346153846154 0.039663461538461536 0.036057692307692304 0.078125
0 0.23677884615384615 0.038461538461538464 0.04447115384615385 0.07572115384615384
0 0.2860576923076923 0.042067307692307696 0.04447115384615385 0.078125
0 0.33052884615384615 0.04807692307692308 0.040865384615384616 0.06129807692307692
0 0.36899038461538464 0.04807692307692308 0.036057692307692304 0.05889423076923077
0 0.40865384615384615 0.04567307692307692 0.04567307692307692 0.06009615384615385
0 0.4543269230769231 0.040865384615384616 0.04447115384615385 0.07451923076923077
0 0.28846153846153844 0.6262019230769231 0.04927884615384615 0.06370192307692307
0 0.23677884615384615 0.6286057692307693 0.04927884615384615 0.06129807692307692
0 0.10096153846153846 0.6286057692307693 0.07451923076923077 0.0673076923076923
0 0.5096153846153846 0.039663461538461536 0.052884615384615384 0.07932692307692307
0 0.9014423076923077 0.7055288461538461 0.052884615384615384 0.06971153846153846
0 0.8389423076923077 0.6983173076923077 0.04807692307692308 0.08173076923076923
0 0.7824519230769231 0.6995192307692307 0.0625 0.08774038461538461
0 0.7283653846153846 0.6995192307692307 0.046875 0.0889423076923077
0 0.6742788461538461 0.7019230769230769 0.0625 0.08413461538461539
0 0.609375 0.7055288461538461 0.06610576923076923 0.0889423076923077
0 0.5444711538461539 0.7055288461538461 0.06129807692307692 0.08653846153846154
0 0.4098557692307692 0.7019230769230769 0.0625 0.08173076923076923
0 0.34615384615384615 0.703125 0.06129807692307692 0.0829326923076923
0 0.29927884615384615 0.7283653846153846 0.03485576923076923 0.03245192307692308
0 0.2644230769230769 0.7295673076923077 0.03485576923076923 0.03365384615384615
0 0.17548076923076922 0.6274038461538461 0.0733173076923077 0.06971153846153846
0 0.26322115384615385 0.6959134615384616 0.03365384615384615 0.03365384615384615
0 0.13221153846153846 0.7175480769230769 0.06490384615384616 0.06490384615384616
0 0.06009615384615385 0.7151442307692307 0.08052884615384616 0.07091346153846154
0 0.9555288461538461 0.24278846153846154 0.08413461538461539 0.08173076923076923
0 0.9471153846153846 0.15384615384615385 0.1045673076923077 0.09014423076923077
0 0.9783653846153846 0.038461538461538464 0.040865384615384616 0.07451923076923077
0 0.40865384615384615 0.4951923076923077 0.06009615384615385 0.07091346153846154
0 0.3473557692307692 0.4987980769230769 0.06490384615384616 0.08173076923076923
0 0.2283653846153846 0.5432692307692307 0.054086538461538464 0.06610576923076923
0 0.17427884615384615 0.5456730769230769 0.055288461538461536 0.0673076923076923
0 0.11899038461538461 0.546875 0.055288461538461536 0.06610576923076923
0 0.04567307692307692 0.5492788461538461 0.09134615384615384 0.057692307692307696
0 0.20552884615384615 0.7163461538461539 0.07572115384615384 0.06610576923076923
0 0.5649038461538461 0.039663461538461536 0.0625 0.07932692307692307
0 0.15625 0.35697115384615385 0.046875 0.08052884615384616
0 0.6538461538461539 0.040865384615384616 0.03125 0.0733173076923077
0 0.1935096153846154 0.453125 0.040865384615384616 0.07572115384615384
0 0.84375 0.49278846153846156 0.0625 0.08413461538461539
0 0.7836538461538461 0.4963942307692308 0.05889423076923077 0.0829326923076923
0 0.7151442307692307 0.49278846153846156 0.06129807692307692 0.08052884615384616
0 0.6550480769230769 0.4951923076923077 0.06129807692307692 0.0829326923076923
0 0.5817307692307693 0.4963942307692308 0.06370192307692307 0.08533653846153846
0 0.5228365384615384 0.49759615384615385 0.055288461538461536 0.08413461538461539
0 0.4675480769230769 0.49759615384615385 0.052884615384615384 0.08413461538461539
0 0.15384615384615385 0.453125 0.038461538461538464 0.08052884615384616
0 0.11057692307692307 0.453125 0.04567307692307692 0.078125
0 0.34975961538461536 0.1502403846153846 0.030048076923076924 0.06971153846153846
0 0.31850961538461536 0.1466346153846154 0.03125 0.0733173076923077
0 0.26802884615384615 0.14302884615384615 0.03485576923076923 0.08173076923076923
0 0.23317307692307693 0.14182692307692307 0.03485576923076923 0.08052884615384616
0 0.1778846153846154 0.13701923076923078 0.04447115384615385 0.0889423076923077
0 0.12980769230769232 0.13341346153846154 0.05048076923076923 0.09735576923076923
0 0.07572115384615384 0.1346153846153846 0.056490384615384616 0.09254807692307693
0 0.6201923076923077 0.15745192307692307 0.03245192307692308 0.051682692307692304
0 0.046875 0.2512019230769231 0.04807692307692308 0.08533653846153846
0 0.234375 0.4543269230769231 0.037259615384615384 0.07932692307692307
0 0.09495192307692307 0.25240384615384615 0.04567307692307692 0.0829326923076923
0 0.2860576923076923 0.4519230769230769 0.04927884615384615 0.08774038461538461
0 0.41225961538461536 0.41466346153846156 0.046875 0.057692307692307696
0 0.5913461538461539 0.15745192307692307 0.025240384615384616 0.04927884615384615
0 0.5612980769230769 0.16466346153846154 0.03125 0.03245192307692308
0 0.5300480769230769 0.15745192307692307 0.027644230769230768 0.051682692307692304
0 0.6189903846153846 0.040865384615384616 0.038461538461538464 0.07211538461538461
0 0.9146634615384616 0.5036057692307693 0.054086538461538464 0.06850961538461539
0 0.9699519230769231 0.5048076923076923 0.055288461538461536 0.06850961538461539
0 0.953125 0.375 0.046875 0.056490384615384616
0 0.8689903846153846 0.4074519230769231 0.03365384615384615 0.06009615384615385
0 0.8305288461538461 0.4074519230769231 0.042067307692307696 0.06129807692307692
0 0.7896634615384616 0.4074519230769231 0.038461538461538464 0.0625
0 0.7536057692307693 0.40865384615384615 0.03365384615384615 0.06129807692307692
0 0.4675480769230769 0.14302884615384615 0.038461538461538464 0.08173076923076923
0 0.4254807692307692 0.14182692307692307 0.037259615384615384 0.07932692307692307
0 0.7151442307692307 0.4074519230769231 0.039663461538461536 0.06129807692307692
0 0.6081730769230769 0.4098557692307692 0.027644230769230768 0.06129807692307692
0 0.5733173076923077 0.41466346153846156 0.042067307692307696 0.052884615384615384
0 0.5324519230769231 0.41466346153846156 0.039663461538461536 0.057692307692307696
0 0.49158653846153844 0.41466346153846156 0.038461538461538464 0.057692307692307696
0 0.4543269230769231 0.41346153846153844 0.036057692307692304 0.055288461538461536
0 0.33413461538461536 0.41586538461538464 0.042067307692307696 0.054086538461538464
0 0.19110576923076922 0.2536057692307692 0.04447115384615385 0.07932692307692307
0 0.02283653846153846 0.13701923076923078 0.04447115384615385 0.09014423076923077
0 0.27524038461538464 0.2439903846153846 0.056490384615384616 0.09615384615384616
0 0.3293269230769231 0.3269230769230769 0.046875 0.06850961538461539
0 0.23076923076923078 0.24879807692307693 0.03245192307692308 0.08533653846153846
0 0.27524038461538464 0.35697115384615385 0.027644230769230768 0.08052884615384616
0 0.23918269230769232 0.3581730769230769 0.04807692307692308 0.08052884615384616
0 0.06009615384615385 0.45913461538461536 0.03365384615384615 0.08173076923076923
0 0.02403846153846154 0.4579326923076923 0.039663461538461536 0.08653846153846154
0 0.07211538461538461 0.3581730769230769 0.042067307692307696 0.08052884615384616
0 0.11298076923076923 0.35336538461538464 0.038461538461538464 0.08653846153846154
0 0.7199519230769231 0.13942307692307693 0.04447115384615385 0.08533653846153846
0 0.7692307692307693 0.13581730769230768 0.051682692307692304 0.09134615384615384
0 0.8221153846153846 0.13701923076923078 0.052884615384615384 0.09134615384615384
0 0.9399038461538461 0.04807692307692308 0.03365384615384615 0.055288461538461536
0 0.9038461538461539 0.04447115384615385 0.040865384615384616 0.06490384615384616
0 0.8689903846153846 0.04447115384615385 0.026442307692307692 0.06129807692307692
0 0.8365384615384616 0.04447115384615385 0.038461538461538464 0.0673076923076923
0 0.7980769230769231 0.04447115384615385 0.03485576923076923 0.06610576923076923
0 0.7572115384615384 0.04326923076923077 0.038461538461538464 0.0673076923076923
0 0.7199519230769231 0.04447115384615385 0.03365384615384615 0.06490384615384616
0 0.6862980769230769 0.04567307692307692 0.030048076923076924 0.06610576923076923
0 0.4326923076923077 0.3245192307692308 0.040865384615384616 0.06971153846153846
0 0.4723557692307692 0.32572115384615385 0.040865384615384616 0.07091346153846154
0 0.296875 0.35697115384615385 0.018028846153846152 0.078125
0 0.5600961538461539 0.3245192307692308 0.04447115384615385 0.06971153846153846
0 0.328125 0.23798076923076922 0.04447115384615385 0.07451923076923077
0 0.37259615384615385 0.2403846153846154 0.04447115384615385 0.06971153846153846
0 0.41346153846153844 0.2403846153846154 0.037259615384615384 0.0673076923076923
0 0.45913461538461536 0.23798076923076922 0.04927884615384615 0.07091346153846154
0 0.5024038461538461 0.23798076923076922 0.03365384615384615 0.07211538461538461
0 0.5396634615384616 0.23798076923076922 0.040865384615384616 0.06850961538461539
0 0.5829326923076923 0.23677884615384615 0.04567307692307692 0.07211538461538461
0 0.6622596153846154 0.23677884615384615 0.040865384615384616 0.07451923076923077
0 0.6983173076923077 0.23918269230769232 0.027644230769230768 0.06370192307692307
0 0.7379807692307693 0.23918269230769232 0.042067307692307696 0.06610576923076923
0 0.65625 0.15384615384615385 0.040865384615384616 0.057692307692307696
0 0.7884615384615384 0.23557692307692307 0.04807692307692308 0.07091346153846154
0 0.8774038461538461 0.23798076923076922 0.040865384615384616 0.06850961538461539
0 0.8413461538461539 0.3245192307692308 0.037259615384615384 0.06370192307692307
0 0.8040865384615384 0.32572115384615385 0.036057692307692304 0.06490384615384616
0 0.7680288461538461 0.32572115384615385 0.037259615384615384 0.06490384615384616
0 0.7331730769230769 0.32572115384615385 0.03125 0.06490384615384616
0 0.6971153846153846 0.32572115384615385 0.040865384615384616 0.0673076923076923
0 0.6526442307692307 0.32572115384615385 0.04927884615384615 0.0673076923076923
0 0.5168269230769231 0.3245192307692308 0.042067307692307696 0.07091346153846154