0 0.8317307692307693 0.7848557692307693 0.06490384615384616 0.03245192307692308
0 0.036057692307692304 0.9014423076923077 0.06971153846153846 0.057692307692307696
0 0.3112980769230769 0.9242788461538461 0.12259615384615384 0.05048076923076923
0 0.9158653846153846 0.7836538461538461 0.0829326923076923 0.04447115384615385
0 0.9086538461538461 0.8293269230769231 0.07211538461538461 0.04326923076923077
0 0.10336538461538461 0.9314903846153846 0.056490384615384616 0.026442307692307692
0 0.9771634615384616 0.8269230769230769 0.040865384615384616 0.04326923076923077
0 0.1875 0.9290865384615384 0.10096153846153846 0.052884615384615384
0 0.8269230769230769 0.828125 0.07932692307692307 0.037259615384615384
0 0.4230769230769231 0.9038461538461539 0.07451923076923077 0.04807692307692308
0 0.8341346153846154 0.47596153846153844 0.09134615384615384 0.056490384615384616
0 0.6165865384615384 0.90625 0.13701923076923078 0.06850961538461539
0 0.8076923076923077 0.9014423076923077 0.11538461538461539 0.05048076923076923
0 0.9122596153846154 0.8810096153846154 0.08413461538461539 0.037259615384615384
0 0.7944711538461539 0.41346153846153844 0.0889423076923077 0.05048076923076923
0 0.9411057692307693 0.47596153846153844 0.11298076923076923 0.057692307692307696
0 0.7463942307692307 0.8293269230769231 0.07692307692307693 0.03365384615384615
0 0.7512019230769231 0.4807692307692308 0.07451923076923077 0.055288461538461536
0 0.5408653846153846 0.7043269230769231 0.09014423076923077 0.06009615384615385
0 0.6646634615384616 0.5420673076923077 0.08413461538461539 0.11538461538461539
0 0.49278846153846156 0.8834134615384616 0.06009615384615385 0.04807692307692308
0 0.7512019230769231 0.7884615384615384 0.09254807692307693 0.042067307692307696
0 0.030048076923076924 0.7824519230769231 0.038461538461538464 0.026442307692307692
0 0.5492788461538461 0.8233173076923077 0.09134615384615384 0.039663461538461536
0 0.2704326923076923 0.546875 0.09254807692307693 0.04447115384615385
0 0.14903846153846154 0.5528846153846154 0.09375 0.04927884615384615
0 0.42908653846153844 0.59375 0.0985576923076923 0.02283653846153846
0 0.5697115384615384 0.6009615384615384 0.09615384615384616 0.06129807692307692
0 0.6850961538461539 0.6141826923076923 0.11899038461538461 0.03125
0 0.8076923076923077 0.6057692307692307 0.1141826923076923 0.05048076923076923
0 0.7932692307692307 0.5492788461538461 0.11538461538461539 0.05048076923076923
0 0.9134615384615384 0.5564903846153846 0.09375 0.054086538461538464
0 0.9338942307692307 0.6081730769230769 0.1310096153846154 0.04807692307692308
0 0.026442307692307692 0.7235576923076923 0.04807692307692308 0.04326923076923077
0 0.08533653846153846 0.7259615384615384 0.06370192307692307 0.04326923076923077
0 0.15264423076923078 0.7271634615384616 0.06370192307692307 0.052884615384615384
0 0.22355769230769232 0.7235576923076923 0.06610576923076923 0.04447115384615385
0 0.29086538461538464 0.7247596153846154 0.06490384615384616 0.04567307692307692
0 0.3942307692307692 0.7055288461538461 0.09014423076923077 0.056490384615384616
0 0.2548076923076923 0.6045673076923077 0.08533653846153846 0.056490384615384616
0 0.1658653846153846 0.6105769230769231 0.08653846153846154 0.05048076923076923
0 0.08413461538461539 0.6129807692307693 0.0673076923076923 0.05048076923076923
0 0.025240384615384616 0.6153846153846154 0.046875 0.04567307692307692
0 0.4495192307692308 0.7896634615384616 0.10697115384615384 0.042067307692307696
0 0.4387019230769231 0.8305288461538461 0.09975961538461539 0.036057692307692304
0 0.33653846153846156 0.8269230769230769 0.0985576923076923 0.046875
0 0.24759615384615385 0.8257211538461539 0.07091346153846154 0.054086538461538464
0 0.1778846153846154 0.8245192307692307 0.06370192307692307 0.04567307692307692
0 0.2439903846153846 0.78125 0.07211538461538461 0.026442307692307692
0 0.17668269230769232 0.7836538461538461 0.06129807692307692 0.030048076923076924
0 0.6502403846153846 0.8233173076923077 0.10817307692307693 0.040865384615384616
0 0.11658653846153846 0.8257211538461539 0.054086538461538464 0.042067307692307696
0 0.026442307692307692 0.8245192307692307 0.04807692307692308 0.04567307692307692
0 0.11658653846153846 0.7860576923076923 0.042067307692307696 0.03365384615384615
0 0.07211538461538461 0.7836538461538461 0.04326923076923077 0.03245192307692308
0 0.5673076923076923 0.45913461538461536 0.0733173076923077 0.09975961538461539
0 0.9266826923076923 0.7127403846153846 0.10096153846153846 0.056490384615384616
0 0.8088942307692307 0.71875 0.12620192307692307 0.06129807692307692
0 0.8918269230769231 0.4074519230769231 0.10096153846153846 0.051682692307692304
0 0.06971153846153846 0.8233173076923077 0.038461538461538464 0.03365384615384615
0 0.5036057692307693 0.48197115384615385 0.055288461538461536 0.056490384615384616
0 0.6370192307692307 0.4362980769230769 0.06370192307692307 0.051682692307692304
0 0.4266826923076923 0.5180288461538461 0.09735576923076923 0.12620192307692307
0 0.17307692307692307 0.29086538461538464 0.07091346153846154 0.046875
0 0.25240384615384615 0.28846153846153844 0.07211538461538461 0.04927884615384615
0 0.15985576923076922 0.3425480769230769 0.0829326923076923 0.04567307692307692
0 0.2512019230769231 0.34134615384615385 0.0829326923076923 0.051682692307692304
0 0.34375 0.28846153846153844 0.09375 0.046875
0 0.3389423076923077 0.3389423076923077 0.0829326923076923 0.051682692307692304
0 0.43509615384615385 0.2860576923076923 0.07692307692307693 0.04567307692307692
0 0.42427884615384615 0.3401442307692308 0.08052884615384616 0.04807692307692308
0 0.07692307692307693 0.3485576923076923 0.078125 0.037259615384615384
0 0.5132211538461539 0.28966346153846156 0.06850961538461539 0.051682692307692304
0 0.6165865384615384 0.28846153846153844 0.10336538461538461 0.04567307692307692
0 0.6141826923076923 0.3449519230769231 0.0985576923076923 0.052884615384615384
0 0.7115384615384616 0.33653846153846156 0.0829326923076923 0.055288461538461536
0 0.7992788461538461 0.33774038461538464 0.08653846153846154 0.057692307692307696
0 0.8677884615384616 0.3329326923076923 0.04567307692307692 0.056490384615384616
0 0.875 0.2848557692307692 0.054086538461538464 0.03245192307692308
0 0.9399038461538461 0.28725961538461536 0.06370192307692307 0.04567307692307692
0 0.9182692307692307 0.3389423076923077 0.05048076923076923 0.04567307692307692
0 0.5144230769230769 0.3425480769230769 0.09134615384615384 0.04807692307692308
0 0.07932692307692307 0.30528846153846156 0.06610576923076923 0.042067307692307696
0 0.019230769230769232 0.34615384615384615 0.038461538461538464 0.04326923076923077
0 0.021634615384615384 0.30288461538461536 0.04326923076923077 0.042067307692307696
0 0.025240384615384616 0.16105769230769232 0.05048076923076923 0.036057692307692304
0 0.02403846153846154 0.19230769230769232 0.046875 0.026442307692307692
0 0.0829326923076923 0.19591346153846154 0.06850961538461539 0.030048076923076924
0 0.13822115384615385 0.15865384615384615 0.042067307692307696 0.03485576923076923
0 0.18990384615384615 0.1814903846153846 0.05889423076923077 0.04927884615384615
0 0.2692307692307692 0.17668269230769232 0.08413461538461539 0.06370192307692307
0 0.3581730769230769 0.17668269230769232 0.07572115384615384 0.06129807692307692
0 0.4338942307692308 0.17908653846153846 0.06971153846153846 0.054086538461538464
0 0.5048076923076923 0.1778846153846154 0.07211538461538461 0.056490384615384616
0 0.578125 0.1310096153846154 0.06610576923076923 0.04567307692307692
0 0.578125 0.18028846153846154 0.06370192307692307 0.051682692307692304
0 0.6418269230769231 0.1778846153846154 0.056490384615384616 0.055288461538461536
0 0.7163461538461539 0.17548076923076922 0.078125 0.05889423076923077
0 0.8004807692307693 0.17427884615384615 0.078125 0.06129807692307692
0 0.8762019230769231 0.171875 0.06490384615384616 0.057692307692307696
0 0.9519230769230769 0.17548076923076922 0.07572115384615384 0.051682692307692304
0 0.9591346153846154 0.1310096153846154 0.078125 0.028846153846153848
0 0.9495192307692307 0.09495192307692307 0.08052884615384616 0.03365384615384615
0 0.9375 0.06490384615384616 0.08413461538461539 0.02403846153846154
0 0.9831730769230769 0.3389423076923077 0.03245192307692308 0.05048076923076923
0 0.33413461538461536 0.43028846153846156 0.10096153846153846 0.04927884615384615
0 0.6875 0.6826923076923077 0.08413461538461539 0.055288461538461536
0 0.3233173076923077 0.47836538461538464 0.10336538461538461 0.046875
0 0.23677884615384615 0.4675480769230769 0.06490384615384616 0.057692307692307696
0 0.16706730769230768 0.46634615384615385 0.078125 0.046875
0 0.06850961538461539 0.484375 0.06971153846153846 0.042067307692307696
0 0.056490384615384616 0.4387019230769231 0.0829326923076923 0.040865384615384616
0 0.016826923076923076 0.48197115384615385 0.03365384615384615 0.04567307692307692