0 0.9098557692307693 0.7836538461538461 0.08533653846153846 0.07451923076923077
0 0.3786057692307692 0.7824519230769231 0.054086538461538464 0.07451923076923077
0 0.4387019230769231 0.7824519230769231 0.057692307692307696 0.07932692307692307
0 0.5060096153846154 0.7848557692307693 0.06370192307692307 0.06971153846153846
0 0.7872596153846154 0.890625 0.030048076923076924 0.038461538461538464
0 0.6694711538461539 0.7896634615384616 0.07211538461538461 0.06370192307692307
0 0.7427884615384616 0.7908653846153846 0.06850961538461539 0.06129807692307692
0 0.8245192307692307 0.7824519230769231 0.07932692307692307 0.07932692307692307
0 0.3161057692307692 0.7848557692307693 0.06370192307692307 0.07451923076923077
0 0.06850961538461539 0.8617788461538461 0.05048076923076923 0.021634615384615384
0 0.6033653846153846 0.8810096153846154 0.03365384615384615 0.04567307692307692
0 0.1466346153846154 0.8557692307692307 0.05048076923076923 0.02403846153846154
0 0.7548076923076923 0.8882211538461539 0.021634615384615384 0.04326923076923077
0 0.24639423076923078 0.7848557692307693 0.06850961538461539 0.0733173076923077
0 0.7235576923076923 0.8894230769230769 0.030048076923076924 0.039663461538461536
0 0.6935096153846154 0.8882211538461539 0.026442307692307692 0.038461538461538464
0 0.6490384615384616 0.8930288461538461 0.054086538461538464 0.027644230769230768
0 0.5540865384615384 0.8882211538461539 0.05048076923076923 0.042067307692307696
0 0.057692307692307696 0.9026442307692307 0.057692307692307696 0.027644230769230768
0 0.5024038461538461 0.8858173076923077 0.04927884615384615 0.04447115384615385
0 0.43990384615384615 0.8942307692307693 0.06370192307692307 0.038461538461538464
0 0.3858173076923077 0.8954326923076923 0.03365384615384615 0.04447115384615385
0 0.35336538461538464 0.8918269230769231 0.028846153846153848 0.038461538461538464
0 0.31490384615384615 0.8918269230769231 0.03125 0.037259615384615384
0 0.19591346153846154 0.8942307692307693 0.04447115384615385 0.038461538461538464
0 0.1466346153846154 0.8918269230769231 0.04567307692307692 0.036057692307692304
0 0.43990384615384615 0.8569711538461539 0.06490384615384616 0.036057692307692304
0 0.17067307692307693 0.7884615384615384 0.07211538461538461 0.0733173076923077
0 0.4423076923076923 0.5793269230769231 0.042067307692307696 0.09735576923076923
0 0.055288461538461536 0.7932692307692307 0.05048076923076923 0.05889423076923077
0 0.0733173076923077 0.578125 0.038461538461538464 0.0985576923076923
0 0.1622596153846154 0.5817307692307693 0.04567307692307692 0.09615384615384616
0 0.21634615384615385 0.5817307692307693 0.038461538461538464 0.0985576923076923
0 0.26322115384615385 0.5793269230769231 0.04927884615384615 0.09615384615384616
0 0.3161057692307692 0.5769230769230769 0.046875 0.10096153846153846
0 0.36778846153846156 0.5745192307692307 0.04927884615384615 0.10216346153846154
0 0.8353365384615384 0.8918269230769231 0.040865384615384616 0.03365384615384615
0 0.4879807692307692 0.5769230769230769 0.040865384615384616 0.10096153846153846
0 0.5432692307692307 0.5805288461538461 0.055288461538461536 0.0985576923076923
0 0.5973557692307693 0.5793269230769231 0.038461538461538464 0.10216346153846154
0 0.640625 0.5793269230769231 0.04447115384615385 0.09615384615384616
0 0.6911057692307693 0.5793269230769231 0.038461538461538464 0.09975961538461539
0 0.7379807692307693 0.5793269230769231 0.028846153846153848 0.0985576923076923
0 0.10817307692307693 0.7884615384615384 0.042067307692307696 0.06610576923076923
0 0.7740384615384616 0.5805288461538461 0.036057692307692304 0.09735576923076923
0 0.9567307692307693 0.5793269230769231 0.037259615384615384 0.09735576923076923
0 0.040865384615384616 0.6899038461538461 0.078125 0.07932692307692307
0 0.1310096153846154 0.6899038461538461 0.09495192307692307 0.08052884615384616
0 0.22596153846153846 0.6875 0.08413461538461539 0.08052884615384616
0 0.31490384615384615 0.6887019230769231 0.08413461538461539 0.07572115384615384
0 0.3894230769230769 0.6887019230769231 0.055288461538461536 0.078125
0 0.44711538461538464 0.6887019230769231 0.057692307692307696 0.07692307692307693
0 0.5192307692307693 0.6899038461538461 0.08533653846153846 0.08052884615384616
0 0.6033653846153846 0.6862980769230769 0.08052884615384616 0.078125
0 0.6887019230769231 0.6875 0.07692307692307693 0.08052884615384616
0 0.7728365384615384 0.6899038461538461 0.0889423076923077 0.07692307692307693
0 0.8509615384615384 0.6923076923076923 0.06370192307692307 0.07091346153846154
0 0.921875 0.6935096153846154 0.07091346153846154 0.06610576923076923
0 0.8653846153846154 0.5793269230769231 0.1346153846153846 0.09134615384615384
0 0.8786057692307693 0.8942307692307693 0.038461538461538464 0.028846153846153848
0 0.06971153846153846 0.19591346153846154 0.04807692307692308 0.11778846153846154
0 0.9711538461538461 0.8894230769230769 0.056490384615384616 0.037259615384615384
0 0.23677884615384615 0.051682692307692304 0.056490384615384616 0.09975961538461539
0 0.17668269230769232 0.054086538461538464 0.057692307692307696 0.09615384615384616
0 0.6346153846153846 0.46274038461538464 0.04567307692307692 0.09014423076923077
0 0.6382211538461539 0.33774038461538464 0.15264423076923078 0.1045673076923077
0 0.7415865384615384 0.3401442307692308 0.046875 0.10697115384615384
0 0.796875 0.3425480769230769 0.055288461538461536 0.10096153846153846
0 0.8473557692307693 0.34134615384615385 0.039663461538461536 0.10336538461538461
0 0.8918269230769231 0.34134615384615385 0.04567307692307692 0.1045673076923077
0 0.9387019230769231 0.3401442307692308 0.039663461538461536 0.10096153846153846
0 0.9855769230769231 0.34134615384615385 0.02403846153846154 0.10576923076923077
0 0.051682692307692304 0.4579326923076923 0.04807692307692308 0.11057692307692307
0 0.10216346153846154 0.46033653846153844 0.04326923076923077 0.10336538461538461
0 0.15384615384615385 0.4579326923076923 0.046875 0.10216346153846154
0 0.21634615384615385 0.46033653846153844 0.06129807692307692 0.10336538461538461
0 0.2764423076923077 0.46033653846153844 0.05048076923076923 0.10817307692307693
0 0.3293269230769231 0.45913461538461536 0.04807692307692308 0.09975961538461539
0 0.38341346153846156 0.46274038461538464 0.04807692307692308 0.09615384615384616
0 0.4387019230769231 0.4639423076923077 0.04447115384615385 0.09375
0 0.4879807692307692 0.4639423076923077 0.04447115384615385 0.09615384615384616
0 0.5384615384615384 0.46274038461538464 0.04567307692307692 0.09615384615384616
0 0.5865384615384616 0.46274038461538464 0.040865384615384616 0.0985576923076923
0 0.026442307692307692 0.5805288461538461 0.04326923076923077 0.10336538461538461
0 0.8846153846153846 0.46634615384615385 0.04326923076923077 0.0985576923076923
0 0.9350961538461539 0.4651442307692308 0.04807692307692308 0.09254807692307693
0 0.9819711538461539 0.47115384615384615 0.03485576923076923 0.08052884615384616
0 0.5180288461538461 0.33653846153846156 0.04567307692307692 0.1141826923076923
0 0.6802884615384616 0.46274038461538464 0.04326923076923077 0.09975961538461539
0 0.29086538461538464 0.06129807692307692 0.04447115384615385 0.08413461538461539
0 0.3449519230769231 0.052884615384615384 0.056490384615384616 0.10576923076923077
0 0.39903846153846156 0.055288461538461536 0.04447115384615385 0.1045673076923077
0 0.4495192307692308 0.056490384615384616 0.04447115384615385 0.10576923076923077
0 0.6514423076923077 0.8569711538461539 0.042067307692307696 0.020432692307692308
0 0.32211538461538464 0.8569711538461539 0.036057692307692304 0.014423076923076924
0 0.40865384615384615 0.33774038461538464 0.04447115384615385 0.11177884615384616
0 0.35216346153846156 0.33774038461538464 0.057692307692307696 0.109375
0 0.2956730769230769 0.33533653846153844 0.04447115384615385 0.10817307692307693
0 0.2403846153846154 0.33413461538461536 0.05889423076923077 0.11177884615384616
0 0.18269230769230768 0.33413461538461536 0.054086538461538464 0.109375
0 0.12620192307692307 0.33533653846153844 0.052884615384615384 0.10697115384615384
0 0.07091346153846154 0.33533653846153844 0.055288461538461536 0.1045673076923077
0 0.9663461538461539 0.20192307692307693 0.055288461538461536 0.11778846153846154
0 0.9098557692307693 0.20673076923076922 0.042067307692307696 0.11899038461538461
0 0.8617788461538461 0.20552884615384615 0.046875 0.12139423076923077
0 0.8052884615384616 0.20192307692307693 0.057692307692307696 0.12860576923076922
0 0.9206730769230769 0.8930288461538461 0.040865384615384616 0.03365384615384615
0 0.7512019230769231 0.20673076923076922 0.05048076923076923 0.11778846153846154
0 0.6526442307692307 0.20552884615384615 0.038461538461538464 0.11899038461538461
0 0.6045673076923077 0.20552884615384615 0.046875 0.11658653846153846
0 0.5552884615384616 0.20552884615384615 0.04447115384615385 0.11778846153846154
0 0.4807692307692308 0.20432692307692307 0.05048076923076923 0.11899038461538461
0 0.43509615384615385 0.203125 0.037259615384615384 0.12139423076923077
0 0.3858173076923077 0.20192307692307693 0.04807692307692308 0.11538461538461539
0 0.33413461538461536 0.19831730769230768 0.057692307692307696 0.125
0 0.2692307692307692 0.19471153846153846 0.06129807692307692 0.12379807692307693
0 0.2127403846153846 0.20192307692307693 0.040865384615384616 0.11057692307692307
0 0.16826923076923078 0.20192307692307693 0.046875 0.11658653846153846
0 0.11899038461538461 0.19951923076923078 0.042067307692307696 0.1201923076923077
0 0.020432692307692308 0.19591346153846154 0.036057692307692304 0.11538461538461539
0 0.6694711538461539 0.056490384615384616 0.055288461538461536 0.10576923076923077
0 0.6995192307692307 0.20793269230769232 0.04447115384615385 0.11778846153846154
0 0.4579326923076923 0.33774038461538464 0.04927884615384615 0.1141826923076923
0 0.7860576923076923 0.45913461538461536 0.1502403846153846 0.10216346153846154