0 0.36658653846153844 0.5973557692307693 0.027644230769230768 0.10096153846153846
0 0.15745192307692307 0.4699519230769231 0.030048076923076924 0.09615384615384616
0 0.09975961538461539 0.4519230769230769 0.02403846153846154 0.0889423076923077
0 0.06850961538461539 0.45913461538461536 0.03365384615384615 0.09014423076923077
0 0.030048076923076924 0.4699519230769231 0.04326923076923077 0.09975961538461539
0 0.9567307692307693 0.32091346153846156 0.046875 0.09375
0 0.8846153846153846 0.31971153846153844 0.028846153846153848 0.09134615384615384
0 0.21033653846153846 0.4675480769230769 0.03245192307692308 0.0829326923076923
0 0.8545673076923077 0.32211538461538464 0.03125 0.09375
0 0.7692307692307693 0.32572115384615385 0.025240384615384616 0.1045673076923077
0 0.7331730769230769 0.32091346153846156 0.021634615384615384 0.09134615384615384
0 0.6947115384615384 0.32572115384615385 0.04326923076923077 0.09375
0 0.6574519230769231 0.3317307692307692 0.02283653846153846 0.09254807692307693
0 0.6105769230769231 0.33413461538461536 0.02403846153846154 0.10817307692307693
0 0.5456730769230769 0.3317307692307692 0.03245192307692308 0.09375
0 0.8149038461538461 0.32572115384615385 0.03365384615384615 0.09375
0 0.5048076923076923 0.3293269230769231 0.025240384615384616 0.09495192307692307
0 0.28125 0.4639423076923077 0.03245192307692308 0.08413461538461539
0 0.3641826923076923 0.4579326923076923 0.026442307692307692 0.08533653846153846
0 0.9314903846153846 0.4495192307692308 0.028846153846153848 0.09495192307692307
0 0.8990384615384616 0.4579326923076923 0.028846153846153848 0.10096153846153846
0 0.8677884615384616 0.46153846153846156 0.03365384615384615 0.09615384615384616
0 0.8233173076923077 0.4567307692307692 0.030048076923076924 0.09735576923076923
0 0.7415865384615384 0.4567307692307692 0.037259615384615384 0.07692307692307693
0 0.7007211538461539 0.46033653846153844 0.027644230769230768 0.08774038461538461
0 0.3269230769230769 0.46274038461538464 0.03485576923076923 0.09254807692307693
0 0.6586538461538461 0.46274038461538464 0.027644230769230768 0.0829326923076923
0 0.5853365384615384 0.45913461538461536 0.025240384615384616 0.08533653846153846
0 0.5564903846153846 0.46033653846153844 0.025240384615384616 0.0829326923076923
0 0.5324519230769231 0.4879807692307692 0.02283653846153846 0.08653846153846154
0 0.4855769230769231 0.46875 0.026442307692307692 0.09134615384615384
0 0.44350961538461536 0.46274038461538464 0.03365384615384615 0.0889423076923077
0 0.4098557692307692 0.46274038461538464 0.020432692307692308 0.09375
0 0.6153846153846154 0.46634615384615385 0.028846153846153848 0.0889423076923077
0 0.9759615384615384 0.453125 0.036057692307692304 0.08653846153846154
0 0.47115384615384615 0.32211538461538464 0.036057692307692304 0.1141826923076923
0 0.42427884615384615 0.31850961538461536 0.016826923076923076 0.0889423076923077
0 0.6117788461538461 0.17548076923076922 0.021634615384615384 0.10697115384615384
0 0.5324519230769231 0.18028846153846154 0.027644230769230768 0.10336538461538461
0 0.49038461538461536 0.17427884615384615 0.039663461538461536 0.10096153846153846
0 0.46033653846153844 0.17427884615384615 0.021634615384615384 0.10096153846153846
0 0.4254807692307692 0.1778846153846154 0.027644230769230768 0.12740384615384615
0 0.38822115384615385 0.1778846153846154 0.030048076923076924 0.10216346153846154
0 0.6658653846153846 0.1875 0.036057692307692304 0.0985576923076923
0 0.3485576923076923 0.16706730769230768 0.03365384615384615 0.10576923076923077
0 0.28365384615384615 0.17427884615384615 0.03245192307692308 0.10216346153846154
0 0.23677884615384615 0.17307692307692307 0.046875 0.10817307692307693
0 0.1971153846153846 0.17067307692307693 0.020432692307692308 0.1045673076923077
0 0.15264423076923078 0.16947115384615385 0.039663461538461536 0.10576923076923077
0 0.09975961538461539 0.1814903846153846 0.03245192307692308 0.10096153846153846
0 0.054086538461538464 0.17067307692307693 0.03125 0.09975961538461539
0 0.3161057692307692 0.16947115384615385 0.028846153846153848 0.11298076923076923
0 0.4387019230769231 0.3173076923076923 0.01201923076923077 0.0889423076923077
0 0.7067307692307693 0.1658653846153846 0.02403846153846154 0.10817307692307693
0 0.7848557692307693 0.17067307692307693 0.027644230769230768 0.1141826923076923
0 0.39663461538461536 0.31971153846153844 0.021634615384615384 0.09615384615384616
0 0.3605769230769231 0.31971153846153844 0.02283653846153846 0.09495192307692307
0 0.3269230769230769 0.3233173076923077 0.019230769230769232 0.0889423076923077
0 0.2764423076923077 0.31971153846153844 0.026442307692307692 0.08413461538461539
0 0.23197115384615385 0.3293269230769231 0.026442307692307692 0.09134615384615384
0 0.19471153846153846 0.3173076923076923 0.036057692307692304 0.10216346153846154
0 0.7584134615384616 0.16947115384615385 0.027644230769230768 0.11658653846153846
0 0.1502403846153846 0.3173076923076923 0.037259615384615384 0.0985576923076923
0 0.06370192307692307 0.3161057692307692 0.03365384615384615 0.10096153846153846
0 0.01201923076923077 0.3137019230769231 0.02403846153846154 0.0985576923076923
0 0.9675480769230769 0.16947115384615385 0.03245192307692308 0.11298076923076923
0 0.8954326923076923 0.17067307692307693 0.038461538461538464 0.11538461538461539
0 0.8641826923076923 0.17067307692307693 0.020432692307692308 0.10697115384615384
0 0.8365384615384616 0.16947115384615385 0.03245192307692308 0.10576923076923077
0 0.11057692307692307 0.3161057692307692 0.025240384615384616 0.10096153846153846
0 0.016826923076923076 0.171875 0.03365384615384615 0.10697115384615384
0 0.03365384615384615 0.5925480769230769 0.046875 0.10216346153846154
0 0.12139423076923077 0.59375 0.037259615384615384 0.0889423076923077
0 0.7740384615384616 0.7524038461538461 0.014423076923076924 0.08052884615384616
0 0.8149038461538461 0.7295673076923077 0.030048076923076924 0.09014423076923077
0 0.8629807692307693 0.7355769230769231 0.020432692307692308 0.08052884615384616
0 0.9038461538461539 0.7235576923076923 0.01201923076923077 0.08052884615384616
0 0.9170673076923077 0.7271634615384616 0.013221153846153846 0.07692307692307693
0 0.9507211538461539 0.7283653846153846 0.026442307692307692 0.0889423076923077
0 0.7536057692307693 0.7548076923076923 0.025240384615384616 0.08653846153846154
0 0.9819711538461539 0.7259615384615384 0.03125 0.09134615384615384
0 0.09134615384615384 0.84375 0.07572115384615384 0.09254807692307693
0 0.16706730769230768 0.8413461538461539 0.0673076923076923 0.08653846153846154
0 0.234375 0.8413461538461539 0.06370192307692307 0.08774038461538461
0 0.31009615384615385 0.8545673076923077 0.057692307692307696 0.08173076923076923
0 0.38100961538461536 0.8425480769230769 0.06850961538461539 0.09375
0 0.43990384615384615 0.8353365384615384 0.04807692307692308 0.09014423076923077
0 0.021634615384615384 0.8401442307692307 0.042067307692307696 0.08774038461538461
0 0.49759615384615385 0.8401442307692307 0.052884615384615384 0.10576923076923077
0 0.7331730769230769 0.7536057692307693 0.018028846153846152 0.08774038461538461
0 0.6742788461538461 0.7367788461538461 0.030048076923076924 0.09134615384615384
0 0.016826923076923076 0.71875 0.03365384615384615 0.09615384615384616
0 0.0625 0.7211538461538461 0.055288461538461536 0.09134615384615384
0 0.15745192307692307 0.7259615384615384 0.036057692307692304 0.10216346153846154
0 0.2247596153846154 0.7331730769230769 0.019230769230769232 0.08774038461538461
0 0.24639423076923078 0.7319711538461539 0.021634615384615384 0.09014423076923077
0 0.26322115384615385 0.7331730769230769 0.01201923076923077 0.09254807692307693
0 0.6995192307692307 0.7367788461538461 0.020432692307692308 0.09014423076923077
0 0.28125 0.7355769230769231 0.020432692307692308 0.09495192307692307
0 0.37259615384615385 0.7427884615384616 0.027644230769230768 0.09495192307692307
0 0.4495192307692308 0.7175480769230769 0.052884615384615384 0.07451923076923077
0 0.5805288461538461 0.7487980769230769 0.020432692307692308 0.0829326923076923
0 0.6045673076923077 0.7512019230769231 0.027644230769230768 0.0829326923076923
0 0.6298076923076923 0.7487980769230769 0.019230769230769232 0.07932692307692307
0 0.6526442307692307 0.734375 0.014423076923076924 0.09735576923076923
0 0.3161057692307692 0.7199519230769231 0.027644230769230768 0.07692307692307693
0 0.0829326923076923 0.5925480769230769 0.03365384615384615 0.0889423076923077
0 0.5480769230769231 0.8413461538461539 0.030048076923076924 0.09134615384615384
0 0.59375 0.8497596153846154 0.021634615384615384 0.07932692307692307
0 0.6346153846153846 0.5889423076923077 0.030048076923076924 0.0889423076923077
0 0.5985576923076923 0.5997596153846154 0.03245192307692308 0.10096153846153846
0 0.5516826923076923 0.5925480769230769 0.028846153846153848 0.09615384615384616
0 0.5168269230769231 0.5889423076923077 0.03365384615384615 0.08533653846153846
0 0.4891826923076923 0.5961538461538461 0.021634615384615384 0.09615384615384616
0 0.46274038461538464 0.5997596153846154 0.02283653846153846 0.08533653846153846
0 0.6682692307692307 0.5925480769230769 0.040865384615384616 0.09495192307692307
0 0.4326923076923077 0.6009615384615384 0.027644230769230768 0.09375
0 0.3317307692307692 0.5949519230769231 0.03485576923076923 0.08774038461538461
0 0.3004807692307692 0.5925480769230769 0.030048076923076924 0.09254807692307693
0 0.265625 0.5925480769230769 0.03365384615384615 0.09375
0 0.2283653846153846 0.5949519230769231 0.03125 0.09014423076923077
0 0.19230769230769232 0.5985576923076923 0.026442307692307692 0.09495192307692307
0 0.15745192307692307 0.5889423076923077 0.027644230769230768 0.08413461538461539
0 0.40024038461538464 0.6009615384615384 0.03365384615384615 0.09375
0 0.5745192307692307 0.8425480769230769 0.019230769230769232 0.09254807692307693
0 0.7127403846153846 0.5997596153846154 0.036057692307692304 0.09375
0 0.8052884615384616 0.5853365384615384 0.03485576923076923 0.09014423076923077
0 0.6394230769230769 0.8521634615384616 0.021634615384615384 0.08774038461538461
0 0.6610576923076923 0.8521634615384616 0.021634615384615384 0.08533653846153846
0 0.6826923076923077 0.8533653846153846 0.02403846153846154 0.08774038461538461
0 0.7391826923076923 0.8497596153846154 0.051682692307692304 0.08774038461538461
0 0.8137019230769231 0.8497596153846154 0.0673076923076923 0.0889423076923077
0 0.8689903846153846 0.8557692307692307 0.019230769230769232 0.09615384615384616
0 0.7560096153846154 0.5877403846153846 0.04326923076923077 0.0889423076923077
0 0.8918269230769231 0.8617788461538461 0.027644230769230768 0.08533653846153846
0 0.9639423076923077 0.859375 0.020432692307692308 0.0829326923076923
0 0.9855769230769231 0.8605769230769231 0.021634615384615384 0.0829326923076923
0 0.9387019230769231 0.5841346153846154 0.026442307692307692 0.09014423076923077
0 0.9134615384615384 0.5865384615384616 0.02283653846153846 0.08653846153846154
0 0.8834134615384616 0.5889423076923077 0.036057692307692304 0.09375
0 0.84375 0.5877403846153846 0.042067307692307696 0.09615384615384616
0 0.9146634615384616 0.8617788461538461 0.019230769230769232 0.08653846153846154
0 0.9891826923076923 0.5865384615384616 0.016826923076923076 0.08653846153846154
0 0.9663461538461539 0.5865384615384616 0.025240384615384616 0.08413461538461539