0 0.5240384615384616 0.33653846153846156 0.030048076923076924 0.040865384615384616
0 0.11899038461538461 0.5889423076923077 0.015625 0.009615384615384616
0 0.13701923076923078 0.5564903846153846 0.019230769230769232 0.01201923076923077
0 0.17668269230769232 0.5576923076923077 0.02403846153846154 0.013221153846153846
0 0.13942307692307693 0.5685096153846154 0.018028846153846152 0.008413461538461538
0 0.17668269230769232 0.5949519230769231 0.013221153846153846 0.010817307692307692
0 0.13701923076923078 0.5961538461538461 0.014423076923076924 0.01201923076923077
0 0.19471153846153846 0.5805288461538461 0.021634615384615384 0.009615384615384616
0 0.21514423076923078 0.5805288461538461 0.015625 0.010817307692307692
0 0.23317307692307693 0.5697115384615384 0.019230769230769232 0.013221153846153846
0 0.27163461538461536 0.5685096153846154 0.015625 0.01201923076923077
0 0.13942307692307693 0.5829326923076923 0.019230769230769232 0.01201923076923077
0 0.3713942307692308 0.43509615384615385 0.019230769230769232 0.04807692307692308
0 0.4206730769230769 0.42908653846153844 0.019230769230769232 0.06370192307692307
0 0.44591346153846156 0.43028846153846156 0.02283653846153846 0.05889423076923077
0 0.4699519230769231 0.43149038461538464 0.020432692307692308 0.05889423076923077
0 0.4951923076923077 0.42908653846153844 0.019230769230769232 0.05889423076923077
0 0.5264423076923077 0.4375 0.02283653846153846 0.04927884615384615
0 0.3449519230769231 0.5228365384615384 0.028846153846153848 0.05889423076923077
0 0.38221153846153844 0.5192307692307693 0.03245192307692308 0.057692307692307696
0 0.4182692307692308 0.5228365384615384 0.02403846153846154 0.06009615384615385
0 0.47475961538461536 0.5240384615384616 0.07091346153846154 0.021634615384615384
0 0.5240384615384616 0.5240384615384616 0.02283653846153846 0.054086538461538464
0 0.09975961538461539 0.5805288461538461 0.015625 0.01201923076923077
0 0.27283653846153844 0.5829326923076923 0.015625 0.01201923076923077
0 0.0985576923076923 0.5949519230769231 0.015625 0.01201923076923077
0 0.39663461538461536 0.42908653846153844 0.026442307692307692 0.06009615384615385
0 0.27283653846153844 0.5949519230769231 0.015625 0.01201923076923077
0 0.9867788461538461 0.4495192307692308 0.021634615384615384 0.09134615384615384
0 0.23557692307692307 0.5841346153846154 0.014423076923076924 0.009615384615384616
0 0.9194711538461539 0.45552884615384615 0.03245192307692308 0.08413461538461539
0 0.8822115384615384 0.4495192307692308 0.02283653846153846 0.0673076923076923
0 0.8473557692307693 0.4483173076923077 0.03485576923076923 0.07211538461538461
0 0.8149038461538461 0.5576923076923077 0.046875 0.07932692307692307
0 0.8713942307692307 0.5588942307692307 0.054086538461538464 0.078125
0 0.9326923076923077 0.5552884615384616 0.046875 0.078125
0 0.9795673076923077 0.5552884615384616 0.036057692307692304 0.08173076923076923
0 0.8125 0.6262019230769231 0.038461538461538464 0.036057692307692304
0 0.9002403846153846 0.6310096153846154 0.03245192307692308 0.039663461538461536
0 0.9423076923076923 0.6286057692307693 0.03245192307692308 0.038461538461538464
0 0.9783653846153846 0.6286057692307693 0.030048076923076924 0.038461538461538464
0 0.8137019230769231 0.6754807692307693 0.030048076923076924 0.036057692307692304
0 0.2548076923076923 0.5961538461538461 0.013221153846153846 0.010817307692307692
0 0.7992788461538461 0.44711538461538464 0.03125 0.06370192307692307
0 0.4951923076923077 0.33774038461538464 0.019230769230769232 0.039663461538461536
0 0.9567307692307693 0.453125 0.027644230769230768 0.07932692307692307
0 0.9110576923076923 0.35216346153846156 0.04447115384615385 0.08413461538461539
0 0.8665865384615384 0.3629807692307692 0.025240384615384616 0.06971153846153846
0 0.2620192307692308 0.8774038461538461 0.02403846153846154 0.05889423076923077
0 0.15865384615384615 0.6081730769230769 0.013221153846153846 0.013221153846153846
0 0.13942307692307693 0.609375 0.015625 0.01201923076923077
0 0.12139423076923077 0.609375 0.018028846153846152 0.01201923076923077
0 0.10096153846153846 0.6081730769230769 0.015625 0.01201923076923077
0 0.1971153846153846 0.59375 0.018028846153846152 0.008413461538461538
0 0.23317307692307693 0.5961538461538461 0.014423076923076924 0.010817307692307692
0 0.21634615384615385 0.5949519230769231 0.014423076923076924 0.01201923076923077
0 0.9579326923076923 0.34975961538461536 0.04326923076923077 0.08533653846153846
0 0.4723557692307692 0.33653846153846156 0.02403846153846154 0.039663461538461536
0 0.375 0.7524038461538461 0.03245192307692308 0.0673076923076923
0 0.4206730769230769 0.33653846153846156 0.02403846153846154 0.040865384615384616
0 0.8040865384615384 0.234375 0.02403846153846154 0.08052884615384616
0 0.84375 0.23677884615384615 0.02403846153846154 0.078125
0 0.9134615384615384 0.23918269230769232 0.03245192307692308 0.08533653846153846
0 0.9615384615384616 0.25 0.027644230769230768 0.0733173076923077
0 0.7992788461538461 0.35697115384615385 0.03125 0.07932692307692307
0 0.8341346153846154 0.359375 0.03485576923076923 0.07572115384615384
0 0.45552884615384615 0.6466346153846154 0.04326923076923077 0.03245192307692308
0 0.39663461538461536 0.6490384615384616 0.046875 0.037259615384615384
0 0.7548076923076923 0.9651442307692307 0.055288461538461536 0.05889423076923077
0 0.34134615384615385 0.7536057692307693 0.03245192307692308 0.0673076923076923
0 0.4543269230769231 0.7463942307692307 0.03365384615384615 0.07211538461538461
0 0.49038461538461536 0.7548076923076923 0.03365384615384615 0.06850961538461539
0 0.5324519230769231 0.7572115384615384 0.03125 0.06610576923076923
0 0.12379807692307693 0.7463942307692307 0.010817307692307692 0.055288461538461536
0 0.13701923076923078 0.7475961538461539 0.01201923076923077 0.052884615384615384
0 0.15745192307692307 0.7451923076923077 0.014423076923076924 0.054086538461538464
0 0.17548076923076922 0.7475961538461539 0.01201923076923077 0.052884615384615384
0 0.22956730769230768 0.75 0.01201923076923077 0.051682692307692304
0 0.41586538461538464 0.7548076923076923 0.038461538461538464 0.0733173076923077
0 0.6971153846153846 0.9639423076923077 0.052884615384615384 0.0673076923076923
0 0.6346153846153846 0.9627403846153846 0.054086538461538464 0.06009615384615385
0 0.5757211538461539 0.9627403846153846 0.051682692307692304 0.06129807692307692
0 0.17548076923076922 0.609375 0.015625 0.01201923076923077
0 0.19591346153846154 0.609375 0.016826923076923076 0.010817307692307692
0 0.21394230769230768 0.6105769230769231 0.014423076923076924 0.010817307692307692
0 0.23317307692307693 0.609375 0.018028846153846152 0.01201923076923077
0 0.27283653846153844 0.609375 0.015625 0.01201923076923077
0 0.05889423076923077 0.5528846153846154 0.054086538461538464 0.10817307692307693
0 0.04807692307692308 0.7079326923076923 0.08173076923076923 0.12379807692307693
0 0.11177884615384616 0.6598557692307693 0.03245192307692308 0.04927884615384615
0 0.13701923076923078 0.6634615384615384 0.013221153846153846 0.04447115384615385
0 0.15745192307692307 0.6622596153846154 0.015625 0.042067307692307696
0 0.17668269230769232 0.6634615384615384 0.016826923076923076 0.046875
0 0.19471153846153846 0.6622596153846154 0.015625 0.04927884615384615
0 0.21394230769230768 0.6622596153846154 0.015625 0.04447115384615385
0 0.25240384615384615 0.6598557692307693 0.019230769230769232 0.04326923076923077
0 0.28846153846153844 0.6634615384615384 0.02403846153846154 0.04447115384615385
0 0.3954326923076923 0.6057692307692307 0.046875 0.030048076923076924
0 0.4519230769230769 0.6057692307692307 0.04447115384615385 0.03125
0 0.5108173076923077 0.609375 0.05048076923076923 0.030048076923076924
0 0.5168269230769231 0.6502403846153846 0.039663461538461536 0.036057692307692304
0 0.24759615384615385 0.7475961538461539 0.01201923076923077 0.055288461538461536
0 0.44711538461538464 0.33774038461538464 0.020432692307692308 0.04447115384615385
0 0.2668269230769231 0.75 0.013221153846153846 0.056490384615384616
0 0.30528846153846156 0.7475961538461539 0.015625 0.056490384615384616
0 0.21394230769230768 0.49038461538461536 0.015625 0.036057692307692304
0 0.23076923076923078 0.5060096153846154 0.013221153846153846 0.013221153846153846
0 0.2512019230769231 0.5060096153846154 0.015625 0.009615384615384616
0 0.27163461538461536 0.5072115384615384 0.019230769230769232 0.010817307692307692
0 0.09975961538461539 0.5204326923076923 0.016826923076923076 0.01201923076923077
0 0.11899038461538461 0.5204326923076923 0.015625 0.01201923076923077
0 0.13822115384615385 0.5216346153846154 0.019230769230769232 0.01201923076923077
0 0.15745192307692307 0.5204326923076923 0.015625 0.010817307692307692
0 0.1935096153846154 0.5072115384615384 0.016826923076923076 0.010817307692307692
0 0.17548076923076922 0.5204326923076923 0.015625 0.010817307692307692
0 0.21394230769230768 0.5204326923076923 0.015625 0.010817307692307692
0 0.23317307692307693 0.5216346153846154 0.015625 0.010817307692307692
0 0.25240384615384615 0.5216346153846154 0.016826923076923076 0.01201923076923077
0 0.2692307692307692 0.5216346153846154 0.015625 0.010817307692307692
0 0.34615384615384615 0.43149038461538464 0.02403846153846154 0.056490384615384616
0 0.34375 0.33653846153846156 0.02403846153846154 0.040865384615384616
0 0.36899038461538464 0.33653846153846156 0.02403846153846154 0.042067307692307696
0 0.3942307692307692 0.33653846153846156 0.021634615384615384 0.039663461538461536
0 0.19471153846153846 0.5216346153846154 0.015625 0.010817307692307692
0 0.17427884615384615 0.5024038461538461 0.013221153846153846 0.01201923076923077
0 0.13822115384615385 0.49278846153846156 0.01201923076923077 0.009615384615384616
0 0.13822115384615385 0.5060096153846154 0.016826923076923076 0.008413461538461538
0 0.12259615384615384 0.875 0.015625 0.055288461538461536
0 0.8557692307692307 0.6802884615384616 0.038461538461538464 0.038461538461538464
0 0.1502403846153846 0.8858173076923077 0.027644230769230768 0.054086538461538464
0 0.19230769230769232 0.8810096153846154 0.02283653846153846 0.04927884615384615
0 0.22716346153846154 0.8774038461538461 0.026442307692307692 0.06971153846153846
0 0.09975961538461539 0.43028846153846156 0.016826923076923076 0.014423076923076924
0 0.11899038461538461 0.42908653846153844 0.016826923076923076 0.014423076923076924
0 0.13701923076923078 0.43028846153846156 0.016826923076923076 0.014423076923076924
0 0.15504807692307693 0.41466346153846156 0.018028846153846152 0.01201923076923077
0 0.15625 0.43028846153846156 0.015625 0.015625
0 0.17668269230769232 0.43028846153846156 0.016826923076923076 0.015625
0 0.19471153846153846 0.43149038461538464 0.019230769230769232 0.016826923076923076
0 0.21514423076923078 0.43149038461538464 0.018028846153846152 0.014423076923076924
0 0.234375 0.43028846153846156 0.015625 0.013221153846153846
0 0.25240384615384615 0.43028846153846156 0.015625 0.013221153846153846
0 0.27163461538461536 0.4326923076923077 0.015625 0.014423076923076924
0 0.13822115384615385 0.4795673076923077 0.019230769230769232 0.010817307692307692
0 0.11899038461538461 0.49278846153846156 0.016826923076923076 0.010817307692307692
0 0.11778846153846154 0.5048076923076923 0.014423076923076924 0.008413461538461538
0 0.2848557692307692 0.7475961538461539 0.01201923076923077 0.06009615384615385
0 0.8978365384615384 0.6790865384615384 0.037259615384615384 0.038461538461538464
0 0.8557692307692307 0.6298076923076923 0.039663461538461536 0.039663461538461536
0 0.9795673076923077 0.6790865384615384 0.036057692307692304 0.040865384615384616
0 0.6959134615384616 0.4543269230769231 0.04326923076923077 0.057692307692307696
0 0.6454326923076923 0.4543269230769231 0.039663461538461536 0.04807692307692308
0 0.40865384615384615 0.9507211538461539 0.046875 0.06009615384615385
0 0.75 0.39302884615384615 0.04567307692307692 0.036057692307692304
0 0.5949519230769231 0.4519230769230769 0.046875 0.04807692307692308
0 0.4519230769230769 0.8713942307692307 0.046875 0.07451923076923077
0 0.9411057692307693 0.6790865384615384 0.042067307692307696 0.040865384615384616
0 0.75 0.20072115384615385 0.05889423076923077 0.09254807692307693
0 0.7524038461538461 0.30649038461538464 0.054086538461538464 0.07932692307692307
0 0.6899038461538461 0.3317307692307692 0.055288461538461536 0.06129807692307692
0 0.6286057692307693 0.3317307692307692 0.0625 0.05048076923076923
0 0.5925480769230769 0.3918269230769231 0.04927884615384615 0.03485576923076923
0 0.3004807692307692 0.8870192307692307 0.018028846153846152 0.054086538461538464
0 0.6442307692307693 0.39302884615384615 0.046875 0.038461538461538464
0 0.5168269230769231 0.9627403846153846 0.051682692307692304 0.0733173076923077
0 0.7079326923076923 0.6622596153846154 0.052884615384615384 0.08533653846153846
0 0.7584134615384616 0.6586538461538461 0.04567307692307692 0.08533653846153846
0 0.5829326923076923 0.7632211538461539 0.052884615384615384 0.07572115384615384
0 0.6466346153846154 0.765625 0.04927884615384615 0.06850961538461539
0 0.7007211538461539 0.7644230769230769 0.04326923076923077 0.06971153846153846
0 0.7620192307692307 0.7632211538461539 0.05048076923076923 0.07451923076923077
0 0.5817307692307693 0.8605769230769231 0.042067307692307696 0.0673076923076923
0 0.6298076923076923 0.859375 0.04567307692307692 0.06490384615384616
0 0.6911057692307693 0.8617788461538461 0.04807692307692308 0.06490384615384616
0 0.7439903846153846 0.859375 0.04927884615384615 0.06129807692307692
0 0.3605769230769231 0.9519230769230769 0.04326923076923077 0.056490384615384616
0 0.6959134615384616 0.39302884615384615 0.04927884615384615 0.040865384615384616
0 0.34615384615384615 0.8545673076923077 0.046875 0.056490384615384616
0 0.46033653846153844 0.9615384615384616 0.051682692307692304 0.07091346153846154
0 0.7475961538461539 0.45552884615384615 0.039663461538461536 0.052884615384615384
0 0.9759615384615384 0.9543269230769231 0.046875 0.05889423076923077
0 0.9002403846153846 0.9567307692307693 0.07451923076923077 0.06129807692307692
0 0.8221153846153846 0.9495192307692307 0.0673076923076923 0.055288461538461536
0 0.40024038461538464 0.8605769230769231 0.039663461538461536 0.06850961538461539
0 0.9603365384615384 0.8377403846153846 0.025240384615384616 0.0673076923076923
0 0.9266826923076923 0.8365384615384616 0.028846153846153848 0.0625
0 0.8942307692307693 0.8377403846153846 0.026442307692307692 0.0625
0 0.8581730769230769 0.8377403846153846 0.027644230769230768 0.06370192307692307
0 0.6105769230769231 0.203125 0.09495192307692307 0.09735576923076923
0 0.828125 0.8365384615384616 0.026442307692307692 0.06009615384615385
0 0.9915865384615384 0.7572115384615384 0.015625 0.0673076923076923
0 0.9591346153846154 0.7512019230769231 0.038461538461538464 0.06129807692307692
0 0.9230769230769231 0.7548076923076923 0.015625 0.057692307692307696
0 0.5192307692307693 0.8641826923076923 0.04447115384615385 0.06370192307692307
0 0.8978365384615384 0.7548076923076923 0.027644230769230768 0.06009615384615385
0 0.8653846153846154 0.7548076923076923 0.028846153846153848 0.06370192307692307
0 0.8293269230769231 0.7524038461538461 0.030048076923076924 0.0673076923076923
0 0.8016826923076923 0.7536057692307693 0.018028846153846152 0.06009615384615385
0 0.7944711538461539 0.8377403846153846 0.025240384615384616 0.057692307692307696
0 0.036057692307692304 0.8737980769230769 0.07211538461538461 0.06971153846153846
0 0.9855769230769231 0.8353365384615384 0.013221153846153846 0.06490384615384616
0 0.5853365384615384 0.5528846153846154 0.04567307692307692 0.07692307692307693
0 0.6418269230769231 0.5528846153846154 0.04567307692307692 0.08533653846153846
0 0.7103365384615384 0.5552884615384616 0.05048076923076923 0.08533653846153846
0 0.6382211538461539 0.6658653846153846 0.0625 0.09375
0 0.5757211538461539 0.6586538461538461 0.04567307692307692 0.08413461538461539
0 0.7632211538461539 0.5552884615384616 0.038461538461538464 0.078125
0 0.6899038461538461 0.20192307692307693 0.056490384615384616 0.09254807692307693