0 0.8713942307692307 0.8137019230769231 0.038461538461538464 0.09134615384615384
0 0.828125 0.8173076923076923 0.042067307692307696 0.09134615384615384
0 0.7776442307692307 0.8052884615384616 0.028846153846153848 0.07572115384615384
0 0.7271634615384616 0.8257211538461539 0.06610576923076923 0.07451923076923077
0 0.6502403846153846 0.828125 0.08173076923076923 0.08413461538461539
0 0.5697115384615384 0.7956730769230769 0.0625 0.06850961538461539
0 0.09254807692307693 0.7055288461538461 0.042067307692307696 0.052884615384615384
0 0.15625 0.140625 0.07692307692307693 0.03365384615384615
0 0.3173076923076923 0.5805288461538461 0.036057692307692304 0.052884615384615384
0 0.36658653846153844 0.5853365384615384 0.04807692307692308 0.08052884615384616
0 0.4206730769230769 0.5877403846153846 0.055288461538461536 0.07932692307692307
0 0.4723557692307692 0.5973557692307693 0.04447115384615385 0.06490384615384616
0 0.5216346153846154 0.5973557692307693 0.04807692307692308 0.0625
0 0.5685096153846154 0.5949519230769231 0.04447115384615385 0.06009615384615385
0 0.6153846153846154 0.5913461538461539 0.039663461538461536 0.051682692307692304
0 0.6658653846153846 0.5985576923076923 0.055288461538461536 0.0625
0 0.7139423076923077 0.6021634615384616 0.028846153846153848 0.054086538461538464
0 0.7512019230769231 0.6033653846153846 0.026442307692307692 0.054086538461538464
0 0.7884615384615384 0.6021634615384616 0.027644230769230768 0.054086538461538464
0 0.8329326923076923 0.5985576923076923 0.03125 0.05889423076923077
0 0.8701923076923077 0.5877403846153846 0.026442307692307692 0.09014423076923077
0 0.9038461538461539 0.5877403846153846 0.03485576923076923 0.09495192307692307
0 0.9387019230769231 0.5865384615384616 0.025240384615384616 0.09615384615384616
0 0.9723557692307693 0.5877403846153846 0.039663461538461536 0.09254807692307693
0 0.04447115384615385 0.7079326923076923 0.039663461538461536 0.051682692307692304
0 0.7307692307692307 0.02403846153846154 0.054086538461538464 0.027644230769230768
0 0.9423076923076923 0.021634615384615384 0.078125 0.03485576923076923
0 0.078125 0.13701923076923078 0.06610576923076923 0.03365384615384615
0 0.08052884615384616 0.1778846153846154 0.06370192307692307 0.04326923076923077
0 0.4987980769230769 0.796875 0.06009615384615385 0.0625
0 0.4254807692307692 0.8221153846153846 0.07572115384615384 0.0733173076923077
0 0.02403846153846154 0.8076923076923077 0.04807692307692308 0.09615384615384616
0 0.27884615384615385 0.8185096153846154 0.06009615384615385 0.09615384615384616
0 0.4879807692307692 0.7139423076923077 0.04326923076923077 0.04567307692307692
0 0.4423076923076923 0.7115384615384616 0.04567307692307692 0.05048076923076923
0 0.39783653846153844 0.7115384615384616 0.04447115384615385 0.04807692307692308
0 0.3545673076923077 0.7103365384615384 0.04326923076923077 0.04927884615384615
0 0.31009615384615385 0.7115384615384616 0.037259615384615384 0.051682692307692304
0 0.27403846153846156 0.7091346153846154 0.030048076923076924 0.054086538461538464
0 0.2403846153846154 0.7067307692307693 0.03365384615384615 0.055288461538461536
0 0.203125 0.7043269230769231 0.03245192307692308 0.06370192307692307
0 0.16947115384615385 0.6995192307692307 0.03485576923076923 0.052884615384615384
0 0.1622596153846154 0.17908653846153846 0.06971153846153846 0.040865384615384616
0 0.24278846153846154 0.1502403846153846 0.07692307692307693 0.028846153846153848
0 0.2439903846153846 0.18269230769230768 0.078125 0.036057692307692304
0 0.3317307692307692 0.14182692307692307 0.08774038461538461 0.038461538461538464
0 0.3317307692307692 0.18028846153846154 0.0889423076923077 0.042067307692307696
0 0.4170673076923077 0.11538461538461539 0.0673076923076923 0.042067307692307696
0 0.4182692307692308 0.1466346153846154 0.0673076923076923 0.016826923076923076
0 0.421875 0.16706730769230768 0.08173076923076923 0.018028846153846152
0 0.4266826923076923 0.18870192307692307 0.07211538461538461 0.02403846153846154
0 0.2692307692307692 0.5793269230769231 0.04567307692307692 0.057692307692307696
0 0.5048076923076923 0.10576923076923077 0.08774038461538461 0.030048076923076924
0 0.5132211538461539 0.14182692307692307 0.07932692307692307 0.036057692307692304
0 0.5360576923076923 0.7151442307692307 0.046875 0.05048076923076923
0 0.34975961538461536 0.8269230769230769 0.0673076923076923 0.07451923076923077
0 0.5889423076923077 0.7163461538461539 0.056490384615384616 0.04807692307692308
0 0.7283653846153846 0.7163461538461539 0.07572115384615384 0.046875
0 0.20552884615384615 0.8161057692307693 0.06610576923076923 0.09615384615384616
0 0.140625 0.8112980769230769 0.05889423076923077 0.09375
0 0.08173076923076923 0.8125 0.055288461538461536 0.09495192307692307
0 0.13581730769230768 0.6959134615384616 0.027644230769230768 0.055288461538461536
0 0.7920673076923077 0.7019230769230769 0.039663461538461536 0.07572115384615384
0 0.6033653846153846 0.15144230769230768 0.06971153846153846 0.014423076923076924
0 0.5829326923076923 0.109375 0.06009615384615385 0.03485576923076923
0 0.6574519230769231 0.1045673076923077 0.08413461538461539 0.03245192307692308
0 0.6838942307692307 0.1502403846153846 0.07692307692307693 0.02403846153846154
0 0.6971153846153846 0.18389423076923078 0.10096153846153846 0.039663461538461536
0 0.8004807692307693 0.1622596153846154 0.09975961538461539 0.08173076923076923
0 0.9639423076923077 0.1622596153846154 0.0673076923076923 0.08413461538461539
0 0.03365384615384615 0.27524038461538464 0.027644230769230768 0.06129807692307692
0 0.06610576923076923 0.2764423076923077 0.03365384615384615 0.06129807692307692
0 0.0985576923076923 0.27524038461538464 0.03365384615384615 0.06129807692307692
0 0.13221153846153846 0.27524038461538464 0.028846153846153848 0.06370192307692307
0 0.17067307692307693 0.27163461538461536 0.03245192307692308 0.07451923076923077
0 0.21153846153846154 0.27163461538461536 0.040865384615384616 0.0733173076923077
0 0.25240384615384615 0.27163461538461536 0.036057692307692304 0.07451923076923077
0 0.9675480769230769 0.8161057692307693 0.046875 0.09134615384615384
0 0.9182692307692307 0.8125 0.04326923076923077 0.09254807692307693
0 0.5540865384615384 0.6694711538461539 0.052884615384615384 0.019230769230769232
0 0.21153846153846154 0.5961538461538461 0.052884615384615384 0.07091346153846154
0 0.5132211538461539 0.18509615384615385 0.08413461538461539 0.040865384615384616
0 0.09014423076923077 0.5913461538461539 0.057692307692307696 0.0829326923076923
0 0.4026442307692308 0.38100961538461536 0.05048076923076923 0.0733173076923077
0 0.34975961538461536 0.38221153846153844 0.05048076923076923 0.07091346153846154
0 0.29447115384615385 0.37259615384615385 0.054086538461538464 0.08653846153846154
0 0.23677884615384615 0.3701923076923077 0.056490384615384616 0.08173076923076923
0 0.1778846153846154 0.36899038461538464 0.04567307692307692 0.08653846153846154
0 0.12139423076923077 0.3713942307692308 0.051682692307692304 0.08653846153846154
0 0.06490384615384616 0.3701923076923077 0.055288461538461536 0.09014423076923077
0 0.9471153846153846 0.27884615384615385 0.06370192307692307 0.06971153846153846
0 0.8774038461538461 0.2668269230769231 0.0673076923076923 0.09134615384615384
0 0.8064903846153846 0.27524038461538464 0.05889423076923077 0.07572115384615384
0 0.7439903846153846 0.27403846153846156 0.04927884615384615 0.07932692307692307
0 0.11177884615384616 0.23317307692307693 0.03245192307692308 0.016826923076923076
0 0.07572115384615384 0.23197115384615385 0.03365384615384615 0.018028846153846152
0 0.6766826923076923 0.26802884615384615 0.078125 0.09495192307692307
0 0.6033653846153846 0.2704326923076923 0.04447115384615385 0.08052884615384616
0 0.5661057692307693 0.265625 0.026442307692307692 0.09014423076923077
0 0.5324519230769231 0.2668269230769231 0.040865384615384616 0.09134615384615384
0 0.49158653846153844 0.265625 0.03365384615384615 0.09134615384615384
0 0.45072115384615385 0.2668269230769231 0.042067307692307696 0.08774038461538461
0 0.4110576923076923 0.2644230769230769 0.036057692307692304 0.09134615384615384
0 0.3317307692307692 0.2644230769230769 0.03125 0.0889423076923077
0 0.2932692307692308 0.27163461538461536 0.036057692307692304 0.07572115384615384
0 0.5985576923076923 0.18389423076923078 0.07692307692307693 0.042067307692307696
0 0.45552884615384615 0.3798076923076923 0.051682692307692304 0.07451923076923077
0 0.5096153846153846 0.3786057692307692 0.04807692307692308 0.08173076923076923
0 0.3713942307692308 0.26322115384615385 0.040865384615384616 0.09014423076923077
0 0.6213942307692307 0.38100961538461536 0.051682692307692304 0.0829326923076923
0 0.03245192307692308 0.5877403846153846 0.051682692307692304 0.08173076923076923
0 0.9362980769230769 0.47836538461538464 0.0625 0.08653846153846154
0 0.8737980769230769 0.47716346153846156 0.056490384615384616 0.0889423076923077
0 0.5649038461538461 0.3786057692307692 0.056490384615384616 0.08052884615384616
0 0.7716346153846154 0.47716346153846156 0.054086538461538464 0.08533653846153846
0 0.7163461538461539 0.484375 0.04326923076923077 0.06971153846153846
0 0.6706730769230769 0.49158653846153844 0.037259615384615384 0.06971153846153846
0 0.6274038461538461 0.49038461538461536 0.04807692307692308 0.07211538461538461
0 0.5769230769230769 0.4891826923076923 0.052884615384615384 0.07091346153846154
0 0.5228365384615384 0.4855769230769231 0.04567307692307692 0.07211538461538461
0 0.4206730769230769 0.48677884615384615 0.05048076923076923 0.07692307692307693
0 0.36538461538461536 0.48197115384615385 0.052884615384615384 0.08533653846153846
0 0.47475961538461536 0.4879807692307692 0.051682692307692304 0.07451923076923077
0 0.24639423076923078 0.4807692307692308 0.06129807692307692 0.08413461538461539
0 0.6730769230769231 0.3798076923076923 0.04927884615384615 0.08413461538461539
0 0.1502403846153846 0.5889423076923077 0.056490384615384616 0.08533653846153846
0 0.7632211538461539 0.37740384615384615 0.0829326923076923 0.09134615384615384
0 0.8341346153846154 0.3786057692307692 0.052884615384615384 0.0829326923076923
0 0.8930288461538461 0.38341346153846156 0.06490384615384616 0.07451923076923077
0 0.3076923076923077 0.4795673076923077 0.054086538461538464 0.08533653846153846
0 0.9639423076923077 0.375 0.06971153846153846 0.0829326923076923
0 0.078125 0.4855769230769231 0.052884615384615384 0.07932692307692307
0 0.1346153846153846 0.4807692307692308 0.052884615384615384 0.078125
0 0.18870192307692307 0.4795673076923077 0.05048076923076923 0.08052884615384616
0 0.02403846153846154 0.484375 0.04807692307692308 0.08173076923076923