0 0.4230769230769231 0.17067307692307693 0.028846153846153848 0.07091346153846154
0 0.2704326923076923 0.18509615384615385 0.057692307692307696 0.009615384615384616
0 0.38461538461538464 0.17067307692307693 0.026442307692307692 0.06971153846153846
0 0.9747596153846154 0.8088942307692307 0.025240384615384616 0.051682692307692304
0 0.09375 0.16346153846153846 0.17427884615384615 0.08774038461538461
0 0.2127403846153846 0.1778846153846154 0.04326923076923077 0.018028846153846152
0 0.33533653846153844 0.18028846153846154 0.05889423076923077 0.05048076923076923
0 0.27283653846153844 0.19831730769230768 0.052884615384615384 0.013221153846153846
0 0.30288461538461536 0.12620192307692307 0.10576923076923077 0.04326923076923077
0 0.21033653846153846 0.20072115384615385 0.046875 0.018028846153846152
0 0.33533653846153844 0.8894230769230769 0.056490384615384616 0.06971153846153846
0 0.5685096153846154 0.8497596153846154 0.057692307692307696 0.03245192307692308
0 0.4699519230769231 0.17067307692307693 0.0625 0.07211538461538461
0 0.9483173076923077 0.8100961538461539 0.025240384615384616 0.046875
0 0.9110576923076923 0.8100961538461539 0.03485576923076923 0.04326923076923077
0 0.9711538461538461 0.8954326923076923 0.025240384615384616 0.055288461538461536
0 0.9411057692307693 0.8942307692307693 0.02283653846153846 0.06009615384615385
0 0.9098557692307693 0.8870192307692307 0.03125 0.07932692307692307
0 0.8653846153846154 0.8954326923076923 0.03485576923076923 0.06971153846153846
0 0.8269230769230769 0.8930288461538461 0.02283653846153846 0.0733173076923077
0 0.7860576923076923 0.8942307692307693 0.030048076923076924 0.06971153846153846
0 0.7487980769230769 0.8978365384615384 0.03125 0.06850961538461539
0 0.7115384615384616 0.8930288461538461 0.028846153846153848 0.05889423076923077
0 0.671875 0.8990384615384616 0.03485576923076923 0.0673076923076923
0 0.16947115384615385 0.9038461538461539 0.036057692307692304 0.056490384615384616
0 0.21514423076923078 0.9026442307692307 0.038461538461538464 0.056490384615384616
0 0.27524038461538464 0.9110576923076923 0.04927884615384615 0.038461538461538464
0 0.3954326923076923 0.8834134615384616 0.052884615384615384 0.06129807692307692
0 0.4543269230769231 0.8858173076923077 0.04807692307692308 0.06971153846153846
0 0.5096153846153846 0.9038461538461539 0.038461538461538464 0.04447115384615385
0 0.5721153846153846 0.9014423076923077 0.057692307692307696 0.06009615384615385
0 0.12259615384615384 0.9134615384615384 0.036057692307692304 0.03485576923076923
0 0.4074519230769231 0.11899038461538461 0.10336538461538461 0.021634615384615384
0 0.7764423076923077 0.5192307692307693 0.04567307692307692 0.04807692307692308
0 0.8040865384615384 0.10336538461538461 0.06009615384615385 0.04326923076923077
0 0.48677884615384615 0.6538461538461539 0.037259615384615384 0.009615384615384616
0 0.3894230769230769 0.6923076923076923 0.039663461538461536 0.04927884615384615
0 0.28365384615384615 0.6838942307692307 0.038461538461538464 0.06370192307692307
0 0.203125 0.6694711538461539 0.055288461538461536 0.056490384615384616
0 0.11177884615384616 0.7007211538461539 0.06129807692307692 0.07091346153846154
0 0.9098557692307693 0.5769230769230769 0.0625 0.15745192307692307
0 0.5637019230769231 0.5925480769230769 0.06610576923076923 0.04567307692307692
0 0.4855769230769231 0.6730769230769231 0.039663461538461536 0.01201923076923077
0 0.5096153846153846 0.6009615384615384 0.03485576923076923 0.055288461538461536
0 0.5300480769230769 0.16826923076923078 0.04807692307692308 0.0673076923076923
0 0.5721153846153846 0.16947115384615385 0.027644230769230768 0.06971153846153846
0 0.6081730769230769 0.16947115384615385 0.030048076923076924 0.06610576923076923
0 0.6201923076923077 0.12259615384615384 0.10216346153846154 0.019230769230769232
0 0.6766826923076923 0.16947115384615385 0.04447115384615385 0.0733173076923077
0 0.7355769230769231 0.16706730769230768 0.051682692307692304 0.078125
0 0.8016826923076923 0.18028846153846154 0.06129807692307692 0.04807692307692308
0 0.453125 0.6069711538461539 0.055288461538461536 0.06610576923076923
0 0.8028846153846154 0.13942307692307693 0.06009615384615385 0.02403846153846154
0 0.47836538461538464 0.703125 0.03365384615384615 0.026442307692307692
0 0.9290865384615384 0.6742788461538461 0.020432692307692308 0.030048076923076924
0 0.640625 0.7836538461538461 0.08533653846153846 0.06370192307692307
0 0.8485576923076923 0.7788461538461539 0.0625 0.06850961538461539
0 0.9807692307692307 0.7415865384615384 0.027644230769230768 0.038461538461538464
0 0.9495192307692307 0.7415865384615384 0.02403846153846154 0.038461538461538464
0 0.984375 0.671875 0.026442307692307692 0.040865384615384616
0 0.9579326923076923 0.671875 0.016826923076923076 0.042067307692307696
0 0.4579326923076923 0.7848557692307693 0.037259615384615384 0.06850961538461539
0 0.5552884615384616 0.6923076923076923 0.078125 0.054086538461538464
0 0.5024038461538461 0.7944711538461539 0.05048076923076923 0.046875
0 0.375 0.7764423076923077 0.030048076923076924 0.07211538461538461
0 0.15865384615384615 0.7752403846153846 0.036057692307692304 0.07572115384615384
0 0.20673076923076922 0.7776442307692307 0.030048076923076924 0.07211538461538461
0 0.23918269230769232 0.7764423076923077 0.03485576923076923 0.07572115384615384
0 0.2980769230769231 0.7764423076923077 0.030048076923076924 0.07211538461538461
0 0.3401442307692308 0.7788461538461539 0.03365384615384615 0.07572115384615384
0 0.08052884615384616 0.9134615384615384 0.038461538461538464 0.03245192307692308
0 0.5625 0.7980769230769231 0.056490384615384616 0.04326923076923077
0 0.7151442307692307 0.7908653846153846 0.05048076923076923 0.054086538461538464
0 0.7740384615384616 0.78125 0.057692307692307696 0.06610576923076923
0 0.9086538461538461 0.1622596153846154 0.028846153846153848 0.0889423076923077
0 0.8653846153846154 0.17067307692307693 0.04447115384615385 0.06971153846153846
0 0.6971153846153846 0.43990384615384615 0.06610576923076923 0.052884615384615384
0 0.6189903846153846 0.4362980769230769 0.06009615384615385 0.046875
0 0.5492788461538461 0.4362980769230769 0.04927884615384615 0.04447115384615385
0 0.6334134615384616 0.36177884615384615 0.055288461538461536 0.06971153846153846
0 0.5721153846153846 0.36538461538461536 0.04927884615384615 0.0625
0 0.5048076923076923 0.36658653846153844 0.06370192307692307 0.0733173076923077
0 0.43149038461538464 0.3629807692307692 0.054086538461538464 0.07091346153846154
0 0.3713942307692308 0.4495192307692308 0.04807692307692308 0.04927884615384615
0 0.31490384615384615 0.43028846153846156 0.03245192307692308 0.038461538461538464
0 0.26802884615384615 0.44471153846153844 0.04807692307692308 0.04807692307692308
0 0.10096153846153846 0.42908653846153844 0.0889423076923077 0.03245192307692308
0 0.3293269230769231 0.36778846153846156 0.057692307692307696 0.07211538461538461
0 0.26322115384615385 0.36538461538461536 0.05048076923076923 0.078125
0 0.18389423076923078 0.3581730769230769 0.06370192307692307 0.07451923076923077
0 0.8197115384615384 0.42908653846153844 0.057692307692307696 0.03485576923076923
0 0.9399038461538461 0.3401442307692308 0.03365384615384615 0.06129807692307692
0 0.8040865384615384 0.3701923076923077 0.0625 0.06850961538461539
0 0.2920673076923077 0.5144230769230769 0.051682692307692304 0.05048076923076923
0 0.9447115384615384 0.15985576923076922 0.026442307692307692 0.09014423076923077
0 0.7103365384615384 0.7199519230769231 0.03125 0.04326923076923077
0 0.7896634615384616 0.7319711538461539 0.054086538461538464 0.016826923076923076
0 0.39663461538461536 0.6021634615384616 0.038461538461538464 0.04326923076923077
0 0.3389423076923077 0.6045673076923077 0.04807692307692308 0.051682692307692304
0 0.20552884615384615 0.5264423076923077 0.07091346153846154 0.06490384615384616
0 0.125 0.6153846153846154 0.0733173076923077 0.07451923076923077
0 0.2091346153846154 0.6057692307692307 0.057692307692307696 0.04567307692307692
0 0.7199519230769231 0.53125 0.04567307692307692 0.06850961538461539
0 0.6526442307692307 0.5168269230769231 0.0625 0.051682692307692304
0 0.5925480769230769 0.5228365384615384 0.037259615384615384 0.05889423076923077
0 0.5288461538461539 0.5144230769230769 0.052884615384615384 0.042067307692307696
0 0.4795673076923077 0.5276442307692307 0.04447115384615385 0.046875
0 0.35216346153846156 0.5384615384615384 0.04447115384615385 0.06610576923076923
0 0.8353365384615384 0.5336538461538461 0.04567307692307692 0.05889423076923077