0 0.09134615384615384 0.6322115384615384 0.03125 0.06490384615384616
0 0.04567307692307692 0.6382211538461539 0.04927884615384615 0.0625
0 0.04326923076923077 0.75 0.046875 0.07451923076923077
0 0.0889423076923077 0.7451923076923077 0.042067307692307696 0.054086538461538464
0 0.3233173076923077 0.5492788461538461 0.020432692307692308 0.05048076923076923
0 0.28725961538461536 0.5396634615384616 0.026442307692307692 0.030048076923076924
0 0.3004807692307692 0.5673076923076923 0.020432692307692308 0.019230769230769232
0 0.2800480769230769 0.5673076923076923 0.013221153846153846 0.018028846153846152
0 0.13221153846153846 0.6298076923076923 0.036057692307692304 0.06610576923076923
0 0.3473557692307692 0.5444711538461539 0.015625 0.0625
0 0.2512019230769231 0.5528846153846154 0.03125 0.05048076923076923
0 0.17548076923076922 0.6274038461538461 0.040865384615384616 0.06370192307692307
0 0.5769230769230769 0.6310096153846154 0.06850961538461539 0.0673076923076923
0 0.28966346153846156 0.6394230769230769 0.09134615384615384 0.06490384615384616
0 0.38822115384615385 0.6358173076923077 0.08173076923076923 0.06610576923076923
0 0.4831730769230769 0.6322115384615384 0.0985576923076923 0.0673076923076923
0 0.6478365384615384 0.6454326923076923 0.05889423076923077 0.04927884615384615
0 0.6490384615384616 0.6009615384615384 0.056490384615384616 0.030048076923076924
0 0.7548076923076923 0.6382211538461539 0.042067307692307696 0.06610576923076923
0 0.8028846153846154 0.6466346153846154 0.026442307692307692 0.051682692307692304
0 0.8341346153846154 0.6574519230769231 0.025240384615384616 0.05889423076923077
0 0.8677884615384616 0.6887019230769231 0.03365384615384615 0.018028846153846152
0 0.9038461538461539 0.671875 0.036057692307692304 0.06129807692307692
0 0.36538461538461536 0.5504807692307693 0.010817307692307692 0.04567307692307692
0 0.9891826923076923 0.5817307692307693 0.020432692307692308 0.054086538461538464
0 0.9543269230769231 0.6778846153846154 0.05048076923076923 0.08533653846153846
0 0.21995192307692307 0.6274038461538461 0.042067307692307696 0.06009615384615385
0 0.3918269230769231 0.5192307692307693 0.02403846153846154 0.03125
0 0.8701923076923077 0.5612980769230769 0.06009615384615385 0.038461538461538464
0 0.3918269230769231 0.5661057692307693 0.026442307692307692 0.018028846153846152
0 0.03245192307692308 0.8810096153846154 0.026442307692307692 0.09375
0 0.008413461538461538 0.8846153846153846 0.015625 0.09735576923076923
0 0.8016826923076923 0.21153846153846154 0.025240384615384616 0.07211538461538461
0 0.9783653846153846 0.7860576923076923 0.040865384615384616 0.09615384615384616
0 0.9122596153846154 0.7644230769230769 0.06971153846153846 0.0829326923076923
0 0.8485576923076923 0.7451923076923077 0.054086538461538464 0.07091346153846154
0 0.8040865384615384 0.7295673076923077 0.02283653846153846 0.06610576923076923
0 0.7680288461538461 0.7355769230769231 0.039663461538461536 0.04927884615384615
0 0.6923076923076923 0.7175480769230769 0.09495192307692307 0.078125
0 0.5949519230769231 0.7139423076923077 0.09134615384615384 0.07692307692307693
0 0.5012019230769231 0.7139423076923077 0.09014423076923077 0.07211538461538461
0 0.4050480769230769 0.71875 0.09615384615384616 0.07211538461538461
0 0.3125 0.7223557692307693 0.07572115384615384 0.07572115384615384
0 0.2403846153846154 0.7355769230769231 0.05048076923076923 0.06129807692307692
0 0.1814903846153846 0.7355769230769231 0.04927884615384615 0.06129807692307692
0 0.13221153846153846 0.7415865384615384 0.037259615384615384 0.056490384615384616
0 0.9435096153846154 0.5745192307692307 0.057692307692307696 0.038461538461538464
0 0.7980769230769231 0.5516826923076923 0.052884615384615384 0.02403846153846154
0 0.6887019230769231 0.546875 0.13341346153846154 0.030048076923076924
0 0.5829326923076923 0.5252403846153846 0.03245192307692308 0.025240384615384616
0 0.6021634615384616 0.5588942307692307 0.028846153846153848 0.019230769230769232
0 0.5685096153846154 0.5540865384615384 0.014423076923076924 0.028846153846153848
0 0.5396634615384616 0.5348557692307693 0.03245192307692308 0.025240384615384616
0 0.5084134615384616 0.5552884615384616 0.021634615384615384 0.028846153846153848
0 0.4567307692307692 0.5673076923076923 0.03245192307692308 0.014423076923076924
0 0.45552884615384615 0.5288461538461539 0.02403846153846154 0.030048076923076924
0 0.43509615384615385 0.5432692307692307 0.018028846153846152 0.030048076923076924
0 0.39302884615384615 0.546875 0.025240384615384616 0.019230769230769232
0 0.8329326923076923 0.203125 0.030048076923076924 0.07692307692307693
0 0.9879807692307693 0.453125 0.021634615384615384 0.09975961538461539
0 0.9122596153846154 0.17307692307692307 0.03485576923076923 0.1141826923076923
0 0.7391826923076923 0.4483173076923077 0.04807692307692308 0.08173076923076923
0 0.6899038461538461 0.44711538461538464 0.04326923076923077 0.07692307692307693
0 0.6430288461538461 0.4423076923076923 0.040865384615384616 0.0829326923076923
0 0.5985576923076923 0.44350961538461536 0.040865384615384616 0.0829326923076923
0 0.5528846153846154 0.44350961538461536 0.040865384615384616 0.0829326923076923
0 0.5060096153846154 0.44591346153846156 0.038461538461538464 0.08653846153846154
0 0.46274038461538464 0.44350961538461536 0.04567307692307692 0.08653846153846154
0 0.41586538461538464 0.44591346153846156 0.04567307692307692 0.08653846153846154
0 0.37740384615384615 0.45913461538461536 0.028846153846153848 0.054086538461538464
0 0.34615384615384615 0.46274038461538464 0.028846153846153848 0.051682692307692304
0 0.35216346153846156 0.40865384615384615 0.055288461538461536 0.039663461538461536
0 0.31850961538461536 0.4483173076923077 0.01201923076923077 0.078125
0 0.2824519230769231 0.42908653846153844 0.04927884615384615 0.056490384615384616
0 0.22956730769230768 0.45913461538461536 0.05048076923076923 0.06490384615384616
0 0.16826923076923078 0.4579326923076923 0.057692307692307696 0.06610576923076923
0 0.11538461538461539 0.46033653846153844 0.03485576923076923 0.0733173076923077
0 0.07451923076923077 0.46274038461538464 0.04447115384615385 0.06971153846153846
0 0.028846153846153848 0.4675480769230769 0.03245192307692308 0.06129807692307692
0 0.9759615384615384 0.3233173076923077 0.046875 0.10697115384615384
0 0.9278846153846154 0.3173076923076923 0.038461538461538464 0.12860576923076922
0 0.8774038461538461 0.3233173076923077 0.05048076923076923 0.11538461538461539
0 0.8305288461538461 0.3269230769230769 0.03125 0.11057692307692307
0 0.7992788461538461 0.3293269230769231 0.026442307692307692 0.10697115384615384
0 0.7644230769230769 0.3329326923076923 0.037259615384615384 0.10697115384615384
0 0.7151442307692307 0.3473557692307692 0.04447115384615385 0.0733173076923077
0 0.0625 0.8798076923076923 0.027644230769230768 0.09254807692307693
0 0.6706730769230769 0.3473557692307692 0.04447115384615385 0.0733173076923077
0 0.7836538461538461 0.44711538461538464 0.03245192307692308 0.08173076923076923
0 0.8810096153846154 0.19831730769230768 0.027644230769230768 0.08052884615384616
0 0.8221153846153846 0.44591346153846156 0.03365384615384615 0.0829326923076923
0 0.9026442307692307 0.44350961538461536 0.040865384615384616 0.10336538461538461
0 0.9495192307692307 0.16466346153846154 0.036057692307692304 0.11658653846153846
0 0.9855769230769231 0.15504807692307693 0.027644230769230768 0.1141826923076923
0 0.008413461538461538 0.3605769230769231 0.016826923076923076 0.0625
0 0.039663461538461536 0.3605769230769231 0.038461538461538464 0.06009615384615385
0 0.0829326923076923 0.359375 0.039663461538461536 0.06009615384615385
0 0.12379807692307693 0.36177884615384615 0.036057692307692304 0.06129807692307692
0 0.16346153846153846 0.359375 0.037259615384615384 0.06129807692307692
0 0.20552884615384615 0.359375 0.036057692307692304 0.06129807692307692
0 0.25600961538461536 0.3329326923076923 0.042067307692307696 0.10216346153846154
0 0.30408653846153844 0.3329326923076923 0.042067307692307696 0.10216346153846154
0 0.34975961538461536 0.33533653846153844 0.042067307692307696 0.10216346153846154
0 0.40024038461538464 0.33653846153846156 0.040865384615384616 0.10216346153846154
0 0.44711538461538464 0.33413461538461536 0.042067307692307696 0.10216346153846154
0 0.4951923076923077 0.3389423076923077 0.040865384615384616 0.10216346153846154
0 0.5420673076923077 0.3473557692307692 0.036057692307692304 0.07932692307692307
0 0.5841346153846154 0.3485576923076923 0.036057692307692304 0.07932692307692307
0 0.6225961538461539 0.35096153846153844 0.036057692307692304 0.07932692307692307
0 0.19471153846153846 0.5516826923076923 0.042067307692307696 0.0673076923076923
0 0.14903846153846154 0.5540865384615384 0.030048076923076924 0.0733173076923077
0 0.1141826923076923 0.5673076923076923 0.020432692307692308 0.038461538461538464
0 0.09375 0.5625 0.009615384615384616 0.036057692307692304
0 0.11899038461538461 0.5228365384615384 0.009615384615384616 0.030048076923076924
0 0.09735576923076923 0.5192307692307693 0.020432692307692308 0.026442307692307692
0 0.06850961538461539 0.5685096153846154 0.02403846153846154 0.042067307692307696
0 0.038461538461538464 0.5528846153846154 0.027644230769230768 0.07091346153846154
0 0.010817307692307692 0.5540865384615384 0.021634615384615384 0.07451923076923077
0 0.9555288461538461 0.44711538461538464 0.037259615384615384 0.10697115384615384
0 0.8617788461538461 0.44591346153846156 0.03365384615384615 0.09134615384615384
0 0.09735576923076923 0.8701923076923077 0.027644230769230768 0.09134615384615384
0 0.7043269230769231 0.6346153846153846 0.03245192307692308 0.057692307692307696
0 0.15504807692307693 0.8858173076923077 0.025240384615384616 0.06490384615384616
0 0.0985576923076923 0.24879807692307693 0.042067307692307696 0.026442307692307692
0 0.11057692307692307 0.20432692307692307 0.03365384615384615 0.05048076923076923
0 0.14903846153846154 0.2091346153846154 0.03245192307692308 0.09254807692307693
0 0.1935096153846154 0.2091346153846154 0.04326923076923077 0.09134615384615384
0 0.24278846153846154 0.22115384615384615 0.036057692307692304 0.0733173076923077
0 0.2920673076923077 0.21634615384615385 0.04447115384615385 0.0889423076923077
0 0.34134615384615385 0.21995192307692307 0.04807692307692308 0.08173076923076923
0 0.3942307692307692 0.21394230769230768 0.046875 0.0985576923076923
0 0.44350961538461536 0.21754807692307693 0.037259615384615384 0.09134615384615384
0 0.12620192307692307 0.8737980769230769 0.02403846153846154 0.09254807692307693
0 0.48677884615384615 0.21995192307692307 0.037259615384615384 0.09375
0 0.5300480769230769 0.22235576923076922 0.038461538461538464 0.08653846153846154
0 0.5733173076923077 0.21995192307692307 0.03485576923076923 0.08533653846153846
0 0.6225961538461539 0.21153846153846154 0.057692307692307696 0.0889423076923077
0 0.6730769230769231 0.22355769230769232 0.037259615384615384 0.0673076923076923
0 0.039663461538461536 0.2091346153846154 0.06009615384615385 0.1045673076923077
0 0.7211538461538461 0.203125 0.052884615384615384 0.10697115384615384
0 0.7692307692307693 0.2127403846153846 0.03125 0.07692307692307693
0 0.8317307692307693 0.8641826923076923 0.013221153846153846 0.11538461538461539
0 0.9435096153846154 0.9471153846153846 0.0673076923076923 0.1045673076923077
0 0.9134615384615384 0.8581730769230769 0.10216346153846154 0.037259615384615384
0 0.8713942307692307 0.9326923076923077 0.06850961538461539 0.09975961538461539
0 0.7908653846153846 0.859375 0.040865384615384616 0.12379807692307693
0 0.7151442307692307 0.8485576923076923 0.09014423076923077 0.1141826923076923
0 0.6189903846153846 0.7908653846153846 0.09375 0.015625
0 0.6165865384615384 0.8100961538461539 0.0889423076923077 0.014423076923076924
0 0.5252403846153846 0.84375 0.09014423076923077 0.09495192307692307
0 0.42908653846153844 0.8509615384615384 0.09375 0.09134615384615384
0 0.34375 0.8629807692307693 0.07091346153846154 0.07692307692307693
0 0.2704326923076923 0.8701923076923077 0.06971153846153846 0.07692307692307693
0 0.21754807692307693 0.8846153846153846 0.027644230769230768 0.06850961538461539
0 0.18629807692307693 0.8846153846153846 0.027644230769230768 0.06370192307692307
0 0.6189903846153846 0.8581730769230769 0.09254807692307693 0.078125