0 0.7295673076923077 0.6394230769230769 0.016826923076923076 0.027644230769230768
0 0.7103365384615384 0.6466346153846154 0.016826923076923076 0.03485576923076923
0 0.7259615384615384 0.7560096153846154 0.018028846153846152 0.039663461538461536
0 0.7079326923076923 0.7692307692307693 0.013221153846153846 0.03485576923076923
0 0.7259615384615384 0.7163461538461539 0.018028846153846152 0.030048076923076924
0 0.7079326923076923 0.7295673076923077 0.021634615384615384 0.03245192307692308
0 0.6911057692307693 0.7788461538461539 0.014423076923076924 0.03245192307692308
0 0.7259615384615384 0.6766826923076923 0.014423076923076924 0.025240384615384616
0 0.7079326923076923 0.6862980769230769 0.015625 0.03365384615384615
0 0.3870192307692308 0.671875 0.03245192307692308 0.055288461538461536
0 0.30408653846153844 0.7764423076923077 0.04807692307692308 0.056490384615384616
0 0.5913461538461539 0.18028846153846154 0.016826923076923076 0.13822115384615385
0 0.6153846153846154 0.17908653846153846 0.026442307692307692 0.1310096153846154
0 0.6382211538461539 0.18509615384615385 0.018028846153846152 0.13341346153846154
0 0.6574519230769231 0.18629807692307693 0.01201923076923077 0.13581730769230768
0 0.027644230769230768 0.34975961538461536 0.03245192307692308 0.17548076923076922
0 0.06971153846153846 0.34615384615384615 0.039663461538461536 0.17548076923076922
0 0.10336538461538461 0.35096153846153844 0.026442307692307692 0.16466346153846154
0 0.13822115384615385 0.34615384615384615 0.036057692307692304 0.15504807692307693
0 0.17427884615384615 0.34134615384615385 0.028846153846153848 0.14903846153846154
0 0.20432692307692307 0.34615384615384615 0.02283653846153846 0.14302884615384615
0 0.23076923076923078 0.34134615384615385 0.025240384615384616 0.13701923076923078
0 0.5709134615384616 0.17908653846153846 0.020432692307692308 0.13942307692307693
0 0.25600961538461536 0.35697115384615385 0.020432692307692308 0.10216346153846154
0 0.3088942307692308 0.35697115384615385 0.021634615384615384 0.0985576923076923
0 0.3329326923076923 0.35336538461538464 0.020432692307692308 0.09254807692307693
0 0.35216346153846156 0.34975961538461536 0.019230769230769232 0.09495192307692307
0 0.3737980769230769 0.34975961538461536 0.019230769230769232 0.08533653846153846
0 0.49278846153846156 0.3425480769230769 0.020432692307692308 0.10336538461538461
0 0.5108173076923077 0.33653846153846156 0.010817307692307692 0.0985576923076923
0 0.41225961538461536 0.34134615384615385 0.015625 0.10096153846153846
0 0.43149038461538464 0.3449519230769231 0.018028846153846152 0.10697115384615384
0 0.5288461538461539 0.33653846153846156 0.019230769230769232 0.09735576923076923
0 0.5504807692307693 0.33413461538461536 0.021634615384615384 0.0985576923076923
0 0.7536057692307693 0.5913461538461539 0.015625 0.028846153846153848
0 0.28365384615384615 0.35697115384615385 0.027644230769230768 0.09735576923076923
0 0.25961538461538464 0.8004807692307693 0.04326923076923077 0.0673076923076923
0 0.5444711538461539 0.17067307692307693 0.030048076923076924 0.14543269230769232
0 0.4891826923076923 0.16947115384615385 0.027644230769230768 0.15504807692307693
0 0.34615384615384615 0.6923076923076923 0.040865384615384616 0.05889423076923077
0 0.34615384615384615 0.7512019230769231 0.042067307692307696 0.057692307692307696
0 0.3870192307692308 0.7355769230769231 0.038461538461538464 0.052884615384615384
0 0.4170673076923077 0.46153846153846156 0.020432692307692308 0.06009615384615385
0 0.44711538461538464 0.4579326923076923 0.037259615384615384 0.051682692307692304
0 0.4206730769230769 0.5240384615384616 0.027644230769230768 0.05889423076923077
0 0.453125 0.515625 0.028846153846153848 0.055288461538461536
0 0.48677884615384615 0.44591346153846156 0.03485576923076923 0.052884615384615384
0 0.4855769230769231 0.5072115384615384 0.03125 0.055288461538461536
0 0.5204326923076923 0.4423076923076923 0.025240384615384616 0.051682692307692304
0 0.515625 0.4963942307692308 0.028846153846153848 0.04567307692307692
0 0.515625 0.17307692307692307 0.02403846153846154 0.15384615384615385
0 0.546875 0.49038461538461536 0.02403846153846154 0.051682692307692304
0 0.6033653846153846 0.4230769230769231 0.02283653846153846 0.046875
0 0.052884615384615384 0.1201923076923077 0.052884615384615384 0.21634615384615385
0 0.1141826923076923 0.12259615384615384 0.057692307692307696 0.21153846153846154
0 0.16706730769230768 0.1310096153846154 0.04567307692307692 0.20432692307692307
0 0.21754807692307693 0.13701923076923078 0.04447115384615385 0.1971153846153846
0 0.2644230769230769 0.14423076923076922 0.042067307692307696 0.18990384615384615
0 0.3076923076923077 0.14302884615384615 0.04326923076923077 0.18389423076923078
0 0.35096153846153844 0.14903846153846154 0.042067307692307696 0.19230769230769232
0 0.3918269230769231 0.15384615384615385 0.038461538461538464 0.17548076923076922
0 0.42788461538461536 0.1622596153846154 0.03365384615384615 0.16466346153846154
0 0.46153846153846156 0.16466346153846154 0.028846153846153848 0.15745192307692307
0 0.5769230769230769 0.47596153846153844 0.026442307692307692 0.056490384615384616
0 0.7367788461538461 0.5997596153846154 0.018028846153846152 0.037259615384615384
0 0.7079326923076923 0.32572115384615385 0.010817307692307692 0.06129807692307692
0 0.7439903846153846 0.5336538461538461 0.013221153846153846 0.03125
0 0.2776442307692308 0.6105769230769231 0.027644230769230768 0.09254807692307693
0 0.30528846153846156 0.5985576923076923 0.02283653846153846 0.0985576923076923
0 0.5300480769230769 0.8545673076923077 0.025240384615384616 0.038461538461538464
0 0.5036057692307693 0.875 0.026442307692307692 0.04447115384615385
0 0.5288461538461539 0.8040865384615384 0.02403846153846154 0.03245192307692308
0 0.5036057692307693 0.8209134615384616 0.021634615384615384 0.038461538461538464
0 0.53125 0.7487980769230769 0.026442307692307692 0.040865384615384616
0 0.5072115384615384 0.765625 0.016826923076923076 0.046875
0 0.4735576923076923 0.9507211538461539 0.02403846153846154 0.037259615384615384
0 0.4411057692307692 0.9771634615384616 0.03365384615384615 0.037259615384615384
0 0.4735576923076923 0.8966346153846154 0.027644230769230768 0.04447115384615385
0 0.4411057692307692 0.9206730769230769 0.036057692307692304 0.04447115384615385
0 0.47115384615384615 0.8485576923076923 0.03365384615384615 0.036057692307692304
0 0.4375 0.8653846153846154 0.03485576923076923 0.040865384615384616
0 0.4735576923076923 0.7944711538461539 0.038461538461538464 0.036057692307692304
0 0.25240384615384615 0.6165865384615384 0.018028846153846152 0.10336538461538461
0 0.22716346153846154 0.6262019230769231 0.02403846153846154 0.10576923076923077
0 0.19471153846153846 0.6346153846153846 0.030048076923076924 0.10817307692307693
0 0.16466346153846154 0.6442307692307693 0.028846153846153848 0.1201923076923077
0 0.6959134615384616 0.41466346153846156 0.01201923076923077 0.037259615384615384
0 0.3016826923076923 0.7067307692307693 0.046875 0.055288461538461536
0 0.25240384615384615 0.7283653846153846 0.04567307692307692 0.06009615384615385
0 0.20552884615384615 0.7548076923076923 0.042067307692307696 0.055288461538461536
0 0.20793269230769232 0.8221153846153846 0.04927884615384615 0.055288461538461536
0 0.15144230769230768 0.8581730769230769 0.06370192307692307 0.06009615384615385
0 0.15384615384615385 0.7800480769230769 0.06610576923076923 0.052884615384615384
0 0.4338942307692308 0.8112980769230769 0.036057692307692304 0.042067307692307696
0 0.08533653846153846 0.8894230769230769 0.0673076923076923 0.06610576923076923
0 0.3713942307692308 0.578125 0.02283653846153846 0.08774038461538461
0 0.34975961538461536 0.5877403846153846 0.019230769230769232 0.08533653846153846
0 0.3293269230769231 0.5925480769230769 0.020432692307692308 0.0889423076923077
0 0.026442307692307692 0.6875 0.040865384615384616 0.11778846153846154
0 0.06610576923076923 0.6730769230769231 0.03485576923076923 0.12139423076923077
0 0.10096153846153846 0.6658653846153846 0.030048076923076924 0.12259615384615384
0 0.13341346153846154 0.6574519230769231 0.03125 0.12379807692307693
0 0.7163461538461539 0.6057692307692307 0.019230769230769232 0.03365384615384615
0 0.4795673076923077 0.734375 0.038461538461538464 0.04927884615384615
0 0.4362980769230769 0.7536057692307693 0.038461538461538464 0.05048076923076923
0 0.40625 0.9867788461538461 0.019230769230769232 0.025240384615384616
0 0.5024038461538461 0.5877403846153846 0.028846153846153848 0.057692307692307696
0 0.4951923076923077 0.6454326923076923 0.026442307692307692 0.04567307692307692
0 0.4651442307692308 0.6586538461538461 0.03245192307692308 0.05048076923076923
0 0.42908653846153844 0.6742788461538461 0.036057692307692304 0.051682692307692304
0 0.46875 0.5973557692307693 0.03125 0.054086538461538464
0 0.43149038461538464 0.6117788461538461 0.038461538461538464 0.055288461538461536
0 0.6526442307692307 0.46153846153846156 0.020432692307692308 0.046875
0 0.5324519230769231 0.5757211538461539 0.03245192307692308 0.04927884615384615
0 0.6274038461538461 0.46634615384615385 0.020432692307692308 0.042067307692307696
0 0.6286057692307693 0.4170673076923077 0.020432692307692308 0.04927884615384615
0 0.6045673076923077 0.4735576923076923 0.021634615384615384 0.04807692307692308
0 0.7079326923076923 0.4074519230769231 0.008413461538461538 0.030048076923076924
0 0.6959134615384616 0.4495192307692308 0.013221153846153846 0.03485576923076923
0 0.7091346153846154 0.44591346153846156 0.007211538461538462 0.03485576923076923
0 0.7175480769230769 0.40865384615384615 0.008413461538461538 0.036057692307692304
0 0.7271634615384616 0.4074519230769231 0.008413461538461538 0.030048076923076924
0 0.6502403846153846 0.41225961538461536 0.021634615384615384 0.04807692307692308
0 0.7716346153846154 0.3245192307692308 0.008413461538461538 0.04807692307692308
0 0.5252403846153846 0.6334134615384616 0.027644230769230768 0.038461538461538464
0 0.5600961538461539 0.5661057692307693 0.021634615384615384 0.04927884615384615
0 0.4026442307692308 0.9447115384615384 0.03125 0.04567307692307692
0 0.39903846153846156 0.8942307692307693 0.03245192307692308 0.05048076923076923
0 0.39903846153846156 0.8293269230769231 0.03245192307692308 0.04927884615384615
0 0.36177884615384615 0.9759615384615384 0.04326923076923077 0.04326923076923077
0 0.3581730769230769 0.9170673076923077 0.042067307692307696 0.04927884615384615
0 0.3112980769230769 0.9471153846153846 0.046875 0.04927884615384615
0 0.3605769230769231 0.8521634615384616 0.040865384615384616 0.057692307692307696
0 0.5540865384615384 0.6225961538461539 0.026442307692307692 0.040865384615384616
0 0.3112980769230769 0.8737980769230769 0.04326923076923077 0.07572115384615384
0 0.1658653846153846 0.9603365384615384 0.06971153846153846 0.078125
0 0.6502403846153846 0.5757211538461539 0.020432692307692308 0.046875
0 0.6274038461538461 0.5877403846153846 0.021634615384615384 0.03485576923076923
0 0.6057692307692307 0.5973557692307693 0.020432692307692308 0.040865384615384616
0 0.5805288461538461 0.6057692307692307 0.025240384615384616 0.040865384615384616
0 0.6129807692307693 0.5456730769230769 0.021634615384615384 0.052884615384615384
0 0.5841346153846154 0.5552884615384616 0.02283653846153846 0.04807692307692308
0 0.2668269230769231 0.9651442307692307 0.05048076923076923 0.0673076923076923
0 0.7608173076923077 0.31971153846153844 0.013221153846153846 0.06009615384615385
0 0.3942307692307692 0.5673076923076923 0.019230769230769232 0.08173076923076923
0 0.7283653846153846 0.32572115384615385 0.008413461538461538 0.054086538461538464
0 0.3701923076923077 0.46274038461538464 0.020432692307692308 0.09134615384615384
0 0.3942307692307692 0.4579326923076923 0.021634615384615384 0.09254807692307693
0 0.7391826923076923 0.4375 0.009615384615384616 0.036057692307692304
0 0.7283653846153846 0.43990384615384615 0.008413461538461538 0.028846153846153848
0 0.7175480769230769 0.44471153846153844 0.010817307692307692 0.03245192307692308
0 0.5024038461538461 0.9254807692307693 0.025240384615384616 0.039663461538461536
0 0.5901442307692307 0.3317307692307692 0.014423076923076924 0.09134615384615384
0 0.3473557692307692 0.4639423076923077 0.019230769230769232 0.09495192307692307
0 0.6033653846153846 0.3293269230769231 0.008413461538461538 0.09375
0 0.5697115384615384 0.33413461538461536 0.014423076923076924 0.09615384615384616
0 0.6286057692307693 0.328125 0.014423076923076924 0.09134615384615384
0 0.640625 0.3245192307692308 0.010817307692307692 0.08774038461538461
0 0.015625 0.5240384615384616 0.030048076923076924 0.1310096153846154
0 0.04927884615384615 0.5216346153846154 0.03365384615384615 0.125
0 0.08774038461538461 0.5144230769230769 0.03125 0.11778846153846154
0 0.12139423076923077 0.5072115384615384 0.03245192307692308 0.11658653846153846
0 0.7403846153846154 0.32572115384615385 0.009615384615384616 0.05889423076923077
0 0.53125 0.90625 0.025240384615384616 0.037259615384615384
0 0.3245192307692308 0.47115384615384615 0.02283653846153846 0.09375
0 0.27283653846153844 0.4807692307692308 0.02403846153846154 0.10216346153846154
0 0.7475961538461539 0.49158653846153844 0.01201923076923077 0.037259615384615384
0 0.7319711538461539 0.49759615384615385 0.014423076923076924 0.040865384615384616
0 0.7151442307692307 0.5060096153846154 0.01201923076923077 0.036057692307692304
0 0.7103365384615384 0.5480769230769231 0.013221153846153846 0.03485576923076923
0 0.6947115384615384 0.5564903846153846 0.016826923076923076 0.040865384615384616
0 0.6971153846153846 0.5084134615384616 0.018028846153846152 0.037259615384615384
0 0.671875 0.5612980769230769 0.019230769230769232 0.039663461538461536
0 0.3004807692307692 0.4735576923076923 0.02283653846153846 0.09495192307692307
0 0.7692307692307693 0.43028846153846156 0.007211538461538462 0.028846153846153848
0 0.7584134615384616 0.39783653846153844 0.009615384615384616 0.03245192307692308
0 0.7391826923076923 0.40384615384615385 0.008413461538461538 0.03485576923076923
0 0.75 0.43509615384615385 0.007211538461538462 0.037259615384615384
0 0.15504807692307693 0.5 0.03245192307692308 0.10817307692307693
0 0.18629807692307693 0.49399038461538464 0.027644230769230768 0.09975961538461539
0 0.21514423076923078 0.49038461538461536 0.02283653846153846 0.10576923076923077
0 0.2439903846153846 0.484375 0.026442307692307692 0.10216346153846154
0 0.7596153846153846 0.43149038461538464 0.010817307692307692 0.03485576923076923
0 0.5588942307692307 0.8810096153846154 0.02283653846153846 0.037259615384615384
0 0.6153846153846154 0.328125 0.009615384615384616 0.0889423076923077
0 0.5564903846153846 0.7884615384615384 0.02403846153846154 0.040865384615384616
0 0.6514423076923077 0.7644230769230769 0.018028846153846152 0.042067307692307696
0 0.671875 0.7512019230769231 0.021634615384615384 0.038461538461538464
0 0.6526442307692307 0.8088942307692307 0.019230769230769232 0.03365384615384615
0 0.6730769230769231 0.7932692307692307 0.015625 0.028846153846153848
0 0.6754807692307693 0.1875 0.013221153846153846 0.1141826923076923
0 0.6923076923076923 0.1875 0.014423076923076924 0.11057692307692307
0 0.5564903846153846 0.8341346153846154 0.02283653846153846 0.03485576923076923
0 0.7295673076923077 0.1935096153846154 0.018028846153846152 0.11177884615384616
0 0.7463942307692307 0.1935096153846154 0.016826923076923076 0.109375
0 0.6526442307692307 0.32211538461538464 0.008413461538461538 0.08173076923076923
0 0.6646634615384616 0.32211538461538464 0.01201923076923077 0.08173076923076923
0 0.6742788461538461 0.32211538461538464 0.008413461538461538 0.078125
0 0.6850961538461539 0.32091346153846156 0.009615384615384616 0.07932692307692307
0 0.6959134615384616 0.3269230769230769 0.010817307692307692 0.06129807692307692
0 0.7175480769230769 0.328125 0.009615384615384616 0.06009615384615385
0 0.671875 0.7067307692307693 0.020432692307692308 0.03365384615384615
0 0.6502403846153846 0.7175480769230769 0.018028846153846152 0.037259615384615384
0 0.7115384615384616 0.18870192307692307 0.016826923076923076 0.109375
0 0.6526442307692307 0.6766826923076923 0.018028846153846152 0.03485576923076923
0 0.6742788461538461 0.6658653846153846 0.014423076923076924 0.028846153846153848
0 0.5745192307692307 0.7391826923076923 0.02403846153846154 0.04447115384615385
0 0.5901442307692307 0.6742788461538461 0.02283653846153846 0.03365384615384615
0 0.5901442307692307 0.7139423076923077 0.008413461538461538 0.030048076923076924
0 0.6105769230769231 0.7079326923076923 0.019230769230769232 0.030048076923076924
0 0.5853365384615384 0.7752403846153846 0.021634615384615384 0.026442307692307692
0 0.5829326923076923 0.8197115384615384 0.026442307692307692 0.03485576923076923
0 0.5841346153846154 0.8653846153846154 0.02283653846153846 0.036057692307692304
0 0.6310096153846154 0.6935096153846154 0.02283653846153846 0.036057692307692304
0 0.6298076923076923 0.7379807692307693 0.019230769230769232 0.03485576923076923
0 0.6081730769230769 0.7992788461538461 0.020432692307692308 0.038461538461538464
0 0.6310096153846154 0.78125 0.018028846153846152 0.03485576923076923
0 0.6081730769230769 0.84375 0.018028846153846152 0.03485576923076923
0 0.6322115384615384 0.8233173076923077 0.02283653846153846 0.036057692307692304
0 0.6598557692307693 0.6274038461538461 0.020432692307692308 0.037259615384615384
0 0.6081730769230769 0.7536057692307693 0.021634615384615384 0.037259615384615384
0 0.6802884615384616 0.6213942307692307 0.020432692307692308 0.04447115384615385