0 0.7379807692307693 0.41346153846153844 0.054086538461538464 0.010817307692307692
0 0.040865384615384616 0.1778846153846154 0.07572115384615384 0.12139423076923077
0 0.8846153846153846 0.8100961538461539 0.10336538461538461 0.13581730769230768
0 0.25600961538461536 0.4170673076923077 0.06009615384615385 0.030048076923076924
0 0.9759615384615384 0.8197115384615384 0.046875 0.12139423076923077
0 0.9723557692307693 0.4651442307692308 0.05048076923076923 0.021634615384615384
0 0.7439903846153846 0.43028846153846156 0.039663461538461536 0.015625
0 0.7572115384615384 0.4483173076923077 0.054086538461538464 0.014423076923076924
0 0.7596153846153846 0.4675480769230769 0.055288461538461536 0.016826923076923076
0 0.8209134615384616 0.46153846153846156 0.051682692307692304 0.021634615384615384
0 0.2956730769230769 0.4495192307692308 0.03125 0.026442307692307692
0 0.33774038461538464 0.4579326923076923 0.04326923076923077 0.03245192307692308
0 0.33533653846153844 0.42427884615384615 0.04326923076923077 0.028846153846153848
0 0.38822115384615385 0.4206730769230769 0.046875 0.036057692307692304
0 0.4963942307692308 0.44711538461538464 0.039663461538461536 0.056490384615384616
0 0.796875 0.42788461538461536 0.04447115384615385 0.015625
0 0.4375 0.4495192307692308 0.042067307692307696 0.056490384615384616
0 0.49278846153846156 0.39663461538461536 0.042067307692307696 0.028846153846153848
0 0.7512019230769231 0.3954326923076923 0.03245192307692308 0.016826923076923076
0 0.546875 0.4338942307692308 0.051682692307692304 0.026442307692307692
0 0.6923076923076923 0.4675480769230769 0.06009615384615385 0.021634615384615384
0 0.6899038461538461 0.4423076923076923 0.06490384615384616 0.026442307692307692
0 0.625 0.46274038461538464 0.056490384615384616 0.019230769230769232
0 0.6177884615384616 0.43990384615384615 0.05889423076923077 0.021634615384615384
0 0.625 0.4170673076923077 0.06370192307692307 0.021634615384615384
0 0.6286057692307693 0.3954326923076923 0.06610576923076923 0.015625
0 0.3858173076923077 0.4579326923076923 0.04326923076923077 0.028846153846153848
0 0.5552884615384616 0.4651442307692308 0.07451923076923077 0.025240384615384616
0 0.6971153846153846 0.14903846153846154 0.015625 0.1141826923076923
0 0.15625 0.13581730769230768 0.05048076923076923 0.11899038461538461
0 0.6694711538461539 0.14302884615384615 0.02403846153846154 0.11538461538461539
0 0.6105769230769231 0.14182692307692307 0.0673076923076923 0.1201923076923077
0 0.7415865384615384 0.140625 0.054086538461538464 0.12379807692307693
0 0.8016826923076923 0.14903846153846154 0.056490384615384616 0.11177884615384616
0 0.859375 0.14783653846153846 0.051682692307692304 0.11778846153846154
0 0.9194711538461539 0.15625 0.054086538461538464 0.10697115384615384
0 0.9747596153846154 0.14783653846153846 0.04927884615384615 0.1310096153846154
0 0.028846153846153848 0.32211538461538464 0.057692307692307696 0.11298076923076923
0 0.08413461538461539 0.3161057692307692 0.039663461538461536 0.10576923076923077
0 0.1502403846153846 0.25841346153846156 0.08413461538461539 0.036057692307692304
0 0.1466346153846154 0.32211538461538464 0.0829326923076923 0.07932692307692307
0 0.24639423076923078 0.31971153846153844 0.04447115384615385 0.07451923076923077
0 0.296875 0.3245192307692308 0.04447115384615385 0.07572115384615384
0 0.10817307692307693 0.13581730769230768 0.04447115384615385 0.11899038461538461
0 0.5180288461538461 0.16105769230769232 0.038461538461538464 0.078125
0 0.4326923076923077 0.16346153846153846 0.03485576923076923 0.07451923076923077
0 0.39663461538461536 0.171875 0.028846153846153848 0.054086538461538464
0 0.35336538461538464 0.1622596153846154 0.04447115384615385 0.07091346153846154
0 0.3004807692307692 0.13942307692307693 0.04326923076923077 0.1141826923076923
0 0.25240384615384615 0.13581730769230768 0.04807692307692308 0.11177884615384616
0 0.20432692307692307 0.13822115384615385 0.04447115384615385 0.1141826923076923
0 0.7704326923076923 0.8269230769230769 0.0985576923076923 0.11057692307692307
0 0.3557692307692308 0.33052884615384615 0.05889423076923077 0.06490384615384616
0 0.4182692307692308 0.33052884615384615 0.052884615384615384 0.06850961538461539
0 0.48197115384615385 0.28365384615384615 0.046875 0.04326923076923077
0 0.47596153846153844 0.33774038461538464 0.04567307692307692 0.052884615384615384
0 0.5300480769230769 0.3401442307692308 0.046875 0.052884615384615384
0 0.5588942307692307 0.16947115384615385 0.03245192307692308 0.06610576923076923
0 0.4723557692307692 0.16466346153846154 0.038461538461538464 0.07451923076923077
0 0.6394230769230769 0.8317307692307693 0.11057692307692307 0.1045673076923077
0 0.7620192307692307 0.640625 0.04326923076923077 0.02283653846153846
0 0.5120192307692307 0.8449519230769231 0.10697115384615384 0.0673076923076923
0 0.6790865384615384 0.3473557692307692 0.038461538461538464 0.03485576923076923
0 0.6802884615384616 0.3088942307692308 0.040865384615384616 0.038461538461538464
0 0.7319711538461539 0.31009615384615385 0.038461538461538464 0.03125
0 0.7776442307692307 0.3076923076923077 0.036057692307692304 0.036057692307692304
0 0.8245192307692307 0.31009615384615385 0.038461538461538464 0.02403846153846154
0 0.6346153846153846 0.3389423076923077 0.04447115384615385 0.052884615384615384
0 0.7367788461538461 0.3473557692307692 0.04807692307692308 0.037259615384615384
0 0.5817307692307693 0.33653846153846156 0.04927884615384615 0.054086538461538464
0 0.30528846153846156 0.5456730769230769 0.028846153846153848 0.05048076923076923
0 0.35096153846153844 0.5480769230769231 0.055288461538461536 0.06610576923076923
0 0.40625 0.5504807692307693 0.051682692307692304 0.05889423076923077
0 0.46033653846153844 0.5564903846153846 0.04447115384615385 0.054086538461538464
0 0.5072115384615384 0.53125 0.04567307692307692 0.051682692307692304
0 0.5612980769230769 0.5108173076923077 0.055288461538461536 0.03365384615384615
0 0.25240384615384615 0.5552884615384616 0.05048076923076923 0.052884615384615384
0 0.7944711538461539 0.34615384615384615 0.052884615384615384 0.036057692307692304
0 0.8485576923076923 0.3473557692307692 0.046875 0.042067307692307696
0 0.9122596153846154 0.3485576923076923 0.05889423076923077 0.03485576923076923
0 0.1466346153846154 0.5564903846153846 0.039663461538461536 0.046875
0 0.19831730769230768 0.5588942307692307 0.051682692307692304 0.04927884615384615
0 0.9447115384615384 0.44350961538461536 0.038461538461538464 0.013221153846153846
0 0.09134615384615384 0.5865384615384616 0.04567307692307692 0.04567307692307692
0 0.078125 0.48197115384615385 0.046875 0.051682692307692304
0 0.021634615384615384 0.484375 0.038461538461538464 0.055288461538461536
0 0.15504807692307693 0.44711538461538464 0.051682692307692304 0.03485576923076923
0 0.23677884615384615 0.45913461538461536 0.054086538461538464 0.028846153846153848
0 0.8894230769230769 0.46634615384615385 0.06129807692307692 0.016826923076923076
0 0.8930288461538461 0.45072115384615385 0.06490384615384616 0.014423076923076924
0 0.8918269230769231 0.4362980769230769 0.06129807692307692 0.010817307692307692
0 0.8990384615384616 0.41225961538461536 0.037259615384615384 0.010817307692307692
0 0.8521634615384616 0.41466346153846156 0.055288461538461536 0.013221153846153846
0 0.9447115384615384 0.4074519230769231 0.03365384615384615 0.028846153846153848
0 0.9711538461538461 0.34375 0.042067307692307696 0.037259615384615384
0 0.5588942307692307 0.5528846153846154 0.04567307692307692 0.046875
0 0.6117788461538461 0.5600961538461539 0.04807692307692308 0.04927884615384615
0 0.6430288461538461 0.5108173076923077 0.042067307692307696 0.02283653846153846
0 0.6850961538461539 0.5084134615384616 0.039663461538461536 0.02283653846153846
0 0.5048076923076923 0.6334134615384616 0.057692307692307696 0.020432692307692308
0 0.5012019230769231 0.6117788461538461 0.057692307692307696 0.020432692307692308
0 0.5709134615384616 0.609375 0.05889423076923077 0.016826923076923076
0 0.5721153846153846 0.6598557692307693 0.06490384615384616 0.07692307692307693
0 0.6430288461538461 0.6622596153846154 0.05889423076923077 0.08052884615384616
0 0.7055288461538461 0.6598557692307693 0.06129807692307692 0.08413461538461539
0 0.7776442307692307 0.6899038461538461 0.057692307692307696 0.026442307692307692
0 0.8353365384615384 0.6550480769230769 0.08533653846153846 0.042067307692307696
0 0.9447115384615384 0.6658653846153846 0.06009615384615385 0.07932692307692307
0 0.04447115384615385 0.7860576923076923 0.06009615384615385 0.08774038461538461
0 0.18990384615384615 0.8341346153846154 0.10096153846153846 0.0673076923076923
0 0.296875 0.8353365384615384 0.09615384615384616 0.07211538461538461
0 0.41346153846153844 0.7704326923076923 0.10096153846153846 0.06370192307692307
0 0.4026442307692308 0.8413461538461539 0.10817307692307693 0.0733173076923077
0 0.5168269230769231 0.7788461538461539 0.09735576923076923 0.052884615384615384
0 0.5012019230769231 0.6526442307692307 0.06009615384615385 0.013221153846153846
0 0.625 0.7524038461538461 0.09495192307692307 0.037259615384615384
0 0.5036057692307693 0.671875 0.054086538461538464 0.019230769230769232
0 0.4375 0.6598557692307693 0.056490384615384616 0.07451923076923077
0 0.6610576923076923 0.5540865384615384 0.04567307692307692 0.046875
0 0.7139423076923077 0.5504807692307693 0.04927884615384615 0.04567307692307692
0 0.7728365384615384 0.5588942307692307 0.056490384615384616 0.040865384615384616
0 0.8822115384615384 0.5552884615384616 0.042067307692307696 0.051682692307692304
0 0.9230769230769231 0.5528846153846154 0.036057692307692304 0.056490384615384616
0 0.9831730769230769 0.5516826923076923 0.03245192307692308 0.0673076923076923
0 0.5024038461538461 0.6935096153846154 0.051682692307692304 0.016826923076923076
0 0.039663461538461536 0.6586538461538461 0.04927884615384615 0.039663461538461536
0 0.23076923076923078 0.6538461538461539 0.052884615384615384 0.08173076923076923
0 0.30649038461538464 0.6165865384615384 0.027644230769230768 0.030048076923076924
0 0.2956730769230769 0.6850961538461539 0.06370192307692307 0.026442307692307692
0 0.36899038461538464 0.6069711538461539 0.04447115384615385 0.01201923076923077
0 0.4411057692307692 0.6081730769230769 0.056490384615384616 0.01201923076923077
0 0.3605769230769231 0.6610576923076923 0.06370192307692307 0.07091346153846154
0 0.16947115384615385 0.6394230769230769 0.056490384615384616 0.07932692307692307
0 0.10336538461538461 0.6814903846153846 0.056490384615384616 0.055288461538461536