0 0.4639423076923077 0.7271634615384616 0.028846153846153848 0.051682692307692304
0 0.35096153846153844 0.5913461538461539 0.0625 0.04326923076923077
0 0.40384615384615385 0.5925480769230769 0.03485576923076923 0.040865384615384616
0 0.44350961538461536 0.5925480769230769 0.038461538461538464 0.04326923076923077
0 0.4855769230769231 0.59375 0.040865384615384616 0.04326923076923077
0 0.4807692307692308 0.640625 0.039663461538461536 0.038461538461538464
0 0.43990384615384615 0.6454326923076923 0.038461538461538464 0.04447115384615385
0 0.4026442307692308 0.6418269230769231 0.036057692307692304 0.04447115384615385
0 0.3557692307692308 0.6418269230769231 0.039663461538461536 0.04447115384615385
0 0.07451923076923077 0.5901442307692307 0.052884615384615384 0.0733173076923077
0 0.1310096153846154 0.5973557692307693 0.054086538461538464 0.07932692307692307
0 0.18389423076923078 0.5985576923076923 0.046875 0.07451923076923077
0 0.06610576923076923 0.49399038461538464 0.056490384615384616 0.09254807692307693
0 0.12740384615384615 0.4963942307692308 0.055288461538461536 0.09134615384615384
0 0.36778846153846156 0.49759615384615385 0.055288461538461536 0.07932692307692307
0 0.18870192307692307 0.4951923076923077 0.05048076923076923 0.09254807692307693
0 0.36658653846153844 0.7271634615384616 0.03125 0.052884615384615384
0 0.4014423076923077 0.7295673076923077 0.027644230769230768 0.055288461538461536
0 0.4326923076923077 0.7271634615384616 0.027644230769230768 0.054086538461538464
0 0.015625 0.9038461538461539 0.030048076923076924 0.06850961538461539
0 0.05889423076923077 0.9086538461538461 0.05048076923076923 0.06610576923076923
0 0.12139423076923077 0.90625 0.054086538461538464 0.0673076923076923
0 0.17668269230769232 0.9038461538461539 0.052884615384615384 0.07211538461538461
0 0.021634615384615384 0.7944711538461539 0.04326923076923077 0.07451923076923077
0 0.07692307692307693 0.7932692307692307 0.06009615384615385 0.0733173076923077
0 0.13341346153846154 0.7896634615384616 0.046875 0.07211538461538461
0 0.18389423076923078 0.7872596153846154 0.046875 0.07692307692307693
0 0.014423076923076924 0.6911057692307693 0.027644230769230768 0.0829326923076923
0 0.06490384615384616 0.6935096153846154 0.0625 0.07692307692307693
0 0.33653846153846156 0.7247596153846154 0.027644230769230768 0.06009615384615385
0 0.4266826923076923 0.5 0.055288461538461536 0.08653846153846154
0 0.4855769230769231 0.4987980769230769 0.056490384615384616 0.08774038461538461
0 0.5865384615384616 0.5048076923076923 0.03485576923076923 0.08413461538461539
0 0.46033653846153844 0.40384615384615385 0.03485576923076923 0.0829326923076923
0 0.421875 0.39903846153846156 0.03365384615384615 0.08052884615384616
0 0.38221153846153844 0.39783653846153844 0.036057692307692304 0.08052884615384616
0 0.34615384615384615 0.39302884615384615 0.03365384615384615 0.07692307692307693
0 0.1814903846153846 0.39783653846153844 0.04567307692307692 0.06490384615384616
0 0.12860576923076922 0.3954326923076923 0.046875 0.06490384615384616
0 0.08173076923076923 0.3954326923076923 0.040865384615384616 0.06610576923076923
0 0.9302884615384616 0.20793269230769232 0.03245192307692308 0.08774038461538461
0 0.8918269230769231 0.20673076923076922 0.03365384615384615 0.09375
0 0.8521634615384616 0.20673076923076922 0.040865384615384616 0.09375
0 0.8076923076923077 0.2127403846153846 0.038461538461538464 0.09134615384615384
0 0.765625 0.21153846153846154 0.038461538461538464 0.08413461538461539
0 0.7211538461538461 0.21033653846153846 0.037259615384615384 0.08413461538461539
0 0.5889423076923077 0.4014423076923077 0.036057692307692304 0.07932692307692307
0 0.7091346153846154 0.4050480769230769 0.052884615384615384 0.07932692307692307
0 0.765625 0.40384615384615385 0.052884615384615384 0.07572115384615384
0 0.8317307692307693 0.4026442307692308 0.0625 0.078125
0 0.49399038461538464 0.7307692307692307 0.027644230769230768 0.05048076923076923
0 0.8966346153846154 0.40384615384615385 0.056490384615384616 0.08173076923076923
0 0.9483173076923077 0.4014423076923077 0.04326923076923077 0.07692307692307693
0 0.9362980769230769 0.5180288461538461 0.0625 0.07572115384615384
0 0.8353365384615384 0.5144230769230769 0.05889423076923077 0.07572115384615384
0 0.7740384615384616 0.515625 0.06129807692307692 0.08052884615384616
0 0.7043269230769231 0.5 0.057692307692307696 0.07451923076923077
0 0.7151442307692307 0.5865384615384616 0.037259615384615384 0.078125
0 0.6826923076923077 0.5901442307692307 0.02283653846153846 0.08173076923076923
0 0.5685096153846154 0.5925480769230769 0.03485576923076923 0.0733173076923077
0 0.5276442307692307 0.5889423076923077 0.04326923076923077 0.0673076923076923
0 0.5396634615384616 0.5012019230769231 0.05048076923076923 0.08173076923076923
0 0.12740384615384615 0.6947115384615384 0.054086538461538464 0.07932692307692307
0 0.1814903846153846 0.6850961538461539 0.051682692307692304 0.07692307692307693
0 0.921875 0.9423076923076923 0.026442307692307692 0.046875
0 0.8930288461538461 0.9411057692307693 0.018028846153846152 0.039663461538461536
0 0.5372596153846154 0.20673076923076922 0.037259615384615384 0.0733173076923077
0 0.49759615384615385 0.20552884615384615 0.036057692307692304 0.06370192307692307
0 0.45913461538461536 0.20793269230769232 0.038461538461538464 0.0625
0 0.4230769230769231 0.2091346153846154 0.03365384615384615 0.06370192307692307
0 0.3870192307692308 0.20793269230769232 0.03365384615384615 0.06129807692307692
0 0.35216346153846156 0.20673076923076922 0.03485576923076923 0.06129807692307692
0 0.1658653846153846 0.13341346153846154 0.05889423076923077 0.07451923076923077
0 0.078125 0.13701923076923078 0.11177884615384616 0.08052884615384616
0 0.16346153846153846 0.23317307692307693 0.0673076923076923 0.08173076923076923
0 0.07692307692307693 0.23677884615384615 0.10216346153846154 0.10096153846153846
0 0.7716346153846154 0.8653846153846154 0.04326923076923077 0.046875
0 0.8137019230769231 0.8677884615384616 0.037259615384615384 0.042067307692307696
0 0.8545673076923077 0.8665865384615384 0.03485576923076923 0.04447115384615385
0 0.8966346153846154 0.8677884615384616 0.039663461538461536 0.042067307692307696
0 0.9387019230769231 0.8677884615384616 0.036057692307692304 0.038461538461538464
0 0.9399038461538461 0.8233173076923077 0.03245192307692308 0.040865384615384616
0 0.9002403846153846 0.8221153846153846 0.038461538461538464 0.040865384615384616
0 0.859375 0.8197115384615384 0.036057692307692304 0.04567307692307692
0 0.8149038461538461 0.8185096153846154 0.038461538461538464 0.038461538461538464
0 0.7704326923076923 0.8161057692307693 0.039663461538461536 0.04447115384615385
0 0.9399038461538461 0.6911057692307693 0.037259615384615384 0.042067307692307696
0 0.9375 0.7463942307692307 0.03365384615384615 0.04326923076923077
0 0.8882211538461539 0.7487980769230769 0.04326923076923077 0.04447115384615385
0 0.8353365384615384 0.7463942307692307 0.04927884615384615 0.04567307692307692
0 0.7800480769230769 0.7439903846153846 0.04447115384615385 0.04807692307692308
0 0.8882211538461539 0.6935096153846154 0.04807692307692308 0.052884615384615384
0 0.8341346153846154 0.6911057692307693 0.04326923076923077 0.04927884615384615
0 0.7764423076923077 0.6899038461538461 0.05048076923076923 0.051682692307692304
0 0.5721153846153846 0.6742788461538461 0.06370192307692307 0.07572115384615384
0 0.578125 0.20673076923076922 0.046875 0.07451923076923077
0 0.4963942307692308 0.40024038461538464 0.03125 0.08653846153846154
0 0.3485576923076923 0.3016826923076923 0.040865384615384616 0.0733173076923077
0 0.42427884615384615 0.3016826923076923 0.03245192307692308 0.07572115384615384
0 0.8725961538461539 0.9411057692307693 0.019230769230769232 0.039663461538461536
0 0.8521634615384616 0.9399038461538461 0.015625 0.039663461538461536
0 0.8305288461538461 0.9399038461538461 0.021634615384615384 0.039663461538461536
0 0.8040865384615384 0.9375 0.025240384615384616 0.038461538461538464
0 0.7752403846153846 0.9266826923076923 0.025240384615384616 0.038461538461538464
0 0.33413461538461536 0.9194711538461539 0.040865384615384616 0.052884615384615384
0 0.39663461538461536 0.9182692307692307 0.0673076923076923 0.056490384615384616
0 0.46634615384615385 0.9242788461538461 0.0625 0.06370192307692307
0 0.3317307692307692 0.8293269230769231 0.03125 0.06850961538461539
0 0.3641826923076923 0.828125 0.03125 0.06129807692307692
0 0.39783653846153844 0.828125 0.027644230769230768 0.06490384615384616
0 0.42788461538461536 0.828125 0.03365384615384615 0.06490384615384616
0 0.46033653846153844 0.8293269230769231 0.03245192307692308 0.0625
0 0.4951923076923077 0.828125 0.03125 0.0673076923076923
0 0.5516826923076923 0.7932692307692307 0.07451923076923077 0.07091346153846154
0 0.5480769230769231 0.875 0.06610576923076923 0.06971153846153846
0 0.5444711538461539 0.9591346153846154 0.06971153846153846 0.06490384615384616
0 0.6983173076923077 0.9627403846153846 0.06009615384615385 0.06009615384615385
0 0.6995192307692307 0.8737980769230769 0.0673076923076923 0.08052884615384616
0 0.7019230769230769 0.7908653846153846 0.0673076923076923 0.0625
0 0.953125 0.3076923076923077 0.04326923076923077 0.08774038461538461
0 0.8990384615384616 0.3088942307692308 0.05889423076923077 0.08533653846153846
0 0.8317307692307693 0.3112980769230769 0.0625 0.07692307692307693
0 0.7680288461538461 0.3137019230769231 0.038461538461538464 0.0733173076923077
0 0.7247596153846154 0.3088942307692308 0.040865384615384616 0.08653846153846154
0 0.59375 0.30649038461538464 0.03125 0.08413461538461539
0 0.5456730769230769 0.3016826923076923 0.055288461538461536 0.08774038461538461
0 0.49759615384615385 0.30288461538461536 0.028846153846153848 0.07692307692307693
0 0.46153846153846156 0.30408653846153844 0.039663461538461536 0.07692307692307693
0 0.3870192307692308 0.30288461538461536 0.036057692307692304 0.0733173076923077
0 0.5420673076923077 0.40024038461538464 0.051682692307692304 0.0829326923076923