0 0.7427884615384616 0.6634615384615384 0.037259615384615384 0.08052884615384616
0 0.7944711538461539 0.6646634615384616 0.038461538461538464 0.08774038461538461
0 0.10216346153846154 0.8509615384615384 0.042067307692307696 0.08173076923076923
0 0.08173076923076923 0.46875 0.08173076923076923 0.056490384615384616
0 0.84375 0.7548076923076923 0.08413461538461539 0.051682692307692304
0 0.7692307692307693 0.7584134615384616 0.026442307692307692 0.04927884615384615
0 0.7379807692307693 0.7620192307692307 0.03245192307692308 0.04927884615384615
0 0.6959134615384616 0.7584134615384616 0.036057692307692304 0.052884615384615384
0 0.6490384615384616 0.7608173076923077 0.05048076923076923 0.04447115384615385
0 0.5901442307692307 0.7548076923076923 0.06370192307692307 0.054086538461538464
0 0.5216346153846154 0.7608173076923077 0.06370192307692307 0.057692307692307696
0 0.026442307692307692 0.8425480769230769 0.052884615384615384 0.06490384615384616
0 0.4567307692307692 0.7596153846153846 0.0625 0.054086538461538464
0 0.3016826923076923 0.7632211538461539 0.10336538461538461 0.055288461538461536
0 0.21514423076923078 0.7620192307692307 0.0673076923076923 0.055288461538461536
0 0.125 0.7668269230769231 0.09615384615384616 0.052884615384615384
0 0.037259615384615384 0.765625 0.07451923076923077 0.051682692307692304
0 0.9651442307692307 0.6838942307692307 0.06490384615384616 0.04567307692307692
0 0.8942307692307693 0.6742788461538461 0.06850961538461539 0.06370192307692307
0 0.8353365384615384 0.6634615384615384 0.04567307692307692 0.09014423076923077
0 0.3942307692307692 0.7596153846153846 0.06370192307692307 0.054086538461538464
0 0.09615384615384616 0.5180288461538461 0.06850961538461539 0.036057692307692304
0 0.703125 0.6622596153846154 0.039663461538461536 0.0829326923076923
0 0.20072115384615385 0.8533653846153846 0.042067307692307696 0.08533653846153846
0 0.07211538461538461 0.40024038461538464 0.07572115384615384 0.06370192307692307
0 0.9615384615384616 0.8425480769230769 0.042067307692307696 0.08653846153846154
0 0.9122596153846154 0.84375 0.04807692307692308 0.08533653846153846
0 0.8665865384615384 0.8473557692307693 0.039663461538461536 0.08774038461538461
0 0.8112980769230769 0.8473557692307693 0.04807692307692308 0.0889423076923077
0 0.7608173076923077 0.8557692307692307 0.04326923076923077 0.07572115384615384
0 0.7139423076923077 0.8557692307692307 0.038461538461538464 0.07692307692307693
0 0.14783653846153846 0.8497596153846154 0.040865384615384616 0.08533653846153846
0 0.6658653846153846 0.8557692307692307 0.036057692307692304 0.08052884615384616
0 0.5865384615384616 0.8557692307692307 0.03485576923076923 0.07692307692307693
0 0.5480769230769231 0.859375 0.039663461538461536 0.07451923076923077
0 0.5036057692307693 0.8605769230769231 0.04326923076923077 0.07572115384615384
0 0.41346153846153844 0.8521634615384616 0.04567307692307692 0.09134615384615384
0 0.36538461538461536 0.8533653846153846 0.04567307692307692 0.09134615384615384
0 0.31490384615384615 0.8521634615384616 0.046875 0.08653846153846154
0 0.25 0.8509615384615384 0.04927884615384615 0.0889423076923077
0 0.6262019230769231 0.8569711538461539 0.038461538461538464 0.07451923076923077
0 0.6658653846153846 0.6634615384615384 0.03485576923076923 0.08173076923076923
0 0.6153846153846154 0.5588942307692307 0.055288461538461536 0.07572115384615384
0 0.5865384615384616 0.6610576923076923 0.037259615384615384 0.08173076923076923
0 0.8798076923076923 0.042067307692307696 0.0889423076923077 0.036057692307692304
0 0.8810096153846154 0.0889423076923077 0.08533653846153846 0.039663461538461536
0 0.9639423076923077 0.08774038461538461 0.06971153846153846 0.038461538461538464
0 0.9615384615384616 0.04927884615384615 0.07211538461538461 0.03125
0 0.9615384615384616 0.016826923076923076 0.07211538461538461 0.03365384615384615
0 0.055288461538461536 0.22235576923076922 0.11057692307692307 0.040865384615384616
0 0.13701923076923078 0.22956730769230768 0.04927884615384615 0.06370192307692307
0 0.18990384615384615 0.2283653846153846 0.038461538461538464 0.06610576923076923
0 0.23557692307692307 0.2247596153846154 0.05048076923076923 0.07211538461538461
0 0.2920673076923077 0.22355769230769232 0.055288461538461536 0.0829326923076923
0 0.3473557692307692 0.21875 0.05048076923076923 0.0829326923076923
0 0.8052884615384616 0.07572115384615384 0.051682692307692304 0.06971153846153846
0 0.4050480769230769 0.22235576923076922 0.06009615384615385 0.08052884615384616
0 0.6262019230769231 0.6598557692307693 0.040865384615384616 0.08052884615384616
0 0.5336538461538461 0.2247596153846154 0.06129807692307692 0.06971153846153846
0 0.59375 0.21875 0.052884615384615384 0.08173076923076923
0 0.6646634615384616 0.14302884615384615 0.056490384615384616 0.020432692307692308
0 0.6574519230769231 0.16346153846153846 0.057692307692307696 0.014423076923076924
0 0.6610576923076923 0.21514423076923078 0.06009615384615385 0.08413461538461539
0 0.7632211538461539 0.21634615384615385 0.057692307692307696 0.07572115384615384
0 0.8269230769230769 0.21875 0.06129807692307692 0.06971153846153846
0 0.8858173076923077 0.21514423076923078 0.054086538461538464 0.0733173076923077
0 0.9459134615384616 0.21394230769230768 0.05889423076923077 0.07451923076923077
0 0.15384615384615385 0.3293269230769231 0.08413461538461539 0.0985576923076923
0 0.4651442307692308 0.1658653846153846 0.06009615384615385 0.03125
0 0.21995192307692307 0.3485576923076923 0.04807692307692308 0.06009615384615385
0 0.7475961538461539 0.0829326923076923 0.037259615384615384 0.06129807692307692
0 0.6574519230769231 0.07932692307692307 0.052884615384615384 0.07211538461538461
0 0.12860576923076922 0.10216346153846154 0.08413461538461539 0.042067307692307696
0 0.12620192307692307 0.06009615384615385 0.08173076923076923 0.039663461538461536
0 0.12379807692307693 0.019230769230769232 0.08413461538461539 0.038461538461538464
0 0.04927884615384615 0.09615384615384616 0.06971153846153846 0.052884615384615384
0 0.2127403846153846 0.04807692307692308 0.06971153846153846 0.026442307692307692
0 0.21033653846153846 0.078125 0.06850961538461539 0.028846153846153848
0 0.21153846153846154 0.10817307692307693 0.06971153846153846 0.025240384615384616
0 0.27884615384615385 0.01201923076923077 0.07211538461538461 0.021634615384615384
0 0.2860576923076923 0.039663461538461536 0.06850961538461539 0.027644230769230768
0 0.28725961538461536 0.0625 0.07091346153846154 0.019230769230769232
0 0.2824519230769231 0.08533653846153846 0.06490384615384616 0.02283653846153846
0 0.7067307692307693 0.07211538461538461 0.046875 0.08173076923076923
0 0.28966346153846156 0.109375 0.07211538461538461 0.019230769230769232
0 0.35096153846153844 0.055288461538461536 0.054086538461538464 0.021634615384615384
0 0.35096153846153844 0.07932692307692307 0.051682692307692304 0.02403846153846154
0 0.3545673076923077 0.10576923076923077 0.054086538461538464 0.026442307692307692
0 0.40024038461538464 0.03485576923076923 0.03485576923076923 0.052884615384615384
0 0.4014423076923077 0.09134615384615384 0.036057692307692304 0.056490384615384616
0 0.43990384615384615 0.038461538461538464 0.03365384615384615 0.056490384615384616
0 0.4423076923076923 0.09495192307692307 0.03245192307692308 0.04927884615384615
0 0.484375 0.06490384615384616 0.04927884615384615 0.10096153846153846
0 0.5336538461538461 0.06490384615384616 0.04807692307692308 0.1045673076923077
0 0.5829326923076923 0.0625 0.04807692307692308 0.10576923076923077
0 0.6189903846153846 0.0889423076923077 0.020432692307692308 0.051682692307692304
0 0.35096153846153844 0.027644230769230768 0.05048076923076923 0.026442307692307692
0 0.2860576923076923 0.3269230769230769 0.0829326923076923 0.09975961538461539
0 0.4723557692307692 0.22235576923076922 0.057692307692307696 0.07692307692307693
0 0.35216346153846156 0.30408653846153844 0.042067307692307696 0.02403846153846154
0 0.4675480769230769 0.671875 0.036057692307692304 0.07572115384615384
0 0.4338942307692308 0.671875 0.03125 0.07692307692307693
0 0.39783653846153844 0.6730769230769231 0.037259615384615384 0.07451923076923077
0 0.3485576923076923 0.6682692307692307 0.030048076923076924 0.09014423076923077
0 0.3088942307692308 0.6682692307692307 0.036057692307692304 0.08774038461538461
0 0.2776442307692308 0.6682692307692307 0.026442307692307692 0.08774038461538461
0 0.24639423076923078 0.6682692307692307 0.036057692307692304 0.08533653846153846
0 0.3557692307692308 0.34615384615384615 0.046875 0.05889423076923077
0 0.2091346153846154 0.6838942307692307 0.028846153846153848 0.04927884615384615
0 0.13822115384615385 0.5865384615384616 0.05889423076923077 0.05048076923076923
0 0.21394230769230768 0.5625 0.046875 0.07932692307692307
0 0.265625 0.5588942307692307 0.054086538461538464 0.09014423076923077
0 0.31490384615384615 0.5588942307692307 0.04447115384615385 0.09134615384615384
0 0.36658653846153844 0.5625 0.05889423076923077 0.08533653846153846
0 0.43509615384615385 0.5564903846153846 0.07692307692307693 0.09254807692307693
0 0.5012019230769231 0.5625 0.054086538461538464 0.0829326923076923
0 0.5564903846153846 0.5637019230769231 0.057692307692307696 0.08653846153846154
0 0.17548076923076922 0.6875 0.021634615384615384 0.051682692307692304
0 0.6730769230769231 0.5600961538461539 0.04927884615384615 0.08413461538461539
0 0.7259615384615384 0.5564903846153846 0.054086538461538464 0.08413461538461539
0 0.8028846153846154 0.5540865384615384 0.0889423076923077 0.10096153846153846
0 0.8786057692307693 0.5625 0.054086538461538464 0.07211538461538461
0 0.953125 0.5504807692307693 0.07451923076923077 0.09615384615384616
0 0.039663461538461536 0.6899038461538461 0.055288461538461536 0.052884615384615384
0 0.13701923076923078 0.6899038461538461 0.028846153846153848 0.04567307692307692
0 0.1045673076923077 0.6947115384615384 0.021634615384615384 0.04567307692307692
0 0.5492788461538461 0.6682692307692307 0.03485576923076923 0.07692307692307693
0 0.5120192307692307 0.6682692307692307 0.039663461538461536 0.07692307692307693
0 0.4326923076923077 0.45552884615384615 0.06490384615384616 0.07451923076923077
0 0.41466346153846156 0.3245192307692308 0.07211538461538461 0.09735576923076923
0 0.4855769230769231 0.32572115384615385 0.0625 0.10096153846153846
0 0.5504807692307693 0.33413461538461536 0.056490384615384616 0.078125
0 0.6141826923076923 0.3233173076923077 0.06490384615384616 0.10096153846153846
0 0.6899038461538461 0.32211538461538464 0.07211538461538461 0.0985576923076923
0 0.8100961538461539 0.33052884615384615 0.0733173076923077 0.08052884615384616
0 0.8737980769230769 0.328125 0.056490384615384616 0.08173076923076923
0 0.9387019230769231 0.3293269230769231 0.0733173076923077 0.07211538461538461
0 0.17307692307692307 0.4495192307692308 0.08052884615384616 0.09615384615384616
0 0.2403846153846154 0.46634615384615385 0.04927884615384615 0.06129807692307692
0 0.23557692307692307 0.4170673076923077 0.04326923076923077 0.02403846153846154
0 0.30408653846153844 0.44471153846153844 0.07211538461538461 0.09975961538461539
0 0.36899038461538464 0.4567307692307692 0.04807692307692308 0.07211538461538461
0 0.08052884615384616 0.6935096153846154 0.025240384615384616 0.04447115384615385
0 0.5733173076923077 0.4519230769230769 0.055288461538461536 0.07451923076923077
0 0.6286057692307693 0.45072115384615385 0.04807692307692308 0.078125
0 0.6899038461538461 0.43990384615384615 0.06850961538461539 0.10096153846153846
0 0.7716346153846154 0.4375 0.09134615384615384 0.10096153846153846
0 0.8485576923076923 0.44471153846153844 0.056490384615384616 0.08413461538461539
0 0.90625 0.44471153846153844 0.055288461538461536 0.0829326923076923
0 0.9591346153846154 0.4411057692307692 0.04567307692307692 0.08173076923076923
0 0.02283653846153846 0.6033653846153846 0.037259615384615384 0.0733173076923077
0 0.06009615384615385 0.6021634615384616 0.038461538461538464 0.0733173076923077
0 0.5168269230769231 0.45552884615384615 0.056490384615384616 0.0673076923076923