0 0.2824519230769231 0.8545673076923077 0.020432692307692308 0.09735576923076923
0 0.25600961538461536 0.8533653846153846 0.025240384615384616 0.09134615384615384
0 0.3870192307692308 0.8641826923076923 0.02283653846153846 0.09134615384615384
0 0.36177884615384615 0.8617788461538461 0.019230769230769232 0.09375
0 0.33533653846153844 0.8870192307692307 0.030048076923076924 0.08774038461538461
0 0.6382211538461539 0.7692307692307693 0.021634615384615384 0.08413461538461539
0 0.6129807692307693 0.7704326923076923 0.021634615384615384 0.07572115384615384
0 0.5853365384615384 0.7644230769230769 0.019230769230769232 0.08533653846153846
0 0.5600961538461539 0.7644230769230769 0.02403846153846154 0.08533653846153846
0 0.1310096153846154 0.6021634615384616 0.02283653846153846 0.10336538461538461
0 0.484375 0.7584134615384616 0.021634615384615384 0.08533653846153846
0 0.6358173076923077 0.9098557692307693 0.020432692307692308 0.07932692307692307
0 0.6117788461538461 0.9074519230769231 0.020432692307692308 0.0733173076923077
0 0.5865384615384616 0.9014423076923077 0.019230769230769232 0.08173076923076923
0 0.5600961538461539 0.8978365384615384 0.02403846153846154 0.07572115384615384
0 0.5336538461538461 0.8954326923076923 0.019230769230769232 0.08052884615384616
0 0.5120192307692307 0.46875 0.026442307692307692 0.06009615384615385
0 0.5384615384615384 0.4675480769230769 0.02403846153846154 0.06129807692307692
0 0.5108173076923077 0.7596153846153846 0.020432692307692308 0.08774038461538461
0 0.5348557692307693 0.7608173076923077 0.020432692307692308 0.08774038461538461
0 0.30649038461538464 0.8557692307692307 0.016826923076923076 0.09134615384615384
0 0.5649038461538461 0.4675480769230769 0.02283653846153846 0.057692307692307696
0 0.1045673076923077 0.5997596153846154 0.018028846153846152 0.1045673076923077
0 0.07932692307692307 0.5997596153846154 0.02283653846153846 0.09615384615384616
0 0.052884615384615384 0.5973557692307693 0.02403846153846154 0.09615384615384616
0 0.15985576923076922 0.7223557692307693 0.021634615384615384 0.0985576923076923
0 0.13581730769230768 0.7223557692307693 0.021634615384615384 0.09735576923076923
0 0.11057692307692307 0.7211538461538461 0.021634615384615384 0.09495192307692307
0 0.08653846153846154 0.7211538461538461 0.02283653846153846 0.09615384615384616
0 0.06129807692307692 0.7199519230769231 0.025240384615384616 0.0985576923076923
0 0.2512019230769231 0.7319711538461539 0.021634615384615384 0.09375
0 0.1622596153846154 0.8834134615384616 0.013221153846153846 0.018028846153846152
0 0.1141826923076923 0.8413461538461539 0.025240384615384616 0.0889423076923077
0 0.0889423076923077 0.8389423076923077 0.019230769230769232 0.08774038461538461
0 0.06610576923076923 0.8377403846153846 0.021634615384615384 0.08774038461538461
0 0.3870192307692308 0.7379807692307693 0.02283653846153846 0.09495192307692307
0 0.3557692307692308 0.7403846153846154 0.020432692307692308 0.09375
0 0.33052884615384615 0.7355769230769231 0.02283653846153846 0.09495192307692307
0 0.30288461538461536 0.7355769230769231 0.021634615384615384 0.09735576923076923
0 0.27524038461538464 0.7307692307692307 0.021634615384615384 0.09375
0 0.140625 0.8461538461538461 0.02403846153846154 0.08533653846153846
0 0.59375 0.4735576923076923 0.025240384615384616 0.054086538461538464
0 0.484375 0.5324519230769231 0.019230769230769232 0.052884615384615384
0 0.15625 0.6033653846153846 0.021634615384615384 0.09975961538461539
0 0.8497596153846154 0.7115384615384616 0.02403846153846154 0.08173076923076923
0 0.8786057692307693 0.7127403846153846 0.025240384615384616 0.08173076923076923
0 0.9759615384615384 0.8076923076923077 0.03365384615384615 0.11177884615384616
0 0.9759615384615384 0.9543269230769231 0.03245192307692308 0.09014423076923077
0 0.6959134615384616 0.8161057692307693 0.02403846153846154 0.08533653846153846
0 0.7259615384615384 0.8221153846153846 0.025240384615384616 0.08533653846153846
0 0.7524038461538461 0.8233173076923077 0.02283653846153846 0.08413461538461539
0 0.7824519230769231 0.8221153846153846 0.02403846153846154 0.08413461538461539
0 0.8100961538461539 0.8257211538461539 0.02283653846153846 0.08533653846153846
0 0.8389423076923077 0.8305288461538461 0.018028846153846152 0.078125
0 0.8677884615384616 0.8353365384615384 0.026442307692307692 0.07692307692307693
0 0.6971153846153846 0.9338942307692307 0.026442307692307692 0.078125
0 0.7259615384615384 0.9290865384615384 0.021634615384615384 0.08173076923076923
0 0.7524038461538461 0.9362980769230769 0.02283653846153846 0.08653846153846154
0 0.7788461538461539 0.9362980769230769 0.025240384615384616 0.08413461538461539
0 0.8088942307692307 0.9411057692307693 0.027644230769230768 0.08533653846153846
0 0.8389423076923077 0.9435096153846154 0.026442307692307692 0.08173076923076923
0 0.8665865384615384 0.9447115384615384 0.02283653846153846 0.0829326923076923
0 0.4579326923076923 0.8858173076923077 0.02283653846153846 0.08052884615384616
0 0.8185096153846154 0.7067307692307693 0.025240384615384616 0.07932692307692307
0 0.45913461538461536 0.5216346153846154 0.020432692307692308 0.07692307692307693
0 0.7872596153846154 0.7043269230769231 0.026442307692307692 0.08173076923076923
0 0.7295673076923077 0.703125 0.02403846153846154 0.07932692307692307
0 0.5120192307692307 0.5348557692307693 0.020432692307692308 0.04927884615384615
0 0.5348557692307693 0.5372596153846154 0.016826923076923076 0.051682692307692304
0 0.5649038461538461 0.5372596153846154 0.021634615384615384 0.05048076923076923
0 0.5889423076923077 0.5360576923076923 0.016826923076923076 0.055288461538461536
0 0.6189903846153846 0.5276442307692307 0.013221153846153846 0.07451923076923077
0 0.6430288461538461 0.5252403846153846 0.018028846153846152 0.08413461538461539
0 0.6947115384615384 0.4675480769230769 0.021634615384615384 0.078125
0 0.7367788461538461 0.4639423076923077 0.028846153846153848 0.08653846153846154
0 0.7680288461538461 0.46153846153846156 0.028846153846153848 0.08774038461538461
0 0.8004807692307693 0.46153846153846156 0.026442307692307692 0.08774038461538461
0 0.8293269230769231 0.46033653846153844 0.027644230769230768 0.09375
0 0.8581730769230769 0.46153846153846156 0.02403846153846154 0.09254807692307693
0 0.8725961538461539 0.5853365384615384 0.03245192307692308 0.09975961538461539
0 0.7175480769230769 0.5829326923076923 0.021634615384615384 0.0889423076923077
0 0.7463942307692307 0.5865384615384616 0.021634615384615384 0.08653846153846154
0 0.7788461538461539 0.5877403846153846 0.02283653846153846 0.08533653846153846
0 0.8076923076923077 0.5925480769230769 0.02403846153846154 0.08413461538461539
0 0.8413461538461539 0.5949519230769231 0.02403846153846154 0.08413461538461539
0 0.7007211538461539 0.7019230769230769 0.025240384615384616 0.07572115384615384
0 0.7596153846153846 0.7079326923076923 0.02403846153846154 0.078125
0 0.484375 0.8882211538461539 0.020432692307692308 0.07932692307692307
0 0.5120192307692307 0.11899038461538461 0.021634615384615384 0.12620192307692307
0 0.59375 0.2644230769230769 0.027644230769230768 0.08653846153846154
0 0.09375 0.34975961538461536 0.021634615384615384 0.10336538461538461
0 0.3473557692307692 0.08052884615384616 0.02283653846153846 0.09615384615384616
0 0.45552884615384615 0.11778846153846154 0.020432692307692308 0.13341346153846154
0 0.4831730769230769 0.11778846153846154 0.019230769230769232 0.13581730769230768
0 0.06850961538461539 0.3485576923076923 0.021634615384615384 0.10336538461538461
0 0.042067307692307696 0.3485576923076923 0.02403846153846154 0.10336538461538461
0 0.3858173076923077 0.35216346153846156 0.025240384615384616 0.10336538461538461
0 0.35336538461538464 0.3485576923076923 0.019230769230769232 0.10336538461538461
0 0.328125 0.35336538461538464 0.019230769230769232 0.09495192307692307
0 0.30288461538461536 0.34975961538461536 0.020432692307692308 0.10336538461538461
0 0.2764423076923077 0.35096153846153844 0.02403846153846154 0.09615384615384616
0 0.24759615384615385 0.35096153846153844 0.02283653846153846 0.10336538461538461
0 0.6370192307692307 0.39663461538461536 0.021634615384615384 0.10216346153846154
0 0.6081730769230769 0.3954326923076923 0.02283653846153846 0.0985576923076923
0 0.5733173076923077 0.38461538461538464 0.021634615384615384 0.0829326923076923
0 0.546875 0.38461538461538464 0.025240384615384616 0.0889423076923077
0 0.5180288461538461 0.38461538461538464 0.026442307692307692 0.0889423076923077
0 0.4855769230769231 0.3858173076923077 0.02403846153846154 0.09254807692307693
0 0.45913461538461536 0.3918269230769231 0.021634615384615384 0.09975961538461539
0 0.11899038461538461 0.34975961538461536 0.021634615384615384 0.1045673076923077
0 0.14302884615384615 0.3485576923076923 0.016826923076923076 0.10336538461538461
0 0.16346153846153846 0.3449519230769231 0.016826923076923076 0.109375
0 0.3173076923076923 0.07932692307692307 0.02283653846153846 0.10336538461538461
0 0.04447115384615385 0.4651442307692308 0.021634615384615384 0.11298076923076923
0 0.06850961538461539 0.46274038461538464 0.02283653846153846 0.10697115384615384
0 0.09254807692307693 0.4639423076923077 0.019230769230769232 0.10817307692307693
0 0.11538461538461539 0.4651442307692308 0.021634615384615384 0.1045673076923077
0 0.24519230769230768 0.4795673076923077 0.021634615384615384 0.0985576923076923
0 0.26802884615384615 0.48197115384615385 0.02403846153846154 0.09735576923076923
0 0.3004807692307692 0.4855769230769231 0.02283653846153846 0.09495192307692307
0 0.328125 0.484375 0.027644230769230768 0.09735576923076923
0 0.35336538461538464 0.484375 0.020432692307692308 0.09975961538461539
0 0.6478365384615384 0.2608173076923077 0.019230769230769232 0.08533653846153846
0 0.38100961538461536 0.4855769230769231 0.02403846153846154 0.09975961538461539
0 0.030048076923076924 0.0985576923076923 0.020432692307692308 0.08052884615384616
0 0.05048076923076923 0.09975961538461539 0.015625 0.07692307692307693
0 0.07091346153846154 0.10216346153846154 0.016826923076923076 0.07692307692307693
0 0.0985576923076923 0.0985576923076923 0.019230769230769232 0.08052884615384616
0 0.125 0.09254807692307693 0.020432692307692308 0.07572115384615384
0 0.1502403846153846 0.09254807692307693 0.021634615384615384 0.07692307692307693
0 0.23197115384615385 0.0829326923076923 0.020432692307692308 0.109375
0 0.2608173076923077 0.08173076923076923 0.019230769230769232 0.10096153846153846
0 0.29086538461538464 0.08052884615384616 0.02283653846153846 0.09495192307692307
0 0.4831730769230769 0.4651442307692308 0.02283653846153846 0.056490384615384616
0 0.6201923076923077 0.2644230769230769 0.02283653846153846 0.07932692307692307
0 0.5084134615384616 0.8918269230769231 0.018028846153846152 0.07692307692307693
0 0.5649038461538461 0.2644230769230769 0.026442307692307692 0.078125
0 0.703125 0.3425480769230769 0.026442307692307692 0.08052884615384616
0 0.765625 0.18629807692307693 0.026442307692307692 0.10336538461538461
0 0.7331730769230769 0.1814903846153846 0.026442307692307692 0.10576923076923077
0 0.703125 0.19831730769230768 0.02283653846153846 0.078125
0 0.7992788461538461 0.1814903846153846 0.026442307692307692 0.10576923076923077
0 0.8341346153846154 0.17908653846153846 0.025240384615384616 0.10817307692307693
0 0.8713942307692307 0.18028846153846154 0.030048076923076924 0.10697115384615384
0 0.9074519230769231 0.19110576923076922 0.027644230769230768 0.08533653846153846
0 0.9254807692307693 0.037259615384615384 0.014423076923076924 0.06850961538461539
0 0.9050480769230769 0.037259615384615384 0.019230769230769232 0.0733173076923077
0 0.8545673076923077 0.04326923076923077 0.04807692307692308 0.0673076923076923
0 0.8028846153846154 0.04447115384615385 0.027644230769230768 0.07211538461538461
0 0.7680288461538461 0.040865384615384616 0.02403846153846154 0.08052884615384616
0 0.7355769230769231 0.040865384615384616 0.027644230769230768 0.08173076923076923
0 0.7043269230769231 0.04326923076923077 0.02283653846153846 0.08413461538461539
0 0.6538461538461539 0.11658653846153846 0.026442307692307692 0.12379807692307693
0 0.6237980769230769 0.11778846153846154 0.02283653846153846 0.12259615384615384
0 0.5961538461538461 0.11538461538461539 0.026442307692307692 0.12620192307692307
0 0.5649038461538461 0.11778846153846154 0.02283653846153846 0.12860576923076922
0 0.5396634615384616 0.11658653846153846 0.021634615384615384 0.12980769230769232
0 0.7644230769230769 0.33413461538461536 0.028846153846153848 0.10096153846153846
0 0.7331730769230769 0.33413461538461536 0.026442307692307692 0.10096153846153846
0 0.8233173076923077 0.3317307692307692 0.021634615384615384 0.1045673076923077
0 0.5360576923076923 0.265625 0.02283653846153846 0.078125
0 0.5096153846153846 0.2668269230769231 0.021634615384615384 0.0733173076923077
0 0.4831730769230769 0.2644230769230769 0.02403846153846154 0.08052884615384616
0 0.46153846153846156 0.2644230769230769 0.014423076923076924 0.07572115384615384
0 0.3870192307692308 0.2283653846153846 0.021634615384615384 0.0829326923076923
0 0.36177884615384615 0.22956730769230768 0.019230769230769232 0.08052884615384616
0 0.33533653846153844 0.2283653846153846 0.016826923076923076 0.08413461538461539
0 0.3088942307692308 0.2283653846153846 0.02283653846153846 0.08413461538461539
0 0.7956730769230769 0.3329326923076923 0.027644230769230768 0.1045673076923077
0 0.2824519230769231 0.23197115384615385 0.018028846153846152 0.07932692307692307
0 0.23317307692307693 0.23076923076923078 0.020432692307692308 0.07932692307692307
0 0.16346153846153846 0.2127403846153846 0.016826923076923076 0.10336538461538461
0 0.13822115384615385 0.21394230769230768 0.02403846153846154 0.10336538461538461
0 0.11298076923076923 0.21634615384615385 0.018028846153846152 0.10697115384615384
0 0.0889423076923077 0.21875 0.02283653846153846 0.1045673076923077
0 0.06129807692307692 0.21875 0.026442307692307692 0.10697115384615384
0 0.03485576923076923 0.21754807692307693 0.02283653846153846 0.10817307692307693
0 0.8834134615384616 0.3329326923076923 0.028846153846153848 0.10096153846153846
0 0.8509615384615384 0.33413461538461536 0.02403846153846154 0.0985576923076923
0 0.25961538461538464 0.23197115384615385 0.02283653846153846 0.07692307692307693