0 0.4495192307692308 0.5961538461538461 0.051682692307692304 0.051682692307692304
0 0.38822115384615385 0.5913461538461539 0.06370192307692307 0.0673076923076923
0 0.3161057692307692 0.5877403846153846 0.046875 0.05889423076923077
0 0.25721153846153844 0.6021634615384616 0.06370192307692307 0.06490384615384616
0 0.7524038461538461 0.47716346153846156 0.04927884615384615 0.04447115384615385
0 0.18269230769230768 0.6177884615384616 0.08533653846153846 0.04447115384615385
0 0.4963942307692308 0.59375 0.042067307692307696 0.057692307692307696
0 0.7007211538461539 0.4831730769230769 0.042067307692307696 0.04567307692307692
0 0.6538461538461539 0.4879807692307692 0.04447115384615385 0.04807692307692308
0 0.6045673076923077 0.49399038461538464 0.057692307692307696 0.04807692307692308
0 0.36177884615384615 0.5072115384615384 0.06009615384615385 0.04807692307692308
0 0.578125 0.578125 0.040865384615384616 0.04927884615384615
0 0.7463942307692307 0.5600961538461539 0.030048076923076924 0.04927884615384615
0 0.6670673076923077 0.5745192307692307 0.036057692307692304 0.04807692307692308
0 0.7067307692307693 0.5685096153846154 0.04567307692307692 0.056490384615384616
0 0.17548076923076922 0.71875 0.07572115384615384 0.021634615384615384
0 0.20192307692307693 0.7367788461538461 0.06971153846153846 0.009615384615384616
0 0.20793269230769232 0.7560096153846154 0.07091346153846154 0.020432692307692308
0 0.27283653846153844 0.7043269230769231 0.08653846153846154 0.06850961538461539
0 0.546875 0.5 0.051682692307692304 0.04447115384615385
0 0.3581730769230769 0.6959134615384616 0.08052884615384616 0.06971153846153846
0 0.4411057692307692 0.6923076923076923 0.07692307692307693 0.07932692307692307
0 0.515625 0.6802884615384616 0.06129807692307692 0.07932692307692307
0 0.5877403846153846 0.6706730769230769 0.078125 0.08052884615384616
0 0.6586538461538461 0.6850961538461539 0.05048076923076923 0.04807692307692308
0 0.7043269230769231 0.6346153846153846 0.06129807692307692 0.03365384615384615
0 0.6213942307692307 0.5793269230769231 0.04326923076923077 0.054086538461538464
0 0.49399038461538464 0.5 0.051682692307692304 0.04326923076923077
0 0.45552884615384615 0.30288461538461536 0.03245192307692308 0.0673076923076923
0 0.20793269230769232 0.29927884615384615 0.05889423076923077 0.08173076923076923
0 0.2824519230769231 0.5084134615384616 0.08533653846153846 0.051682692307692304
0 0.21995192307692307 0.5132211538461539 0.030048076923076924 0.04807692307692308
0 0.19110576923076922 0.5132211538461539 0.028846153846153848 0.04807692307692308
0 0.16346153846153846 0.5144230769230769 0.02283653846153846 0.05048076923076923
0 0.13701923076923078 0.5180288461538461 0.03245192307692308 0.04447115384615385
0 0.7548076923076923 0.40024038461538464 0.06490384615384616 0.055288461538461536
0 0.6923076923076923 0.40625 0.057692307692307696 0.06009615384615385
0 0.6334134615384616 0.4098557692307692 0.06370192307692307 0.054086538461538464
0 0.5661057692307693 0.41225961538461536 0.07091346153846154 0.056490384615384616
0 0.49158653846153844 0.41466346153846156 0.07211538461538461 0.0625
0 0.40865384615384615 0.41947115384615385 0.078125 0.057692307692307696
0 0.3269230769230769 0.4230769230769231 0.08052884615384616 0.05889423076923077
0 0.265625 0.4182692307692308 0.042067307692307696 0.078125
0 0.2247596153846154 0.4182692307692308 0.04326923076923077 0.07932692307692307
0 0.14302884615384615 0.42427884615384615 0.046875 0.08052884615384616
0 0.7836538461538461 0.2644230769230769 0.04326923076923077 0.12740384615384615
0 0.7439903846153846 0.2620192307692308 0.038461538461538464 0.13341346153846154
0 0.6502403846153846 0.26322115384615385 0.056490384615384616 0.13701923076923078
0 0.6009615384615384 0.2620192307692308 0.038461538461538464 0.13822115384615385
0 0.5168269230769231 0.3016826923076923 0.028846153846153848 0.0673076923076923
0 0.48677884615384615 0.3016826923076923 0.030048076923076924 0.0673076923076923
0 0.7139423076923077 0.6634615384615384 0.04807692307692308 0.025240384615384616
0 0.42427884615384615 0.30288461538461536 0.030048076923076924 0.06850961538461539
0 0.38221153846153844 0.2920673076923077 0.04807692307692308 0.09134615384615384
0 0.3329326923076923 0.2920673076923077 0.054086538461538464 0.09495192307692307
0 0.28725961538461536 0.30649038461538464 0.028846153846153848 0.06610576923076923
0 0.2548076923076923 0.3076923076923077 0.03365384615384615 0.06370192307692307
0 0.14423076923076922 0.3016826923076923 0.06490384615384616 0.08052884615384616
0 0.7115384615384616 0.6887019230769231 0.04567307692307692 0.021634615384615384
0 0.6814903846153846 0.7524038461538461 0.046875 0.04447115384615385
0 0.7572115384615384 0.6778846153846154 0.03365384615384615 0.03125
0 0.8413461538461539 0.6418269230769231 0.04927884615384615 0.057692307692307696
0 0.8942307692307693 0.6225961538461539 0.056490384615384616 0.05889423076923077
0 0.9747596153846154 0.6021634615384616 0.04326923076923077 0.06610576923076923
0 0.9447115384615384 0.6947115384615384 0.040865384615384616 0.054086538461538464
0 0.7980769230769231 0.8004807692307693 0.06610576923076923 0.06009615384615385
0 0.8557692307692307 0.7920673076923077 0.056490384615384616 0.07692307692307693
0 0.90625 0.7848557692307693 0.04447115384615385 0.0673076923076923
0 0.953125 0.7788461538461539 0.04807692307692308 0.07692307692307693
0 0.9867788461538461 0.7716346153846154 0.021634615384615384 0.07211538461538461
0 0.057692307692307696 0.24639423076923078 0.0829326923076923 0.06490384615384616
0 0.057692307692307696 0.3473557692307692 0.08052884615384616 0.054086538461538464
0 0.06610576923076923 0.4795673076923077 0.09615384615384616 0.0829326923076923
0 0.7992788461538461 0.6322115384615384 0.03485576923076923 0.055288461538461536
0 0.078125 0.051682692307692304 0.109375 0.10096153846153846
0 0.3329326923076923 0.054086538461538464 0.1346153846153846 0.10576923076923077
0 0.45072115384615385 0.06009615384615385 0.09495192307692307 0.11899038461538461
0 0.5444711538461539 0.0733173076923077 0.09375 0.09375
0 0.6298076923076923 0.07932692307692307 0.07692307692307693 0.1045673076923077
0 0.7307692307692307 0.07572115384615384 0.11658653846153846 0.11658653846153846
0 0.8461538461538461 0.0733173076923077 0.109375 0.1201923076923077
0 0.9555288461538461 0.07692307692307693 0.057692307692307696 0.140625
0 0.0733173076923077 0.5661057692307693 0.0829326923076923 0.02283653846153846
0 0.08413461538461539 0.6069711538461539 0.06370192307692307 0.06009615384615385
0 0.021634615384615384 0.6117788461538461 0.037259615384615384 0.07451923076923077
0 0.06971153846153846 0.7103365384615384 0.11538461538461539 0.06971153846153846
0 0.11658653846153846 0.9447115384615384 0.09615384615384616 0.0733173076923077
0 0.20192307692307693 0.054086538461538464 0.12740384615384615 0.10576923076923077
0 0.9519230769230769 0.5432692307692307 0.042067307692307696 0.013221153846153846
0 0.953125 0.5276442307692307 0.039663461538461536 0.019230769230769232
0 0.9483173076923077 0.5072115384615384 0.04927884615384615 0.02403846153846154
0 0.2091346153846154 0.8329326923076923 0.08774038461538461 0.06009615384615385
0 0.27884615384615385 0.828125 0.04927884615384615 0.042067307692307696
0 0.3173076923076923 0.8088942307692307 0.028846153846153848 0.052884615384615384
0 0.4098557692307692 0.7980769230769231 0.06490384615384616 0.052884615384615384
0 0.5793269230769231 0.7692307692307693 0.04807692307692308 0.04927884615384615
0 0.6322115384615384 0.7620192307692307 0.037259615384615384 0.054086538461538464
0 0.7295673076923077 0.7391826923076923 0.039663461538461536 0.04326923076923077
0 0.25961538461538464 0.9146634615384616 0.18389423076923078 0.056490384615384616
0 0.4266826923076923 0.8942307692307693 0.11899038461538461 0.06370192307692307
0 0.5204326923076923 0.8569711538461539 0.07091346153846154 0.03485576923076923
0 0.6081730769230769 0.8485576923076923 0.08413461538461539 0.056490384615384616
0 0.6887019230769231 0.8341346153846154 0.07572115384615384 0.054086538461538464
0 0.8497596153846154 0.21634615384615385 0.078125 0.06490384615384616
0 0.9278846153846154 0.21875 0.07692307692307693 0.06129807692307692
0 0.9819711538461539 0.21995192307692307 0.03125 0.06490384615384616
0 0.8425480769230769 0.31971153846153844 0.036057692307692304 0.0625
0 0.8725961538461539 0.32211538461538464 0.025240384615384616 0.057692307692307696
0 0.9014423076923077 0.31971153846153844 0.03245192307692308 0.06129807692307692
0 0.9411057692307693 0.33052884615384615 0.046875 0.038461538461538464
0 0.9831730769230769 0.3269230769230769 0.03245192307692308 0.04567307692307692
0 0.8173076923076923 0.41947115384615385 0.04927884615384615 0.056490384615384616
0 0.8725961538461539 0.4266826923076923 0.05889423076923077 0.042067307692307696
0 0.9338942307692307 0.4098557692307692 0.04447115384615385 0.06490384615384616
0 0.9675480769230769 0.41225961538461536 0.019230769230769232 0.06009615384615385
0 0.9879807692307693 0.4110576923076923 0.02283653846153846 0.05889423076923077
0 0.8329326923076923 0.5204326923076923 0.07451923076923077 0.09975961538461539
0 0.9014423076923077 0.5456730769230769 0.057692307692307696 0.046875
0 0.7572115384615384 0.6454326923076923 0.036057692307692304 0.03365384615384615
0 0.8389423076923077 0.7007211538461539 0.09495192307692307 0.030048076923076924
0 0.43028846153846156 0.5 0.07211538461538461 0.052884615384615384