0 0.7740384615384616 0.31490384615384615 0.04447115384615385 0.06370192307692307
0 0.6923076923076923 0.3161057692307692 0.03365384615384615 0.0625
0 0.7512019230769231 0.15625 0.04807692307692308 0.030048076923076924
0 0.5685096153846154 0.2247596153846154 0.1310096153846154 0.09735576923076923
0 0.8978365384615384 0.3112980769230769 0.03365384615384615 0.052884615384615384
0 0.38100961538461536 0.21995192307692307 0.20673076923076922 0.10697115384615384
0 0.8545673076923077 0.3161057692307692 0.04927884615384615 0.06129807692307692
0 0.6766826923076923 0.21394230769230768 0.037259615384615384 0.015625
0 0.7475961538461539 0.20192307692307693 0.04807692307692308 0.03485576923076923
0 0.796875 0.20192307692307693 0.046875 0.03485576923076923
0 0.7295673076923077 0.31490384615384615 0.037259615384615384 0.05889423076923077
0 0.8040865384615384 0.15745192307692307 0.051682692307692304 0.030048076923076924
0 0.9615384615384616 0.20072115384615385 0.019230769230769232 0.04567307692307692
0 0.8918269230769231 0.21033653846153846 0.04326923076923077 0.028846153846153848
0 0.9411057692307693 0.20072115384615385 0.019230769230769232 0.04807692307692308
0 0.0733173076923077 0.21875 0.14423076923076922 0.11298076923076923
0 0.9855769230769231 0.19951923076923078 0.02283653846153846 0.04567307692307692
0 0.6310096153846154 0.4735576923076923 0.03365384615384615 0.036057692307692304
0 0.5793269230769231 0.49759615384615385 0.06009615384615385 0.03485576923076923
0 0.5793269230769231 0.46274038461538464 0.06129807692307692 0.03245192307692308
0 0.515625 0.49759615384615385 0.05889423076923077 0.030048076923076924
0 0.515625 0.46634615384615385 0.06009615384615385 0.03485576923076923
0 0.46153846153846156 0.484375 0.042067307692307696 0.06009615384615385
0 0.4543269230769231 0.4423076923076923 0.03245192307692308 0.016826923076923076
0 0.40865384615384615 0.49759615384615385 0.056490384615384616 0.03485576923076923
0 0.8485576923076923 0.21033653846153846 0.04326923076923077 0.03125
0 0.20793269230769232 0.22115384615384615 0.11298076923076923 0.11177884615384616
0 0.03365384615384615 0.3425480769230769 0.0625 0.03365384615384615
0 0.35216346153846156 0.4987980769230769 0.054086538461538464 0.03365384615384615
0 0.6826923076923077 0.4338942307692308 0.04447115384615385 0.028846153846153848
0 0.6887019230769231 0.4699519230769231 0.036057692307692304 0.030048076923076924
0 0.71875 0.5048076923076923 0.04567307692307692 0.026442307692307692
0 0.9615384615384616 0.43990384615384615 0.06490384615384616 0.09254807692307693
0 0.8858173076923077 0.4254807692307692 0.0733173076923077 0.03365384615384615
0 0.8858173076923077 0.46033653846153844 0.06490384615384616 0.036057692307692304
0 0.6706730769230769 0.3954326923076923 0.03365384615384615 0.037259615384615384
0 0.8161057692307693 0.4375 0.051682692307692304 0.0829326923076923
0 0.9086538461538461 0.5673076923076923 0.030048076923076924 0.0625
0 0.8725961538461539 0.5685096153846154 0.038461538461538464 0.05889423076923077
0 0.8173076923076923 0.5300480769230769 0.054086538461538464 0.03125
0 0.8173076923076923 0.5564903846153846 0.04927884615384615 0.019230769230769232
0 0.8161057692307693 0.578125 0.046875 0.02403846153846154
0 0.7608173076923077 0.5504807692307693 0.05048076923076923 0.028846153846153848
0 0.9543269230769231 0.5576923076923077 0.04567307692307692 0.09014423076923077
0 0.027644230769230768 0.37740384615384615 0.054086538461538464 0.03245192307692308
0 0.6298076923076923 0.37740384615384615 0.04326923076923077 0.036057692307692304
0 0.5480769230769231 0.3858173076923077 0.057692307692307696 0.027644230769230768
0 0.09495192307692307 0.3798076923076923 0.055288461538461536 0.03125
0 0.15625 0.34975961538461536 0.039663461538461536 0.08413461538461539
0 0.2091346153846154 0.3629807692307692 0.051682692307692304 0.0625
0 0.27283653846153844 0.3317307692307692 0.052884615384615384 0.039663461538461536
0 0.2704326923076923 0.3762019230769231 0.06129807692307692 0.037259615384615384
0 0.33052884615384615 0.34134615384615385 0.056490384615384616 0.04927884615384615
0 0.5961538461538461 0.37740384615384615 0.018028846153846152 0.03125
0 0.33052884615384615 0.3798076923076923 0.054086538461538464 0.028846153846153848
0 0.39663461538461536 0.3473557692307692 0.06009615384615385 0.037259615384615384
0 0.3918269230769231 0.3798076923076923 0.06009615384615385 0.025240384615384616
0 0.45913461538461536 0.34615384615384615 0.06009615384615385 0.020432692307692308
0 0.4543269230769231 0.3798076923076923 0.055288461538461536 0.014423076923076924
0 0.46033653846153844 0.3641826923076923 0.05889423076923077 0.014423076923076924
0 0.5552884615384616 0.3557692307692308 0.0625 0.030048076923076924
0 0.3894230769230769 0.3125 0.057692307692307696 0.02283653846153846
0 0.35096153846153844 0.4639423076923077 0.06129807692307692 0.03245192307692308
0 0.17908653846153846 0.5024038461538461 0.06129807692307692 0.03485576923076923
0 0.296875 0.484375 0.046875 0.0625
0 0.5576923076923077 0.6598557692307693 0.055288461538461536 0.03245192307692308
0 0.5024038461538461 0.6682692307692307 0.038461538461538464 0.06850961538461539
0 0.46875 0.6826923076923077 0.021634615384615384 0.08052884615384616
0 0.4266826923076923 0.6887019230769231 0.057692307692307696 0.07692307692307693
0 0.3786057692307692 0.6706730769230769 0.03365384615384615 0.06850961538461539
0 0.328125 0.6959134615384616 0.04326923076923077 0.06850961538461539
0 0.2764423076923077 0.6862980769230769 0.06009615384615385 0.08774038461538461
0 0.2091346153846154 0.6899038461538461 0.06490384615384616 0.0889423076923077
0 0.14182692307692307 0.6911057692307693 0.06490384615384616 0.0889423076923077
0 0.07692307692307693 0.6935096153846154 0.06129807692307692 0.09134615384615384
0 0.021634615384615384 0.6947115384615384 0.042067307692307696 0.09375
0 0.016826923076923076 0.5817307692307693 0.03125 0.07451923076923077
0 0.06971153846153846 0.6009615384615384 0.06370192307692307 0.036057692307692304
0 0.06370192307692307 0.5649038461538461 0.05889423076923077 0.03365384615384615
0 0.13701923076923078 0.6021634615384616 0.0673076923076923 0.03485576923076923
0 0.12980769230769232 0.5649038461538461 0.0673076923076923 0.038461538461538464
0 0.21153846153846154 0.6009615384615384 0.057692307692307696 0.039663461538461536
0 0.22716346153846154 0.5625 0.06370192307692307 0.03245192307692308
0 0.296875 0.5757211538461539 0.038461538461538464 0.0673076923076923
0 0.3485576923076923 0.5757211538461539 0.028846153846153848 0.07091346153846154
0 0.3858173076923077 0.5757211538461539 0.040865384615384616 0.0733173076923077
0 0.44471153846153844 0.5973557692307693 0.054086538461538464 0.02283653846153846
0 0.4483173076923077 0.5721153846153846 0.06370192307692307 0.027644230769230768
0 0.5504807692307693 0.5961538461538461 0.055288461538461536 0.027644230769230768
0 0.5396634615384616 0.5661057692307693 0.057692307692307696 0.03125
0 0.5985576923076923 0.5733173076923077 0.037259615384615384 0.06850961538461539
0 0.6923076923076923 0.5877403846153846 0.055288461538461536 0.037259615384615384
0 0.7620192307692307 0.59375 0.04807692307692308 0.021634615384615384
0 0.7632211538461539 0.5745192307692307 0.054086538461538464 0.018028846153846152
0 0.6189903846153846 0.6550480769230769 0.052884615384615384 0.03365384615384615
0 0.29086538461538464 0.44471153846153844 0.030048076923076924 0.015625
0 0.6201923076923077 0.6838942307692307 0.05048076923076923 0.020432692307692308
0 0.6213942307692307 0.7067307692307693 0.056490384615384616 0.019230769230769232
0 0.2403846153846154 0.5012019230769231 0.056490384615384616 0.03365384615384615
0 0.2403846153846154 0.46634615384615385 0.06370192307692307 0.03245192307692308
0 0.1141826923076923 0.5036057692307693 0.056490384615384616 0.03485576923076923
0 0.109375 0.4699519230769231 0.06370192307692307 0.03485576923076923
0 0.013221153846153846 0.4987980769230769 0.025240384615384616 0.026442307692307692
0 0.056490384615384616 0.5024038461538461 0.04807692307692308 0.040865384615384616
0 0.06009615384615385 0.8401442307692307 0.052884615384615384 0.09134615384615384
0 0.016826923076923076 0.84375 0.03125 0.0889423076923077
0 0.10817307692307693 0.8341346153846154 0.037259615384615384 0.09615384615384616
0 0.15264423076923078 0.8341346153846154 0.046875 0.09375
0 0.203125 0.8389423076923077 0.039663461538461536 0.08052884615384616
0 0.26322115384615385 0.8293269230769231 0.07451923076923077 0.08653846153846154
0 0.3401442307692308 0.8329326923076923 0.07451923076923077 0.08774038461538461
0 0.40625 0.8185096153846154 0.051682692307692304 0.08774038461538461
0 0.4651442307692308 0.8425480769230769 0.06009615384615385 0.06009615384615385
0 0.5228365384615384 0.8401442307692307 0.052884615384615384 0.06129807692307692
0 0.5769230769230769 0.8389423076923077 0.056490384615384616 0.0625
0 0.6370192307692307 0.8377403846153846 0.05889423076923077 0.06129807692307692
0 0.7127403846153846 0.8257211538461539 0.05889423076923077 0.08774038461538461
0 0.7764423076923077 0.8221153846153846 0.0673076923076923 0.08533653846153846
0 0.8473557692307693 0.8112980769230769 0.06129807692307692 0.09254807692307693
0 0.9122596153846154 0.8149038461538461 0.0673076923076923 0.08653846153846154
0 0.9723557692307693 0.8112980769230769 0.05048076923076923 0.09375
0 0.9447115384615384 0.6790865384615384 0.051682692307692304 0.07572115384615384
0 0.8846153846153846 0.6706730769230769 0.04807692307692308 0.07091346153846154
0 0.8257211538461539 0.6778846153846154 0.05889423076923077 0.08173076923076923
0 0.7487980769230769 0.6790865384615384 0.055288461538461536 0.08052884615384616
0 0.6862980769230769 0.6706730769230769 0.054086538461538464 0.07692307692307693
0 0.5612980769230769 0.7103365384615384 0.055288461538461536 0.02403846153846154
0 0.5612980769230769 0.6875 0.057692307692307696 0.018028846153846152
0 0.6394230769230769 0.5709134615384616 0.042067307692307696 0.0733173076923077