0 0.1971153846153846 0.04326923076923077 0.04807692307692308 0.08533653846153846
0 0.03125 0.039663461538461536 0.05048076923076923 0.078125
0 0.0889423076923077 0.039663461538461536 0.04927884615384615 0.078125
0 0.14302884615384615 0.04447115384615385 0.052884615384615384 0.08413461538461539
0 0.24639423076923078 0.046875 0.046875 0.0889423076923077
0 0.020432692307692308 0.5925480769230769 0.040865384615384616 0.07451923076923077
0 0.35096153846153844 0.051682692307692304 0.04927884615384615 0.09615384615384616
0 0.1971153846153846 0.8629807692307693 0.037259615384615384 0.08052884615384616
0 0.15745192307692307 0.8653846153846154 0.03485576923076923 0.08533653846153846
0 0.11778846153846154 0.875 0.040865384615384616 0.07091346153846154
0 0.0733173076923077 0.8737980769230769 0.042067307692307696 0.07451923076923077
0 0.02403846153846154 0.875 0.04807692307692308 0.07091346153846154
0 0.02283653846153846 0.71875 0.04567307692307692 0.06971153846153846
0 0.07211538461538461 0.71875 0.04807692307692308 0.0673076923076923
0 0.12139423076923077 0.71875 0.05048076923076923 0.06850961538461539
0 0.17307692307692307 0.7139423076923077 0.05048076923076923 0.07932692307692307
0 0.22235576923076922 0.7127403846153846 0.04807692307692308 0.07692307692307693
0 0.49399038461538464 0.3425480769230769 0.042067307692307696 0.0889423076923077
0 0.44591346153846156 0.34134615384615385 0.04326923076923077 0.0889423076923077
0 0.2980769230769231 0.04807692307692308 0.05048076923076923 0.09014423076923077
0 0.39903846153846156 0.34134615384615385 0.04807692307692308 0.0889423076923077
0 0.34975961538461536 0.3401442307692308 0.04567307692307692 0.0889423076923077
0 0.30288461538461536 0.3389423076923077 0.046875 0.0889423076923077
0 0.2536057692307692 0.33774038461538464 0.046875 0.09134615384615384
0 0.11057692307692307 0.5925480769230769 0.042067307692307696 0.07451923076923077
0 0.06490384615384616 0.5901442307692307 0.046875 0.078125
0 0.3473557692307692 0.19951923076923078 0.04567307692307692 0.09254807692307693
0 0.29927884615384615 0.1971153846153846 0.046875 0.08653846153846154
0 0.24879807692307693 0.19591346153846154 0.04807692307692308 0.09375
0 0.19831730769230768 0.1935096153846154 0.05048076923076923 0.09134615384615384
0 0.23798076923076922 0.8617788461538461 0.037259615384615384 0.08533653846153846
0 0.14302884615384615 0.19110576923076922 0.055288461538461536 0.0985576923076923
0 0.036057692307692304 0.18870192307692307 0.054086538461538464 0.10096153846153846
0 0.018028846153846152 0.33413461538461536 0.03485576923076923 0.09014423076923077
0 0.0625 0.33533653846153844 0.051682692307692304 0.08653846153846154
0 0.11057692307692307 0.33533653846153844 0.04567307692307692 0.08413461538461539
0 0.15745192307692307 0.33533653846153844 0.04447115384615385 0.08413461538461539
0 0.20673076923076922 0.33533653846153844 0.04447115384615385 0.08653846153846154
0 0.08774038461538461 0.18990384615384615 0.04447115384615385 0.09615384615384616
0 0.2764423076923077 0.8581730769230769 0.03485576923076923 0.08173076923076923
0 0.32091346153846156 0.8617788461538461 0.04326923076923077 0.0733173076923077
0 0.36177884615384615 0.859375 0.038461538461538464 0.07091346153846154
0 0.5456730769230769 0.46274038461538464 0.04326923076923077 0.08413461538461539
0 0.5 0.46274038461538464 0.04447115384615385 0.08413461538461539
0 0.4543269230769231 0.46153846153846156 0.046875 0.08173076923076923
0 0.40865384615384615 0.46274038461538464 0.04447115384615385 0.08052884615384616
0 0.3629807692307692 0.46274038461538464 0.04447115384615385 0.08052884615384616
0 0.31850961538461536 0.46153846153846156 0.04326923076923077 0.0829326923076923
0 0.5877403846153846 0.46153846153846156 0.03365384615384615 0.08653846153846154
0 0.27163461538461536 0.46274038461538464 0.04447115384615385 0.08173076923076923
0 0.18028846153846154 0.45913461538461536 0.04447115384615385 0.08052884615384616
0 0.1310096153846154 0.45913461538461536 0.052884615384615384 0.08052884615384616
0 0.08052884615384616 0.45913461538461536 0.04927884615384615 0.08052884615384616
0 0.03485576923076923 0.4567307692307692 0.042067307692307696 0.08653846153846154
0 0.6778846153846154 0.34375 0.04927884615384615 0.09134615384615384
0 0.6322115384615384 0.34615384615384615 0.039663461538461536 0.09134615384615384
0 0.22596153846153846 0.46274038461538464 0.042067307692307696 0.08533653846153846
0 0.15504807692307693 0.5889423076923077 0.04326923076923077 0.07451923076923077
0 0.6274038461538461 0.46274038461538464 0.04567307692307692 0.08653846153846154
0 0.9603365384615384 0.8137019230769231 0.038461538461538464 0.09254807692307693
0 0.40384615384615385 0.8581730769230769 0.039663461538461536 0.07211538461538461
0 0.4411057692307692 0.8569711538461539 0.03245192307692308 0.06850961538461539
0 0.4831730769230769 0.8545673076923077 0.04447115384615385 0.07211538461538461
0 0.5661057692307693 0.8473557692307693 0.040865384615384616 0.06850961538461539
0 0.609375 0.8293269230769231 0.039663461538461536 0.1045673076923077
0 0.6478365384615384 0.8269230769230769 0.03365384615384615 0.10096153846153846
0 0.671875 0.46274038461538464 0.04326923076923077 0.07932692307692307
0 0.6875 0.8305288461538461 0.039663461538461536 0.09495192307692307
0 0.7620192307692307 0.8257211538461539 0.03365384615384615 0.09975961538461539
0 0.7956730769230769 0.8233173076923077 0.028846153846153848 0.09254807692307693
0 0.8305288461538461 0.8257211538461539 0.037259615384615384 0.10096153846153846
0 0.8641826923076923 0.8209134615384616 0.02403846153846154 0.09014423076923077
0 0.8954326923076923 0.8161057692307693 0.03365384615384615 0.09254807692307693
0 0.9266826923076923 0.8149038461538461 0.027644230769230768 0.09014423076923077
0 0.7247596153846154 0.8293269230769231 0.028846153846153848 0.09495192307692307
0 0.20072115384615385 0.5877403846153846 0.042067307692307696 0.07572115384615384
0 0.25 0.5877403846153846 0.040865384615384616 0.0733173076923077
0 0.2956730769230769 0.59375 0.04326923076923077 0.06370192307692307
0 0.9771634615384616 0.6862980769230769 0.03365384615384615 0.09134615384615384
0 0.5877403846153846 0.3449519230769231 0.04447115384615385 0.0889423076923077
0 0.38100961538461536 0.59375 0.040865384615384616 0.06009615384615385
0 0.421875 0.5913461538461539 0.039663461538461536 0.057692307692307696
0 0.46274038461538464 0.5889423076923077 0.039663461538461536 0.06009615384615385
0 0.5036057692307693 0.5877403846153846 0.040865384615384616 0.06370192307692307
0 0.5432692307692307 0.5865384615384616 0.038461538461538464 0.05889423076923077
0 0.5841346153846154 0.5877403846153846 0.040865384615384616 0.06129807692307692
0 0.6225961538461539 0.5865384615384616 0.03485576923076923 0.0625
0 0.6622596153846154 0.5829326923076923 0.04326923076923077 0.06610576923076923
0 0.7127403846153846 0.5600961538461539 0.038461538461538464 0.09375
0 0.7584134615384616 0.5661057692307693 0.046875 0.07211538461538461
0 0.8028846153846154 0.5673076923076923 0.038461538461538464 0.07211538461538461
0 0.8497596153846154 0.5685096153846154 0.051682692307692304 0.06971153846153846
0 0.8990384615384616 0.5516826923076923 0.046875 0.0985576923076923
0 0.9399038461538461 0.5480769230769231 0.03485576923076923 0.10096153846153846
0 0.9783653846153846 0.5600961538461539 0.038461538461538464 0.08173076923076923
0 0.75 0.30528846153846156 0.078125 0.06490384615384616
0 0.8401442307692307 0.3076923076923077 0.078125 0.0673076923076923
0 0.9146634615384616 0.31850961538461536 0.06610576923076923 0.06370192307692307
0 0.9471153846153846 0.21033653846153846 0.07451923076923077 0.078125
0 0.8617788461538461 0.19471153846153846 0.09254807692307693 0.078125
0 0.7548076923076923 0.19110576923076922 0.08052884615384616 0.08413461538461539
0 0.9651442307692307 0.07451923076923077 0.0673076923076923 0.08653846153846154
0 0.8810096153846154 0.07211538461538461 0.09735576923076923 0.08173076923076923
0 0.7620192307692307 0.08653846153846154 0.06850961538461539 0.0625
0 0.5024038461538461 0.0625 0.04807692307692308 0.09014423076923077
0 0.4543269230769231 0.056490384615384616 0.04567307692307692 0.09014423076923077
0 0.40384615384615385 0.054086538461538464 0.051682692307692304 0.0889423076923077
0 0.9411057692307693 0.6826923076923077 0.03485576923076923 0.09735576923076923
0 0.9074519230769231 0.6850961538461539 0.03245192307692308 0.09735576923076923
0 0.3389423076923077 0.5925480769230769 0.040865384615384616 0.06370192307692307
0 0.8317307692307693 0.6911057692307693 0.04447115384615385 0.09495192307692307
0 0.27283653846153844 0.7055288461538461 0.04567307692307692 0.07932692307692307
0 0.3942307692307692 0.20192307692307693 0.04927884615384615 0.08653846153846154
0 0.44591346153846156 0.20432692307692307 0.04567307692307692 0.09375
0 0.4951923076923077 0.20432692307692307 0.046875 0.08774038461538461
0 0.5456730769230769 0.20673076923076922 0.046875 0.09735576923076923
0 0.5949519230769231 0.20673076923076922 0.04326923076923077 0.09134615384615384
0 0.31850961538461536 0.7043269230769231 0.04447115384615385 0.078125
0 0.3629807692307692 0.7007211538461539 0.04326923076923077 0.07692307692307693
0 0.4098557692307692 0.7019230769230769 0.04447115384615385 0.07932692307692307
0 0.453125 0.7055288461538461 0.03485576923076923 0.06971153846153846
0 0.49399038461538464 0.703125 0.042067307692307696 0.06850961538461539
0 0.8725961538461539 0.6887019230769231 0.036057692307692304 0.09495192307692307
0 0.5805288461538461 0.7007211538461539 0.04326923076923077 0.0625
0 0.6382211538461539 0.21153846153846154 0.039663461538461536 0.0889423076923077
0 0.5384615384615384 0.703125 0.040865384615384616 0.06610576923076923
0 0.5408653846153846 0.34375 0.04326923076923077 0.08774038461538461
0 0.7908653846153846 0.6923076923076923 0.03245192307692308 0.10096153846153846
0 0.7572115384615384 0.6947115384615384 0.03365384615384615 0.09975961538461539
0 0.7259615384615384 0.6959134615384616 0.027644230769230768 0.10096153846153846
0 0.6959134615384616 0.6959134615384616 0.028846153846153848 0.10096153846153846
0 0.6213942307692307 0.7043269230769231 0.03485576923076923 0.054086538461538464
0 0.6598557692307693 0.703125 0.040865384615384616 0.054086538461538464
0 0.6862980769230769 0.21153846153846154 0.051682692307692304 0.08774038461538461