0 0.9567307692307693 0.4723557692307692 0.06971153846153846 0.030048076923076924
0 0.8822115384615384 0.4735576923076923 0.07932692307692307 0.027644230769230768
0 0.9158653846153846 0.8497596153846154 0.0625 0.021634615384615384
0 0.9795673076923077 0.6947115384615384 0.036057692307692304 0.03365384615384615
0 0.9759615384615384 0.6658653846153846 0.04326923076923077 0.028846153846153848
0 0.9050480769230769 0.6730769230769231 0.09134615384615384 0.028846153846153848
0 0.9302884615384616 0.7043269230769231 0.0625 0.03125
0 0.8617788461538461 0.7043269230769231 0.0733173076923077 0.028846153846153848
0 0.7908653846153846 0.7055288461538461 0.0673076923076923 0.027644230769230768
0 0.7271634615384616 0.7043269230769231 0.056490384615384616 0.02283653846153846
0 0.9807692307692307 0.7199519230769231 0.03365384615384615 0.026442307692307692
0 0.6646634615384616 0.7055288461538461 0.06129807692307692 0.020432692307692308
0 0.8677884615384616 0.7295673076923077 0.06370192307692307 0.021634615384615384
0 0.8028846153846154 0.7295673076923077 0.0673076923076923 0.021634615384615384
0 0.7367788461538461 0.7307692307692307 0.06370192307692307 0.02403846153846154
0 0.6766826923076923 0.7319711538461539 0.057692307692307696 0.02283653846153846
0 0.5889423076923077 0.7247596153846154 0.06610576923076923 0.046875
0 0.5252403846153846 0.7247596153846154 0.0625 0.04567307692307692
0 0.46153846153846156 0.7223557692307693 0.06370192307692307 0.04807692307692308
0 0.9326923076923077 0.7319711538461539 0.0625 0.02283653846153846
0 0.056490384615384616 0.8100961538461539 0.06129807692307692 0.03245192307692308
0 0.04447115384615385 0.8473557692307693 0.054086538461538464 0.030048076923076924
0 0.10336538461538461 0.8485576923076923 0.06370192307692307 0.03125
0 0.9146634615384616 0.8233173076923077 0.06490384615384616 0.03245192307692308
0 0.8473557692307693 0.8221153846153846 0.06971153846153846 0.03125
0 0.7764423076923077 0.8233173076923077 0.07091346153846154 0.030048076923076924
0 0.7067307692307693 0.8209134615384616 0.06850961538461539 0.026442307692307692
0 0.640625 0.8233173076923077 0.06490384615384616 0.026442307692307692
0 0.90625 0.7920673076923077 0.0673076923076923 0.02403846153846154
0 0.8449519230769231 0.7884615384615384 0.051682692307692304 0.019230769230769232
0 0.78125 0.7932692307692307 0.06971153846153846 0.027644230769230768
0 0.7115384615384616 0.7932692307692307 0.06850961538461539 0.028846153846153848
0 0.6442307692307693 0.7944711538461539 0.0673076923076923 0.026442307692307692
0 0.5745192307692307 0.8449519230769231 0.0673076923076923 0.03485576923076923
0 0.5733173076923077 0.8064903846153846 0.0673076923076923 0.04326923076923077
0 0.5072115384615384 0.8052884615384616 0.06370192307692307 0.04447115384615385
0 0.5072115384615384 0.8473557692307693 0.0673076923076923 0.036057692307692304
0 0.4423076923076923 0.8329326923076923 0.06370192307692307 0.06129807692307692
0 0.3762019230769231 0.8353365384615384 0.06490384615384616 0.06490384615384616
0 0.3137019230769231 0.8341346153846154 0.05889423076923077 0.06370192307692307
0 0.5901442307692307 0.6778846153846154 0.06370192307692307 0.03365384615384615
0 0.5252403846153846 0.6802884615384616 0.06370192307692307 0.04326923076923077
0 0.46153846153846156 0.6778846153846154 0.06610576923076923 0.038461538461538464
0 0.390625 0.7043269230769231 0.06610576923076923 0.08533653846153846
0 0.8245192307692307 0.5504807692307693 0.04927884615384615 0.026442307692307692
0 0.7367788461538461 0.6033653846153846 0.06971153846153846 0.03485576923076923
0 0.6682692307692307 0.6033653846153846 0.06850961538461539 0.03485576923076923
0 0.7307692307692307 0.5649038461538461 0.0673076923076923 0.042067307692307696
0 0.6646634615384616 0.5661057692307693 0.06129807692307692 0.039663461538461536
0 0.5973557692307693 0.59375 0.06971153846153846 0.04807692307692308
0 0.5300480769230769 0.5949519230769231 0.06610576923076923 0.04807692307692308
0 0.4675480769230769 0.5973557692307693 0.0625 0.046875
0 0.5961538461538461 0.5480769230769231 0.06850961538461539 0.04567307692307692
0 0.5324519230769231 0.5492788461538461 0.06129807692307692 0.04447115384615385
0 0.46875 0.5492788461538461 0.06610576923076923 0.04567307692307692
0 0.390625 0.5745192307692307 0.08413461538461539 0.09254807692307693
0 0.30408653846153844 0.5745192307692307 0.08533653846153846 0.09254807692307693
0 0.19591346153846154 0.5793269230769231 0.0733173076923077 0.08774038461538461
0 0.12259615384615384 0.5805288461538461 0.07211538461538461 0.0889423076923077
0 0.052884615384615384 0.5829326923076923 0.06490384615384616 0.08533653846153846
0 0.8040865384615384 0.4735576923076923 0.078125 0.02403846153846154
0 0.8016826923076923 0.578125 0.056490384615384616 0.02403846153846154
0 0.6418269230769231 0.8497596153846154 0.06850961538461539 0.025240384615384616
0 0.8064903846153846 0.6057692307692307 0.06850961538461539 0.028846153846153848
0 0.8701923076923077 0.578125 0.052884615384615384 0.018028846153846152
0 0.31850961538461536 0.7043269230769231 0.078125 0.0829326923076923
0 0.6442307692307693 0.4723557692307692 0.078125 0.030048076923076924
0 0.7223557692307693 0.47115384615384615 0.078125 0.03125
0 0.71875 0.4326923076923077 0.0829326923076923 0.042067307692307696
0 0.7956730769230769 0.40625 0.07451923076923077 0.03125
0 0.8701923076923077 0.40384615384615385 0.0733173076923077 0.036057692307692304
0 0.8040865384615384 0.4411057692307692 0.08173076923076923 0.037259615384615384
0 0.8822115384615384 0.43990384615384615 0.07572115384615384 0.038461538461538464
0 0.9567307692307693 0.4387019230769231 0.07211538461538461 0.036057692307692304
0 0.9747596153846154 0.7920673076923077 0.04807692307692308 0.042067307692307696
0 0.24519230769230768 0.7043269230769231 0.07091346153846154 0.08173076923076923
0 0.17668269230769232 0.7067307692307693 0.06009615384615385 0.07932692307692307
0 0.1201923076923077 0.7067307692307693 0.054086538461538464 0.078125
0 0.05889423076923077 0.7055288461538461 0.06850961538461539 0.08052884615384616
0 0.953125 0.6045673076923077 0.07932692307692307 0.028846153846153848
0 0.9555288461538461 0.5745192307692307 0.078125 0.03365384615384615
0 0.9495192307692307 0.5408653846153846 0.07572115384615384 0.028846153846153848
0 0.8689903846153846 0.6057692307692307 0.056490384615384616 0.028846153846153848
0 0.7079326923076923 0.8485576923076923 0.06490384615384616 0.026442307692307692
0 0.9735576923076923 0.8401442307692307 0.051682692307692304 0.051682692307692304
0 0.47836538461538464 0.41466346153846156 0.025240384615384616 0.036057692307692304
0 0.5925480769230769 0.2920673076923077 0.07211538461538461 0.037259615384615384
0 0.6646634615384616 0.29086538461538464 0.07211538461538461 0.039663461538461536
0 0.7391826923076923 0.2920673076923077 0.078125 0.039663461538461536
0 0.9002403846153846 0.20072115384615385 0.08653846153846154 0.05889423076923077
0 0.9711538461538461 0.19831730769230768 0.055288461538461536 0.06009615384615385
0 0.6370192307692307 0.4411057692307692 0.07692307692307693 0.026442307692307692
0 0.5685096153846154 0.4807692307692308 0.07451923076923077 0.013221153846153846
0 0.5661057692307693 0.4639423076923077 0.06971153846153846 0.019230769230769232
0 0.5661057692307693 0.4423076923076923 0.06850961538461539 0.02283653846153846
0 0.5649038461538461 0.4206730769230769 0.0673076923076923 0.02403846153846154
0 0.5528846153846154 0.3918269230769231 0.06490384615384616 0.028846153846153848
0 0.4519230769230769 0.31490384615384615 0.06850961538461539 0.04807692307692308
0 0.8209134615384616 0.20192307692307693 0.07692307692307693 0.06490384615384616
0 0.453125 0.41466346153846156 0.02403846153846154 0.038461538461538464
0 0.49278846153846156 0.45913461538461536 0.07692307692307693 0.056490384615384616
0 0.41947115384615385 0.45913461538461536 0.06850961538461539 0.054086538461538464
0 0.34134615384615385 0.4338942307692308 0.08413461538461539 0.10697115384615384
0 0.2644230769230769 0.4338942307692308 0.07211538461538461 0.10817307692307693
0 0.18990384615384615 0.4375 0.07091346153846154 0.10096153846153846
0 0.08533653846153846 0.4543269230769231 0.07572115384615384 0.09134615384615384
0 0.02283653846153846 0.4567307692307692 0.04447115384615385 0.09254807692307693
0 0.9675480769230769 0.31490384615384615 0.06009615384615385 0.052884615384615384
0 0.9002403846153846 0.31490384615384615 0.07572115384615384 0.04927884615384615
0 0.9026442307692307 0.25961538461538464 0.08052884615384616 0.057692307692307696
0 0.5192307692307693 0.25841346153846156 0.0673076923076923 0.06490384615384616
0 0.4495192307692308 0.2608173076923077 0.07211538461538461 0.06129807692307692
0 0.4254807692307692 0.41346153846153844 0.028846153846153848 0.038461538461538464
0 0.38100961538461536 0.3173076923076923 0.06850961538461539 0.04927884615384615
0 0.8221153846153846 0.2608173076923077 0.078125 0.055288461538461536
0 0.5913461538461539 0.3245192307692308 0.07572115384615384 0.025240384615384616
0 0.8449519230769231 0.8497596153846154 0.07211538461538461 0.021634615384615384
0 0.7740384615384616 0.8497596153846154 0.06971153846153846 0.02283653846153846
0 0.03365384615384615 0.3137019230769231 0.06370192307692307 0.08052884615384616
0 0.10336538461538461 0.29927884615384615 0.07572115384615384 0.11057692307692307
0 0.18990384615384615 0.2860576923076923 0.0625 0.10817307692307693
0 0.24759615384615385 0.3016826923076923 0.052884615384615384 0.08052884615384616
0 0.31971153846153844 0.30528846153846156 0.04927884615384615 0.06610576923076923
0 0.5180288461538461 0.31490384615384615 0.06490384615384616 0.04807692307692308
0 0.8185096153846154 0.3125 0.08173076923076923 0.04807692307692308
0 0.7415865384615384 0.3245192307692308 0.07572115384615384 0.025240384615384616
0 0.375 0.2608173076923077 0.06850961538461539 0.06009615384615385
0 0.6658653846153846 0.3233173076923077 0.07451923076923077 0.027644230769230768
0 0.9711538461538461 0.25961538461538464 0.052884615384615384 0.0625