0 0.1622596153846154 0.6983173076923077 0.055288461538461536 0.08413461538461539
0 0.9723557692307693 0.5048076923076923 0.05048076923076923 0.08653846153846154
0 0.90625 0.5096153846153846 0.025240384615384616 0.046875
0 0.8713942307692307 0.515625 0.039663461538461536 0.051682692307692304
0 0.59375 0.5108173076923077 0.030048076923076924 0.052884615384615384
0 0.7355769230769231 0.5012019230769231 0.08653846153846154 0.08413461538461539
0 0.6634615384615384 0.5108173076923077 0.03485576923076923 0.052884615384615384
0 0.6262019230769231 0.5120192307692307 0.026442307692307692 0.055288461538461536
0 0.21634615384615385 0.7007211538461539 0.05048076923076923 0.0829326923076923
0 0.8245192307692307 0.5132211538461539 0.04567307692307692 0.055288461538461536
0 0.26802884615384615 0.7019230769230769 0.05048076923076923 0.0829326923076923
0 0.8930288461538461 0.7055288461538461 0.04927884615384615 0.07211538461538461
0 0.3786057692307692 0.7007211538461539 0.04927884615384615 0.07932692307692307
0 0.4326923076923077 0.703125 0.054086538461538464 0.078125
0 0.4855769230769231 0.7043269230769231 0.04807692307692308 0.0829326923076923
0 0.5384615384615384 0.7055288461538461 0.054086538461538464 0.08413461538461539
0 0.5949519230769231 0.7055288461538461 0.054086538461538464 0.08413461538461539
0 0.6478365384615384 0.7079326923076923 0.04927884615384615 0.08413461538461539
0 0.703125 0.7055288461538461 0.046875 0.08052884615384616
0 0.7536057692307693 0.7127403846153846 0.04567307692307692 0.08052884615384616
0 0.7896634615384616 0.6947115384615384 0.026442307692307692 0.04567307692307692
0 0.8389423076923077 0.6995192307692307 0.054086538461538464 0.0625
0 0.2091346153846154 0.6213942307692307 0.056490384615384616 0.04326923076923077
0 0.32572115384615385 0.6959134615384616 0.05048076923076923 0.07091346153846154
0 0.21033653846153846 0.5841346153846154 0.051682692307692304 0.008413461538461538
0 0.7319711538461539 0.6105769230769231 0.027644230769230768 0.0733173076923077
0 0.26802884615384615 0.5901442307692307 0.04447115384615385 0.057692307692307696
0 0.9507211538461539 0.7043269230769231 0.057692307692307696 0.06490384615384616
0 0.3629807692307692 0.5024038461538461 0.025240384615384616 0.06370192307692307
0 0.3918269230769231 0.49759615384615385 0.028846153846153848 0.05889423076923077
0 0.4206730769230769 0.5 0.025240384615384616 0.06129807692307692
0 0.4495192307692308 0.49759615384615385 0.026442307692307692 0.0625
0 0.4735576923076923 0.49759615384615385 0.020432692307692308 0.06129807692307692
0 0.5 0.49759615384615385 0.028846153846153848 0.06009615384615385
0 0.5264423076923077 0.5048076923076923 0.019230769230769232 0.0673076923076923
0 0.5625 0.5072115384615384 0.03245192307692308 0.057692307692307696
0 0.9807692307692307 0.6189903846153846 0.037259615384615384 0.07211538461538461
0 0.9194711538461539 0.6105769230769231 0.06129807692307692 0.06850961538461539
0 0.20673076923076922 0.5949519230769231 0.052884615384615384 0.009615384615384616
0 0.8641826923076923 0.6021634615384616 0.046875 0.06850961538461539
0 0.7740384615384616 0.6117788461538461 0.046875 0.0733173076923077
0 0.6959134615384616 0.6105769230769231 0.040865384615384616 0.07451923076923077
0 0.6574519230769231 0.6117788461538461 0.038461538461538464 0.07451923076923077
0 0.6081730769230769 0.6045673076923077 0.05048076923076923 0.05889423076923077
0 0.5588942307692307 0.5961538461538461 0.046875 0.06490384615384616
0 0.5096153846153846 0.5913461538461539 0.04567307692307692 0.056490384615384616
0 0.46153846153846156 0.5997596153846154 0.046875 0.06971153846153846
0 0.4206730769230769 0.5961538461538461 0.028846153846153848 0.0733173076923077
0 0.38221153846153844 0.5913461538461539 0.042067307692307696 0.06490384615384616
0 0.34375 0.5913461538461539 0.028846153846153848 0.07451923076923077
0 0.31009615384615385 0.5841346153846154 0.03485576923076923 0.057692307692307696
0 0.8173076923076923 0.6057692307692307 0.038461538461538464 0.0673076923076923
0 0.1622596153846154 0.5901442307692307 0.027644230769230768 0.056490384615384616
0 0.9879807692307693 0.27163461538461536 0.019230769230769232 0.028846153846153848
0 0.125 0.17067307692307693 0.03365384615384615 0.057692307692307696
0 0.8185096153846154 0.2668269230769231 0.039663461538461536 0.025240384615384616
0 0.8641826923076923 0.2692307692307692 0.04567307692307692 0.025240384615384616
0 0.8701923076923077 0.2980769230769231 0.039663461538461536 0.025240384615384616
0 0.953125 0.3004807692307692 0.04807692307692308 0.02283653846153846
0 0.9387019230769231 0.27163461538461536 0.055288461538461536 0.02403846153846154
0 0.8894230769230769 0.15264423076923078 0.038461538461538464 0.027644230769230768
0 0.9747596153846154 0.1778846153846154 0.040865384615384616 0.051682692307692304
0 0.9326923076923077 0.18389423076923078 0.036057692307692304 0.039663461538461536
0 0.8930288461538461 0.1875 0.042067307692307696 0.03365384615384615
0 0.8401442307692307 0.18509615384615385 0.021634615384615384 0.03485576923076923
0 0.8112980769230769 0.1814903846153846 0.03365384615384615 0.04326923076923077
0 0.8233173076923077 0.2956730769230769 0.054086538461538464 0.026442307692307692
0 0.8016826923076923 0.13581730769230768 0.03365384615384615 0.03485576923076923
0 0.6790865384615384 0.17307692307692307 0.04567307692307692 0.0625
0 0.6310096153846154 0.16706730769230768 0.04567307692307692 0.07572115384615384
0 0.578125 0.1658653846153846 0.052884615384615384 0.07572115384615384
0 0.5348557692307693 0.16826923076923078 0.02403846153846154 0.06490384615384616
0 0.5072115384615384 0.17307692307692307 0.02283653846153846 0.05889423076923077
0 0.4807692307692308 0.17548076923076922 0.030048076923076924 0.052884615384615384
0 0.44350961538461536 0.18389423076923078 0.026442307692307692 0.036057692307692304
0 0.4110576923076923 0.171875 0.030048076923076924 0.05889423076923077
0 0.36899038461538464 0.16826923076923078 0.025240384615384616 0.06129807692307692
0 0.34375 0.16947115384615385 0.025240384615384616 0.0625
0 0.3233173076923077 0.17548076923076922 0.015625 0.04927884615384615
0 0.7475961538461539 0.16105769230769232 0.04447115384615385 0.08173076923076923
0 0.7668269230769231 0.2956730769230769 0.052884615384615384 0.028846153846153848
0 0.7668269230769231 0.265625 0.054086538461538464 0.028846153846153848
0 0.7632211538461539 0.2403846153846154 0.052884615384615384 0.018028846153846152
0 0.9254807692307693 0.38822115384615385 0.038461538461538464 0.07692307692307693
0 0.96875 0.3894230769230769 0.040865384615384616 0.07451923076923077
0 0.8665865384615384 0.3894230769230769 0.03365384615384615 0.078125
0 0.8293269230769231 0.390625 0.037259615384615384 0.078125
0 0.7800480769230769 0.39663461538461536 0.051682692307692304 0.06850961538461539
0 0.7295673076923077 0.3918269230769231 0.04567307692307692 0.06971153846153846
0 0.6959134615384616 0.3918269230769231 0.014423076923076924 0.0673076923076923
0 0.6598557692307693 0.39302884615384615 0.054086538461538464 0.0673076923076923
0 0.6153846153846154 0.3954326923076923 0.037259615384615384 0.06850961538461539
0 0.5805288461538461 0.3954326923076923 0.02403846153846154 0.0625
0 0.5528846153846154 0.3954326923076923 0.03365384615384615 0.06610576923076923
0 0.41466346153846156 0.29086538461538464 0.027644230769230768 0.06971153846153846
0 0.3918269230769231 0.2956730769230769 0.015625 0.055288461538461536
0 0.5168269230769231 0.3954326923076923 0.03245192307692308 0.0625
0 0.4855769230769231 0.41346153846153844 0.025240384615384616 0.02283653846153846
0 0.4855769230769231 0.3858173076923077 0.028846153846153848 0.027644230769230768
0 0.3581730769230769 0.28966346153846156 0.038461538461538464 0.0733173076923077
0 0.31971153846153844 0.32211538461538464 0.021634615384615384 0.010817307692307692
0 0.2932692307692308 0.31490384615384615 0.027644230769230768 0.016826923076923076
0 0.26802884615384615 0.296875 0.019230769230769232 0.04927884615384615
0 0.24278846153846154 0.2980769230769231 0.028846153846153848 0.05048076923076923
0 0.203125 0.29447115384615385 0.03245192307692308 0.055288461538461536
0 0.16947115384615385 0.2932692307692308 0.028846153846153848 0.0625
0 0.9098557692307693 0.29927884615384615 0.03485576923076923 0.02283653846153846
0 0.3317307692307692 0.5036057692307693 0.027644230769230768 0.06129807692307692
0 0.15985576923076922 0.171875 0.028846153846153848 0.051682692307692304
0 0.30288461538461536 0.5036057692307693 0.02403846153846154 0.06009615384615385
0 0.21995192307692307 0.5024038461538461 0.020432692307692308 0.06009615384615385
0 0.24519230769230768 0.5036057692307693 0.027644230769230768 0.06370192307692307
0 0.8509615384615384 0.8100961538461539 0.04927884615384615 0.07932692307692307
0 0.9639423076923077 0.8088942307692307 0.06370192307692307 0.0733173076923077
0 0.25721153846153844 0.17067307692307693 0.028846153846153848 0.06370192307692307
0 0.29447115384615385 0.4014423076923077 0.036057692307692304 0.040865384615384616
0 0.3317307692307692 0.4026442307692308 0.03485576923076923 0.042067307692307696
0 0.3701923076923077 0.40384615384615385 0.039663461538461536 0.042067307692307696
0 0.4110576923076923 0.4050480769230769 0.040865384615384616 0.04447115384615385
0 0.453125 0.40384615384615385 0.038461538461538464 0.04567307692307692
0 0.5901442307692307 0.2920673076923077 0.02403846153846154 0.07091346153846154
0 0.6322115384615384 0.3076923076923077 0.04567307692307692 0.01201923076923077
0 0.6358173076923077 0.3233173076923077 0.04326923076923077 0.015625
0 0.7007211538461539 0.3004807692307692 0.06009615384615385 0.010817307692307692
0 0.7007211538461539 0.3125 0.057692307692307696 0.01201923076923077
0 0.7055288461538461 0.3269230769230769 0.06129807692307692 0.010817307692307692
0 0.2776442307692308 0.5048076923076923 0.02403846153846154 0.06129807692307692
0 0.7932692307692307 0.8112980769230769 0.06370192307692307 0.08052884615384616
0 0.1310096153846154 0.3713942307692308 0.025240384615384616 0.052884615384615384
0 0.7331730769230769 0.8028846153846154 0.052884615384615384 0.06850961538461539
0 0.6165865384615384 0.8100961538461539 0.046875 0.0889423076923077
0 0.19471153846153846 0.16826923076923078 0.03485576923076923 0.06009615384615385
0 0.44591346153846156 0.2860576923076923 0.025240384615384616 0.07932692307692307
0 0.4699519230769231 0.28725961538461536 0.019230769230769232 0.078125
0 0.5 0.2920673076923077 0.03125 0.06971153846153846
0 0.5276442307692307 0.2920673076923077 0.020432692307692308 0.06850961538461539
0 0.5637019230769231 0.2920673076923077 0.030048076923076924 0.07091346153846154
0 0.16466346153846154 0.7980769230769231 0.04807692307692308 0.0829326923076923
0 0.21394230769230768 0.8004807692307693 0.046875 0.08173076923076923
0 0.2692307692307692 0.7992788461538461 0.046875 0.08173076923076923
0 0.31850961538461536 0.7956730769230769 0.046875 0.07211538461538461
0 0.3629807692307692 0.7944711538461539 0.03365384615384615 0.0733173076923077
0 0.40384615384615385 0.8052884615384616 0.039663461538461536 0.08173076923076923
0 0.4483173076923077 0.8088942307692307 0.04567307692307692 0.0889423076923077
0 0.5012019230769231 0.8004807692307693 0.05048076923076923 0.07692307692307693
0 0.5612980769230769 0.8076923076923077 0.057692307692307696 0.0829326923076923
0 0.6682692307692307 0.8088942307692307 0.04807692307692308 0.07932692307692307
0 0.15144230769230768 0.37259615384615385 0.014423076923076924 0.054086538461538464
0 0.2920673076923077 0.17307692307692307 0.027644230769230768 0.056490384615384616
0 0.19591346153846154 0.4891826923076923 0.020432692307692308 0.06610576923076923
0 0.17067307692307693 0.49399038461538464 0.030048076923076924 0.0733173076923077
0 0.13822115384615385 0.49278846153846156 0.02403846153846154 0.06971153846153846
0 0.26322115384615385 0.3737980769230769 0.019230769230769232 0.06129807692307692
0 0.2403846153846154 0.375 0.015625 0.055288461538461536
0 0.22355769230769232 0.375 0.019230769230769232 0.054086538461538464
0 0.16947115384615385 0.3737980769230769 0.019230769230769232 0.056490384615384616
0 0.18870192307692307 0.3737980769230769 0.020432692307692308 0.055288461538461536