0 0.390625 0.25961538461538464 0.046875 0.09134615384615384
0 0.21514423076923078 0.8569711538461539 0.046875 0.057692307692307696
0 0.25841346153846156 0.8521634615384616 0.040865384615384616 0.054086538461538464
0 0.44350961538461536 0.27163461538461536 0.036057692307692304 0.06850961538461539
0 0.29927884615384615 0.8605769230769231 0.042067307692307696 0.04927884615384615
0 0.34134615384615385 0.8641826923076923 0.04326923076923077 0.054086538461538464
0 0.5865384615384616 0.2704326923076923 0.04567307692307692 0.078125
0 0.3425480769230769 0.8040865384615384 0.042067307692307696 0.06129807692307692
0 0.6742788461538461 0.2668269230769231 0.04447115384615385 0.08653846153846154
0 0.42788461538461536 0.8545673076923077 0.04447115384615385 0.06009615384615385
0 0.4855769230769231 0.2704326923076923 0.046875 0.06971153846153846
0 0.5420673076923077 0.26802884615384615 0.04567307692307692 0.08413461538461539
0 0.29927884615384615 0.8028846153846154 0.040865384615384616 0.05889423076923077
0 0.7211538461538461 0.2800480769230769 0.028846153846153848 0.06129807692307692
0 0.5612980769230769 0.7872596153846154 0.03245192307692308 0.03365384615384615
0 0.8641826923076923 0.7872596153846154 0.08173076923076923 0.054086538461538464
0 0.5276442307692307 0.7932692307692307 0.03365384615384615 0.046875
0 0.484375 0.8028846153846154 0.042067307692307696 0.06490384615384616
0 0.5300480769230769 0.8605769230769231 0.04326923076923077 0.05889423076923077
0 0.4831730769230769 0.8629807692307693 0.046875 0.05048076923076923
0 0.9447115384615384 0.7860576923076923 0.078125 0.052884615384615384
0 0.859375 0.8617788461538461 0.08052884615384616 0.04807692307692308
0 0.9399038461538461 0.8677884615384616 0.08173076923076923 0.056490384615384616
0 0.33413461538461536 0.3737980769230769 0.03365384615384615 0.08413461538461539
0 0.34375 0.25841346153846156 0.046875 0.09375
0 0.5673076923076923 0.8341346153846154 0.028846153846153848 0.056490384615384616
0 0.6129807692307693 0.8557692307692307 0.046875 0.06009615384615385
0 0.6622596153846154 0.8581730769230769 0.04927884615384615 0.06009615384615385
0 0.7019230769230769 0.8016826923076923 0.037259615384615384 0.057692307692307696
0 0.7836538461538461 0.859375 0.06850961538461539 0.051682692307692304
0 0.7872596153846154 0.8016826923076923 0.06971153846153846 0.056490384615384616
0 0.36899038461538464 0.5132211538461539 0.054086538461538464 0.09014423076923077
0 0.140625 0.09254807692307693 0.051682692307692304 0.057692307692307696
0 0.06490384615384616 0.09134615384615384 0.0733173076923077 0.056490384615384616
0 0.125 0.3161057692307692 0.06971153846153846 0.06490384615384616
0 0.21634615384615385 0.5084134615384616 0.07091346153846154 0.125
0 0.1346153846153846 0.5288461538461539 0.06971153846153846 0.08774038461538461
0 0.06370192307692307 0.5252403846153846 0.07451923076923077 0.09375
0 0.9819711538461539 0.29927884615384615 0.03485576923076923 0.08533653846153846
0 0.9314903846153846 0.3016826923076923 0.055288461538461536 0.06971153846153846
0 0.8882211538461539 0.30288461538461536 0.030048076923076924 0.07091346153846154
0 0.8461538461538461 0.27884615384615385 0.037259615384615384 0.07091346153846154
0 0.8052884615384616 0.27884615384615385 0.04447115384615385 0.07091346153846154
0 0.7596153846153846 0.2776442307692308 0.04807692307692308 0.06850961538461539
0 0.5805288461538461 0.7271634615384616 0.0673076923076923 0.051682692307692304
0 0.5132211538461539 0.6658653846153846 0.06610576923076923 0.0625
0 0.5132211538461539 0.7247596153846154 0.06490384615384616 0.055288461538461536
0 0.4483173076923077 0.7199519230769231 0.06370192307692307 0.06490384615384616
0 0.38100961538461536 0.7199519230769231 0.06971153846153846 0.06009615384615385
0 0.31490384615384615 0.6574519230769231 0.057692307692307696 0.06971153846153846
0 0.3137019230769231 0.71875 0.0625 0.054086538461538464
0 0.17668269230769232 0.6466346153846154 0.078125 0.06971153846153846
0 0.24759615384615385 0.7127403846153846 0.05889423076923077 0.06850961538461539
0 0.1778846153846154 0.71875 0.07211538461538461 0.056490384615384616
0 0.10216346153846154 0.7235576923076923 0.07091346153846154 0.056490384615384616
0 0.10216346153846154 0.6658653846153846 0.07091346153846154 0.06129807692307692
0 0.2860576923076923 0.5372596153846154 0.06490384615384616 0.05889423076923077
0 0.24158653846153846 0.31850961538461536 0.06971153846153846 0.06610576923076923
0 0.5817307692307693 0.6682692307692307 0.06610576923076923 0.06370192307692307
0 0.6502403846153846 0.6706730769230769 0.06490384615384616 0.06850961538461539
0 0.4326923076923077 0.16947115384615385 0.08413461538461539 0.05889423076923077
0 0.34975961538461536 0.16706730769230768 0.07572115384615384 0.06370192307692307
0 0.27283653846153844 0.16466346153846154 0.078125 0.0673076923076923
0 0.19591346153846154 0.1622596153846154 0.0733173076923077 0.06370192307692307
0 0.12259615384615384 0.15865384615384615 0.07091346153846154 0.07211538461538461
0 0.046875 0.15504807692307693 0.07451923076923077 0.07211538461538461
0 0.20552884615384615 0.09735576923076923 0.07451923076923077 0.056490384615384616
0 0.2848557692307692 0.0985576923076923 0.08413461538461539 0.0625
0 0.3605769230769231 0.10697115384615384 0.057692307692307696 0.057692307692307696
0 0.43509615384615385 0.11057692307692307 0.0889423076923077 0.057692307692307696
0 0.5504807692307693 0.16826923076923078 0.039663461538461536 0.06490384615384616
0 0.5913461538461539 0.16706730769230768 0.042067307692307696 0.06490384615384616
0 0.6322115384615384 0.16947115384615385 0.039663461538461536 0.0625
0 0.6754807692307693 0.17067307692307693 0.04567307692307692 0.06490384615384616
0 0.17067307692307693 0.8557692307692307 0.04447115384615385 0.05889423076923077
0 0.12620192307692307 0.859375 0.042067307692307696 0.052884615384615384
0 0.0829326923076923 0.8581730769230769 0.04447115384615385 0.054086538461538464
0 0.040865384615384616 0.8509615384615384 0.04326923076923077 0.0673076923076923
0 0.9627403846153846 0.7091346153846154 0.06971153846153846 0.057692307692307696
0 0.8822115384615384 0.7079326923076923 0.08653846153846154 0.051682692307692304
0 0.7223557692307693 0.7211538461538461 0.07211538461538461 0.06129807692307692
0 0.6490384615384616 0.7295673076923077 0.0673076923076923 0.051682692307692304
0 0.03245192307692308 0.7247596153846154 0.06490384615384616 0.06009615384615385
0 0.03245192307692308 0.6646634615384616 0.06490384615384616 0.056490384615384616
0 0.875 0.6237980769230769 0.07091346153846154 0.04927884615384615
0 0.7175480769230769 0.38221153846153844 0.028846153846153848 0.08173076923076923
0 0.6850961538461539 0.38100961538461536 0.037259615384615384 0.0829326923076923
0 0.6225961538461539 0.38100961538461536 0.037259615384615384 0.08774038461538461
0 0.5805288461538461 0.39302884615384615 0.040865384615384616 0.06971153846153846
0 0.8858173076923077 0.5673076923076923 0.06971153846153846 0.0625
0 0.5396634615384616 0.390625 0.040865384615384616 0.06850961538461539
0 0.49759615384615385 0.390625 0.042067307692307696 0.07091346153846154
0 0.45552884615384615 0.390625 0.040865384615384616 0.07091346153846154
0 0.42427884615384615 0.3870192307692308 0.020432692307692308 0.06610576923076923
0 0.3737980769230769 0.3798076923076923 0.04326923076923077 0.08774038461538461
0 0.7920673076923077 0.16947115384615385 0.03125 0.0733173076923077
0 0.8341346153846154 0.17427884615384615 0.04567307692307692 0.055288461538461536
0 0.9098557692307693 0.203125 0.054086538461538464 0.055288461538461536
0 0.96875 0.20192307692307693 0.055288461538461536 0.057692307692307696
0 0.056490384615384616 0.3137019230769231 0.0673076923076923 0.06850961538461539
0 0.7584134615384616 0.38461538461538464 0.04567307692307692 0.08774038461538461
0 0.7980769230769231 0.3954326923076923 0.03365384615384615 0.0673076923076923
0 0.2920673076923077 0.32091346153846156 0.03125 0.06490384615384616
0 0.7620192307692307 0.16706730769230768 0.028846153846153848 0.07091346153846154
0 0.8293269230769231 0.3942307692307692 0.028846153846153848 0.06370192307692307
0 0.6069711538461539 0.5528846153846154 0.0673076923076923 0.06009615384615385
0 0.6766826923076923 0.5540865384615384 0.06971153846153846 0.06370192307692307
0 0.7475961538461539 0.5528846153846154 0.06850961538461539 0.0625
0 0.609375 0.48677884615384615 0.0733173076923077 0.06971153846153846
0 0.8137019230769231 0.5552884615384616 0.06129807692307692 0.06129807692307692
0 0.6814903846153846 0.49278846153846156 0.07451923076923077 0.06009615384615385
0 0.7211538461538461 0.17067307692307693 0.04807692307692308 0.06370192307692307
0 0.5276442307692307 0.47475961538461536 0.078125 0.0673076923076923
0 0.4543269230769231 0.47475961538461536 0.0673076923076923 0.06971153846153846
0 0.5168269230769231 0.5456730769230769 0.07451923076923077 0.07091346153846154
0 0.43149038461538464 0.5444711538461539 0.06971153846153846 0.0625
0 0.9302884615384616 0.47596153846153844 0.055288461538461536 0.06490384615384616
0 0.8774038461538461 0.47475961538461536 0.05048076923076923 0.06370192307692307