0 0.078125 0.10096153846153846 0.06129807692307692 0.08774038461538461
0 0.13822115384615385 0.359375 0.039663461538461536 0.07451923076923077
0 0.7596153846153846 0.0829326923076923 0.046875 0.09615384615384616
0 0.24759615384615385 0.3545673076923077 0.042067307692307696 0.07932692307692307
0 0.29447115384615385 0.3545673076923077 0.04447115384615385 0.07932692307692307
0 0.3449519230769231 0.35336538461538464 0.04447115384615385 0.07932692307692307
0 0.3942307692307692 0.3545673076923077 0.04447115384615385 0.07932692307692307
0 0.44591346153846156 0.35336538461538464 0.04447115384615385 0.07932692307692307
0 0.016826923076923076 0.4891826923076923 0.03245192307692308 0.078125
0 0.06370192307692307 0.48677884615384615 0.040865384615384616 0.08173076923076923
0 0.109375 0.48677884615384615 0.040865384615384616 0.07572115384615384
0 0.1622596153846154 0.484375 0.038461538461538464 0.078125
0 0.20552884615384615 0.48197115384615385 0.04326923076923077 0.08413461538461539
0 0.25 0.48197115384615385 0.039663461538461536 0.08173076923076923
0 0.296875 0.4831730769230769 0.04447115384615385 0.078125
0 0.3401442307692308 0.484375 0.040865384615384616 0.07572115384615384
0 0.3858173076923077 0.48197115384615385 0.04326923076923077 0.07572115384615384
0 0.47836538461538464 0.48197115384615385 0.040865384615384616 0.07932692307692307
0 0.8185096153846154 0.08052884615384616 0.04567307692307692 0.09975961538461539
0 0.8725961538461539 0.07932692307692307 0.04326923076923077 0.09735576923076923
0 0.9242788461538461 0.078125 0.04567307692307692 0.0985576923076923
0 0.03485576923076923 0.23557692307692307 0.042067307692307696 0.08653846153846154
0 0.09014423076923077 0.234375 0.042067307692307696 0.07692307692307693
0 0.13942307692307693 0.23076923076923078 0.04447115384615385 0.08774038461538461
0 0.18629807692307693 0.22956730769230768 0.04807692307692308 0.08533653846153846
0 0.5240384615384616 0.4807692307692308 0.040865384615384616 0.07932692307692307
0 0.2439903846153846 0.22716346153846154 0.04326923076923077 0.08774038461538461
0 0.29447115384615385 0.2283653846153846 0.038461538461538464 0.08653846153846154
0 0.09495192307692307 0.359375 0.042067307692307696 0.07572115384615384
0 0.04927884615384615 0.359375 0.042067307692307696 0.08052884615384616
0 0.49759615384615385 0.35216346153846156 0.04567307692307692 0.078125
0 0.5408653846153846 0.35096153846153844 0.040865384615384616 0.07692307692307693
0 0.021634615384615384 0.10096153846153846 0.04326923076923077 0.09014423076923077
0 0.20072115384615385 0.09735576923076923 0.057692307692307696 0.08653846153846154
0 0.2608173076923077 0.09495192307692307 0.057692307692307696 0.08774038461538461
0 0.6430288461538461 0.3449519230769231 0.04567307692307692 0.08653846153846154
0 0.32572115384615385 0.09375 0.05889423076923077 0.08653846153846154
0 0.7439903846153846 0.3425480769230769 0.04927884615384615 0.0889423076923077
0 0.796875 0.3425480769230769 0.04807692307692308 0.08653846153846154
0 0.8485576923076923 0.3401442307692308 0.04326923076923077 0.08774038461538461
0 0.9014423076923077 0.3401442307692308 0.04567307692307692 0.08653846153846154
0 0.9134615384615384 0.21394230769230768 0.04567307692307692 0.09134615384615384
0 0.8617788461538461 0.21514423076923078 0.040865384615384616 0.08774038461538461
0 0.8137019230769231 0.21514423076923078 0.039663461538461536 0.08774038461538461
0 0.7632211538461539 0.21754807692307693 0.04567307692307692 0.0889423076923077
0 0.13822115384615385 0.09975961538461539 0.056490384615384616 0.08413461538461539
0 0.7079326923076923 0.22115384615384615 0.046875 0.0889423076923077
0 0.6033653846153846 0.21995192307692307 0.04927884615384615 0.09254807692307693
0 0.5528846153846154 0.22115384615384615 0.040865384615384616 0.09375
0 0.5 0.22596153846153846 0.04447115384615385 0.08653846153846154
0 0.38341346153846156 0.09375 0.052884615384615384 0.08413461538461539
0 0.44471153846153844 0.22716346153846154 0.04807692307692308 0.0829326923076923
0 0.390625 0.22956730769230768 0.046875 0.08533653846153846
0 0.3425480769230769 0.22596153846153846 0.04447115384615385 0.08653846153846154
0 0.4411057692307692 0.09375 0.054086538461538464 0.09014423076923077
0 0.4951923076923077 0.08653846153846154 0.04927884615384615 0.09615384615384616
0 0.5552884615384616 0.08653846153846154 0.04447115384615385 0.09975961538461539
0 0.6069711538461539 0.08413461538461539 0.046875 0.09615384615384616
0 0.6586538461538461 0.08413461538461539 0.046875 0.09615384615384616
0 0.7115384615384616 0.08413461538461539 0.046875 0.0985576923076923
0 0.6574519230769231 0.21634615384615385 0.046875 0.09014423076923077
0 0.5865384615384616 0.35216346153846156 0.04567307692307692 0.07692307692307693
0 0.75 0.6105769230769231 0.04326923076923077 0.057692307692307696
0 0.7992788461538461 0.609375 0.038461538461538464 0.06610576923076923
0 0.21153846153846154 0.7175480769230769 0.03365384615384615 0.08173076923076923
0 0.25240384615384615 0.7259615384615384 0.04447115384615385 0.06971153846153846
0 0.2956730769230769 0.7211538461538461 0.04326923076923077 0.07692307692307693
0 0.34615384615384615 0.7235576923076923 0.036057692307692304 0.06610576923076923
0 0.3858173076923077 0.7259615384615384 0.039663461538461536 0.06370192307692307
0 0.43028846153846156 0.7259615384615384 0.039663461538461536 0.06370192307692307
0 0.16947115384615385 0.71875 0.03485576923076923 0.08173076923076923
0 0.47475961538461536 0.7271634615384616 0.040865384615384616 0.0625
0 0.5612980769230769 0.71875 0.027644230769230768 0.078125
0 0.5997596153846154 0.7223557692307693 0.02403846153846154 0.06370192307692307
0 0.6490384615384616 0.7235576923076923 0.040865384615384616 0.06850961538461539
0 0.6923076923076923 0.71875 0.037259615384615384 0.07211538461538461
0 0.7391826923076923 0.7199519230769231 0.038461538461538464 0.08173076923076923
0 0.7836538461538461 0.7223557692307693 0.037259615384615384 0.0673076923076923
0 0.5216346153846154 0.7223557692307693 0.040865384615384616 0.07211538461538461
0 0.12980769230769232 0.7211538461538461 0.03245192307692308 0.08173076923076923
0 0.09134615384615384 0.7211538461538461 0.037259615384615384 0.08173076923076923
0 0.04567307692307692 0.7199519230769231 0.037259615384615384 0.08533653846153846
0 0.6550480769230769 0.6057692307692307 0.040865384615384616 0.07091346153846154
0 0.6129807692307693 0.6045673076923077 0.042067307692307696 0.07572115384615384
0 0.5661057692307693 0.6069711538461539 0.040865384615384616 0.0673076923076923
0 0.5216346153846154 0.6105769230769231 0.038461538461538464 0.05889423076923077
0 0.47836538461538464 0.6129807692307693 0.038461538461538464 0.06610576923076923
0 0.026442307692307692 0.6165865384615384 0.052884615384615384 0.06971153846153846
0 0.08173076923076923 0.6081730769230769 0.03365384615384615 0.07451923076923077
0 0.12259615384615384 0.6105769230769231 0.03365384615384615 0.07451923076923077
0 0.16706730769230768 0.609375 0.037259615384615384 0.07451923076923077
0 0.20793269230769232 0.6105769230769231 0.03485576923076923 0.07451923076923077
0 0.25600961538461536 0.6153846153846154 0.03485576923076923 0.06850961538461539
0 0.3016826923076923 0.6129807692307693 0.039663461538461536 0.06370192307692307
0 0.3485576923076923 0.6129807692307693 0.040865384615384616 0.06610576923076923
0 0.3918269230769231 0.6129807692307693 0.039663461538461536 0.0625
0 0.43509615384615385 0.6117788461538461 0.039663461538461536 0.06009615384615385
0 0.8341346153846154 0.7223557692307693 0.040865384615384616 0.06971153846153846
0 0.875 0.7295673076923077 0.03485576923076923 0.051682692307692304
0 0.9206730769230769 0.6850961538461539 0.03245192307692308 0.10817307692307693
0 0.9555288461538461 0.6838942307692307 0.03485576923076923 0.10817307692307693
0 0.6971153846153846 0.8533653846153846 0.036057692307692304 0.0625
0 0.7391826923076923 0.8497596153846154 0.03485576923076923 0.06370192307692307
0 0.7800480769230769 0.8485576923076923 0.03485576923076923 0.0625
0 0.8221153846153846 0.8497596153846154 0.03485576923076923 0.06610576923076923
0 0.8641826923076923 0.8365384615384616 0.03485576923076923 0.09254807692307693
0 0.9098557692307693 0.8353365384615384 0.036057692307692304 0.10096153846153846
0 0.9471153846153846 0.8365384615384616 0.036057692307692304 0.10096153846153846
0 0.984375 0.8389423076923077 0.030048076923076924 0.10216346153846154
0 0.9651442307692307 0.3137019230769231 0.06850961538461539 0.04567307692307692
0 0.9723557692307693 0.1971153846153846 0.05048076923076923 0.04326923076923077
0 0.8040865384615384 0.47596153846153844 0.042067307692307696 0.078125
0 0.7572115384615384 0.47596153846153844 0.039663461538461536 0.07692307692307693
0 0.7091346153846154 0.47836538461538464 0.039663461538461536 0.07692307692307693
0 0.6586538461538461 0.4795673076923077 0.042067307692307696 0.07932692307692307
0 0.6129807692307693 0.4723557692307692 0.039663461538461536 0.07572115384615384
0 0.6526442307692307 0.8557692307692307 0.040865384615384616 0.06009615384615385
0 0.5697115384615384 0.47596153846153844 0.04326923076923077 0.08653846153846154
0 0.6105769230769231 0.8497596153846154 0.03365384615384615 0.06370192307692307
0 0.8497596153846154 0.47716346153846156 0.038461538461538464 0.07932692307692307
0 0.9855769230769231 0.6814903846153846 0.027644230769230768 0.10817307692307693
0 0.1045673076923077 0.8365384615384616 0.03485576923076923 0.09134615384615384
0 0.14903846153846154 0.8353365384615384 0.03485576923076923 0.09134615384615384
0 0.8449519230769231 0.6081730769230769 0.03485576923076923 0.06009615384615385
0 0.2512019230769231 0.8377403846153846 0.078125 0.09495192307692307
0 0.31490384615384615 0.8365384615384616 0.03365384615384615 0.09014423076923077
0 0.3581730769230769 0.8353365384615384 0.037259615384615384 0.0889423076923077
0 0.39903846153846156 0.8365384615384616 0.03485576923076923 0.09134615384615384
0 0.43990384615384615 0.8509615384615384 0.038461538461538464 0.06610576923076923
0 0.48197115384615385 0.8473557692307693 0.038461538461538464 0.0625
0 0.5240384615384616 0.8497596153846154 0.038461538461538464 0.0673076923076923
0 0.8846153846153846 0.6069711538461539 0.038461538461538464 0.06009615384615385
0 0.9831730769230769 0.5625 0.028846153846153848 0.08173076923076923
0 0.9411057692307693 0.5552884615384616 0.04927884615384615 0.09975961538461539
0 0.8978365384615384 0.47596153846153844 0.040865384615384616 0.08173076923076923
0 0.5697115384615384 0.8485576923076923 0.040865384615384616 0.0673076923076923
0 0.19110576923076922 0.8353365384615384 0.03485576923076923 0.09134615384615384
0 0.6935096153846154 0.3425480769230769 0.04447115384615385 0.08653846153846154
0 0.18990384615384615 0.3557692307692308 0.05048076923076923 0.07572115384615384