0 0.15264423076923078 0.40024038461538464 0.06610576923076923 0.026442307692307692
0 0.24278846153846154 0.375 0.07211538461538461 0.026442307692307692
0 0.24519230769230768 0.40625 0.07572115384615384 0.030048076923076924
0 0.3233173076923077 0.4026442307692308 0.06129807692307692 0.026442307692307692
0 0.39302884615384615 0.40024038461538464 0.06129807692307692 0.03125
0 0.4795673076923077 0.02283653846153846 0.037259615384615384 0.042067307692307696
0 0.5372596153846154 0.046875 0.0625 0.03485576923076923
0 0.5997596153846154 0.08774038461538461 0.052884615384615384 0.027644230769230768
0 0.8497596153846154 0.08533653846153846 0.04807692307692308 0.04807692307692308
0 0.7608173076923077 0.09014423076923077 0.056490384615384616 0.037259615384615384
0 0.7752403846153846 0.051682692307692304 0.0673076923076923 0.030048076923076924
0 0.7776442307692307 0.020432692307692308 0.08173076923076923 0.027644230769230768
0 0.7043269230769231 0.06971153846153846 0.04927884615384615 0.06370192307692307
0 0.6550480769230769 0.08052884615384616 0.03485576923076923 0.04807692307692308
0 0.0733173076923077 0.39903846153846156 0.07451923076923077 0.028846153846153848
0 0.6189903846153846 0.025240384615384616 0.057692307692307696 0.021634615384615384
0 0.6033653846153846 0.051682692307692304 0.036057692307692304 0.028846153846153848
0 0.53125 0.0829326923076923 0.06129807692307692 0.027644230769230768
0 0.9615384615384616 0.3137019230769231 0.042067307692307696 0.06610576923076923
0 0.5444711538461539 0.3125 0.04567307692307692 0.056490384615384616
0 0.9014423076923077 0.32211538461538464 0.020432692307692308 0.04927884615384615
0 0.06490384615384616 0.05889423076923077 0.07692307692307693 0.04326923076923077
0 0.05889423076923077 0.019230769230769232 0.055288461538461536 0.03485576923076923
0 0.16346153846153846 0.04807692307692308 0.09615384615384616 0.06610576923076923
0 0.27524038461538464 0.056490384615384616 0.08413461538461539 0.06850961538461539
0 0.3425480769230769 0.06129807692307692 0.04567307692307692 0.056490384615384616
0 0.3918269230769231 0.05889423076923077 0.04567307692307692 0.06490384615384616
0 0.4579326923076923 0.07211538461538461 0.06490384615384616 0.051682692307692304
0 0.4362980769230769 0.02403846153846154 0.036057692307692304 0.037259615384615384
0 0.4098557692307692 0.31009615384615385 0.021634615384615384 0.051682692307692304
0 0.45552884615384615 0.31009615384615385 0.03365384615384615 0.051682692307692304
0 0.9050480769230769 0.09495192307692307 0.04447115384615385 0.026442307692307692
0 0.5024038461538461 0.3112980769230769 0.03485576923076923 0.057692307692307696
0 0.6105769230769231 0.3112980769230769 0.036057692307692304 0.052884615384615384
0 0.6490384615384616 0.3125 0.036057692307692304 0.051682692307692304
0 0.6911057692307693 0.3125 0.03365384615384615 0.055288461538461536
0 0.7283653846153846 0.3112980769230769 0.03485576923076923 0.051682692307692304
0 0.7776442307692307 0.33653846153846156 0.037259615384615384 0.01201923076923077
0 0.8317307692307693 0.33413461538461536 0.04567307692307692 0.016826923076923076
0 0.8725961538461539 0.31971153846153844 0.021634615384615384 0.06610576923076923
0 0.9242788461538461 0.32211538461538464 0.025240384615384616 0.055288461538461536
0 0.9074519230769231 0.05889423076923077 0.046875 0.02403846153846154
0 0.9711538461538461 0.8449519230769231 0.036057692307692304 0.04326923076923077
0 0.020432692307692308 0.203125 0.037259615384615384 0.06129807692307692
0 0.5336538461538461 0.22235576923076922 0.06129807692307692 0.04567307692307692
0 0.4807692307692308 0.234375 0.030048076923076924 0.02403846153846154
0 0.4795673076923077 0.20552884615384615 0.038461538461538464 0.03125
0 0.4387019230769231 0.22596153846153846 0.027644230769230768 0.038461538461538464
0 0.41225961538461536 0.22355769230769232 0.02283653846153846 0.04447115384615385
0 0.37740384615384615 0.22355769230769232 0.04326923076923077 0.046875
0 0.3389423076923077 0.21875 0.03125 0.056490384615384616
0 0.3076923076923077 0.21754807692307693 0.025240384615384616 0.055288461538461536
0 0.5973557692307693 0.22716346153846154 0.052884615384615384 0.052884615384615384
0 0.2644230769230769 0.21033653846153846 0.04447115384615385 0.06490384615384616
0 0.16826923076923078 0.20793269230769232 0.05889423076923077 0.05889423076923077
0 0.11658653846153846 0.20432692307692307 0.036057692307692304 0.05889423076923077
0 0.3894230769230769 0.7572115384615384 0.0889423076923077 0.038461538461538464
0 0.47836538461538464 0.7560096153846154 0.06971153846153846 0.040865384615384616
0 0.5829326923076923 0.7536057692307693 0.06370192307692307 0.046875
0 0.7079326923076923 0.7475961538461539 0.04326923076923077 0.054086538461538464
0 0.7512019230769231 0.7475961538461539 0.038461538461538464 0.051682692307692304
0 0.8725961538461539 0.7584134615384616 0.055288461538461536 0.03485576923076923
0 0.21995192307692307 0.20793269230769232 0.04567307692307692 0.05889423076923077
0 0.9675480769230769 0.1045673076923077 0.04807692307692308 0.025240384615384616
0 0.6790865384615384 0.24519230769230768 0.09134615384615384 0.01201923076923077
0 0.7475961538461539 0.21394230769230768 0.039663461538461536 0.026442307692307692
0 0.06971153846153846 0.20793269230769232 0.042067307692307696 0.051682692307692304
0 0.19110576923076922 0.4807692307692308 0.027644230769230768 0.036057692307692304
0 0.15264423076923078 0.4699519230769231 0.05048076923076923 0.052884615384615384
0 0.09014423076923077 0.47836538461538464 0.036057692307692304 0.028846153846153848
0 0.051682692307692304 0.47716346153846156 0.03125 0.036057692307692304
0 0.9543269230769231 0.40024038461538464 0.0733173076923077 0.02283653846153846
0 0.875 0.39903846153846156 0.07091346153846154 0.03245192307692308
0 0.7716346153846154 0.39903846153846156 0.03125 0.04447115384615385
0 0.6838942307692307 0.22956730769230768 0.0829326923076923 0.015625
0 0.7391826923076923 0.39783653846153844 0.030048076923076924 0.04927884615384615
0 0.6394230769230769 0.4110576923076923 0.07932692307692307 0.016826923076923076
0 0.5793269230769231 0.39663461538461536 0.030048076923076924 0.046875
0 0.5432692307692307 0.39302884615384615 0.03125 0.04927884615384615
0 0.5132211538461539 0.3954326923076923 0.028846153846153848 0.054086538461538464
0 0.4567307692307692 0.4026442307692308 0.05048076923076923 0.03245192307692308
0 0.8629807692307693 0.8497596153846154 0.05048076923076923 0.04927884615384615
0 0.9194711538461539 0.8497596153846154 0.052884615384615384 0.039663461538461536
0 0.22355769230769232 0.4807692307692308 0.028846153846153848 0.038461538461538464
0 0.703125 0.39663461538461536 0.03485576923076923 0.04567307692307692
0 0.2548076923076923 0.47596153846153844 0.036057692307692304 0.04807692307692308
0 0.6490384615384616 0.4855769230769231 0.07932692307692307 0.028846153846153848
0 0.35697115384615385 0.4735576923076923 0.026442307692307692 0.052884615384615384
0 0.5072115384615384 0.8377403846153846 0.04447115384615385 0.07692307692307693
0 0.45552884615384615 0.8413461538461539 0.05048076923076923 0.07932692307692307
0 0.40865384615384615 0.8401442307692307 0.039663461538461536 0.07692307692307693
0 0.32091346153846156 0.8425480769230769 0.05048076923076923 0.07692307692307693
0 0.27283653846153844 0.8569711538461539 0.039663461538461536 0.055288461538461536
0 0.22956730769230768 0.8605769230769231 0.04567307692307692 0.055288461538461536
0 0.1814903846153846 0.8629807692307693 0.03125 0.06009615384615385
0 0.14423076923076922 0.8581730769230769 0.04326923076923077 0.06971153846153846
0 0.09134615384615384 0.8545673076923077 0.037259615384615384 0.07451923076923077
0 0.5576923076923077 0.8389423076923077 0.055288461538461536 0.08533653846153846
0 0.04326923076923077 0.8557692307692307 0.056490384615384616 0.0733173076923077
0 0.9735576923076923 0.7596153846153846 0.018028846153846152 0.027644230769230768
0 0.3245192307692308 0.47716346153846156 0.039663461538461536 0.04927884615384615
0 0.9170673076923077 0.7572115384615384 0.03485576923076923 0.03485576923076923
0 0.11538461538461539 0.7596153846153846 0.07692307692307693 0.04567307692307692
0 0.20552884615384615 0.7572115384615384 0.09375 0.04927884615384615
0 0.7824519230769231 0.2127403846153846 0.030048076923076924 0.025240384615384616
0 0.7512019230769231 0.24278846153846154 0.03245192307692308 0.021634615384615384
0 0.7860576923076923 0.2403846153846154 0.040865384615384616 0.025240384615384616
0 0.8329326923076923 0.21514423076923078 0.051682692307692304 0.08774038461538461
0 0.9927884615384616 0.7584134615384616 0.013221153846153846 0.027644230769230768
0 0.8882211538461539 0.2127403846153846 0.05048076923076923 0.08653846153846154
0 0.609375 0.8389423076923077 0.046875 0.07091346153846154
0 0.7055288461538461 0.8353365384615384 0.046875 0.078125
0 0.9495192307692307 0.6826923076923077 0.039663461538461536 0.036057692307692304
0 0.9038461538461539 0.6850961538461539 0.036057692307692304 0.03485576923076923
0 0.8557692307692307 0.6875 0.04927884615384615 0.038461538461538464
0 0.6947115384615384 0.6850961538461539 0.030048076923076924 0.027644230769230768
0 0.6598557692307693 0.6875 0.028846153846153848 0.027644230769230768
0 0.6237980769230769 0.6850961538461539 0.03485576923076923 0.03485576923076923
0 0.3942307692307692 0.6923076923076923 0.0733173076923077 0.026442307692307692
0 0.2127403846153846 0.6947115384615384 0.08533653846153846 0.030048076923076924
0 0.12980769230769232 0.6971153846153846 0.07692307692307693 0.03485576923076923
0 0.6574519230769231 0.8425480769230769 0.04807692307692308 0.06610576923076923
0 0.04807692307692308 0.6995192307692307 0.0733173076923077 0.030048076923076924
0 0.8713942307692307 0.6021634615384616 0.04326923076923077 0.0673076923076923
0 0.8353365384615384 0.6009615384615384 0.028846153846153848 0.06490384615384616
0 0.7956730769230769 0.5997596153846154 0.03245192307692308 0.0673076923076923
0 0.6983173076923077 0.6237980769230769 0.046875 0.054086538461538464
0 0.6394230769230769 0.6382211538461539 0.06850961538461539 0.03125
0 0.5721153846153846 0.6370192307692307 0.05048076923076923 0.025240384615384616
0 0.5180288461538461 0.6418269230769231 0.051682692307692304 0.018028846153846152
0 0.8076923076923077 0.8449519230769231 0.04567307692307692 0.056490384615384616
0 0.7644230769230769 0.8365384615384616 0.040865384615384616 0.08173076923076923
0 0.9399038461538461 0.6105769230769231 0.07451923076923077 0.046875
0 0.9423076923076923 0.21153846153846154 0.05048076923076923 0.09254807692307693
0 0.9495192307692307 0.7572115384615384 0.02283653846153846 0.038461538461538464
0 0.06490384615384616 0.296875 0.04447115384615385 0.06009615384615385
0 0.7596153846153846 0.5480769230769231 0.039663461538461536 0.05048076923076923
0 0.7139423076923077 0.5492788461538461 0.05048076923076923 0.046875
0 0.6514423076923077 0.5588942307692307 0.04447115384615385 0.04447115384615385
0 0.6009615384615384 0.5600961538461539 0.05889423076923077 0.04326923076923077
0 0.3942307692307692 0.5564903846153846 0.04447115384615385 0.037259615384615384
0 0.3389423076923077 0.5600961538461539 0.054086538461538464 0.038461538461538464
0 0.27403846153846156 0.5540865384615384 0.054086538461538464 0.037259615384615384
0 0.21394230769230768 0.5576923076923077 0.06370192307692307 0.038461538461538464
0 0.020432692307692308 0.2980769230769231 0.037259615384615384 0.052884615384615384
0 0.037259615384615384 0.6370192307692307 0.06009615384615385 0.040865384615384616
0 0.08173076923076923 0.5612980769230769 0.078125 0.036057692307692304
0 0.96875 0.4651442307692308 0.06129807692307692 0.03245192307692308
0 0.8942307692307693 0.46274038461538464 0.039663461538461536 0.03125
0 0.8317307692307693 0.4651442307692308 0.06370192307692307 0.03245192307692308
0 0.7391826923076923 0.49038461538461536 0.08653846153846154 0.03365384615384615
0 0.5685096153846154 0.4879807692307692 0.07211538461538461 0.030048076923076924
0 0.4891826923076923 0.4879807692307692 0.08052884615384616 0.028846153846153848
0 0.4375 0.4723557692307692 0.026442307692307692 0.055288461538461536
0 0.40865384615384615 0.4723557692307692 0.030048076923076924 0.05889423076923077
0 0.38221153846153844 0.47596153846153844 0.020432692307692308 0.05048076923076923
0 0.9350961538461539 0.5252403846153846 0.06490384615384616 0.038461538461538464
0 0.0985576923076923 0.6334134615384616 0.06370192307692307 0.040865384615384616
0 0.15384615384615385 0.5564903846153846 0.056490384615384616 0.039663461538461536
0 0.17427884615384615 0.3016826923076923 0.039663461538461536 0.056490384615384616
0 0.12620192307692307 0.29927884615384615 0.05048076923076923 0.054086538461538464
0 0.16105769230769232 0.6322115384615384 0.054086538461538464 0.037259615384615384
0 0.21634615384615385 0.30528846153846156 0.04447115384615385 0.04807692307692308
0 0.2764423076923077 0.30528846153846156 0.054086538461538464 0.052884615384615384
0 0.32572115384615385 0.3088942307692308 0.042067307692307696 0.04326923076923077
0 0.3701923076923077 0.30528846153846156 0.038461538461538464 0.052884615384615384
0 0.4651442307692308 0.6322115384615384 0.042067307692307696 0.042067307692307696
0 0.2932692307692308 0.6310096153846154 0.06850961538461539 0.03245192307692308
0 0.22956730769230768 0.6334134615384616 0.06129807692307692 0.036057692307692304
0 0.41466346153846156 0.6334134615384616 0.046875 0.038461538461538464