0 0.6526442307692307 0.8689903846153846 0.1045673076923077 0.019230769230769232
0 0.5336538461538461 0.859375 0.12259615384615384 0.04447115384615385
0 0.3798076923076923 0.8461538461538461 0.07211538461538461 0.020432692307692308
0 0.43990384615384615 0.8449519230769231 0.04447115384615385 0.019230769230769232
0 0.41346153846153844 0.8737980769230769 0.11658653846153846 0.025240384615384616
0 0.29927884615384615 0.8701923076923077 0.1045673076923077 0.025240384615384616
0 0.17427884615384615 0.8521634615384616 0.04807692307692308 0.009615384615384616
0 0.1971153846153846 0.8713942307692307 0.08653846153846154 0.02403846153846154
0 0.16706730769230768 0.6514423076923077 0.11298076923076923 0.018028846153846152
0 0.1658653846153846 0.6298076923076923 0.11538461538461539 0.019230769230769232
0 0.16706730769230768 0.6081730769230769 0.11298076923076923 0.016826923076923076
0 0.0829326923076923 0.5745192307692307 0.021634615384615384 0.07211538461538461
0 0.15865384615384615 0.5661057692307693 0.109375 0.018028846153846152
0 0.6502403846153846 0.8485576923076923 0.1045673076923077 0.019230769230769232
0 0.15504807692307693 0.5444711538461539 0.1201923076923077 0.018028846153846152
0 0.9627403846153846 0.34615384615384615 0.07211538461538461 0.02403846153846154
0 0.9603365384615384 0.3713942307692308 0.078125 0.02283653846153846
0 0.9567307692307693 0.3942307692307692 0.08173076923076923 0.02403846153846154
0 0.8822115384615384 0.41466346153846156 0.06129807692307692 0.13942307692307693
0 0.9495192307692307 0.43509615384615385 0.0673076923076923 0.018028846153846152
0 0.9543269230769231 0.4567307692307692 0.08173076923076923 0.02403846153846154
0 0.9555288461538461 0.48197115384615385 0.08173076923076923 0.02283653846153846
0 0.7932692307692307 0.3473557692307692 0.109375 0.019230769230769232
0 0.8040865384615384 0.3701923076923077 0.09134615384615384 0.021634615384615384
0 0.8052884615384616 0.39302884615384615 0.09014423076923077 0.02283653846153846
0 0.6959134615384616 0.3942307692307692 0.12139423076923077 0.026442307692307692
0 0.5661057692307693 0.3449519230769231 0.13701923076923078 0.021634615384615384
0 0.9014423076923077 0.25841346153846156 0.04567307692307692 0.16826923076923078
0 0.765625 0.875 0.1141826923076923 0.016826923076923076
0 0.7704326923076923 0.8569711538461539 0.10576923076923077 0.015625
0 0.7740384615384616 0.8425480769230769 0.10216346153846154 0.013221153846153846
0 0.19471153846153846 0.7776442307692307 0.08413461538461539 0.030048076923076924
0 0.19471153846153846 0.8064903846153846 0.08413461538461539 0.02403846153846154
0 0.27524038461538464 0.7860576923076923 0.07692307692307693 0.01201923076923077
0 0.2956730769230769 0.8040865384615384 0.11778846153846154 0.025240384615384616
0 0.41466346153846156 0.7668269230769231 0.11177884615384616 0.013221153846153846
0 0.41466346153846156 0.8016826923076923 0.11658653846153846 0.027644230769230768
0 0.5336538461538461 0.7800480769230769 0.1141826923076923 0.021634615384615384
0 0.6502403846153846 0.7728365384615384 0.11899038461538461 0.03245192307692308
0 0.6574519230769231 0.8016826923076923 0.12620192307692307 0.02403846153846154
0 0.7752403846153846 0.7824519230769231 0.10096153846153846 0.026442307692307692
0 0.46875 0.6201923076923077 0.03125 0.014423076923076924
0 0.46875 0.6033653846153846 0.03125 0.015625
0 0.4014423076923077 0.6454326923076923 0.10096153846153846 0.019230769230769232
0 0.4026442307692308 0.6274038461538461 0.10096153846153846 0.014423076923076924
0 0.4014423076923077 0.6045673076923077 0.09615384615384616 0.013221153846153846
0 0.296875 0.6033653846153846 0.10576923076923077 0.013221153846153846
0 0.28846153846153844 0.6442307692307693 0.1201923076923077 0.026442307692307692
0 0.7776442307692307 0.8076923076923077 0.11057692307692307 0.021634615384615384
0 0.90625 0.7644230769230769 0.0829326923076923 0.019230769230769232
0 0.9038461538461539 0.7824519230769231 0.09735576923076923 0.015625
0 0.9026442307692307 0.8016826923076923 0.09495192307692307 0.019230769230769232
0 0.9771634615384616 0.7692307692307693 0.04447115384615385 0.019230769230769232
0 0.9759615384615384 0.7980769230769231 0.046875 0.02403846153846154
0 0.9663461538461539 0.8533653846153846 0.06610576923076923 0.018028846153846152
0 0.9651442307692307 0.8737980769230769 0.06490384615384616 0.021634615384615384
0 0.8990384615384616 0.8497596153846154 0.055288461538461536 0.019230769230769232
0 0.9002403846153846 0.8701923076923077 0.057692307692307696 0.018028846153846152
0 0.5637019230769231 0.36658653846153844 0.13701923076923078 0.02283653846153846
0 0.040865384615384616 0.8076923076923077 0.08052884615384616 0.02283653846153846
0 0.5637019230769231 0.3918269230769231 0.13581730769230768 0.026442307692307692
0 0.4495192307692308 0.36899038461538464 0.026442307692307692 0.0733173076923077
0 0.4579326923076923 0.4579326923076923 0.051682692307692304 0.0673076923076923
0 0.4026442307692308 0.4567307692307692 0.04927884615384615 0.06610576923076923
0 0.35697115384615385 0.45552884615384615 0.040865384615384616 0.0625
0 0.3173076923076923 0.47596153846153844 0.03365384615384615 0.026442307692307692
0 0.25600961538461536 0.47716346153846156 0.08533653846153846 0.025240384615384616
0 0.29447115384615385 0.4387019230769231 0.07692307692307693 0.02283653846153846
0 0.2548076923076923 0.4567307692307692 0.0829326923076923 0.01201923076923077
0 0.15144230769230768 0.4807692307692308 0.12139423076923077 0.018028846153846152
0 0.40384615384615385 0.36899038461538464 0.020432692307692308 0.0733173076923077
0 0.38221153846153844 0.36899038461538464 0.019230769230769232 0.0733173076923077
0 0.359375 0.36778846153846156 0.02283653846153846 0.07211538461538461
0 0.3269230769230769 0.390625 0.030048076923076924 0.027644230769230768
0 0.5528846153846154 0.4326923076923077 0.1346153846153846 0.019230769230769232
0 0.29086538461538464 0.3557692307692308 0.1045673076923077 0.015625
0 0.26322115384615385 0.3918269230769231 0.0889423076923077 0.026442307692307692
0 0.19951923076923078 0.36658653846153844 0.03485576923076923 0.07211538461538461
0 0.16346153846153846 0.36778846153846156 0.03485576923076923 0.0733173076923077
0 0.12740384615384615 0.36778846153846156 0.03245192307692308 0.0733173076923077
0 0.016826923076923076 0.35096153846153844 0.03365384615384615 0.018028846153846152
0 0.016826923076923076 0.3713942307692308 0.03365384615384615 0.020432692307692308
0 0.016826923076923076 0.39302884615384615 0.03365384615384615 0.021634615384615384
0 0.025240384615384616 0.4362980769230769 0.04927884615384615 0.018028846153846152
0 0.025240384615384616 0.45913461538461536 0.05048076923076923 0.02403846153846154
0 0.025240384615384616 0.4807692307692308 0.05048076923076923 0.02283653846153846
0 0.15264423076923078 0.4375 0.1201923076923077 0.019230769230769232
0 0.15144230769230768 0.45913461538461536 0.1201923076923077 0.020432692307692308
0 0.265625 0.3713942307692308 0.08173076923076923 0.013221153846153846
0 0.5540865384615384 0.4543269230769231 0.13341346153846154 0.021634615384615384
0 0.5528846153846154 0.47836538461538464 0.13341346153846154 0.021634615384615384
0 0.65625 0.44350961538461536 0.06971153846153846 0.018028846153846152
0 0.4254807692307692 0.3701923076923077 0.019230769230769232 0.07692307692307693
0 0.15264423076923078 0.5252403846153846 0.12980769230769232 0.018028846153846152
0 0.042067307692307696 0.8581730769230769 0.08052884615384616 0.016826923076923076
0 0.042067307692307696 0.8762019230769231 0.07572115384615384 0.018028846153846152
0 0.040865384615384616 0.8449519230769231 0.07932692307692307 0.009615384615384616
0 0.27524038461538464 0.5612980769230769 0.11899038461538461 0.025240384615384616
0 0.2824519230769231 0.5336538461538461 0.11658653846153846 0.02403846153846154
0 0.2644230769230769 0.5144230769230769 0.07572115384615384 0.010817307692307692
0 0.4074519230769231 0.5612980769230769 0.13341346153846154 0.025240384615384616
0 0.40865384615384615 0.5360576923076923 0.12980769230769232 0.02403846153846154
0 0.5564903846153846 0.5649038461538461 0.13942307692307693 0.020432692307692308
0 0.5528846153846154 0.5444711538461539 0.13581730769230768 0.018028846153846152
0 0.5492788461538461 0.5264423076923077 0.13341346153846154 0.014423076923076924
0 0.6706730769230769 0.5685096153846154 0.06490384615384616 0.01201923076923077
0 0.6646634615384616 0.5540865384615384 0.06370192307692307 0.008413461538461538
0 0.7788461538461539 0.5661057692307693 0.13581730769230768 0.02283653846153846
0 0.7788461538461539 0.5420673076923077 0.13822115384615385 0.02403846153846154
0 0.8245192307692307 0.5216346153846154 0.05048076923076923 0.014423076923076924
0 0.8485576923076923 0.8882211538461539 0.040865384615384616 0.09375
0 0.859375 0.6754807692307693 0.04567307692307692 0.09975961538461539
0 0.8737980769230769 0.5673076923076923 0.04447115384615385 0.109375
0 0.9134615384615384 0.5408653846153846 0.030048076923076924 0.01201923076923077
0 0.9242788461538461 0.5625 0.04447115384615385 0.028846153846153848
0 0.984375 0.5649038461538461 0.026442307692307692 0.028846153846153848
0 0.9711538461538461 0.5276442307692307 0.056490384615384616 0.02403846153846154
0 0.7956730769230769 0.48197115384615385 0.0889423076923077 0.02283653846153846
0 0.6875 0.4831730769230769 0.12620192307692307 0.018028846153846152
0 0.4831730769230769 0.3701923076923077 0.020432692307692308 0.07211538461538461
0 0.040865384615384616 0.7848557692307693 0.08173076923076923 0.020432692307692308
0 0.13822115384615385 0.10817307692307693 0.11057692307692307 0.016826923076923076
0 0.046875 0.7283653846153846 0.07451923076923077 0.019230769230769232
0 0.7740384615384616 0.6478365384615384 0.12139423076923077 0.021634615384615384
0 0.7716346153846154 0.625 0.12379807692307693 0.018028846153846152
0 0.7728365384615384 0.6057692307692307 0.12620192307692307 0.018028846153846152
0 0.6514423076923077 0.6490384615384616 0.109375 0.020432692307692308
0 0.6478365384615384 0.6153846153846154 0.10336538461538461 0.018028846153846152
0 0.5420673076923077 0.6394230769230769 0.09014423076923077 0.030048076923076924
0 0.15625 0.1622596153846154 0.10336538461538461 0.021634615384615384
0 0.27524038461538464 0.20432692307692307 0.13942307692307693 0.03365384615384615
0 0.27884615384615385 0.1778846153846154 0.1141826923076923 0.016826923076923076
0 0.28365384615384615 0.15745192307692307 0.1141826923076923 0.020432692307692308
0 0.5709134615384616 0.21033653846153846 0.12620192307692307 0.02403846153846154
0 0.5612980769230769 0.1778846153846154 0.13341346153846154 0.021634615384615384
0 0.5600961538461539 0.15504807692307693 0.12980769230769232 0.020432692307692308
0 0.4098557692307692 0.2091346153846154 0.12620192307692307 0.025240384615384616
0 0.4891826923076923 0.20673076923076922 0.026442307692307692 0.028846153846153848
0 0.4110576923076923 0.18269230769230768 0.12379807692307693 0.02403846153846154
0 0.3786057692307692 0.1502403846153846 0.06370192307692307 0.016826923076923076
0 0.7175480769230769 0.07572115384615384 0.055288461538461536 0.09014423076923077
0 0.8137019230769231 0.051682692307692304 0.13221153846153846 0.028846153846153848
0 0.8112980769230769 0.08052884615384616 0.12620192307692307 0.027644230769230768
0 0.8112980769230769 0.10817307692307693 0.12620192307692307 0.027644230769230768
0 0.9110576923076923 0.09975961538461539 0.055288461538461536 0.12740384615384615
0 0.9543269230769231 0.07211538461538461 0.028846153846153848 0.0985576923076923
0 0.9278846153846154 0.6105769230769231 0.06009615384615385 0.014423076923076924
0 0.984375 0.07091346153846154 0.030048076923076924 0.09735576923076923
0 0.9615384615384616 0.18028846153846154 0.030048076923076924 0.08052884615384616
0 0.8161057692307693 0.15745192307692307 0.11778846153846154 0.027644230769230768
0 0.8185096153846154 0.18509615384615385 0.1045673076923077 0.02403846153846154
0 0.8185096153846154 0.21033653846153846 0.11057692307692307 0.02403846153846154
0 0.6911057692307693 0.1814903846153846 0.11658653846153846 0.027644230769230768
0 0.6995192307692307 0.2091346153846154 0.11899038461538461 0.02283653846153846
0 0.9879807692307693 0.18028846153846154 0.021634615384615384 0.08052884615384616
0 0.9254807692307693 0.6286057692307693 0.07692307692307693 0.010817307692307692
0 0.9254807692307693 0.6478365384615384 0.07692307692307693 0.020432692307692308
0 0.9807692307692307 0.6033653846153846 0.037259615384615384 0.014423076923076924
0 0.5865384615384616 0.27283653846153844 0.12379807692307693 0.021634615384615384
0 0.5865384615384616 0.25240384615384615 0.1346153846153846 0.018028846153846152
0 0.49399038461538464 0.2776442307692308 0.042067307692307696 0.07572115384615384
0 0.4483173076923077 0.2776442307692308 0.04326923076923077 0.07572115384615384
0 0.4026442307692308 0.2764423076923077 0.04567307692307692 0.07572115384615384
0 0.3557692307692308 0.2764423076923077 0.04447115384615385 0.07451923076923077
0 0.5853365384615384 0.29927884615384615 0.1346153846153846 0.028846153846153848
0 0.2704326923076923 0.29927884615384615 0.12379807692307693 0.028846153846153848
0 0.14903846153846154 0.18629807692307693 0.11177884615384616 0.020432692307692308
0 0.1502403846153846 0.2091346153846154 0.109375 0.019230769230769232
0 0.05048076923076923 0.12379807692307693 0.04927884615384615 0.11778846153846154
0 0.057692307692307696 0.22956730769230768 0.06009615384615385 0.09014423076923077
0 0.0733173076923077 0.34975961538461536 0.07572115384615384 0.11658653846153846
0 0.11658653846153846 0.8413461538461539 0.06610576923076923 0.14423076923076922
0 0.19110576923076922 0.27524038461538464 0.03365384615384615 0.078125
0 0.6610576923076923 0.07692307692307693 0.057692307692307696 0.08774038461538461
0 0.6742788461538461 0.27884615384615385 0.037259615384615384 0.07451923076923077
0 0.7139423076923077 0.2776442307692308 0.037259615384615384 0.07451923076923077
0 0.9807692307692307 0.6213942307692307 0.03365384615384615 0.021634615384615384
0 0.9819711538461539 0.6454326923076923 0.03125 0.026442307692307692
0 0.9807692307692307 0.6995192307692307 0.037259615384615384 0.02403846153846154
0 0.9795673076923077 0.7235576923076923 0.039663461538461536 0.021634615384615384
0 0.9194711538461539 0.6923076923076923 0.07211538461538461 0.027644230769230768
0 0.9194711538461539 0.7211538461538461 0.07211538461538461 0.028846153846153848
0 0.10576923076923077 0.7019230769230769 0.03245192307692308 0.078125
0 0.7788461538461539 0.6850961538461539 0.109375 0.013221153846153846
0 0.7776442307692307 0.7259615384615384 0.10817307692307693 0.020432692307692308
0 0.9615384615384616 0.29927884615384615 0.07572115384615384 0.028846153846153848
0 0.9519230769230769 0.26802884615384615 0.054086538461538464 0.03365384615384615
0 0.8509615384615384 0.2704326923076923 0.03245192307692308 0.030048076923076924
0 0.7932692307692307 0.3016826923076923 0.1201923076923077 0.026442307692307692
0 0.78125 0.2764423076923077 0.09134615384615384 0.020432692307692308
0 0.7800480769230769 0.7043269230769231 0.1045673076923077 0.020432692307692308
0 0.12379807692307693 0.27524038461538464 0.02283653846153846 0.078125
0 0.5564903846153846 0.10697115384615384 0.140625 0.026442307692307692
0 0.5576923076923077 0.046875 0.14423076923076922 0.030048076923076924
0 0.055288461538461536 0.7091346153846154 0.0625 0.014423076923076924
0 0.038461538461538464 0.6454326923076923 0.07692307692307693 0.018028846153846152
0 0.037259615384615384 0.625 0.07451923076923077 0.020432692307692308
0 0.042067307692307696 0.6081730769230769 0.055288461538461536 0.010817307692307692
0 0.03485576923076923 0.5612980769230769 0.06971153846153846 0.03485576923076923
0 0.03365384615384615 0.5348557692307693 0.0673076923076923 0.015625
0 0.5576923076923077 0.078125 0.14302884615384615 0.028846153846153848
0 0.18028846153846154 0.7295673076923077 0.11177884615384616 0.018028846153846152
0 0.18028846153846154 0.7103365384615384 0.11538461538461539 0.018028846153846152
0 0.1778846153846154 0.6899038461538461 0.109375 0.020432692307692308
0 0.3016826923076923 0.7247596153846154 0.1201923076923077 0.027644230769230768
0 0.2800480769230769 0.7055288461538461 0.078125 0.009615384615384616
0 0.41947115384615385 0.7295673076923077 0.11298076923076923 0.020432692307692308
0 0.15504807692307693 0.27524038461538464 0.03485576923076923 0.07692307692307693
0 0.4206730769230769 0.6862980769230769 0.10817307692307693 0.015625
0 0.421875 0.7067307692307693 0.10817307692307693 0.02283653846153846
0 0.12860576923076922 0.08774038461538461 0.10096153846153846 0.021634615384615384
0 0.47475961538461536 0.6502403846153846 0.030048076923076924 0.013221153846153846
0 0.27884615384615385 0.10336538461538461 0.14423076923076922 0.03365384615384615
0 0.4206730769230769 0.07932692307692307 0.12620192307692307 0.030048076923076924
0 0.2800480769230769 0.06971153846153846 0.13942307692307693 0.030048076923076924
0 0.14543269230769232 0.06490384615384616 0.125 0.02283653846153846
0 0.14903846153846154 0.04326923076923077 0.125 0.018028846153846152
0 0.6574519230769231 0.7151442307692307 0.10336538461538461 0.04447115384615385
0 0.5444711538461539 0.6887019230769231 0.1201923076923077 0.019230769230769232
0 0.5444711538461539 0.7151442307692307 0.11778846153846154 0.02283653846153846
0 0.4206730769230769 0.10817307692307693 0.11658653846153846 0.026442307692307692
0 0.4675480769230769 0.6358173076923077 0.026442307692307692 0.014423076923076924