0 0.27283653846153844 0.5492788461538461 0.051682692307692304 0.03245192307692308
0 0.42788461538461536 0.5420673076923077 0.04447115384615385 0.03245192307692308
0 0.3762019230769231 0.5444711538461539 0.04447115384615385 0.03245192307692308
0 0.21754807692307693 0.5504807692307693 0.051682692307692304 0.03365384615384615
0 0.9507211538461539 0.31009615384615385 0.046875 0.03245192307692308
0 0.9423076923076923 0.38341346153846156 0.05048076923076923 0.03125
0 0.8353365384615384 0.34975961538461536 0.051682692307692304 0.037259615384615384
0 0.890625 0.34975961538461536 0.05048076923076923 0.03365384615384615
0 0.9423076923076923 0.3473557692307692 0.046875 0.03485576923076923
0 0.8942307692307693 0.3112980769230769 0.05048076923076923 0.03245192307692308
0 0.026442307692307692 0.46634615384615385 0.051682692307692304 0.08533653846153846
0 0.039663461538461536 0.5769230769230769 0.07932692307692307 0.0889423076923077
0 0.025240384615384616 0.6899038461538461 0.05048076923076923 0.08653846153846154
0 0.8882211538461539 0.38461538461538464 0.046875 0.03365384615384615
0 0.3269230769230769 0.5480769230769231 0.051682692307692304 0.03245192307692308
0 0.31971153846153844 0.4411057692307692 0.052884615384615384 0.03365384615384615
0 0.5805288461538461 0.4987980769230769 0.04807692307692308 0.03245192307692308
0 0.4230769230769231 0.4026442307692308 0.04927884615384615 0.03365384615384615
0 0.3713942307692308 0.40384615384615385 0.04927884615384615 0.03365384615384615
0 0.31850961538461536 0.4050480769230769 0.054086538461538464 0.03485576923076923
0 0.26322115384615385 0.4074519230769231 0.054086538461538464 0.03485576923076923
0 0.20673076923076922 0.40865384615384615 0.054086538461538464 0.03485576923076923
0 0.15144230769230768 0.40865384615384615 0.054086538461538464 0.03485576923076923
0 0.5805288461538461 0.35697115384615385 0.04807692307692308 0.03485576923076923
0 0.5252403846153846 0.3605769230769231 0.04807692307692308 0.03485576923076923
0 0.47475961538461536 0.3641826923076923 0.051682692307692304 0.03485576923076923
0 0.4230769230769231 0.36538461538461536 0.04807692307692308 0.03485576923076923
0 0.3701923076923077 0.36658653846153844 0.052884615384615384 0.03485576923076923
0 0.31490384615384615 0.36899038461538464 0.054086538461538464 0.03485576923076923
0 0.25721153846153844 0.3701923076923077 0.054086538461538464 0.03485576923076923
0 0.20192307692307693 0.3701923076923077 0.054086538461538464 0.03485576923076923
0 0.14302884615384615 0.3713942307692308 0.054086538461538464 0.03485576923076923
0 0.5180288461538461 0.3233173076923077 0.04927884615384615 0.037259615384615384
0 0.46634615384615385 0.32572115384615385 0.04927884615384615 0.037259615384615384
0 0.41466346153846156 0.328125 0.052884615384615384 0.037259615384615384
0 0.3581730769230769 0.3293269230769231 0.052884615384615384 0.037259615384615384
0 0.30408653846153844 0.3293269230769231 0.052884615384615384 0.037259615384615384
0 0.2512019230769231 0.33052884615384615 0.052884615384615384 0.037259615384615384
0 0.19591346153846154 0.3329326923076923 0.052884615384615384 0.038461538461538464
0 0.1346153846153846 0.3329326923076923 0.052884615384615384 0.038461538461538464
0 0.19110576923076922 0.2920673076923077 0.052884615384615384 0.038461538461538464
0 0.13581730769230768 0.2932692307692308 0.052884615384615384 0.038461538461538464
0 0.47716346153846156 0.4014423076923077 0.05048076923076923 0.03365384615384615
0 0.16466346153846154 0.5528846153846154 0.051682692307692304 0.03245192307692308
0 0.5288461538461539 0.39663461538461536 0.046875 0.03365384615384615
0 0.15504807692307693 0.44591346153846156 0.052884615384615384 0.03365384615384615
0 0.5288461538461539 0.5024038461538461 0.04807692307692308 0.03245192307692308
0 0.47716346153846156 0.5060096153846154 0.04807692307692308 0.03245192307692308
0 0.4266826923076923 0.5084134615384616 0.04807692307692308 0.03245192307692308
0 0.3762019230769231 0.5108173076923077 0.05048076923076923 0.03245192307692308
0 0.32211538461538464 0.5120192307692307 0.05048076923076923 0.03245192307692308
0 0.2692307692307692 0.5144230769230769 0.052884615384615384 0.03365384615384615
0 0.21514423076923078 0.515625 0.054086538461538464 0.03365384615384615
0 0.15865384615384615 0.5168269230769231 0.054086538461538464 0.03365384615384615
0 0.5805288461538461 0.4639423076923077 0.04927884615384615 0.03365384615384615
0 0.5288461538461539 0.4675480769230769 0.04927884615384615 0.03485576923076923
0 0.4795673076923077 0.4699519230769231 0.04927884615384615 0.03485576923076923
0 0.4266826923076923 0.4735576923076923 0.04927884615384615 0.03485576923076923
0 0.37259615384615385 0.47475961538461536 0.04927884615384615 0.03485576923076923
0 0.31971153846153844 0.47716346153846156 0.04927884615384615 0.03485576923076923
0 0.2692307692307692 0.47836538461538464 0.04927884615384615 0.03485576923076923
0 0.21514423076923078 0.4795673076923077 0.051682692307692304 0.03485576923076923
0 0.15985576923076922 0.48197115384615385 0.052884615384615384 0.03485576923076923
0 0.5793269230769231 0.42908653846153844 0.046875 0.03245192307692308
0 0.5276442307692307 0.4326923076923077 0.046875 0.03245192307692308
0 0.47716346153846156 0.43509615384615385 0.05048076923076923 0.03245192307692308
0 0.4254807692307692 0.4375 0.05048076923076923 0.03245192307692308
0 0.37259615384615385 0.43990384615384615 0.05048076923076923 0.03245192307692308
0 0.47716346153846156 0.5396634615384616 0.04447115384615385 0.03245192307692308
0 0.265625 0.44350961538461536 0.052884615384615384 0.03365384615384615
0 0.21153846153846154 0.44350961538461536 0.052884615384615384 0.03365384615384615
0 0.5793269230769231 0.39302884615384615 0.046875 0.03365384615384615
0 0.5264423076923077 0.5360576923076923 0.04447115384615385 0.03245192307692308
0 0.8774038461538461 0.6237980769230769 0.05048076923076923 0.03245192307692308
0 0.5817307692307693 0.5661057692307693 0.04447115384615385 0.03245192307692308
0 0.3894230769230769 0.7199519230769231 0.056490384615384616 0.03365384615384615
0 0.44471153846153844 0.7175480769230769 0.052884615384615384 0.03245192307692308
0 0.5 0.7151442307692307 0.052884615384615384 0.03245192307692308
0 0.5552884615384616 0.7127403846153846 0.052884615384615384 0.030048076923076924
0 0.390625 0.6850961538461539 0.054086538461538464 0.03125
0 0.5564903846153846 0.6778846153846154 0.04927884615384615 0.03485576923076923
0 0.5012019230769231 0.6790865384615384 0.054086538461538464 0.03365384615384615
0 0.15264423076923078 0.6983173076923077 0.06009615384615385 0.036057692307692304
0 0.3329326923076923 0.7247596153846154 0.054086538461538464 0.037259615384615384
0 0.21514423076923078 0.6935096153846154 0.05889423076923077 0.036057692307692304
0 0.3329326923076923 0.6875 0.051682692307692304 0.036057692307692304
0 0.1502403846153846 0.6574519230769231 0.06009615384615385 0.038461538461538464
0 0.21394230769230768 0.6550480769230769 0.06129807692307692 0.037259615384615384
0 0.2764423076923077 0.6502403846153846 0.057692307692307696 0.037259615384615384
0 0.33653846153846156 0.6478365384615384 0.05889423076923077 0.036057692307692304
0 0.4362980769230769 0.6418269230769231 0.04567307692307692 0.03245192307692308
0 0.6105769230769231 0.7103365384615384 0.052884615384615384 0.03365384615384615
0 0.6658653846153846 0.7079326923076923 0.04927884615384615 0.03365384615384615
0 0.27524038461538464 0.6923076923076923 0.05889423076923077 0.036057692307692304
0 0.27524038461538464 0.7295673076923077 0.057692307692307696 0.03485576923076923
0 0.21634615384615385 0.7319711538461539 0.057692307692307696 0.03485576923076923
0 0.15504807692307693 0.7355769230769231 0.05889423076923077 0.03245192307692308
0 0.7860576923076923 0.3870192307692308 0.052884615384615384 0.03485576923076923
0 0.9362980769230769 0.4182692307692308 0.04927884615384615 0.030048076923076924
0 0.8858173076923077 0.41947115384615385 0.046875 0.03125
0 0.3293269230769231 0.5805288461538461 0.046875 0.030048076923076924
0 0.38341346153846156 0.6117788461538461 0.046875 0.030048076923076924
0 0.4326923076923077 0.609375 0.046875 0.030048076923076924
0 0.4831730769230769 0.6057692307692307 0.046875 0.030048076923076924
0 0.5324519230769231 0.6033653846153846 0.046875 0.030048076923076924
0 0.15865384615384615 0.7728365384615384 0.057692307692307696 0.036057692307692304
0 0.21754807692307693 0.7704326923076923 0.057692307692307696 0.036057692307692304
0 0.2764423076923077 0.7668269230769231 0.057692307692307696 0.03485576923076923
0 0.33413461538461536 0.7632211538461539 0.054086538461538464 0.036057692307692304
0 0.3894230769230769 0.7572115384615384 0.054086538461538464 0.036057692307692304
0 0.44471153846153844 0.7548076923076923 0.052884615384615384 0.036057692307692304
0 0.4987980769230769 0.7524038461538461 0.054086538461538464 0.036057692307692304
0 0.5528846153846154 0.75 0.051682692307692304 0.03365384615384615
0 0.6057692307692307 0.7463942307692307 0.04927884615384615 0.03245192307692308
0 0.6574519230769231 0.7439903846153846 0.05048076923076923 0.03245192307692308
0 0.7115384615384616 0.7415865384615384 0.04927884615384615 0.03245192307692308
0 0.71875 0.7043269230769231 0.05048076923076923 0.03245192307692308
0 0.8389423076923077 0.3870192307692308 0.04807692307692308 0.03485576923076923
0 0.7704326923076923 0.7019230769230769 0.04927884615384615 0.03485576923076923
0 0.8233173076923077 0.7331730769230769 0.04927884615384615 0.03365384615384615
0 0.9206730769230769 0.5516826923076923 0.04447115384615385 0.025240384615384616
0 0.8774038461538461 0.5480769230769231 0.037259615384615384 0.020432692307692308
0 0.6790865384615384 0.5625 0.04807692307692308 0.03245192307692308
0 0.7235576923076923 0.5600961538461539 0.036057692307692304 0.03125
0 0.6790865384615384 0.5276442307692307 0.04807692307692308 0.03125
0 0.7283653846153846 0.5264423076923077 0.04567307692307692 0.028846153846153848
0 0.7764423076923077 0.5252403846153846 0.04447115384615385 0.027644230769230768
0 0.8269230769230769 0.5228365384615384 0.04567307692307692 0.030048076923076924
0 0.9242788461538461 0.5757211538461539 0.037259615384615384 0.019230769230769232
0 0.875 0.5216346153846154 0.046875 0.030048076923076924
0 0.7295673076923077 0.49399038461538464 0.04567307692307692 0.030048076923076924
0 0.7776442307692307 0.49278846153846156 0.04927884615384615 0.027644230769230768
0 0.828125 0.49038461538461536 0.04326923076923077 0.030048076923076924
0 0.8762019230769231 0.4879807692307692 0.04447115384615385 0.030048076923076924
0 0.9254807692307693 0.4855769230769231 0.04447115384615385 0.03365384615384615
0 0.7800480769230769 0.45552884615384615 0.15264423076923078 0.03245192307692308
0 0.8822115384615384 0.4543269230769231 0.04807692307692308 0.028846153846153848
0 0.9290865384615384 0.4519230769230769 0.04326923076923077 0.030048076923076924
0 0.9230769230769231 0.5192307692307693 0.04567307692307692 0.03245192307692308
0 0.8737980769230769 0.5841346153846154 0.04927884615384615 0.03365384615384615
0 0.8185096153846154 0.5877403846153846 0.055288461538461536 0.03485576923076923
0 0.9338942307692307 0.6177884615384616 0.05048076923076923 0.030048076923076924
0 0.875 0.7307692307692307 0.04807692307692308 0.03245192307692308
0 0.9290865384615384 0.7283653846153846 0.04927884615384615 0.03125
0 0.9771634615384616 0.7235576923076923 0.04447115384615385 0.030048076923076924
0 0.9771634615384616 0.6899038461538461 0.04326923076923077 0.03245192307692308
0 0.9771634615384616 0.6526442307692307 0.04447115384615385 0.036057692307692304
0 0.8245192307692307 0.6971153846153846 0.051682692307692304 0.03365384615384615
0 0.8762019230769231 0.6947115384615384 0.04927884615384615 0.03125
0 0.9278846153846154 0.6923076923076923 0.04807692307692308 0.03245192307692308
0 0.6081730769230769 0.6730769230769231 0.05048076923076923 0.03245192307692308
0 0.6610576923076923 0.6742788461538461 0.04927884615384615 0.03125
0 0.7163461538461539 0.6694711538461539 0.055288461538461536 0.03245192307692308
0 0.7704326923076923 0.6658653846153846 0.04927884615384615 0.03485576923076923
0 0.8245192307692307 0.6610576923076923 0.051682692307692304 0.03245192307692308
0 0.8762019230769231 0.6598557692307693 0.04927884615384615 0.03245192307692308
0 0.9278846153846154 0.6550480769230769 0.046875 0.03365384615384615
0 0.6033653846153846 0.6370192307692307 0.04927884615384615 0.03365384615384615
0 0.7692307692307693 0.6274038461538461 0.054086538461538464 0.03485576923076923
0 0.8245192307692307 0.6262019230769231 0.05048076923076923 0.03485576923076923
0 0.8341346153846154 0.4230769230769231 0.04927884615384615 0.03245192307692308
0 0.7680288461538461 0.7367788461538461 0.052884615384615384 0.03245192307692308
0 0.7319711538461539 0.421875 0.04807692307692308 0.03125
0 0.7824519230769231 0.4230769230769231 0.046875 0.03125
0 0.5805288461538461 0.5324519230769231 0.04447115384615385 0.03245192307692308
0 0.5300480769230769 0.5721153846153846 0.04447115384615385 0.03245192307692308
0 0.4807692307692308 0.5733173076923077 0.04447115384615385 0.03245192307692308
0 0.42908653846153844 0.5757211538461539 0.04447115384615385 0.03245192307692308
0 0.3786057692307692 0.578125 0.046875 0.03125
0 0.16826923076923078 0.5877403846153846 0.05048076923076923 0.030048076923076924
0 0.22355769230769232 0.5841346153846154 0.05048076923076923 0.030048076923076924
0 0.2776442307692308 0.5841346153846154 0.05048076923076923 0.030048076923076924