0 0.171875 0.4182692307692308 0.052884615384615384 0.03485576923076923
0 0.17908653846153846 0.45552884615384615 0.04927884615384615 0.020432692307692308
0 0.3004807692307692 0.26322115384615385 0.055288461538461536 0.039663461538461536
0 0.3245192307692308 0.6394230769230769 0.04927884615384615 0.10817307692307693
0 0.3737980769230769 0.6286057692307693 0.04807692307692308 0.08533653846153846
0 0.078125 0.5721153846153846 0.08173076923076923 0.14182692307692307
0 0.15504807692307693 0.5408653846153846 0.07091346153846154 0.12980769230769232
0 0.140625 0.2704326923076923 0.04326923076923077 0.04927884615384615
0 0.1935096153846154 0.2692307692307692 0.055288461538461536 0.04927884615384615
0 0.24759615384615385 0.26802884615384615 0.052884615384615384 0.04927884615384615
0 0.4567307692307692 0.5913461538461539 0.07932692307692307 0.04807692307692308
0 0.34975961538461536 0.2620192307692308 0.04326923076923077 0.040865384615384616
0 0.3942307692307692 0.2608173076923077 0.04447115384615385 0.036057692307692304
0 0.13221153846153846 0.2127403846153846 0.051682692307692304 0.054086538461538464
0 0.18269230769230768 0.21153846153846154 0.05048076923076923 0.054086538461538464
0 0.23677884615384615 0.21394230769230768 0.054086538461538464 0.051682692307692304
0 0.29086538461538464 0.21394230769230768 0.052884615384615384 0.04927884615384615
0 0.3425480769230769 0.2127403846153846 0.04927884615384615 0.05048076923076923
0 0.38822115384615385 0.2127403846153846 0.038461538461538464 0.04927884615384615
0 0.7175480769230769 0.42908653846153844 0.06370192307692307 0.039663461538461536
0 0.7211538461538461 0.484375 0.06971153846153846 0.039663461538461536
0 0.7223557692307693 0.5360576923076923 0.06850961538461539 0.03485576923076923
0 0.640625 0.4519230769230769 0.08173076923076923 0.054086538461538464
0 0.640625 0.5144230769230769 0.07692307692307693 0.04326923076923077
0 0.6322115384615384 0.578125 0.078125 0.042067307692307696
0 0.5432692307692307 0.48197115384615385 0.06610576923076923 0.055288461538461536
0 0.5420673076923077 0.5504807692307693 0.07211538461538461 0.04447115384615385
0 0.5444711538461539 0.609375 0.07572115384615384 0.027644230769230768
0 0.21514423076923078 0.5288461538461539 0.04807692307692308 0.13341346153846154
0 0.296875 0.5228365384615384 0.052884615384615384 0.1201923076923077
0 0.35096153846153844 0.5168269230769231 0.05889423076923077 0.12139423076923077
0 0.46274038461538464 0.6730769230769231 0.06490384615384616 0.0733173076923077
0 0.27163461538461536 0.6622596153846154 0.05048076923076923 0.10096153846153846
0 0.21394230769230768 0.6742788461538461 0.057692307692307696 0.11899038461538461
0 0.4567307692307692 0.515625 0.08533653846153846 0.06129807692307692
0 0.07572115384615384 0.7319711538461539 0.06971153846153846 0.12139423076923077
0 0.036057692307692304 0.8810096153846154 0.06129807692307692 0.10096153846153846
0 0.14903846153846154 0.31971153846153844 0.06370192307692307 0.04326923076923077
0 0.4110576923076923 0.34375 0.042067307692307696 0.03485576923076923
0 0.14783653846153846 0.7163461538461539 0.06129807692307692 0.11778846153846154
0 0.36899038461538464 0.34375 0.039663461538461536 0.039663461538461536
0 0.3293269230769231 0.3557692307692308 0.03365384615384615 0.036057692307692304
0 0.28846153846153844 0.3605769230769231 0.040865384615384616 0.04567307692307692
0 0.2283653846153846 0.36538461538461536 0.06370192307692307 0.04326923076923077
0 0.16826923076923078 0.3713942307692308 0.051682692307692304 0.04807692307692308
0 0.41466346153846156 0.38461538461538464 0.03365384615384615 0.03245192307692308
0 0.3762019230769231 0.39302884615384615 0.038461538461538464 0.039663461538461536
0 0.3293269230769231 0.39783653846153844 0.040865384615384616 0.038461538461538464
0 0.41947115384615385 0.42427884615384615 0.037259615384615384 0.04326923076923077
0 0.37740384615384615 0.43028846153846156 0.027644230769230768 0.038461538461538464
0 0.3401442307692308 0.4362980769230769 0.040865384615384616 0.037259615384615384
0 0.29086538461538464 0.44350961538461536 0.04326923076923077 0.037259615384615384
0 0.2824519230769231 0.4050480769230769 0.054086538461538464 0.03125
0 0.2283653846153846 0.4170673076923077 0.05048076923076923 0.040865384615384616
0 0.23557692307692307 0.4519230769230769 0.06009615384615385 0.02403846153846154
0 0.23076923076923078 0.7944711538461539 0.06009615384615385 0.10216346153846154
0 0.28725961538461536 0.7680288461538461 0.046875 0.07692307692307693
0 0.33653846153846156 0.7463942307692307 0.04807692307692308 0.06850961538461539
0 0.38461538461538464 0.7307692307692307 0.04927884615384615 0.07091346153846154
0 0.21394230769230768 0.31490384615384615 0.04927884615384615 0.039663461538461536
0 0.26322115384615385 0.3112980769230769 0.037259615384615384 0.04326923076923077
0 0.31009615384615385 0.3088942307692308 0.052884615384615384 0.039663461538461536
0 0.359375 0.3016826923076923 0.040865384615384616 0.038461538461538464
0 0.4014423076923077 0.3004807692307692 0.039663461538461536 0.036057692307692304
0 0.16826923076923078 0.8413461538461539 0.07091346153846154 0.11899038461538461
0 0.10096153846153846 0.8497596153846154 0.0625 0.10697115384615384