0 0.14182692307692307 0.5360576923076923 0.038461538461538464 0.13581730769230768
0 0.18629807692307693 0.8786057692307693 0.03245192307692308 0.11538461538461539
0 0.1466346153846154 0.8786057692307693 0.04326923076923077 0.11538461538461539
0 0.10096153846153846 0.8737980769230769 0.04447115384615385 0.12379807692307693
0 0.055288461538461536 0.8725961538461539 0.042067307692307696 0.12139423076923077
0 0.7367788461538461 0.7019230769230769 0.03365384615384615 0.12620192307692307
0 0.6983173076923077 0.7043269230769231 0.042067307692307696 0.12620192307692307
0 0.6586538461538461 0.7067307692307693 0.037259615384615384 0.12139423076923077
0 0.9807692307692307 0.14423076923076922 0.03245192307692308 0.1502403846153846
0 0.025240384615384616 0.3581730769230769 0.040865384615384616 0.13341346153846154
0 0.09375 0.359375 0.037259615384615384 0.13581730769230768
0 0.2283653846153846 0.8701923076923077 0.04927884615384615 0.12860576923076922
0 0.5661057692307693 0.6983173076923077 0.14182692307692307 0.14423076923076922
0 0.47596153846153844 0.7079326923076923 0.037259615384615384 0.12980769230769232
0 0.4362980769230769 0.7091346153846154 0.040865384615384616 0.12740384615384615
0 0.39903846153846156 0.7091346153846154 0.03485576923076923 0.12620192307692307
0 0.3605769230769231 0.7115384615384616 0.036057692307692304 0.12259615384615384
0 0.32572115384615385 0.7211538461538461 0.028846153846153848 0.037259615384615384
0 0.3269230769230769 0.7560096153846154 0.028846153846153848 0.03245192307692308
0 0.06009615384615385 0.35697115384615385 0.027644230769230768 0.13581730769230768
0 0.27403846153846156 0.8713942307692307 0.037259615384615384 0.125
0 0.4026442307692308 0.8677884615384616 0.04807692307692308 0.12860576923076922
0 0.359375 0.8677884615384616 0.039663461538461536 0.12740384615384615
0 0.9182692307692307 0.6923076923076923 0.038461538461538464 0.14182692307692307
0 0.953125 0.6911057692307693 0.028846153846153848 0.14182692307692307
0 0.8846153846153846 0.6935096153846154 0.030048076923076924 0.13942307692307693
0 0.8521634615384616 0.6971153846153846 0.03365384615384615 0.13701923076923078
0 0.8125 0.7043269230769231 0.040865384615384616 0.1310096153846154
0 0.7716346153846154 0.703125 0.038461538461538464 0.12620192307692307
0 0.9158653846153846 0.8605769230769231 0.039663461538461536 0.1346153846153846
0 0.875 0.8629807692307693 0.039663461538461536 0.12860576923076922
0 0.8329326923076923 0.859375 0.030048076923076924 0.13221153846153846
0 0.7992788461538461 0.859375 0.037259615384615384 0.12980769230769232
0 0.7596153846153846 0.8617788461538461 0.04326923076923077 0.12379807692307693
0 0.7163461538461539 0.8581730769230769 0.037259615384615384 0.1310096153846154
0 0.6790865384615384 0.859375 0.038461538461538464 0.1346153846153846
0 0.6346153846153846 0.8641826923076923 0.04567307692307692 0.13701923076923078
0 0.5889423076923077 0.8617788461538461 0.04447115384615385 0.1346153846153846
0 0.5420673076923077 0.8629807692307693 0.04326923076923077 0.12860576923076922
0 0.4951923076923077 0.8641826923076923 0.051682692307692304 0.12740384615384615
0 0.4483173076923077 0.8641826923076923 0.039663461538461536 0.13341346153846154
0 0.29927884615384615 0.7367788461538461 0.02403846153846154 0.08052884615384616
0 0.3161057692307692 0.8689903846153846 0.04567307692307692 0.12139423076923077
0 0.12740384615384615 0.3581730769230769 0.028846153846153848 0.13942307692307693
0 0.16346153846153846 0.38221153846153844 0.03245192307692308 0.09375
0 0.19230769230769232 0.3858173076923077 0.02283653846153846 0.08653846153846154
0 0.18870192307692307 0.7139423076923077 0.03365384615384615 0.1310096153846154
0 0.15144230769230768 0.7139423076923077 0.039663461538461536 0.1310096153846154
0 0.10817307692307693 0.7163461538461539 0.04326923076923077 0.12980769230769232
0 0.06490384615384616 0.7163461538461539 0.04326923076923077 0.12740384615384615
0 0.9555288461538461 0.5216346153846154 0.037259615384615384 0.13701923076923078
0 0.9230769230769231 0.5192307692307693 0.027644230769230768 0.140625
0 0.8882211538461539 0.5240384615384616 0.042067307692307696 0.1466346153846154
0 0.7944711538461539 0.5240384615384616 0.039663461538461536 0.14423076923076922
0 0.7475961538461539 0.5204326923076923 0.04927884615384615 0.14423076923076922
0 0.2283653846153846 0.7127403846153846 0.04326923076923077 0.12980769230769232
0 0.7019230769230769 0.5228365384615384 0.039663461538461536 0.1346153846153846
0 0.4831730769230769 0.5252403846153846 0.04326923076923077 0.13701923076923078
0 0.4423076923076923 0.5276442307692307 0.03245192307692308 0.1346153846153846
0 0.4026442307692308 0.5300480769230769 0.03485576923076923 0.1346153846153846
0 0.36177884615384615 0.5252403846153846 0.04326923076923077 0.13942307692307693
0 0.32211538461538464 0.5240384615384616 0.03365384615384615 0.140625
0 0.9831730769230769 0.6923076923076923 0.028846153846153848 0.13942307692307693
0 0.2920673076923077 0.5420673076923077 0.025240384615384616 0.1141826923076923
0 0.2668269230769231 0.5444711538461539 0.025240384615384616 0.11778846153846154
0 0.22716346153846154 0.53125 0.05048076923076923 0.140625
0 0.5733173076923077 0.5240384615384616 0.12740384615384615 0.13942307692307693
0 0.26802884615384615 0.7103365384615384 0.030048076923076924 0.12860576923076922
0 0.09735576923076923 0.5336538461538461 0.046875 0.14302884615384615
0 0.055288461538461536 0.5288461538461539 0.038461538461538464 0.15384615384615385
0 0.2283653846153846 0.40384615384615385 0.036057692307692304 0.039663461538461536
0 0.265625 0.40024038461538464 0.036057692307692304 0.036057692307692304
0 0.30528846153846156 0.3473557692307692 0.042067307692307696 0.15384615384615385
0 0.35096153846153844 0.3485576923076923 0.046875 0.15625
0 0.016826923076923076 0.8701923076923077 0.03365384615384615 0.12740384615384615
0 0.4326923076923077 0.34615384615384615 0.039663461538461536 0.15625
0 0.47596153846153844 0.3485576923076923 0.04567307692307692 0.15144230769230768
0 0.5612980769230769 0.3473557692307692 0.12259615384615384 0.14182692307692307
0 0.22596153846153846 0.36177884615384615 0.03245192307692308 0.038461538461538464
0 0.2620192307692308 0.3605769230769231 0.040865384615384616 0.037259615384615384
0 0.22115384615384615 0.31850961538461536 0.042067307692307696 0.04447115384615385
0 0.2608173076923077 0.31850961538461536 0.036057692307692304 0.042067307692307696
0 0.6574519230769231 0.35096153846153844 0.037259615384615384 0.13822115384615385
0 0.6947115384615384 0.34975961538461536 0.038461538461538464 0.13701923076923078
0 0.7367788461538461 0.35096153846153844 0.04447115384615385 0.13581730769230768
0 0.7764423076923077 0.34975961538461536 0.03485576923076923 0.13341346153846154
0 0.9074519230769231 0.3485576923076923 0.027644230769230768 0.13581730769230768
0 0.9314903846153846 0.3449519230769231 0.018028846153846152 0.13341346153846154
0 0.8822115384615384 0.3425480769230769 0.019230769230769232 0.14783653846153846
0 0.9627403846153846 0.35216346153846156 0.028846153846153848 0.12980769230769232
0 0.9879807692307693 0.3473557692307692 0.02283653846153846 0.13341346153846154
0 0.18269230769230768 0.5288461538461539 0.036057692307692304 0.140625
0 0.3942307692307692 0.34615384615384615 0.038461538461538464 0.15625
0 0.6189903846153846 0.15865384615384615 0.037259615384615384 0.13942307692307693
0 0.38341346153846156 0.15745192307692307 0.036057692307692304 0.13221153846153846
0 0.7211538461538461 0.15384615384615385 0.05048076923076923 0.14302884615384615
0 0.6646634615384616 0.15865384615384615 0.039663461538461536 0.140625
0 0.05048076923076923 0.15264423076923078 0.02403846153846154 0.15264423076923078
0 0.5793269230769231 0.15745192307692307 0.039663461538461536 0.13581730769230768
0 0.5384615384615384 0.15745192307692307 0.040865384615384616 0.1346153846153846
0 0.4987980769230769 0.15865384615384615 0.03485576923076923 0.13221153846153846
0 0.46153846153846156 0.15865384615384615 0.036057692307692304 0.13221153846153846
0 0.4230769230769231 0.15745192307692307 0.037259615384615384 0.13341346153846154
0 0.34134615384615385 0.1658653846153846 0.040865384615384616 0.125
0 0.2920673076923077 0.06971153846153846 0.051682692307692304 0.04447115384615385
0 0.296875 0.11778846153846154 0.04447115384615385 0.05048076923076923
0 0.296875 0.16466346153846154 0.046875 0.042067307692307696
0 0.2980769230769231 0.20793269230769232 0.04447115384615385 0.04447115384615385
0 0.12620192307692307 0.14903846153846154 0.04326923076923077 0.15865384615384615
0 0.0829326923076923 0.15264423076923078 0.039663461538461536 0.15384615384615385
0 0.7776442307692307 0.15144230769230768 0.04567307692307692 0.14423076923076922
0 0.9134615384615384 0.14423076923076922 0.040865384615384616 0.15504807692307693
0 0.019230769230769232 0.15144230769230768 0.038461538461538464 0.14903846153846154
0 0.9495192307692307 0.14302884615384615 0.028846153846153848 0.15504807692307693
0 0.9615384615384616 0.8557692307692307 0.039663461538461536 0.11538461538461539