0 0.4026442307692308 0.7800480769230769 0.078125 0.08533653846153846
0 0.3425480769230769 0.7956730769230769 0.03245192307692308 0.05889423076923077
0 0.2980769230769231 0.7956730769230769 0.052884615384615384 0.05889423076923077
0 0.5661057692307693 0.20793269230769232 0.057692307692307696 0.08413461538461539
0 0.19471153846153846 0.7980769230769231 0.04807692307692308 0.056490384615384616
0 0.7584134615384616 0.7836538461538461 0.06370192307692307 0.06009615384615385
0 0.546875 0.7776442307692307 0.078125 0.08052884615384616
0 0.6201923076923077 0.7848557692307693 0.06009615384615385 0.06129807692307692
0 0.6850961538461539 0.20552884615384615 0.057692307692307696 0.08533653846153846
0 0.8245192307692307 0.7836538461538461 0.0673076923076923 0.06009615384615385
0 0.8894230769230769 0.7884615384615384 0.052884615384615384 0.054086538461538464
0 0.9447115384615384 0.765625 0.04326923076923077 0.0889423076923077
0 0.9831730769230769 0.7668269230769231 0.03245192307692308 0.08653846153846154
0 0.984375 0.8725961538461539 0.030048076923076924 0.09254807692307693
0 0.5108173076923077 0.21394230769230768 0.052884615384615384 0.07692307692307693
0 0.9447115384615384 0.8725961538461539 0.04567307692307692 0.08774038461538461
0 0.47596153846153844 0.7908653846153846 0.06009615384615385 0.0673076923076923
0 0.4567307692307692 0.21394230769230768 0.052884615384615384 0.08052884615384616
0 0.38341346153846156 0.33653846153846156 0.06129807692307692 0.07572115384615384
0 0.3473557692307692 0.21514423076923078 0.04807692307692308 0.07572115384615384
0 0.453125 0.31971153846153844 0.07211538461538461 0.10576923076923077
0 0.8954326923076923 0.8762019230769231 0.04567307692307692 0.09495192307692307
0 0.31850961538461536 0.32211538461538464 0.057692307692307696 0.10216346153846154
0 0.25721153846153844 0.3401442307692308 0.06129807692307692 0.0625
0 0.24879807692307693 0.2932692307692308 0.06490384615384616 0.028846153846153848
0 0.17548076923076922 0.3233173076923077 0.07692307692307693 0.10336538461538461
0 0.11298076923076923 0.33052884615384615 0.042067307692307696 0.09254807692307693
0 0.07451923076923077 0.33052884615384615 0.03245192307692308 0.09254807692307693
0 0.4014423076923077 0.21514423076923078 0.056490384615384616 0.07572115384615384
0 0.021634615384615384 0.3293269230769231 0.042067307692307696 0.09254807692307693
0 0.078125 0.21514423076923078 0.09975961538461539 0.08173076923076923
0 0.0829326923076923 0.14182692307692307 0.10817307692307693 0.021634615384615384
0 0.16105769230769232 0.1778846153846154 0.03485576923076923 0.021634615384615384
0 0.16105769230769232 0.22355769230769232 0.038461538461538464 0.06610576923076923
0 0.20432692307692307 0.13942307692307693 0.04807692307692308 0.04326923076923077
0 0.20552884615384615 0.21033653846153846 0.04807692307692308 0.09254807692307693
0 0.2536057692307692 0.2091346153846154 0.04807692307692308 0.0889423076923077
0 0.3016826923076923 0.21995192307692307 0.042067307692307696 0.0625
0 0.07692307692307693 0.16346153846153846 0.10576923076923077 0.021634615384615384
0 0.8497596153846154 0.8786057692307693 0.038461538461538464 0.09134615384615384
0 0.5348557692307693 0.04927884615384615 0.04326923076923077 0.09735576923076923
0 0.7259615384615384 0.8798076923076923 0.08653846153846154 0.08052884615384616
0 0.7776442307692307 0.04807692307692308 0.04807692307692308 0.09615384615384616
0 0.7271634615384616 0.046875 0.04447115384615385 0.09375
0 0.6814903846153846 0.04807692307692308 0.038461538461538464 0.09495192307692307
0 0.6298076923076923 0.04927884615384615 0.06009615384615385 0.09615384615384616
0 0.5769230769230769 0.055288461538461536 0.03485576923076923 0.0829326923076923
0 0.4879807692307692 0.051682692307692304 0.04326923076923077 0.10216346153846154
0 0.42908653846153844 0.06370192307692307 0.0673076923076923 0.026442307692307692
0 0.09375 0.06129807692307692 0.057692307692307696 0.08533653846153846
0 0.8365384615384616 0.07932692307692307 0.0673076923076923 0.027644230769230768
0 0.03125 0.09375 0.0625 0.02403846153846154
0 0.03245192307692308 0.04326923076923077 0.06129807692307692 0.025240384615384616
0 0.16466346153846154 0.052884615384615384 0.08052884615384616 0.10576923076923077
0 0.2403846153846154 0.051682692307692304 0.06009615384615385 0.10216346153846154
0 0.3076923076923077 0.06009615384615385 0.06850961538461539 0.028846153846153848
0 0.3076923076923077 0.09014423076923077 0.057692307692307696 0.025240384615384616
0 0.37259615384615385 0.06610576923076923 0.042067307692307696 0.07091346153846154
0 0.4326923076923077 0.09014423076923077 0.06009615384615385 0.025240384615384616
0 0.5180288461538461 0.33653846153846156 0.054086538461538464 0.06850961538461539
0 0.03125 0.0673076923076923 0.06009615384615385 0.02283653846153846
0 0.8028846153846154 0.8786057692307693 0.054086538461538464 0.09134615384615384
0 0.9110576923076923 0.07451923076923077 0.078125 0.038461538461538464
0 0.8389423076923077 0.052884615384615384 0.06610576923076923 0.025240384615384616
0 0.6442307692307693 0.8786057692307693 0.07451923076923077 0.07932692307692307
0 0.5709134615384616 0.8810096153846154 0.06971153846153846 0.07692307692307693
0 0.49759615384615385 0.8822115384615384 0.07572115384615384 0.078125
0 0.4326923076923077 0.8641826923076923 0.052884615384615384 0.04807692307692308
0 0.328125 0.8894230769230769 0.06850961538461539 0.09495192307692307
0 0.25961538461538464 0.8882211538461539 0.06490384615384616 0.09134615384615384
0 0.19591346153846154 0.8894230769230769 0.06370192307692307 0.09375
0 0.12860576923076922 0.8894230769230769 0.06850961538461539 0.08653846153846154
0 0.9747596153846154 0.0733173076923077 0.04927884615384615 0.039663461538461536
0 0.06009615384615385 0.8942307692307693 0.06370192307692307 0.09495192307692307
0 0.7475961538461539 0.20432692307692307 0.0625 0.08774038461538461
0 0.8076923076923077 0.20192307692307693 0.04927884615384615 0.08173076923076923
0 0.8641826923076923 0.20072115384615385 0.06009615384615385 0.08774038461538461
0 0.9266826923076923 0.20192307692307693 0.057692307692307696 0.07692307692307693
0 0.9783653846153846 0.20192307692307693 0.042067307692307696 0.07932692307692307
0 0.9783653846153846 0.030048076923076924 0.038461538461538464 0.055288461538461536
0 0.9146634615384616 0.03365384615384615 0.08052884615384616 0.042067307692307696
0 0.8377403846153846 0.025240384615384616 0.06370192307692307 0.025240384615384616
0 0.01201923076923077 0.8954326923076923 0.02403846153846154 0.09134615384615384
0 0.5805288461538461 0.31850961538461536 0.06490384615384616 0.10576923076923077
0 0.6274038461538461 0.20793269230769232 0.054086538461538464 0.08413461538461539
0 0.7223557692307693 0.3137019230769231 0.0673076923076923 0.10216346153846154
0 0.8233173076923077 0.5480769230769231 0.0889423076923077 0.09975961538461539
0 0.9026442307692307 0.5516826923076923 0.06129807692307692 0.08413461538461539
0 0.9663461538461539 0.5456730769230769 0.0625 0.09615384615384616
0 0.9026442307692307 0.6682692307692307 0.07451923076923077 0.06610576923076923
0 0.8209134615384616 0.6694711538461539 0.078125 0.06370192307692307
0 0.6634615384615384 0.6610576923076923 0.04807692307692308 0.09375
0 0.6141826923076923 0.6598557692307693 0.039663461538461536 0.08774038461538461
0 0.5757211538461539 0.6646634615384616 0.03245192307692308 0.08653846153846154
0 0.5408653846153846 0.6634615384615384 0.03485576923076923 0.08413461538461539
0 0.5036057692307693 0.6670673076923077 0.03365384615384615 0.08533653846153846
0 0.46875 0.6670673076923077 0.036057692307692304 0.0829326923076923
0 0.4338942307692308 0.6646634615384616 0.03365384615384615 0.08173076923076923
0 0.7439903846153846 0.5516826923076923 0.055288461538461536 0.09014423076923077
0 0.3954326923076923 0.6694711538461539 0.039663461538461536 0.08774038461538461
0 0.3137019230769231 0.671875 0.039663461538461536 0.09014423076923077
0 0.27403846153846156 0.671875 0.028846153846153848 0.08653846153846154
0 0.24158653846153846 0.6730769230769231 0.03365384615384615 0.08653846153846154
0 0.20673076923076922 0.6742788461538461 0.03485576923076923 0.08653846153846154
0 0.14783653846153846 0.6694711538461539 0.06009615384615385 0.09254807692307693
0 0.09014423076923077 0.6694711538461539 0.05048076923076923 0.09735576923076923
0 0.036057692307692304 0.6838942307692307 0.057692307692307696 0.0733173076923077
0 0.020432692307692308 0.7956730769230769 0.039663461538461536 0.07091346153846154
0 0.06129807692307692 0.7944711538461539 0.03245192307692308 0.06850961538461539
0 0.10336538461538461 0.7992788461538461 0.04447115384615385 0.06129807692307692
0 0.1502403846153846 0.7992788461538461 0.042067307692307696 0.06009615384615385
0 0.6538461538461539 0.32572115384615385 0.06490384615384616 0.08774038461538461
0 0.35336538461538464 0.6670673076923077 0.037259615384615384 0.08533653846153846
0 0.6790865384615384 0.5540865384615384 0.07211538461538461 0.0889423076923077
0 0.6862980769230769 0.7872596153846154 0.0733173076923077 0.06370192307692307
0 0.47475961538461536 0.5564903846153846 0.08533653846153846 0.09014423076923077
0 0.04567307692307692 0.5625 0.06610576923076923 0.09615384615384616
0 0.021634615384615384 0.45913461538461536 0.040865384615384616 0.09014423076923077
0 0.07692307692307693 0.4579326923076923 0.06490384615384616 0.08533653846153846
0 0.15144230769230768 0.45552884615384615 0.07091346153846154 0.08533653846153846
0 0.22596153846153846 0.45552884615384615 0.07572115384615384 0.08653846153846154
0 0.35216346153846156 0.4735576923076923 0.109375 0.04927884615384615
0 0.35216346153846156 0.4206730769230769 0.11177884615384616 0.05048076923076923
0 0.44350961538461536 0.43990384615384615 0.06490384615384616 0.109375
0 0.12980769230769232 0.5685096153846154 0.03245192307692308 0.06850961538461539
0 0.5048076923076923 0.46153846153846156 0.051682692307692304 0.07091346153846154
0 0.7692307692307693 0.4026442307692308 0.05889423076923077 0.027644230769230768
0 0.7716346153846154 0.4579326923076923 0.06490384615384616 0.07211538461538461
0 0.8401442307692307 0.4326923076923077 0.06971153846153846 0.10697115384615384
0 0.9038461538461539 0.44711538461538464 0.055288461538461536 0.07211538461538461
0 0.9651442307692307 0.44350961538461536 0.0625 0.0829326923076923
0 0.9375 0.3088942307692308 0.07572115384615384 0.10697115384615384
0 0.8665865384615384 0.32572115384615385 0.0625 0.07451923076923077
0 0.5540865384615384 0.5552884615384616 0.06490384615384616 0.09615384615384616
0 0.6658653846153846 0.453125 0.06971153846153846 0.07692307692307693
0 0.16706730769230768 0.5769230769230769 0.040865384615384616 0.06129807692307692
0 0.5769230769230769 0.4362980769230769 0.08173076923076923 0.109375
0 0.7956730769230769 0.3125 0.06850961538461539 0.10576923076923077
0 0.3125 0.5757211538461539 0.03485576923076923 0.056490384615384616
0 0.27163461538461536 0.578125 0.036057692307692304 0.06009615384615385
0 0.23197115384615385 0.5805288461538461 0.03365384615384615 0.057692307692307696
0 0.20192307692307693 0.5733173076923077 0.026442307692307692 0.052884615384615384
0 0.23798076923076922 0.5336538461538461 0.08052884615384616 0.02283653846153846
0 0.35697115384615385 0.5745192307692307 0.039663461538461536 0.06370192307692307