0 0.20432692307692307 0.47475961538461536 0.07572115384615384 0.030048076923076924
0 0.038461538461538464 0.15985576923076922 0.07692307692307693 0.04567307692307692
0 0.2932692307692308 0.859375 0.06370192307692307 0.04927884615384615
0 0.3641826923076923 0.8425480769230769 0.06610576923076923 0.040865384615384616
0 0.4326923076923077 0.8605769230769231 0.0673076923076923 0.04807692307692308
0 0.5012019230769231 0.8617788461538461 0.06850961538461539 0.04567307692307692
0 0.5721153846153846 0.8617788461538461 0.06610576923076923 0.046875
0 0.5709134615384616 0.8233173076923077 0.06370192307692307 0.030048076923076924
0 0.6382211538461539 0.8233173076923077 0.06370192307692307 0.028846153846153848
0 0.7055288461538461 0.8209134615384616 0.06850961538461539 0.03485576923076923
0 0.7740384615384616 0.8221153846153846 0.06370192307692307 0.03245192307692308
0 0.6418269230769231 0.8617788461538461 0.06490384615384616 0.04326923076923077
0 0.7091346153846154 0.8617788461538461 0.06370192307692307 0.04567307692307692
0 0.7752403846153846 0.8617788461538461 0.0673076923076923 0.04326923076923077
0 0.8413461538461539 0.875 0.06009615384615385 0.016826923076923076
0 0.9002403846153846 0.8713942307692307 0.054086538461538464 0.016826923076923076
0 0.8389423076923077 0.8149038461538461 0.04927884615384615 0.009615384615384616
0 0.8918269230769231 0.8293269230769231 0.054086538461538464 0.010817307692307692
0 0.8870192307692307 0.8413461538461539 0.055288461538461536 0.01201923076923077
0 0.8353365384615384 0.8425480769230769 0.04567307692307692 0.014423076923076924
0 0.039663461538461536 0.20072115384615385 0.07932692307692307 0.038461538461538464
0 0.1141826923076923 0.19110576923076922 0.056490384615384616 0.06009615384615385
0 0.16947115384615385 0.16947115384615385 0.04807692307692308 0.020432692307692308
0 0.171875 0.19230769230769232 0.052884615384615384 0.019230769230769232
0 0.6983173076923077 0.7259615384615384 0.0673076923076923 0.030048076923076924
0 0.6298076923076923 0.7259615384615384 0.0673076923076923 0.03245192307692308
0 0.5625 0.7584134615384616 0.06850961538461539 0.028846153846153848
0 0.49158653846153844 0.7584134615384616 0.06610576923076923 0.027644230769230768
0 0.734375 0.5324519230769231 0.0625 0.03245192307692308
0 0.8040865384615384 0.5324519230769231 0.06971153846153846 0.03365384615384615
0 0.8762019230769231 0.5324519230769231 0.06971153846153846 0.03365384615384615
0 0.036057692307692304 0.2860576923076923 0.07211538461538461 0.040865384615384616
0 0.04326923076923077 0.25721153846153844 0.06490384615384616 0.020432692307692308
0 0.4206730769230769 0.6310096153846154 0.06009615384615385 0.036057692307692304
0 0.9639423076923077 0.20552884615384615 0.057692307692307696 0.05048076923076923
0 0.8497596153846154 0.19951923076923078 0.05889423076923077 0.06490384615384616
0 0.7932692307692307 0.20072115384615385 0.04927884615384615 0.06009615384615385
0 0.7391826923076923 0.19951923076923078 0.056490384615384616 0.057692307692307696
0 0.6826923076923077 0.20072115384615385 0.056490384615384616 0.057692307692307696
0 0.5144230769230769 0.17908653846153846 0.08413461538461539 0.09014423076923077
0 0.421875 0.17908653846153846 0.09134615384615384 0.09014423076923077
0 0.3245192307692308 0.18269230769230768 0.09495192307692307 0.08173076923076923
0 0.24519230769230768 0.1935096153846154 0.046875 0.0625
0 0.17307692307692307 0.21153846153846154 0.04567307692307692 0.015625
0 0.9098557692307693 0.1971153846153846 0.05048076923076923 0.06850961538461539
0 0.7824519230769231 0.6971153846153846 0.06971153846153846 0.027644230769230768
0 0.9495192307692307 0.5324519230769231 0.06850961538461539 0.03245192307692308
0 0.06610576923076923 0.5432692307692307 0.05048076923076923 0.03485576923076923
0 0.078125 0.7295673076923077 0.038461538461538464 0.054086538461538464
0 0.027644230769230768 0.7295673076923077 0.055288461538461536 0.052884615384615384
0 0.078125 0.6742788461538461 0.04567307692307692 0.054086538461538464
0 0.025240384615384616 0.6742788461538461 0.05048076923076923 0.055288461538461536
0 0.9375 0.6346153846153846 0.0673076923076923 0.027644230769230768
0 0.9362980769230769 0.6021634615384616 0.07211538461538461 0.03245192307692308
0 0.8617788461538461 0.6334134615384616 0.06850961538461539 0.030048076923076924
0 0.8365384615384616 0.6009615384615384 0.02403846153846154 0.028846153846153848
0 0.7992788461538461 0.609375 0.038461538461538464 0.015625
0 0.8064903846153846 0.6358173076923077 0.03125 0.025240384615384616
0 0.7776442307692307 0.6334134615384616 0.02283653846153846 0.030048076923076924
0 0.7139423076923077 0.6322115384615384 0.07692307692307693 0.036057692307692304
0 0.6382211538461539 0.6334134615384616 0.06850961538461539 0.03245192307692308
0 0.5637019230769231 0.6310096153846154 0.06971153846153846 0.03245192307692308
0 0.49038461538461536 0.6322115384615384 0.0625 0.03365384615384615
0 0.7103365384615384 0.5973557692307693 0.07451923076923077 0.030048076923076924
0 0.6370192307692307 0.5973557692307693 0.06850961538461539 0.030048076923076924
0 0.5588942307692307 0.5997596153846154 0.07211538461538461 0.030048076923076924
0 0.4879807692307692 0.5973557692307693 0.0625 0.03245192307692308
0 0.14302884615384615 0.703125 0.06971153846153846 0.051682692307692304
0 0.2127403846153846 0.7019230769230769 0.06129807692307692 0.04807692307692308
0 0.2824519230769231 0.7115384615384616 0.0625 0.036057692307692304
0 0.1466346153846154 0.7536057692307693 0.06850961538461539 0.046875
0 0.06610576923076923 0.5805288461538461 0.06971153846153846 0.028846153846153848
0 0.13822115384615385 0.6237980769230769 0.06610576923076923 0.054086538461538464
0 0.21394230769230768 0.6237980769230769 0.06971153846153846 0.055288461538461536
0 0.15504807692307693 0.5769230769230769 0.0673076923076923 0.02283653846153846
0 0.2848557692307692 0.5805288461538461 0.06850961538461539 0.02283653846153846
0 0.2824519230769231 0.6225961538461539 0.0625 0.055288461538461536
0 0.3629807692307692 0.5973557692307693 0.06610576923076923 0.030048076923076924
0 0.4206730769230769 0.7596153846153846 0.06490384615384616 0.028846153846153848
0 0.35216346153846156 0.7608173076923077 0.06370192307692307 0.028846153846153848
0 0.020432692307692308 0.546875 0.026442307692307692 0.037259615384615384
0 0.5576923076923077 0.7247596153846154 0.07091346153846154 0.03365384615384615
0 0.6346153846153846 0.6923076923076923 0.0733173076923077 0.03365384615384615
0 0.5612980769230769 0.6923076923076923 0.06971153846153846 0.025240384615384616
0 0.4879807692307692 0.6983173076923077 0.06850961538461539 0.03245192307692308
0 0.421875 0.7307692307692307 0.0673076923076923 0.026442307692307692
0 0.35216346153846156 0.7307692307692307 0.06610576923076923 0.030048076923076924
0 0.4206730769230769 0.7019230769230769 0.030048076923076924 0.030048076923076924
0 0.35697115384615385 0.6971153846153846 0.07091346153846154 0.037259615384615384
0 0.28125 0.7536057692307693 0.06370192307692307 0.04567307692307692
0 0.2127403846153846 0.7512019230769231 0.06009615384615385 0.04927884615384615
0 0.4891826923076923 0.7295673076923077 0.06009615384615385 0.026442307692307692
0 0.8497596153846154 0.6947115384615384 0.057692307692307696 0.026442307692307692
0 0.35216346153846156 0.6334134615384616 0.06850961538461539 0.03125
0 0.6346153846153846 0.7584134615384616 0.06971153846153846 0.027644230769230768
0 0.7487980769230769 0.39302884615384615 0.07211538461538461 0.020432692307692308
0 0.6670673076923077 0.390625 0.07451923076923077 0.021634615384615384
0 0.6081730769230769 0.421875 0.055288461538461536 0.03245192307692308
0 0.5637019230769231 0.40865384615384615 0.027644230769230768 0.054086538461538464
0 0.4855769230769231 0.4206730769230769 0.0733173076923077 0.03245192307692308
0 0.8798076923076923 0.5 0.07211538461538461 0.03125
0 0.48677884615384615 0.3918269230769231 0.07211538461538461 0.021634615384615384
0 0.4050480769230769 0.41346153846153844 0.0625 0.03365384615384615
0 0.8233173076923077 0.39302884615384615 0.07572115384615384 0.020432692307692308
0 0.33413461538461536 0.3870192307692308 0.06971153846153846 0.020432692307692308
0 0.11899038461538461 0.41586538461538464 0.0625 0.03245192307692308
0 0.2512019230769231 0.38822115384615385 0.06370192307692307 0.021634615384615384
0 0.18389423076923078 0.38822115384615385 0.06610576923076923 0.019230769230769232
0 0.11778846153846154 0.3858173076923077 0.06610576923076923 0.021634615384615384
0 0.03485576923076923 0.40384615384615385 0.0625 0.02283653846153846
0 0.9098557692307693 0.33653846153846156 0.08774038461538461 0.03485576923076923
0 0.8293269230769231 0.33533653846153844 0.06610576923076923 0.038461538461538464
0 0.7536057692307693 0.33774038461538464 0.07572115384615384 0.03485576923076923
0 0.32572115384615385 0.4170673076923077 0.07451923076923077 0.03245192307692308
0 0.6754807692307693 0.4206730769230769 0.07211538461538461 0.03485576923076923
0 0.7524038461538461 0.421875 0.07211538461538461 0.03485576923076923
0 0.8257211538461539 0.4206730769230769 0.0673076923076923 0.03365384615384615
0 0.3557692307692308 0.4723557692307692 0.07451923076923077 0.02283653846153846
0 0.4326923076923077 0.4735576923076923 0.07572115384615384 0.021634615384615384
0 0.5108173076923077 0.4735576923076923 0.07091346153846154 0.020432692307692308
0 0.21394230769230768 0.5192307692307693 0.06610576923076923 0.055288461538461536
0 0.28125 0.5192307692307693 0.0673076923076923 0.056490384615384616
0 0.3942307692307692 0.5288461538461539 0.078125 0.039663461538461536
0 0.05048076923076923 0.4735576923076923 0.06850961538461539 0.03485576923076923
0 0.04927884615384615 0.43509615384615385 0.06971153846153846 0.036057692307692304
0 0.9663461538461539 0.4230769230769231 0.0625 0.03365384615384615
0 0.8341346153846154 0.828125 0.04927884615384615 0.013221153846153846
0 0.9699519230769231 0.8521634615384616 0.055288461538461536 0.07451923076923077
0 0.9711538461538461 0.3942307692307692 0.056490384615384616 0.021634615384615384
0 0.5072115384615384 0.5144230769230769 0.06971153846153846 0.05048076923076923
0 0.5925480769230769 0.4951923076923077 0.07091346153846154 0.03245192307692308
0 0.6670673076923077 0.49759615384615385 0.07451923076923077 0.028846153846153848
0 0.7379807692307693 0.4963942307692308 0.06610576923076923 0.03485576923076923
0 0.8125 0.4723557692307692 0.0673076923076923 0.018028846153846152
0 0.8088942307692307 0.4987980769230769 0.0673076923076923 0.03245192307692308
0 0.8978365384615384 0.4206730769230769 0.06971153846153846 0.028846153846153848
0 0.6742788461538461 0.33653846153846156 0.078125 0.03365384615384615
0 0.2824519230769231 0.47475961538461536 0.06490384615384616 0.025240384615384616
0 0.5973557692307693 0.33653846153846156 0.07211538461538461 0.03365384615384615
0 0.7536057692307693 0.3004807692307692 0.07572115384615384 0.037259615384615384
0 0.15384615384615385 0.8305288461538461 0.06610576923076923 0.03245192307692308
0 0.05048076923076923 0.8076923076923077 0.04447115384615385 0.019230769230769232
0 0.03365384615384615 0.8365384615384616 0.04927884615384615 0.021634615384615384
0 0.9194711538461539 0.6971153846153846 0.08052884615384616 0.028846153846153848
0 0.08533653846153846 0.8605769230769231 0.04326923076923077 0.04807692307692308
0 0.030048076923076924 0.8677884615384616 0.06009615384615385 0.03365384615384615
0 0.9206730769230769 0.7620192307692307 0.06971153846153846 0.03245192307692308
0 0.8485576923076923 0.7608173076923077 0.06971153846153846 0.027644230769230768
0 0.8305288461538461 0.29927884615384615 0.07091346153846154 0.036057692307692304
0 0.7764423076923077 0.7584134615384616 0.06850961538461539 0.028846153846153848
0 0.9555288461538461 0.47596153846153844 0.06370192307692307 0.019230769230769232
0 0.953125 0.5024038461538461 0.0625 0.030048076923076924
0 0.5901442307692307 0.53125 0.0733173076923077 0.03485576923076923
0 0.6646634615384616 0.5324519230769231 0.06971153846153846 0.03485576923076923
0 0.9254807692307693 0.7295673076923077 0.07572115384615384 0.028846153846153848
0 0.8509615384615384 0.7295673076923077 0.07211538461538461 0.028846153846153848
0 0.7752403846153846 0.7283653846153846 0.0673076923076923 0.026442307692307692
0 0.7043269230769231 0.7584134615384616 0.06850961538461539 0.028846153846153848
0 0.18389423076923078 0.41586538461538464 0.06490384615384616 0.03125
0 0.2932692307692308 0.8185096153846154 0.06490384615384616 0.03245192307692308
0 0.22596153846153846 0.8185096153846154 0.05889423076923077 0.03245192307692308
0 0.2283653846153846 0.8581730769230769 0.06009615384615385 0.04807692307692308
0 0.6754807692307693 0.3004807692307692 0.07451923076923077 0.037259615384615384
0 0.5997596153846154 0.3004807692307692 0.07211538461538461 0.036057692307692304
0 0.8197115384615384 0.2692307692307692 0.0733173076923077 0.021634615384615384
0 0.7427884615384616 0.2704326923076923 0.0733173076923077 0.021634615384615384
0 0.6694711538461539 0.2704326923076923 0.07451923076923077 0.02283653846153846
0 0.59375 0.2704326923076923 0.0673076923076923 0.021634615384615384
0 0.042067307692307696 0.3293269230769231 0.0829326923076923 0.039663461538461536
0 0.5180288461538461 0.3137019230769231 0.07692307692307693 0.07451923076923077
0 0.42788461538461536 0.3173076923076923 0.09495192307692307 0.06971153846153846
0 0.16346153846153846 0.8653846153846154 0.055288461538461536 0.036057692307692304
0 0.13221153846153846 0.515625 0.07572115384615384 0.06009615384615385
0 0.3401442307692308 0.3233173076923077 0.040865384615384616 0.052884615384615384
0 0.25961538461538464 0.31971153846153844 0.06490384615384616 0.06009615384615385
0 0.18990384615384615 0.31971153846153844 0.06490384615384616 0.05889423076923077
0 0.12139423076923077 0.31850961538461536 0.06610576923076923 0.06370192307692307
0 0.2668269230769231 0.26802884615384615 0.07091346153846154 0.03485576923076923
0 0.19110576923076922 0.26802884615384615 0.06610576923076923 0.037259615384615384
0 0.12259615384615384 0.2668269230769231 0.0673076923076923 0.038461538461538464
0 0.25240384615384615 0.4170673076923077 0.06971153846153846 0.03245192307692308