0 0.27163461538461536 0.14423076923076922 0.05048076923076923 0.08653846153846154
0 0.21634615384615385 0.14423076923076922 0.05048076923076923 0.08774038461538461
0 0.08413461538461539 0.15504807692307693 0.09254807692307693 0.06850961538461539
0 0.07572115384615384 0.07451923076923077 0.09375 0.0733173076923077
0 0.7019230769230769 0.11899038461538461 0.12980769230769232 0.13341346153846154
0 0.7463942307692307 0.39903846153846156 0.03485576923076923 0.06009615384615385
0 0.7848557692307693 0.39903846153846156 0.027644230769230768 0.06129807692307692
0 0.8197115384615384 0.39783653846153844 0.030048076923076924 0.06009615384615385
0 0.3293269230769231 0.1466346153846154 0.056490384615384616 0.078125
0 0.8569711538461539 0.4014423076923077 0.025240384615384616 0.057692307692307696
0 0.16466346153846154 0.1622596153846154 0.046875 0.052884615384615384
0 0.3870192307692308 0.14783653846153846 0.04927884615384615 0.07692307692307693
0 0.5901442307692307 0.49278846153846156 0.0889423076923077 0.05048076923076923
0 0.5192307692307693 0.14783653846153846 0.0625 0.07692307692307693
0 0.7055288461538461 0.3942307692307692 0.03485576923076923 0.06850961538461539
0 0.3581730769230769 0.4891826923076923 0.09134615384615384 0.06850961538461539
0 0.47596153846153844 0.49399038461538464 0.08533653846153846 0.052884615384615384
0 0.9122596153846154 0.3954326923076923 0.039663461538461536 0.06971153846153846
0 0.6935096153846154 0.4951923076923077 0.0985576923076923 0.055288461538461536
0 0.8353365384615384 0.49038461538461536 0.040865384615384616 0.06009615384615385
0 0.8894230769230769 0.4891826923076923 0.046875 0.06490384615384616
0 0.9435096153846154 0.49158653846153844 0.04447115384615385 0.06129807692307692
0 0.9026442307692307 0.5721153846153846 0.028846153846153848 0.04567307692307692
0 0.8545673076923077 0.5685096153846154 0.04447115384615385 0.04567307692307692
0 0.8028846153846154 0.5709134615384616 0.046875 0.04567307692307692
0 0.7127403846153846 0.5697115384615384 0.04447115384615385 0.04807692307692308
0 0.44350961538461536 0.140625 0.051682692307692304 0.0889423076923077
0 0.953125 0.4170673076923077 0.030048076923076924 0.030048076923076924
0 0.10216346153846154 0.7259615384615384 0.03365384615384615 0.05048076923076923
0 0.13701923076923078 0.5084134615384616 0.027644230769230768 0.025240384615384616
0 0.40024038461538464 0.8653846153846154 0.052884615384615384 0.07211538461538461
0 0.4519230769230769 0.8653846153846154 0.037259615384615384 0.07572115384615384
0 0.5 0.8689903846153846 0.037259615384615384 0.07451923076923077
0 0.5444711538461539 0.8665865384615384 0.03485576923076923 0.07451923076923077
0 0.609375 0.8689903846153846 0.06850961538461539 0.07572115384615384
0 0.6826923076923077 0.8713942307692307 0.06850961538461539 0.06370192307692307
0 0.8461538461538461 0.8653846153846154 0.036057692307692304 0.06971153846153846
0 0.671875 0.39783653846153844 0.02403846153846154 0.0625
0 0.8016826923076923 0.8677884615384616 0.036057692307692304 0.07091346153846154
0 0.9074519230769231 0.8689903846153846 0.06490384615384616 0.07932692307692307
0 0.34375 0.8677884615384616 0.04927884615384615 0.07692307692307693
0 0.2860576923076923 0.8689903846153846 0.04927884615384615 0.07451923076923077
0 0.23197115384615385 0.8677884615384616 0.046875 0.0733173076923077
0 0.16826923076923078 0.8846153846153846 0.042067307692307696 0.021634615384615384
0 0.046875 0.47716346153846156 0.05889423076923077 0.05048076923076923
0 0.1875 0.8629807692307693 0.03365384615384615 0.015625
0 0.037259615384615384 0.8966346153846154 0.057692307692307696 0.021634615384615384
0 0.08774038461538461 0.8185096153846154 0.06971153846153846 0.028846153846153848
0 0.02403846153846154 0.8197115384615384 0.04447115384615385 0.03365384615384615
0 0.014423076923076924 0.7259615384615384 0.025240384615384616 0.06009615384615385
0 0.052884615384615384 0.7247596153846154 0.036057692307692304 0.05889423076923077
0 0.14783653846153846 0.7716346153846154 0.03245192307692308 0.06370192307692307
0 0.18990384615384615 0.7704326923076923 0.036057692307692304 0.05889423076923077
0 0.2439903846153846 0.7704326923076923 0.04807692307692308 0.06610576923076923
0 0.2956730769230769 0.7632211538461539 0.04567307692307692 0.0733173076923077
0 0.359375 0.7680288461538461 0.04807692307692308 0.07211538461538461
0 0.4110576923076923 0.7740384615384616 0.04447115384615385 0.057692307692307696
0 0.47596153846153844 0.7620192307692307 0.04927884615384615 0.06850961538461539
0 0.5721153846153846 0.7680288461538461 0.04927884615384615 0.06129807692307692
0 0.19110576923076922 0.5108173076923077 0.025240384615384616 0.02283653846153846
0 0.09495192307692307 0.8966346153846154 0.04927884615384615 0.021634615384615384
0 0.6370192307692307 0.40024038461538464 0.025240384615384616 0.06129807692307692
0 0.7548076923076923 0.5805288461538461 0.02403846153846154 0.028846153846153848
0 0.5925480769230769 0.14423076923076922 0.07211538461538461 0.08173076923076923
0 0.5985576923076923 0.39903846153846156 0.03245192307692308 0.06009615384615385
0 0.3125 0.6610576923076923 0.04447115384615385 0.06971153846153846
0 0.36778846153846156 0.6526442307692307 0.04567307692307692 0.0673076923076923
0 0.421875 0.6586538461538461 0.054086538461538464 0.0733173076923077
0 0.49278846153846156 0.6550480769230769 0.04807692307692308 0.07692307692307693
0 0.5612980769230769 0.6586538461538461 0.055288461538461536 0.0733173076923077
0 0.6213942307692307 0.6598557692307693 0.04326923076923077 0.07211538461538461
0 0.6682692307692307 0.6646634615384616 0.03125 0.0625
0 0.7163461538461539 0.6550480769230769 0.04326923076923077 0.0733173076923077
0 0.6286057692307693 0.7680288461538461 0.052884615384615384 0.06610576923076923
0 0.7584134615384616 0.7620192307692307 0.04326923076923077 0.07211538461538461
0 0.8004807692307693 0.7644230769230769 0.03245192307692308 0.07451923076923077
0 0.7103365384615384 0.7824519230769231 0.03125 0.03485576923076923
0 0.6694711538461539 0.7824519230769231 0.021634615384615384 0.03485576923076923
0 0.25841346153846156 0.6598557692307693 0.042067307692307696 0.07211538461538461
0 0.8353365384615384 0.7800480769230769 0.021634615384615384 0.03485576923076923
0 0.9014423076923077 0.78125 0.02403846153846154 0.03245192307692308
0 0.8293269230769231 0.6742788461538461 0.04927884615384615 0.04567307692307692
0 0.90625 0.6766826923076923 0.07932692307692307 0.04447115384615385
0 0.9399038461538461 0.7572115384615384 0.037259615384615384 0.0733173076923077
0 0.2932692307692308 0.5108173076923077 0.028846153846153848 0.02403846153846154
0 0.17067307692307693 0.30649038461538464 0.046875 0.06370192307692307
0 0.1201923076923077 0.30528846153846156 0.046875 0.06370192307692307
0 0.0625 0.30288461538461536 0.054086538461538464 0.07091346153846154
0 0.039663461538461536 0.390625 0.057692307692307696 0.052884615384615384
0 0.14543269230769232 0.4182692307692308 0.04567307692307692 0.030048076923076924
0 0.21033653846153846 0.4026442307692308 0.056490384615384616 0.056490384615384616
0 0.2764423076923077 0.40024038461538464 0.04326923076923077 0.06129807692307692
0 0.3161057692307692 0.4074519230769231 0.030048076923076924 0.051682692307692304
0 0.42427884615384615 0.4014423076923077 0.04326923076923077 0.06129807692307692
0 0.8665865384615384 0.7800480769230769 0.036057692307692304 0.037259615384615384
0 0.20192307692307693 0.6802884615384616 0.028846153846153848 0.027644230769230768
0 0.24639423076923078 0.5096153846153846 0.03125 0.025240384615384616
0 0.052884615384615384 0.5733173076923077 0.052884615384615384 0.038461538461538464
0 0.6286057692307693 0.30528846153846156 0.040865384615384616 0.06129807692307692
0 0.578125 0.30528846153846156 0.052884615384615384 0.05889423076923077
0 0.5240384615384616 0.30408653846153844 0.042067307692307696 0.06009615384615385
0 0.47596153846153844 0.30649038461538464 0.046875 0.0625
0 0.4266826923076923 0.3076923076923077 0.04447115384615385 0.056490384615384616
0 0.019230769230769232 0.6418269230769231 0.03245192307692308 0.046875
0 0.3701923076923077 0.30288461538461536 0.046875 0.0673076923076923
0 0.32211538461538464 0.3076923076923077 0.04326923076923077 0.05889423076923077
0 0.27524038461538464 0.3076923076923077 0.040865384615384616 0.057692307692307696
0 0.22355769230769232 0.3076923076923077 0.04447115384615385 0.06009615384615385
0 0.6802884615384616 0.30288461538461536 0.04326923076923077 0.057692307692307696
0 0.5204326923076923 0.4014423076923077 0.03485576923076923 0.06129807692307692
0 0.4699519230769231 0.39903846153846156 0.038461538461538464 0.06610576923076923
0 0.6646634615384616 0.5697115384615384 0.036057692307692304 0.04326923076923077
0 0.6201923076923077 0.5721153846153846 0.036057692307692304 0.04807692307692308
0 0.546875 0.5673076923076923 0.021634615384615384 0.030048076923076924
0 0.5829326923076923 0.578125 0.02283653846153846 0.03125
0 0.4951923076923077 0.5757211538461539 0.05889423076923077 0.028846153846153848
0 0.42908653846153844 0.5745192307692307 0.057692307692307696 0.03125
0 0.3605769230769231 0.5769230769230769 0.055288461538461536 0.03485576923076923
0 0.29447115384615385 0.5757211538461539 0.052884615384615384 0.03365384615384615
0 0.22115384615384615 0.5733173076923077 0.055288461538461536 0.03365384615384615
0 0.5588942307692307 0.4014423076923077 0.026442307692307692 0.05889423076923077
0 0.7283653846153846 0.3016826923076923 0.046875 0.06129807692307692
0 0.7860576923076923 0.30528846153846156 0.046875 0.057692307692307696
0 0.8461538461538461 0.2980769230769231 0.04927884615384615 0.06009615384615385
0 0.07211538461538461 0.6418269230769231 0.052884615384615384 0.046875
0 0.15144230769230768 0.6598557692307693 0.04807692307692308 0.06971153846153846
0 0.1622596153846154 0.5757211538461539 0.056490384615384616 0.036057692307692304
0 0.8990384615384616 0.2980769230769231 0.036057692307692304 0.06610576923076923
0 0.9471153846153846 0.2980769230769231 0.04807692307692308 0.06490384615384616
0 0.015625 0.30288461538461536 0.027644230769230768 0.07451923076923077