0 0.44591346153846156 0.7704326923076923 0.036057692307692304 0.06490384615384616
0 0.5228365384615384 0.7548076923076923 0.036057692307692304 0.06490384615384616
0 0.5576923076923077 0.7680288461538461 0.03125 0.030048076923076924
0 0.5877403846153846 0.7632211538461539 0.027644230769230768 0.02403846153846154
0 0.6165865384615384 0.7572115384615384 0.027644230769230768 0.02403846153846154
0 0.6442307692307693 0.7524038461538461 0.027644230769230768 0.02403846153846154
0 0.9819711538461539 0.29447115384615385 0.03485576923076923 0.06009615384615385
0 0.9435096153846154 0.2956730769230769 0.038461538461538464 0.06129807692307692
0 0.6875 0.7331730769230769 0.04326923076923077 0.040865384615384616
0 0.7271634615384616 0.7259615384615384 0.038461538461538464 0.038461538461538464
0 0.7692307692307693 0.7223557692307693 0.037259615384615384 0.038461538461538464
0 0.8076923076923077 0.7139423076923077 0.037259615384615384 0.038461538461538464
0 0.9146634615384616 0.6899038461538461 0.038461538461538464 0.04326923076923077
0 0.9038461538461539 0.2980769230769231 0.042067307692307696 0.06370192307692307
0 0.4855769230769231 0.7644230769230769 0.036057692307692304 0.06490384615384616
0 0.8617788461538461 0.296875 0.042067307692307696 0.06370192307692307
0 0.4831730769230769 0.5673076923076923 0.046875 0.056490384615384616
0 0.7776442307692307 0.29927884615384615 0.039663461538461536 0.07211538461538461
0 0.9266826923076923 0.6033653846153846 0.036057692307692304 0.04567307692307692
0 0.9627403846153846 0.5985576923076923 0.036057692307692304 0.04447115384615385
0 0.9891826923076923 0.5961538461538461 0.016826923076923076 0.04807692307692308
0 0.021634615384615384 0.84375 0.042067307692307696 0.0889423076923077
0 0.07211538461538461 0.8377403846153846 0.055288461538461536 0.0829326923076923
0 0.12740384615384615 0.8305288461538461 0.04807692307692308 0.078125
0 0.17668269230769232 0.8209134615384616 0.04567307692307692 0.07451923076923077
0 0.22355769230769232 0.8125 0.04567307692307692 0.07451923076923077
0 0.27163461538461536 0.8052884615384616 0.04567307692307692 0.07451923076923077
0 0.8197115384615384 0.29927884615384615 0.042067307692307696 0.06370192307692307
0 0.31490384615384615 0.7956730769230769 0.04567307692307692 0.07091346153846154
0 0.40625 0.7788461538461539 0.04326923076923077 0.06610576923076923
0 0.4170673076923077 0.3088942307692308 0.056490384615384616 0.078125
0 0.47596153846153844 0.31009615384615385 0.055288461538461536 0.078125
0 0.5336538461538461 0.30649038461538464 0.056490384615384616 0.078125
0 0.5877403846153846 0.30528846153846156 0.054086538461538464 0.07451923076923077
0 0.640625 0.30408653846153844 0.046875 0.0733173076923077
0 0.6875 0.3004807692307692 0.046875 0.06971153846153846
0 0.734375 0.3016826923076923 0.046875 0.06971153846153846
0 0.9555288461538461 0.6826923076923077 0.038461538461538464 0.042067307692307696
0 0.36177884615384615 0.7848557692307693 0.04567307692307692 0.07091346153846154
0 0.9867788461538461 0.6778846153846154 0.021634615384615384 0.04326923076923077
0 0.03125 0.9663461538461539 0.06009615384615385 0.056490384615384616
0 0.08653846153846154 0.9639423076923077 0.04927884615384615 0.057692307692307696
0 0.4170673076923077 0.49158653846153844 0.046875 0.056490384615384616
0 0.36778846153846156 0.4951923076923077 0.046875 0.056490384615384616
0 0.31850961538461536 0.5 0.046875 0.056490384615384616
0 0.26802884615384615 0.5036057692307693 0.052884615384615384 0.056490384615384616
0 0.21033653846153846 0.5096153846153846 0.06009615384615385 0.06129807692307692
0 0.14903846153846154 0.5132211538461539 0.06009615384615385 0.06129807692307692
0 0.25721153846153844 0.41225961538461536 0.055288461538461536 0.06009615384615385
0 0.31490384615384615 0.41225961538461536 0.056490384615384616 0.06009615384615385
0 0.36658653846153844 0.4074519230769231 0.04567307692307692 0.057692307692307696
0 0.41346153846153844 0.4050480769230769 0.04807692307692308 0.057692307692307696
0 0.4651442307692308 0.4879807692307692 0.046875 0.056490384615384616
0 0.46274038461538464 0.4026442307692308 0.04807692307692308 0.057692307692307696
0 0.5637019230769231 0.39663461538461536 0.046875 0.054086538461538464
0 0.08653846153846154 0.5192307692307693 0.057692307692307696 0.06129807692307692
0 0.028846153846153848 0.5240384615384616 0.056490384615384616 0.06129807692307692
0 0.9807692307692307 0.37259615384615385 0.036057692307692304 0.04807692307692308
0 0.9471153846153846 0.3737980769230769 0.036057692307692304 0.04807692307692308
0 0.8798076923076923 0.3786057692307692 0.039663461538461536 0.05048076923076923
0 0.8377403846153846 0.38221153846153844 0.039663461538461536 0.05048076923076923
0 0.7740384615384616 0.38822115384615385 0.039663461538461536 0.05048076923076923
0 0.6057692307692307 0.39663461538461536 0.03485576923076923 0.052884615384615384
0 0.6418269230769231 0.39302884615384615 0.039663461538461536 0.05048076923076923
0 0.5144230769230769 0.40024038461538464 0.04807692307692308 0.057692307692307696
0 0.8882211538461539 0.6033653846153846 0.038461538461538464 0.052884615384615384
0 0.5096153846153846 0.4831730769230769 0.04326923076923077 0.052884615384615384
0 0.9266826923076923 0.7620192307692307 0.027644230769230768 0.06850961538461539
0 0.140625 0.9543269230769231 0.052884615384615384 0.0673076923076923
0 0.20673076923076922 0.9411057692307693 0.0625 0.07091346153846154
0 0.2692307692307692 0.9314903846153846 0.055288461538461536 0.0673076923076923
0 0.3245192307692308 0.9050480769230769 0.054086538461538464 0.08533653846153846
0 0.38100961538461536 0.890625 0.054086538461538464 0.08533653846153846
0 0.4362980769230769 0.8798076923076923 0.055288461538461536 0.08533653846153846
0 0.49038461538461536 0.8641826923076923 0.054086538461538464 0.08533653846153846
0 0.5444711538461539 0.8521634615384616 0.046875 0.08413461538461539
0 0.5949519230769231 0.8425480769230769 0.04567307692307692 0.08173076923076923
0 0.6394230769230769 0.8269230769230769 0.039663461538461536 0.08052884615384616
0 0.9651442307692307 0.7536057692307693 0.042067307692307696 0.06971153846153846
0 0.6826923076923077 0.8161057692307693 0.04447115384615385 0.07932692307692307
0 0.008413461538461538 0.32091346153846156 0.016826923076923076 0.07932692307692307
0 0.02403846153846154 0.4254807692307692 0.04807692307692308 0.0625
0 0.07932692307692307 0.4230769230769231 0.06009615384615385 0.0625
0 0.13942307692307693 0.4182692307692308 0.057692307692307696 0.06490384615384616
0 0.19831730769230768 0.4182692307692308 0.056490384615384616 0.06370192307692307
0 0.7692307692307693 0.7980769230769231 0.039663461538461536 0.07932692307692307
0 0.8100961538461539 0.7908653846153846 0.039663461538461536 0.07932692307692307
0 0.8449519230769231 0.7824519230769231 0.026442307692307692 0.06610576923076923
0 0.8701923076923077 0.7716346153846154 0.025240384615384616 0.07451923076923077
0 0.8978365384615384 0.7668269230769231 0.025240384615384616 0.0733173076923077
0 0.7271634615384616 0.8052884615384616 0.039663461538461536 0.07932692307692307
0 0.8485576923076923 0.6081730769230769 0.038461538461538464 0.052884615384615384
0 0.5564903846153846 0.6526442307692307 0.05048076923076923 0.06490384615384616
0 0.7680288461538461 0.6177884615384616 0.036057692307692304 0.056490384615384616
0 0.25600961538461536 0.05889423076923077 0.05889423076923077 0.11177884615384616
0 0.3137019230769231 0.06490384615384616 0.052884615384615384 0.109375
0 0.36658653846153844 0.06610576923076923 0.052884615384615384 0.109375
0 0.4230769230769231 0.07091346153846154 0.057692307692307696 0.1045673076923077
0 0.4795673076923077 0.08052884615384616 0.055288461538461536 0.0985576923076923
0 0.5360576923076923 0.078125 0.055288461538461536 0.10817307692307693
0 0.5865384615384616 0.08653846153846154 0.04927884615384615 0.09375
0 0.6370192307692307 0.08774038461538461 0.04927884615384615 0.09375
0 0.6875 0.0889423076923077 0.04927884615384615 0.09615384615384616
0 0.7355769230769231 0.09134615384615384 0.04326923076923077 0.09615384615384616
0 0.7860576923076923 0.09615384615384616 0.054086538461538464 0.09495192307692307
0 0.8425480769230769 0.09975961538461539 0.054086538461538464 0.09014423076923077
0 0.890625 0.10817307692307693 0.046875 0.08052884615384616
0 0.9314903846153846 0.11177884615384616 0.036057692307692304 0.078125
0 0.9675480769230769 0.11177884615384616 0.03485576923076923 0.078125
0 0.056490384615384616 0.18269230769230768 0.06971153846153846 0.11177884615384616
0 0.12139423076923077 0.18870192307692307 0.055288461538461536 0.10216346153846154
0 0.19831730769230768 0.18629807692307693 0.0625 0.10336538461538461
0 0.26322115384615385 0.18629807692307693 0.0625 0.10336538461538461
0 0.1935096153846154 0.055288461538461536 0.0625 0.11057692307692307
0 0.12860576923076922 0.055288461538461536 0.0625 0.11057692307692307
0 0.056490384615384616 0.055288461538461536 0.06971153846153846 0.11057692307692307
0 0.10576923076923077 0.6105769230769231 0.05889423076923077 0.06129807692307692
0 0.5372596153846154 0.5625 0.046875 0.056490384615384616
0 0.5829326923076923 0.5564903846153846 0.046875 0.05048076923076923
0 0.6298076923076923 0.5492788461538461 0.046875 0.05048076923076923
0 0.6742788461538461 0.5444711538461539 0.046875 0.04927884615384615
0 0.7319711538461539 0.5372596153846154 0.040865384615384616 0.04807692307692308
0 0.7692307692307693 0.5324519230769231 0.03245192307692308 0.046875
0 0.8040865384615384 0.5288461538461539 0.03365384615384615 0.046875
0 0.8401442307692307 0.5264423076923077 0.036057692307692304 0.046875
0 0.8798076923076923 0.5192307692307693 0.036057692307692304 0.046875
0 0.3317307692307692 0.18870192307692307 0.0625 0.10336538461538461
0 0.9146634615384616 0.515625 0.036057692307692304 0.046875
0 0.9771634615384616 0.5096153846153846 0.03245192307692308 0.046875
0 0.016826923076923076 0.7355769230769231 0.03365384615384615 0.07932692307692307
0 0.0733173076923077 0.7271634615384616 0.06850961538461539 0.0733173076923077
0 0.14423076923076922 0.7163461538461539 0.06850961538461539 0.07451923076923077
0 0.38461538461538464 0.578125 0.046875 0.056490384615384616
0 0.33774038461538464 0.5841346153846154 0.046875 0.056490384615384616
0 0.2848557692307692 0.5925480769230769 0.055288461538461536 0.06129807692307692
0 0.22716346153846154 0.5973557692307693 0.055288461538461536 0.06129807692307692
0 0.16826923076923078 0.6045673076923077 0.06009615384615385 0.06129807692307692
0 0.9459134615384616 0.5120192307692307 0.030048076923076924 0.046875
0 0.390625 0.19230769230769232 0.055288461538461536 0.10336538461538461
0 0.44350961538461536 0.1935096153846154 0.052884615384615384 0.09975961538461539
0 0.4987980769230769 0.19471153846153846 0.052884615384615384 0.09975961538461539
0 0.8762019230769231 0.45072115384615385 0.03365384615384615 0.04326923076923077
0 0.8233173076923077 0.453125 0.03485576923076923 0.04807692307692308
0 0.7872596153846154 0.4579326923076923 0.036057692307692304 0.04807692307692308
0 0.7512019230769231 0.46033653846153844 0.036057692307692304 0.04807692307692308
0 0.7295673076923077 0.3894230769230769 0.039663461538461536 0.05048076923076923
0 0.7151442307692307 0.4651442307692308 0.03485576923076923 0.04807692307692308
0 0.6766826923076923 0.46875 0.040865384615384616 0.051682692307692304
0 0.6346153846153846 0.4699519230769231 0.040865384615384616 0.051682692307692304
0 0.5913461538461539 0.47475961538461536 0.040865384615384616 0.051682692307692304
0 0.3581730769230769 0.3088942307692308 0.056490384615384616 0.078125
0 0.5516826923076923 0.4795673076923077 0.036057692307692304 0.052884615384615384
0 0.2692307692307692 0.6995192307692307 0.05889423076923077 0.06850961538461539
0 0.328125 0.6875 0.05889423076923077 0.06370192307692307
0 0.3870192307692308 0.6754807692307693 0.05889423076923077 0.06490384615384616
0 0.44711538461538464 0.6694711538461539 0.05889423076923077 0.06370192307692307
0 0.5048076923076923 0.6610576923076923 0.05048076923076923 0.06490384615384616
0 0.4338942307692308 0.5733173076923077 0.046875 0.056490384615384616
0 0.6057692307692307 0.6442307692307693 0.04447115384615385 0.06009615384615385
0 0.6826923076923077 0.6334134615384616 0.04447115384615385 0.06009615384615385
0 0.7295673076923077 0.6274038461538461 0.04447115384615385 0.06009615384615385
0 0.2091346153846154 0.7055288461538461 0.05889423076923077 0.06850961538461539
0 0.8040865384615384 0.6117788461538461 0.036057692307692304 0.056490384615384616
0 0.31009615384615385 0.31490384615384615 0.03485576923076923 0.07451923076923077
0 0.23798076923076922 0.3173076923076923 0.03485576923076923 0.0733173076923077
0 0.5504807692307693 0.1935096153846154 0.046875 0.0985576923076923
0 0.5961538461538461 0.19591346153846154 0.046875 0.09735576923076923
0 0.6418269230769231 0.19831730769230768 0.046875 0.09375
0 0.6887019230769231 0.19951923076923078 0.046875 0.09014423076923077
0 0.7379807692307693 0.203125 0.04807692307692308 0.07692307692307693
0 0.7872596153846154 0.203125 0.04807692307692308 0.07692307692307693
0 0.8317307692307693 0.20552884615384615 0.042067307692307696 0.07932692307692307
0 0.8762019230769231 0.20432692307692307 0.042067307692307696 0.078125
0 0.9134615384615384 0.20673076923076922 0.03365384615384615 0.07692307692307693
0 0.27524038461538464 0.31850961538461536 0.03485576923076923 0.0733173076923077
0 0.9507211538461539 0.20793269230769232 0.039663461538461536 0.07692307692307693
0 0.08173076923076923 0.31850961538461536 0.038461538461538464 0.078125
0 0.040865384615384616 0.31971153846153844 0.042067307692307696 0.08173076923076923
0 0.12139423076923077 0.31971153846153844 0.040865384615384616 0.07692307692307693
0 0.04326923076923077 0.6177884615384616 0.05889423076923077 0.06129807692307692
0 0.9699519230769231 0.4411057692307692 0.03125 0.042067307692307696
0 0.9399038461538461 0.44471153846153844 0.027644230769230768 0.04326923076923077
0 0.9098557692307693 0.44711538461538464 0.03365384615384615 0.04326923076923077
0 0.16346153846153846 0.31850961538461536 0.040865384615384616 0.07692307692307693
0 0.20072115384615385 0.31490384615384615 0.03485576923076923 0.07451923076923077
0 0.9867788461538461 0.20673076923076922 0.025240384615384616 0.07572115384615384
0 0.6850961538461539 0.390625 0.039663461538461536 0.05048076923076923