0 0.44471153846153844 0.6009615384615384 0.039663461538461536 0.06971153846153846
0 0.7584134615384616 0.6141826923076923 0.030048076923076924 0.06009615384615385
0 0.515625 0.5853365384615384 0.03485576923076923 0.10817307692307693
0 0.5516826923076923 0.5925480769230769 0.036057692307692304 0.09735576923076923
0 0.5829326923076923 0.5961538461538461 0.028846153846153848 0.09495192307692307
0 0.6177884615384616 0.5949519230769231 0.040865384615384616 0.09975961538461539
0 0.6574519230769231 0.5925480769230769 0.03245192307692308 0.09495192307692307
0 0.6947115384615384 0.5889423076923077 0.037259615384615384 0.109375
0 0.7283653846153846 0.6117788461538461 0.030048076923076924 0.06370192307692307
0 0.4831730769230769 0.5853365384615384 0.03245192307692308 0.109375
0 0.8040865384615384 0.5997596153846154 0.055288461538461536 0.08653846153846154
0 0.7271634615384616 0.4675480769230769 0.03365384615384615 0.078125
0 0.921875 0.6021634615384616 0.039663461538461536 0.08653846153846154
0 0.9663461538461539 0.6141826923076923 0.046875 0.05889423076923077
0 0.6983173076923077 0.4567307692307692 0.026442307692307692 0.09254807692307693
0 0.7584134615384616 0.4675480769230769 0.026442307692307692 0.08173076923076923
0 0.8052884615384616 0.4651442307692308 0.04447115384615385 0.09254807692307693
0 0.8509615384615384 0.4699519230769231 0.046875 0.0829326923076923
0 0.8978365384615384 0.4651442307692308 0.038461538461538464 0.0889423076923077
0 0.9387019230769231 0.4651442307692308 0.03365384615384615 0.08173076923076923
0 0.9699519230769231 0.4651442307692308 0.030048076923076924 0.0829326923076923
0 0.40625 0.5913461538461539 0.03125 0.09014423076923077
0 0.8677884615384616 0.5997596153846154 0.0625 0.09014423076923077
0 0.37259615384615385 0.5913461538461539 0.03485576923076923 0.09254807692307693
0 0.7740384615384616 0.8557692307692307 0.08774038461538461 0.07572115384615384
0 0.3004807692307692 0.5853365384615384 0.038461538461538464 0.10336538461538461
0 0.9387019230769231 0.7295673076923077 0.055288461538461536 0.08052884615384616
0 0.8689903846153846 0.7307692307692307 0.07451923076923077 0.06490384615384616
0 0.8016826923076923 0.7307692307692307 0.04927884615384615 0.07572115384615384
0 0.7475961538461539 0.7223557692307693 0.04927884615384615 0.08413461538461539
0 0.6911057692307693 0.7223557692307693 0.052884615384615384 0.08653846153846154
0 0.8786057692307693 0.8930288461538461 0.0673076923076923 0.014423076923076924
0 0.8786057692307693 0.8810096153846154 0.07091346153846154 0.010817307692307692
0 0.6670673076923077 0.46033653846153844 0.03485576923076923 0.09495192307692307
0 0.6322115384615384 0.7379807692307693 0.05889423076923077 0.04447115384615385
0 0.5697115384615384 0.7451923076923077 0.057692307692307696 0.051682692307692304
0 0.5757211538461539 0.6911057692307693 0.05048076923076923 0.04447115384615385
0 0.5120192307692307 0.7175480769230769 0.046875 0.08774038461538461
0 0.4723557692307692 0.71875 0.03245192307692308 0.0889423076923077
0 0.4326923076923077 0.7115384615384616 0.04447115384615385 0.09254807692307693
0 0.3894230769230769 0.7139423076923077 0.027644230769230768 0.09615384615384616
0 0.3581730769230769 0.7151442307692307 0.03485576923076923 0.09375
0 0.3245192307692308 0.7115384615384616 0.030048076923076924 0.0985576923076923
0 0.2920673076923077 0.7067307692307693 0.030048076923076924 0.09254807692307693
0 0.2548076923076923 0.7127403846153846 0.030048076923076924 0.09735576923076923
0 0.21995192307692307 0.7127403846153846 0.03245192307692308 0.09134615384615384
0 0.18990384615384615 0.7043269230769231 0.025240384615384616 0.09254807692307693
0 0.18509615384615385 0.59375 0.03245192307692308 0.06850961538461539
0 0.22355769230769232 0.6009615384615384 0.04326923076923077 0.07451923076923077
0 0.33774038461538464 0.5877403846153846 0.03245192307692308 0.0985576923076923
0 0.6334134615384616 0.46033653846153844 0.030048076923076924 0.0985576923076923
0 0.40384615384615385 0.30408653846153844 0.039663461538461536 0.09735576923076923
0 0.5721153846153846 0.4639423076923077 0.027644230769230768 0.08533653846153846
0 0.9591346153846154 0.890625 0.06971153846153846 0.013221153846153846
0 0.9567307692307693 0.8762019230769231 0.07572115384615384 0.013221153846153846
0 0.9471153846153846 0.8425480769230769 0.06490384615384616 0.04807692307692308
0 0.9855769230769231 0.7295673076923077 0.02403846153846154 0.08413461538461539
0 0.1346153846153846 0.14423076923076922 0.03125 0.09975961538461539
0 0.16706730769230768 0.13701923076923078 0.030048076923076924 0.11658653846153846
0 0.20192307692307693 0.13822115384615385 0.03485576923076923 0.11298076923076923
0 0.2403846153846154 0.14783653846153846 0.04567307692307692 0.09495192307692307
0 0.28725961538461536 0.1502403846153846 0.04447115384615385 0.08774038461538461
0 0.3329326923076923 0.15144230769230768 0.04567307692307692 0.08774038461538461
0 0.38221153846153844 0.15264423076923078 0.046875 0.08653846153846154
0 0.42788461538461536 0.15144230769230768 0.04326923076923077 0.08774038461538461
0 0.4699519230769231 0.15384615384615385 0.040865384615384616 0.08653846153846154
0 0.5072115384615384 0.15504807692307693 0.03125 0.08653846153846154
0 0.5336538461538461 0.15625 0.020432692307692308 0.07692307692307693
0 0.9543269230769231 0.9038461538461539 0.06850961538461539 0.010817307692307692
0 0.9507211538461539 0.9302884615384616 0.06610576923076923 0.016826923076923076
0 0.2860576923076923 0.8449519230769231 0.06850961538461539 0.02283653846153846
0 0.20552884615384615 0.828125 0.09134615384615384 0.07211538461538461
0 0.7776442307692307 0.9266826923076923 0.06971153846153846 0.01201923076923077
0 0.7740384615384616 0.9375 0.06971153846153846 0.008413461538461538
0 0.6899038461538461 0.8389423076923077 0.06610576923076923 0.0733173076923077
0 0.6959134615384616 0.8858173076923077 0.0673076923076923 0.016826923076923076
0 0.6129807692307693 0.8257211538461539 0.07932692307692307 0.054086538461538464
0 0.6165865384615384 0.8617788461538461 0.07091346153846154 0.016826923076923076
0 0.6213942307692307 0.8810096153846154 0.07091346153846154 0.016826923076923076
0 0.5661057692307693 0.15144230769230768 0.046875 0.0829326923076923
0 0.6201923076923077 0.8978365384615384 0.06850961538461539 0.01201923076923077
0 0.5408653846153846 0.8509615384615384 0.06490384615384616 0.056490384615384616
0 0.5420673076923077 0.9387019230769231 0.07451923076923077 0.020432692307692308
0 0.4543269230769231 0.8485576923076923 0.06610576923076923 0.036057692307692304
0 0.45913461538461536 0.8762019230769231 0.0733173076923077 0.010817307692307692
0 0.45913461538461536 0.8894230769230769 0.07451923076923077 0.014423076923076924
0 0.3798076923076923 0.8798076923076923 0.07572115384615384 0.051682692307692304
0 0.29927884615384615 0.8076923076923077 0.07211538461538461 0.04326923076923077
0 0.6141826923076923 0.9278846153846154 0.06610576923076923 0.013221153846153846
0 0.6021634615384616 0.4579326923076923 0.030048076923076924 0.09014423076923077
0 0.6081730769230769 0.15384615384615385 0.03365384615384615 0.08653846153846154
0 0.6959134615384616 0.1502403846153846 0.04447115384615385 0.09495192307692307
0 0.3629807692307692 0.30408653846153844 0.039663461538461536 0.09615384615384616
0 0.32211538461538464 0.30649038461538464 0.040865384615384616 0.09975961538461539
0 0.2800480769230769 0.30528846153846156 0.040865384615384616 0.09975961538461539
0 0.2403846153846154 0.30528846153846156 0.039663461538461536 0.0985576923076923
0 0.20072115384615385 0.30649038461538464 0.036057692307692304 0.0985576923076923
0 0.15504807692307693 0.3173076923076923 0.052884615384615384 0.06971153846153846
0 0.16706730769230768 0.46274038461538464 0.040865384615384616 0.0829326923076923
0 0.2127403846153846 0.46274038461538464 0.04326923076923077 0.08173076923076923
0 0.2668269230769231 0.4579326923076923 0.040865384615384616 0.07932692307692307
0 0.32091346153846156 0.45072115384615385 0.04567307692307692 0.06850961538461539
0 0.3629807692307692 0.453125 0.036057692307692304 0.06971153846153846
0 0.41225961538461536 0.4519230769230769 0.03245192307692308 0.06971153846153846
0 0.4543269230769231 0.4567307692307692 0.039663461538461536 0.06850961538461539
0 0.4963942307692308 0.46274038461538464 0.037259615384615384 0.08774038461538461
0 0.5384615384615384 0.4639423076923077 0.037259615384615384 0.08533653846153846
0 0.8617788461538461 0.9423076923076923 0.07211538461538461 0.010817307692307692
0 0.453125 0.3293269230769231 0.06129807692307692 0.06009615384615385
0 0.5132211538461539 0.3293269230769231 0.056490384615384616 0.05889423076923077
0 0.5685096153846154 0.30649038461538464 0.038461538461538464 0.09735576923076923
0 0.7427884615384616 0.14543269230769232 0.04927884615384615 0.10096153846153846
0 0.7836538461538461 0.16105769230769232 0.030048076923076924 0.06971153846153846
0 0.8185096153846154 0.16105769230769232 0.036057692307692304 0.07091346153846154
0 0.8581730769230769 0.14302884615384615 0.04447115384615385 0.1045673076923077
0 0.9230769230769231 0.1502403846153846 0.07932692307692307 0.09014423076923077
0 0.9819711538461539 0.15865384615384615 0.03485576923076923 0.09134615384615384
0 0.9867788461538461 0.32091346153846156 0.021634615384615384 0.08413461538461539
0 0.6490384615384616 0.14783653846153846 0.046875 0.0889423076923077
0 0.9555288461538461 0.31971153846153844 0.037259615384615384 0.0829326923076923
0 0.8689903846153846 0.31850961538461536 0.056490384615384616 0.09134615384615384
0 0.8197115384615384 0.3161057692307692 0.037259615384615384 0.09254807692307693
0 0.7788461538461539 0.3137019230769231 0.04567307692307692 0.08653846153846154
0 0.7379807692307693 0.31490384615384615 0.03245192307692308 0.09254807692307693
0 0.6983173076923077 0.31490384615384615 0.04807692307692308 0.09254807692307693
0 0.6538461538461539 0.3137019230769231 0.037259615384615384 0.09735576923076923
0 0.6117788461538461 0.3137019230769231 0.04567307692307692 0.08774038461538461
0 0.9158653846153846 0.3173076923076923 0.039663461538461536 0.0889423076923077
0 0.8629807692307693 0.9302884615384616 0.06610576923076923 0.013221153846153846
0 0.9507211538461539 0.9471153846153846 0.06850961538461539 0.013221153846153846
0 0.8677884615384616 0.84375 0.0889423076923077 0.057692307692307696