0 0.6177884615384616 0.8473557692307693 0.039663461538461536 0.09495192307692307
0 0.5805288461538461 0.8497596153846154 0.021634615384615384 0.09495192307692307
0 0.9387019230769231 0.45913461538461536 0.028846153846153848 0.078125
0 0.5492788461538461 0.8425480769230769 0.027644230769230768 0.10216346153846154
0 0.8629807692307693 0.44711538461538464 0.03485576923076923 0.09975961538461539
0 0.6514423076923077 0.8449519230769231 0.026442307692307692 0.10216346153846154
0 0.47475961538461536 0.8449519230769231 0.037259615384615384 0.08413461538461539
0 0.4326923076923077 0.8413461538461539 0.040865384615384616 0.09615384615384616
0 0.03125 0.8557692307692307 0.06129807692307692 0.07932692307692307
0 0.10336538461538461 0.7980769230769231 0.06971153846153846 0.055288461538461536
0 0.11057692307692307 0.8581730769230769 0.04807692307692308 0.052884615384615384
0 0.5132211538461539 0.8461538461538461 0.026442307692307692 0.10216346153846154
0 0.6875 0.8473557692307693 0.03485576923076923 0.10216346153846154
0 0.7524038461538461 0.8485576923076923 0.028846153846153848 0.08774038461538461
0 0.18028846153846154 0.8617788461538461 0.055288461538461536 0.04807692307692308
0 0.10697115384615384 0.1658653846153846 0.07932692307692307 0.06009615384615385
0 0.027644230769230768 0.16105769230769232 0.051682692307692304 0.054086538461538464
0 0.027644230769230768 0.10096153846153846 0.054086538461538464 0.055288461538461536
0 0.6610576923076923 0.28846153846153844 0.046875 0.026442307692307692
0 0.5949519230769231 0.2860576923076923 0.04447115384615385 0.02283653846153846
0 0.5985576923076923 0.31490384615384615 0.0673076923076923 0.03125
0 0.6033653846153846 0.34375 0.057692307692307696 0.020432692307692308
0 0.71875 0.8449519230769231 0.026442307692307692 0.09254807692307693
0 0.6598557692307693 0.25600961538461536 0.055288461538461536 0.027644230769230768
0 0.9447115384615384 0.7043269230769231 0.03365384615384615 0.09375
0 0.9759615384615384 0.8341346153846154 0.046875 0.11177884615384616
0 0.9338942307692307 0.8449519230769231 0.03365384615384615 0.09735576923076923
0 0.8942307692307693 0.8389423076923077 0.039663461538461536 0.09495192307692307
0 0.8557692307692307 0.8485576923076923 0.026442307692307692 0.08173076923076923
0 0.8185096153846154 0.8497596153846154 0.03365384615384615 0.0733173076923077
0 0.7848557692307693 0.8509615384615384 0.02403846153846154 0.0829326923076923
0 0.48197115384615385 0.2932692307692308 0.051682692307692304 0.11899038461538461
0 0.3954326923076923 0.8449519230769231 0.03365384615384615 0.10576923076923077
0 0.3161057692307692 0.8557692307692307 0.051682692307692304 0.07572115384615384
0 0.3641826923076923 0.8377403846153846 0.03485576923076923 0.09495192307692307
0 0.8305288461538461 0.4483173076923077 0.026442307692307692 0.10336538461538461
0 0.8016826923076923 0.4423076923076923 0.026442307692307692 0.10576923076923077
0 0.7620192307692307 0.44711538461538464 0.046875 0.109375
0 0.6875 0.4411057692307692 0.037259615384615384 0.09975961538461539
0 0.6478365384615384 0.4423076923076923 0.03125 0.10817307692307693
0 0.6033653846153846 0.4495192307692308 0.04447115384615385 0.1045673076923077
0 0.5697115384615384 0.44350961538461536 0.019230769230769232 0.09735576923076923
0 0.5432692307692307 0.4423076923076923 0.025240384615384616 0.09134615384615384
0 0.8990384615384616 0.45072115384615385 0.03365384615384615 0.0985576923076923
0 0.5144230769230769 0.44591346153846156 0.028846153846153848 0.10096153846153846
0 0.47836538461538464 0.4411057692307692 0.02283653846153846 0.09014423076923077
0 0.44471153846153844 0.4411057692307692 0.028846153846153848 0.08774038461538461
0 0.4182692307692308 0.4387019230769231 0.025240384615384616 0.08533653846153846
0 0.38822115384615385 0.4423076923076923 0.030048076923076924 0.09254807692307693
0 0.35096153846153844 0.4375 0.030048076923076924 0.09975961538461539
0 0.31490384615384615 0.44591346153846156 0.037259615384615384 0.0985576923076923
0 0.28125 0.44471153846153844 0.03245192307692308 0.10096153846153846
0 0.3894230769230769 0.2932692307692308 0.10576923076923077 0.1201923076923077
0 0.3088942307692308 0.29927884615384615 0.039663461538461536 0.09735576923076923
0 0.2644230769230769 0.29927884615384615 0.037259615384615384 0.09735576923076923
0 0.24759615384615385 0.8605769230769231 0.05889423076923077 0.06971153846153846
0 0.18389423076923078 0.8016826923076923 0.06490384615384616 0.052884615384615384
0 0.18870192307692307 0.17067307692307693 0.07572115384615384 0.056490384615384616
0 0.2932692307692308 0.7139423076923077 0.052884615384615384 0.08413461538461539
0 0.11899038461538461 0.2932692307692308 0.06850961538461539 0.11538461538461539
0 0.08533653846153846 0.4675480769230769 0.0625 0.04447115384615385
0 0.018028846153846152 0.4651442307692308 0.03365384615384615 0.04326923076923077
0 0.014423076923076924 0.41586538461538464 0.027644230769230768 0.057692307692307696
0 0.15144230769230768 0.46274038461538464 0.06009615384615385 0.04326923076923077
0 0.203125 0.44471153846153844 0.039663461538461536 0.10096153846153846
0 0.24639423076923078 0.43990384615384615 0.028846153846153848 0.0985576923076923
0 0.07091346153846154 0.4170673076923077 0.06971153846153846 0.051682692307692304
0 0.27524038461538464 0.16947115384615385 0.08052884615384616 0.05889423076923077
0 0.4987980769230769 0.1875 0.042067307692307696 0.019230769230769232
0 0.36658653846153844 0.10576923076923077 0.06850961538461539 0.057692307692307696
0 0.9879807692307693 0.1502403846153846 0.02283653846153846 0.04326923076923077
0 0.9627403846153846 0.3473557692307692 0.040865384615384616 0.020432692307692308
0 0.9699519230769231 0.3161057692307692 0.04326923076923077 0.03245192307692308
0 0.96875 0.2776442307692308 0.042067307692307696 0.02403846153846154
0 0.9242788461538461 0.30649038461538464 0.021634615384615384 0.09495192307692307
0 0.8834134615384616 0.31009615384615385 0.03365384615384615 0.09615384615384616
0 0.9819711538461539 0.19230769230769232 0.03125 0.038461538461538464
0 0.8449519230769231 0.30408653846153844 0.03365384615384615 0.10096153846153846
0 0.7632211538461539 0.35096153846153844 0.03365384615384615 0.013221153846153846
0 0.7704326923076923 0.32211538461538464 0.04567307692307692 0.020432692307692308
0 0.7764423076923077 0.2956730769230769 0.042067307692307696 0.02403846153846154
0 0.7764423076923077 0.25961538461538464 0.040865384615384616 0.030048076923076924
0 0.71875 0.29086538461538464 0.046875 0.025240384615384616
0 0.7295673076923077 0.7079326923076923 0.03245192307692308 0.09254807692307693
0 0.8149038461538461 0.30528846153846156 0.026442307692307692 0.09735576923076923
0 0.9543269230769231 0.1502403846153846 0.03245192307692308 0.04447115384615385
0 0.953125 0.19110576923076922 0.025240384615384616 0.030048076923076924
0 0.9447115384615384 0.5721153846153846 0.03485576923076923 0.11177884615384616
0 0.22956730769230768 0.7055288461538461 0.07091346153846154 0.08774038461538461
0 0.055288461538461536 0.5757211538461539 0.078125 0.0985576923076923
0 0.13822115384615385 0.5649038461538461 0.06610576923076923 0.08774038461538461
0 0.23918269230769232 0.5793269230769231 0.055288461538461536 0.07932692307692307
0 0.3137019230769231 0.5793269230769231 0.04927884615384615 0.0889423076923077
0 0.3762019230769231 0.5709134615384616 0.051682692307692304 0.10817307692307693
0 0.5360576923076923 0.5805288461538461 0.040865384615384616 0.09975961538461539
0 0.5961538461538461 0.5805288461538461 0.039663461538461536 0.10336538461538461
0 0.6454326923076923 0.5805288461538461 0.04567307692307692 0.09615384615384616
0 0.7103365384615384 0.5757211538461539 0.039663461538461536 0.078125
0 0.7728365384615384 0.5805288461538461 0.03245192307692308 0.08774038461538461
0 0.8076923076923077 0.5865384615384616 0.02283653846153846 0.09134615384615384
0 0.8401442307692307 0.5817307692307693 0.03245192307692308 0.08774038461538461
0 0.8725961538461539 0.5853365384615384 0.019230769230769232 0.08653846153846154
0 0.9050480769230769 0.5745192307692307 0.040865384615384616 0.09615384615384616
0 0.7007211538461539 0.7055288461538461 0.02403846153846154 0.09254807692307693
0 0.3557692307692308 0.17067307692307693 0.07091346153846154 0.051682692307692304
0 0.6670673076923077 0.7091346153846154 0.037259615384615384 0.09254807692307693
0 0.5853365384615384 0.703125 0.038461538461538464 0.08653846153846154
0 0.6610576923076923 0.3173076923076923 0.052884615384615384 0.025240384615384616
0 0.7740384615384616 0.15625 0.03485576923076923 0.0985576923076923
0 0.7355769230769231 0.15504807692307693 0.03485576923076923 0.10096153846153846
0 0.6862980769230769 0.16105769230769232 0.051682692307692304 0.08774038461538461
0 0.609375 0.18990384615384615 0.04807692307692308 0.021634615384615384
0 0.5564903846153846 0.1622596153846154 0.056490384615384616 0.02403846153846154
0 0.6574519230769231 0.3473557692307692 0.046875 0.025240384615384616
0 0.5588942307692307 0.18870192307692307 0.04567307692307692 0.020432692307692308
0 0.4411057692307692 0.1622596153846154 0.051682692307692304 0.03125
0 0.44350961538461536 0.18870192307692307 0.04326923076923077 0.013221153846153846
0 0.19471153846153846 0.042067307692307696 0.07572115384615384 0.06490384615384616
0 0.10576923076923077 0.09975961538461539 0.07692307692307693 0.06850961538461539
0 0.18389423076923078 0.109375 0.06610576923076923 0.06009615384615385
0 0.27163461538461536 0.10336538461538461 0.09014423076923077 0.055288461538461536
0 0.5024038461538461 0.16105769230769232 0.042067307692307696 0.026442307692307692
0 0.6237980769230769 0.7055288461538461 0.039663461538461536 0.09014423076923077
0 0.7103365384615384 0.3473557692307692 0.04447115384615385 0.015625
0 0.8076923076923077 0.15745192307692307 0.028846153846153848 0.08774038461538461
0 0.5504807692307693 0.703125 0.03125 0.09495192307692307
0 0.5204326923076923 0.7079326923076923 0.028846153846153848 0.09735576923076923
0 0.9831730769230769 0.578125 0.028846153846153848 0.10336538461538461
0 0.9747596153846154 0.4543269230769231 0.036057692307692304 0.07692307692307693
0 0.4807692307692308 0.7079326923076923 0.03125 0.10096153846153846
0 0.4411057692307692 0.7055288461538461 0.03485576923076923 0.10817307692307693
0 0.7175480769230769 0.32091346153846156 0.04567307692307692 0.02283653846153846
0 0.3954326923076923 0.7055288461538461 0.042067307692307696 0.10216346153846154
0 0.7644230769230769 0.703125 0.03245192307692308 0.10216346153846154
0 0.7980769230769231 0.7043269230769231 0.026442307692307692 0.0889423076923077
0 0.8665865384615384 0.7079326923076923 0.036057692307692304 0.09735576923076923
0 0.9038461538461539 0.7019230769230769 0.026442307692307692 0.09254807692307693
0 0.9206730769230769 0.15745192307692307 0.03485576923076923 0.09134615384615384
0 0.8786057692307693 0.15625 0.03365384615384615 0.08413461538461539
0 0.8389423076923077 0.15865384615384615 0.042067307692307696 0.09375
0 0.35216346153846156 0.7043269230769231 0.04447115384615385 0.10576923076923077
0 0.8293269230769231 0.7019230769230769 0.026442307692307692 0.09014423076923077