0 0.14302884615384615 0.45072115384615385 0.052884615384615384 0.09014423076923077
0 0.8413461538461539 0.29447115384615385 0.051682692307692304 0.09975961538461539
0 0.8954326923076923 0.296875 0.054086538461538464 0.10336538461538461
0 0.24158653846153846 0.6983173076923077 0.04927884615384615 0.07451923076923077
0 0.28966346153846156 0.7007211538461539 0.04567307692307692 0.06971153846153846
0 0.33413461538461536 0.7019230769230769 0.04567307692307692 0.07211538461538461
0 0.3786057692307692 0.7007211538461539 0.042067307692307696 0.07211538461538461
0 0.42427884615384615 0.6947115384615384 0.05048076923076923 0.07572115384615384
0 0.47475961538461536 0.6947115384615384 0.05048076923076923 0.07451923076923077
0 0.5240384615384616 0.6911057692307693 0.04567307692307692 0.08173076923076923
0 0.5721153846153846 0.6899038461538461 0.04927884615384615 0.0829326923076923
0 0.09375 0.4519230769230769 0.04567307692307692 0.09014423076923077
0 0.6201923076923077 0.6875 0.04447115384615385 0.07932692307692307
0 0.7632211538461539 0.6899038461538461 0.04927884615384615 0.07692307692307693
0 0.18990384615384615 0.6995192307692307 0.054086538461538464 0.06971153846153846
0 0.53125 0.44471153846153844 0.046875 0.09134615384615384
0 0.4831730769230769 0.44711538461538464 0.05048076923076923 0.09375
0 0.4338942307692308 0.44711538461538464 0.04326923076923077 0.09375
0 0.3894230769230769 0.4483173076923077 0.04567307692307692 0.09495192307692307
0 0.3389423076923077 0.4519230769230769 0.052884615384615384 0.09014423076923077
0 0.23798076923076922 0.4495192307692308 0.054086538461538464 0.08774038461538461
0 0.19110576923076922 0.4519230769230769 0.04326923076923077 0.08774038461538461
0 0.04326923076923077 0.4519230769230769 0.054086538461538464 0.08774038461538461
0 0.671875 0.6887019230769231 0.05889423076923077 0.078125
0 0.5817307692307693 0.4423076923076923 0.054086538461538464 0.09735576923076923
0 0.02283653846153846 0.8365384615384616 0.038461538461538464 0.06850961538461539
0 0.140625 0.7019230769230769 0.04326923076923077 0.07091346153846154
0 0.7331730769230769 0.4411057692307692 0.052884615384615384 0.0889423076923077
0 0.7824519230769231 0.4375 0.046875 0.09615384615384616
0 0.8305288461538461 0.4362980769230769 0.05048076923076923 0.09014423076923077
0 0.8822115384615384 0.43509615384615385 0.04927884615384615 0.08653846153846154
0 0.9314903846153846 0.4375 0.04447115384615385 0.08413461538461539
0 0.9759615384615384 0.4387019230769231 0.04326923076923077 0.0889423076923077
0 0.040865384615384616 0.5901442307692307 0.05048076923076923 0.06370192307692307
0 0.08774038461538461 0.5877403846153846 0.04326923076923077 0.06971153846153846
0 0.13581730769230768 0.5877403846153846 0.051682692307692304 0.06850961538461539
0 0.18028846153846154 0.5877403846153846 0.038461538461538464 0.0673076923076923
0 0.23076923076923078 0.5877403846153846 0.05889423076923077 0.06850961538461539
0 0.7872596153846154 0.2980769230769231 0.05048076923076923 0.10096153846153846
0 0.3173076923076923 0.5757211538461539 0.046875 0.09134615384615384
0 0.40865384615384615 0.5745192307692307 0.04447115384615385 0.08653846153846154
0 0.45552884615384615 0.5733173076923077 0.04447115384615385 0.08413461538461539
0 0.5036057692307693 0.5721153846153846 0.05048076923076923 0.0889423076923077
0 0.5901442307692307 0.578125 0.04807692307692308 0.0733173076923077
0 0.6346153846153846 0.5757211538461539 0.040865384615384616 0.078125
0 0.6778846153846154 0.5793269230769231 0.042067307692307696 0.07091346153846154
0 0.7704326923076923 0.5757211538461539 0.051682692307692304 0.0733173076923077
0 0.8197115384615384 0.5745192307692307 0.04567307692307692 0.07451923076923077
0 0.8653846153846154 0.5733173076923077 0.04807692307692308 0.0733173076923077
0 0.9146634615384616 0.5733173076923077 0.054086538461538464 0.0733173076923077
0 0.09375 0.7055288461538461 0.04807692307692308 0.06490384615384616
0 0.3629807692307692 0.5745192307692307 0.046875 0.09134615384615384
0 0.734375 0.2980769230769231 0.057692307692307696 0.10216346153846154
0 0.5709134615384616 0.3016826923076923 0.05048076923076923 0.10096153846153846
0 0.6274038461538461 0.3004807692307692 0.0625 0.10216346153846154
0 0.9038461538461539 0.6935096153846154 0.04447115384615385 0.0673076923076923
0 0.9771634615384616 0.8028846153846154 0.04326923076923077 0.1045673076923077
0 0.9278846153846154 0.8052884615384616 0.056490384615384616 0.10817307692307693
0 0.8786057692307693 0.8064903846153846 0.042067307692307696 0.10576923076923077
0 0.8004807692307693 0.828125 0.046875 0.06850961538461539
0 0.7536057692307693 0.8293269230769231 0.046875 0.06971153846153846
0 0.7091346153846154 0.8293269230769231 0.038461538461538464 0.07211538461538461
0 0.6670673076923077 0.8293269230769231 0.046875 0.0733173076923077
0 0.625 0.8305288461538461 0.042067307692307696 0.06971153846153846
0 0.5805288461538461 0.8305288461538461 0.04807692307692308 0.06610576923076923
0 0.5360576923076923 0.8185096153846154 0.039663461538461536 0.08774038461538461
0 0.49759615384615385 0.8137019230769231 0.028846153846153848 0.07572115384615384
0 0.4675480769230769 0.8233173076923077 0.039663461538461536 0.08533653846153846
0 0.42788461538461536 0.8233173076923077 0.039663461538461536 0.08774038461538461
0 0.390625 0.8245192307692307 0.03485576923076923 0.09014423076923077
0 0.35096153846153844 0.8317307692307693 0.039663461538461536 0.07572115384615384
0 0.3125 0.8329326923076923 0.037259615384615384 0.07451923076923077
0 0.2704326923076923 0.8329326923076923 0.039663461538461536 0.07211538461538461
0 0.23076923076923078 0.8353365384615384 0.042067307692307696 0.07451923076923077
0 0.19110576923076922 0.8353365384615384 0.038461538461538464 0.07572115384615384
0 0.15144230769230768 0.8341346153846154 0.038461538461538464 0.07692307692307693
0 0.109375 0.8353365384615384 0.04807692307692308 0.07091346153846154
0 0.06370192307692307 0.8341346153846154 0.04326923076923077 0.07091346153846154
0 0.8617788461538461 0.6923076923076923 0.042067307692307696 0.0733173076923077
0 0.6826923076923077 0.29927884615384615 0.046875 0.10096153846153846
0 0.8149038461538461 0.6911057692307693 0.051682692307692304 0.0733173076923077
0 0.15985576923076922 0.13221153846153846 0.06850961538461539 0.1045673076923077
0 0.9507211538461539 0.6935096153846154 0.04807692307692308 0.06610576923076923
0 0.5144230769230769 0.3016826923076923 0.0625 0.10096153846153846
0 0.4567307692307692 0.30649038461538464 0.046875 0.09254807692307693
0 0.40625 0.3088942307692308 0.054086538461538464 0.0985576923076923
0 0.3557692307692308 0.31009615384615385 0.04567307692307692 0.09735576923076923
0 0.31009615384615385 0.3076923076923077 0.046875 0.09735576923076923
0 0.25961538461538464 0.3112980769230769 0.05048076923076923 0.0985576923076923
0 0.2091346153846154 0.3112980769230769 0.04927884615384615 0.09735576923076923
0 0.15504807692307693 0.3112980769230769 0.05889423076923077 0.09615384615384616
0 0.10096153846153846 0.31009615384615385 0.052884615384615384 0.09375
0 0.04567307692307692 0.3112980769230769 0.055288461538461536 0.09375
0 0.8509615384615384 0.1201923076923077 0.06610576923076923 0.10817307692307693
0 0.7896634615384616 0.1201923076923077 0.05889423076923077 0.10817307692307693
0 0.7307692307692307 0.125 0.055288461538461536 0.10336538461538461
0 0.671875 0.12620192307692307 0.06490384615384616 0.10697115384615384
0 0.6153846153846154 0.12740384615384615 0.046875 0.1045673076923077
0 0.5600961538461539 0.12620192307692307 0.06129807692307692 0.1045673076923077
0 0.5024038461538461 0.12860576923076922 0.055288461538461536 0.10096153846153846
0 0.44591346153846156 0.12860576923076922 0.057692307692307696 0.1045673076923077
0 0.38822115384615385 0.12980769230769232 0.057692307692307696 0.10336538461538461
0 0.33533653846153844 0.12980769230769232 0.04807692307692308 0.1045673076923077
0 0.2800480769230769 0.1346153846153846 0.05889423076923077 0.09975961538461539
0 0.22355769230769232 0.13221153846153846 0.055288461538461536 0.10216346153846154
0 0.052884615384615384 0.13822115384615385 0.0673076923076923 0.10216346153846154
0 0.6790865384615384 0.4411057692307692 0.055288461538461536 0.0889423076923077
0 0.6298076923076923 0.43990384615384615 0.04326923076923077 0.09375