0 0.49038461538461536 0.30528846153846156 0.028846153846153848 0.06370192307692307
0 0.45913461538461536 0.30528846153846156 0.025240384615384616 0.06129807692307692
0 0.46153846153846156 0.5564903846153846 0.06490384615384616 0.07451923076923077
0 0.6237980769230769 0.29086538461538464 0.06850961538461539 0.08653846153846154
0 0.6971153846153846 0.29086538461538464 0.06610576923076923 0.0829326923076923
0 0.546875 0.28365384615384615 0.0673076923076923 0.10216346153846154
0 0.42427884615384615 0.2980769230769231 0.03125 0.07451923076923077
0 0.14543269230769232 0.5432692307692307 0.038461538461538464 0.06009615384615385
0 0.3449519230769231 0.5540865384615384 0.052884615384615384 0.08173076923076923
0 0.037259615384615384 0.546875 0.07451923076923077 0.057692307692307696
0 0.09495192307692307 0.5492788461538461 0.037259615384615384 0.055288461538461536
0 0.7728365384615384 0.29086538461538464 0.06490384615384616 0.08533653846153846
0 0.21153846153846154 0.5600961538461539 0.0829326923076923 0.07692307692307693
0 0.019230769230769232 0.6622596153846154 0.036057692307692304 0.057692307692307696
0 0.4026442307692308 0.5516826923076923 0.04927884615384615 0.08774038461538461
0 0.8473557692307693 0.2824519230769231 0.06971153846153846 0.10336538461538461
0 0.36177884615384615 0.4675480769230769 0.036057692307692304 0.05048076923076923
0 0.03125 0.4423076923076923 0.06129807692307692 0.06009615384615385
0 0.6370192307692307 0.45072115384615385 0.03245192307692308 0.07091346153846154
0 0.6814903846153846 0.4423076923076923 0.037259615384615384 0.08173076923076923
0 0.06370192307692307 0.6598557692307693 0.037259615384615384 0.0625
0 0.5949519230769231 0.47115384615384615 0.027644230769230768 0.042067307692307696
0 0.5528846153846154 0.45552884615384615 0.04447115384615385 0.0673076923076923
0 0.5048076923076923 0.4423076923076923 0.038461538461538464 0.09134615384615384
0 0.9134615384615384 0.28846153846153844 0.052884615384615384 0.08413461538461539
0 0.4567307692307692 0.4326923076923077 0.046875 0.1141826923076923
0 0.3293269230769231 0.4495192307692308 0.026442307692307692 0.08653846153846154
0 0.28846153846153844 0.4519230769230769 0.038461538461538464 0.08533653846153846
0 0.2536057692307692 0.4483173076923077 0.026442307692307692 0.08774038461538461
0 0.22115384615384615 0.4543269230769231 0.030048076923076924 0.08052884615384616
0 0.18269230769230768 0.4519230769230769 0.028846153846153848 0.08413461538461539
0 0.11177884615384616 0.43990384615384615 0.08653846153846154 0.05889423076923077
0 0.4074519230769231 0.4411057692307692 0.039663461538461536 0.09975961538461539
0 0.10216346153846154 0.6598557692307693 0.03485576923076923 0.057692307692307696
0 0.8341346153846154 0.17908653846153846 0.046875 0.04927884615384615
0 0.20673076923076922 0.6826923076923077 0.052884615384615384 0.09375
0 0.5300480769230769 0.5564903846153846 0.06009615384615385 0.07451923076923077
0 0.5925480769230769 0.5564903846153846 0.055288461538461536 0.06971153846153846
0 0.6538461538461539 0.5576923076923077 0.057692307692307696 0.06971153846153846
0 0.7199519230769231 0.5588942307692307 0.0625 0.056490384615384616
0 0.7752403846153846 0.5612980769230769 0.03485576923076923 0.05889423076923077
0 0.8149038461538461 0.5637019230769231 0.030048076923076924 0.055288461538461536
0 0.2800480769230769 0.8557692307692307 0.040865384615384616 0.07572115384615384
0 0.8569711538461539 0.5600961538461539 0.04567307692307692 0.05889423076923077
0 0.9663461538461539 0.5276442307692307 0.06370192307692307 0.11899038461538461
0 0.9759615384615384 0.3629807692307692 0.046875 0.13822115384615385
0 0.9086538461538461 0.4699519230769231 0.046875 0.027644230769230768
0 0.8545673076923077 0.41947115384615385 0.056490384615384616 0.1310096153846154
0 0.6778846153846154 0.3894230769230769 0.03125 0.021634615384615384
0 0.6802884615384616 0.3605769230769231 0.030048076923076924 0.018028846153846152
0 0.9014423076923077 0.5625 0.03245192307692308 0.051682692307692304
0 0.14543269230769232 0.6598557692307693 0.042067307692307696 0.05889423076923077
0 0.22716346153846154 0.8545673076923077 0.040865384615384616 0.08052884615384616
0 0.13221153846153846 0.8713942307692307 0.06129807692307692 0.05889423076923077
0 0.28125 0.6730769230769231 0.0625 0.11057692307692307
0 0.35336538461538464 0.6682692307692307 0.04807692307692308 0.11057692307692307
0 0.42788461538461536 0.6923076923076923 0.07692307692307693 0.0733173076923077
0 0.49399038461538464 0.6514423076923077 0.04567307692307692 0.04807692307692308
0 0.7211538461538461 0.46634615384615385 0.030048076923076924 0.037259615384615384
0 0.7572115384615384 0.46153846153846156 0.03365384615384615 0.04807692307692308
0 0.18389423076923078 0.8653846153846154 0.03125 0.06129807692307692
0 0.3245192307692308 0.8509615384615384 0.028846153846153848 0.08173076923076923
0 0.4963942307692308 0.7043269230769231 0.04927884615384615 0.051682692307692304
0 0.15865384615384615 0.7524038461538461 0.040865384615384616 0.08173076923076923
0 0.10817307692307693 0.7524038461538461 0.040865384615384616 0.0829326923076923
0 0.05048076923076923 0.7536057692307693 0.04326923076923077 0.0733173076923077
0 0.013221153846153846 0.7512019230769231 0.026442307692307692 0.07932692307692307
0 0.06129807692307692 0.8677884615384616 0.06490384615384616 0.0673076923076923
0 0.3870192307692308 0.3004807692307692 0.030048076923076924 0.07451923076923077
0 0.359375 0.8449519230769231 0.03125 0.09254807692307693
0 0.16105769230769232 0.18509615384615385 0.038461538461538464 0.06009615384615385
0 0.7247596153846154 0.054086538461538464 0.051682692307692304 0.09014423076923077
0 0.29086538461538464 0.18389423076923078 0.039663461538461536 0.05889423076923077
0 0.24879807692307693 0.18509615384615385 0.038461538461538464 0.05889423076923077
0 0.20432692307692307 0.18389423076923078 0.036057692307692304 0.06129807692307692
0 0.7319711538461539 0.3786057692307692 0.06370192307692307 0.04326923076923077
0 0.09615384615384616 0.18389423076923078 0.037259615384615384 0.08653846153846154
0 0.05889423076923077 0.1971153846153846 0.027644230769230768 0.0733173076923077
0 0.021634615384615384 0.19591346153846154 0.036057692307692304 0.07211538461538461
0 0.051682692307692304 0.06370192307692307 0.06009615384615385 0.0625
0 0.33653846153846156 0.18389423076923078 0.042067307692307696 0.05889423076923077
0 0.12740384615384615 0.051682692307692304 0.04927884615384615 0.09495192307692307
0 0.3088942307692308 0.04927884615384615 0.046875 0.09495192307692307
0 0.25 0.05048076923076923 0.05889423076923077 0.09375
0 0.36538461538461536 0.051682692307692304 0.055288461538461536 0.09735576923076923
0 0.4254807692307692 0.054086538461538464 0.057692307692307696 0.09735576923076923
0 0.484375 0.051682692307692304 0.057692307692307696 0.09254807692307693
0 0.546875 0.055288461538461536 0.054086538461538464 0.09735576923076923
0 0.6069711538461539 0.052884615384615384 0.057692307692307696 0.09375
0 0.6658653846153846 0.052884615384615384 0.056490384615384616 0.09375
0 0.18990384615384615 0.052884615384615384 0.051682692307692304 0.09254807692307693
0 0.5408653846153846 0.6346153846153846 0.04326923076923077 0.04447115384615385
0 0.546875 0.7019230769230769 0.04567307692307692 0.051682692307692304
0 0.3786057692307692 0.18629807692307693 0.038461538461538464 0.056490384615384616
0 0.8822115384615384 0.17908653846153846 0.037259615384615384 0.05048076923076923
0 0.9254807692307693 0.17908653846153846 0.028846153846153848 0.051682692307692304
0 0.9723557692307693 0.20552884615384615 0.054086538461538464 0.14903846153846154
0 0.020432692307692308 0.32572115384615385 0.030048076923076924 0.06490384615384616
0 0.0889423076923077 0.3245192307692308 0.0829326923076923 0.057692307692307696
0 0.15504807692307693 0.29927884615384615 0.03365384615384615 0.0673076923076923
0 0.1971153846153846 0.3004807692307692 0.042067307692307696 0.0733173076923077
0 0.23798076923076922 0.296875 0.030048076923076924 0.08413461538461539
0 0.27283653846153844 0.3004807692307692 0.036057692307692304 0.07211538461538461
0 0.31009615384615385 0.3004807692307692 0.026442307692307692 0.0733173076923077
0 0.3473557692307692 0.3004807692307692 0.03365384615384615 0.0733173076923077
0 0.7415865384615384 0.1814903846153846 0.042067307692307696 0.054086538461538464
0 0.6923076923076923 0.18389423076923078 0.046875 0.05048076923076923
0 0.6394230769230769 0.18269230769230768 0.042067307692307696 0.055288461538461536
0 0.5925480769230769 0.18990384615384615 0.039663461538461536 0.05048076923076923
0 0.5516826923076923 0.18269230769230768 0.036057692307692304 0.057692307692307696
0 0.5108173076923077 0.18269230769230768 0.03365384615384615 0.05889423076923077
0 0.4699519230769231 0.18629807692307693 0.036057692307692304 0.052884615384615384
0 0.4230769230769231 0.18629807692307693 0.038461538461538464 0.06129807692307692
0 0.41225961538461536 0.8545673076923077 0.054086538461538464 0.07211538461538461
0 0.7824519230769231 0.054086538461538464 0.057692307692307696 0.09375
0 0.7980769230769231 0.4579326923076923 0.030048076923076924 0.054086538461538464
0 0.9074519230769231 0.052884615384615384 0.051682692307692304 0.09014423076923077
0 0.47115384615384615 0.8533653846153846 0.055288461538461536 0.07451923076923077
0 0.84375 0.051682692307692304 0.057692307692307696 0.09254807692307693
0 0.53125 0.8569711538461539 0.04927884615384615 0.06490384615384616
0 0.7872596153846154 0.1814903846153846 0.042067307692307696 0.057692307692307696
0 0.5889423076923077 0.8257211538461539 0.04326923076923077 0.12860576923076922
0 0.6466346153846154 0.8545673076923077 0.04927884615384615 0.06610576923076923
0 0.7019230769230769 0.8353365384615384 0.052884615384615384 0.10576923076923077
0 0.9459134615384616 0.8209134615384616 0.07692307692307693 0.11057692307692307
0 0.8173076923076923 0.8329326923076923 0.04447115384615385 0.07211538461538461
0 0.7644230769230769 0.8353365384615384 0.05048076923076923 0.09014423076923077
0 0.9723557692307693 0.6634615384615384 0.05048076923076923 0.1201923076923077
0 0.8798076923076923 0.8161057692307693 0.046875 0.12620192307692307
0 0.8798076923076923 0.6947115384615384 0.03365384615384615 0.04927884615384615
0 0.9663461538461539 0.04447115384615385 0.055288461538461536 0.0889423076923077
0 0.9170673076923077 0.6935096153846154 0.028846153846153848 0.04927884615384615
0 0.6526442307692307 0.6971153846153846 0.042067307692307696 0.06490384615384616
0 0.7127403846153846 0.6670673076923077 0.07572115384615384 0.1201923076923077
0 0.7944711538461539 0.6658653846153846 0.06129807692307692 0.11658653846153846
0 0.6021634615384616 0.6995192307692307 0.06009615384615385 0.056490384615384616
0 0.8449519230769231 0.6814903846153846 0.030048076923076924 0.0829326923076923