0 0.9603365384615384 0.1346153846153846 0.078125 0.1622596153846154
0 0.8762019230769231 0.14783653846153846 0.07572115384615384 0.15745192307692307
0 0.609375 0.18990384615384615 0.055288461538461536 0.1502403846153846
0 0.5480769230769231 0.19230769230769232 0.052884615384615384 0.13701923076923078
0 0.7980769230769231 0.15625 0.06490384615384616 0.15985576923076922
0 0.9543269230769231 0.390625 0.06971153846153846 0.03485576923076923
0 0.9555288461538461 0.5228365384615384 0.0673076923076923 0.03245192307692308
0 0.9555288461538461 0.4807692307692308 0.07692307692307693 0.036057692307692304
0 0.9579326923076923 0.4338942307692308 0.07091346153846154 0.040865384615384616
0 0.4963942307692308 0.20072115384615385 0.040865384615384616 0.1310096153846154
0 0.9615384615384616 0.3473557692307692 0.06610576923076923 0.037259615384615384
0 0.9579326923076923 0.5625 0.06490384615384616 0.036057692307692304
0 0.44471153846153844 0.20432692307692307 0.04447115384615385 0.12740384615384615
0 0.9663461538461539 0.6502403846153846 0.06370192307692307 0.036057692307692304
0 0.3485576923076923 0.21875 0.037259615384615384 0.1201923076923077
0 0.8762019230769231 0.5829326923076923 0.07211538461538461 0.055288461538461536
0 0.7139423076923077 0.5132211538461539 0.06009615384615385 0.052884615384615384
0 0.8713942307692307 0.5228365384615384 0.07692307692307693 0.05048076923076923
0 0.042067307692307696 0.25240384615384615 0.025240384615384616 0.10096153846153846
0 0.07572115384615384 0.24759615384615385 0.03485576923076923 0.09975961538461539
0 0.8497596153846154 0.36899038461538464 0.056490384615384616 0.14903846153846154
0 0.78125 0.37259615384615385 0.051682692307692304 0.14302884615384615
0 0.6526442307692307 0.37740384615384615 0.04927884615384615 0.13221153846153846
0 0.7139423076923077 0.3762019230769231 0.06129807692307692 0.14182692307692307
0 0.9555288461538461 0.2860576923076923 0.06610576923076923 0.06490384615384616
0 0.014423076923076924 0.25600961538461536 0.020432692307692308 0.09615384615384616
0 0.11057692307692307 0.24759615384615385 0.025240384615384616 0.09975961538461539
0 0.14423076923076922 0.2439903846153846 0.03485576923076923 0.09975961538461539
0 0.18389423076923078 0.23798076923076922 0.028846153846153848 0.10096153846153846
0 0.21995192307692307 0.23197115384615385 0.030048076923076924 0.10576923076923077
0 0.25721153846153844 0.2283653846153846 0.03365384615384615 0.11177884615384616
0 0.3004807692307692 0.22355769230769232 0.04326923076923077 0.11658653846153846
0 0.3954326923076923 0.21394230769230768 0.042067307692307696 0.12139423076923077
0 0.9627403846153846 0.6081730769230769 0.07211538461538461 0.03485576923076923
0 0.40384615384615385 0.8173076923076923 0.04567307692307692 0.04326923076923077
0 0.7151442307692307 0.5733173076923077 0.06129807692307692 0.054086538461538464
0 0.046875 0.34975961538461536 0.016826923076923076 0.015625
0 0.06971153846153846 0.3485576923076923 0.014423076923076924 0.016826923076923076
0 0.09975961538461539 0.35096153846153844 0.016826923076923076 0.010817307692307692
0 0.12620192307692307 0.34975961538461536 0.016826923076923076 0.010817307692307692
0 0.14783653846153846 0.3485576923076923 0.015625 0.013221153846153846
0 0.026442307692307692 0.36778846153846156 0.01201923076923077 0.007211538461538462
0 0.04927884615384615 0.36658653846153844 0.013221153846153846 0.007211538461538462
0 0.0733173076923077 0.36658653846153844 0.014423076923076924 0.007211538461538462
0 0.40384615384615385 0.32572115384615385 0.016826923076923076 0.01201923076923077
0 0.43149038461538464 0.32211538461538464 0.015625 0.01201923076923077
0 0.46274038461538464 0.3233173076923077 0.014423076923076924 0.010817307692307692
0 0.48197115384615385 0.3125 0.015625 0.010817307692307692
0 0.5060096153846154 0.32091346153846156 0.013221153846153846 0.015625
0 0.5360576923076923 0.3161057692307692 0.018028846153846152 0.009615384615384616
0 0.021634615384615384 0.35216346153846156 0.019230769230769232 0.01201923076923077
0 0.5408653846153846 0.3425480769230769 0.020432692307692308 0.01201923076923077
0 0.48197115384615385 0.33533653846153844 0.013221153846153846 0.007211538461538462
0 0.4651442307692308 0.3473557692307692 0.015625 0.009615384615384616
0 0.43149038461538464 0.34615384615384615 0.016826923076923076 0.009615384615384616
0 0.4050480769230769 0.3485576923076923 0.016826923076923076 0.009615384615384616
0 0.21634615384615385 0.7728365384615384 0.03365384615384615 0.028846153846153848
0 0.7884615384615384 0.5180288461538461 0.07451923076923077 0.051682692307692304
0 0.17307692307692307 0.7271634615384616 0.03365384615384615 0.030048076923076924
0 0.2127403846153846 0.7355769230769231 0.038461538461538464 0.03485576923076923
0 0.25841346153846156 0.7439903846153846 0.04326923076923077 0.040865384615384616
0 0.30528846153846156 0.7524038461538461 0.038461538461538464 0.03125
0 0.35216346153846156 0.7596153846153846 0.040865384615384616 0.037259615384615384
0 0.34615384615384615 0.7175480769230769 0.046875 0.037259615384615384
0 0.296875 0.7103365384615384 0.03485576923076923 0.036057692307692304
0 0.2536057692307692 0.7019230769230769 0.039663461538461536 0.03365384615384615
0 0.5084134615384616 0.3425480769230769 0.014423076923076924 0.009615384615384616
0 0.2091346153846154 0.6923076923076923 0.038461538461538464 0.039663461538461536
0 0.051682692307692304 0.4074519230769231 0.01201923076923077 0.06850961538461539
0 0.021634615384615384 0.4050480769230769 0.014423076923076924 0.06610576923076923
0 0.25961538461538464 0.7836538461538461 0.037259615384615384 0.03125
0 0.30288461538461536 0.7944711538461539 0.038461538461538464 0.039663461538461536
0 0.34975961538461536 0.8052884615384616 0.04567307692307692 0.042067307692307696
0 0.039663461538461536 0.625 0.05889423076923077 0.040865384615384616
0 0.11057692307692307 0.6358173076923077 0.06850961538461539 0.036057692307692304
0 0.11538461538461539 0.6766826923076923 0.06129807692307692 0.036057692307692304
0 0.1201923076923077 0.7139423076923077 0.055288461538461536 0.026442307692307692
0 0.12259615384615384 0.7536057692307693 0.06490384615384616 0.03485576923076923
0 0.046875 0.6646634615384616 0.06129807692307692 0.03125
0 0.051682692307692304 0.6983173076923077 0.06009615384615385 0.027644230769230768
0 0.054086538461538464 0.734375 0.0625 0.03485576923076923
0 0.5096153846153846 0.4026442307692308 0.03245192307692308 0.08653846153846154
0 0.47475961538461536 0.40384615384615385 0.028846153846153848 0.08413461538461539
0 0.44350961538461536 0.40384615384615385 0.030048076923076924 0.0829326923076923
0 0.038461538461538464 0.40625 0.01201923076923077 0.06610576923076923
0 0.41346153846153844 0.40384615384615385 0.025240384615384616 0.08173076923076923
0 0.3629807692307692 0.4050480769230769 0.018028846153846152 0.08173076923076923
0 0.2956730769230769 0.4026442307692308 0.021634615384615384 0.07692307692307693
0 0.3233173076923077 0.4014423076923077 0.025240384615384616 0.078125
0 0.34615384615384615 0.4014423076923077 0.013221153846153846 0.08052884615384616
0 0.5516826923076923 0.4014423076923077 0.037259615384615384 0.0889423076923077
0 0.5925480769230769 0.40024038461538464 0.026442307692307692 0.09014423076923077
0 0.16105769230769232 0.4050480769230769 0.020432692307692308 0.078125
0 0.1875 0.40024038461538464 0.02403846153846154 0.07932692307692307
0 0.21754807692307693 0.4014423076923077 0.028846153846153848 0.078125
0 0.2644230769230769 0.40024038461538464 0.026442307692307692 0.078125
0 0.11298076923076923 0.40384615384615385 0.018028846153846152 0.06490384615384616
0 0.13701923076923078 0.40384615384615385 0.021634615384615384 0.07091346153846154
0 0.09014423076923077 0.4050480769230769 0.019230769230769232 0.0673076923076923
0 0.06971153846153846 0.40865384615384615 0.019230769230769232 0.07211538461538461
0 0.3870192307692308 0.40384615384615385 0.021634615384615384 0.08052884615384616
0 0.16706730769230768 0.6875 0.03365384615384615 0.038461538461538464
0 0.17668269230769232 0.7644230769230769 0.03245192307692308 0.03245192307692308
0 0.25240384615384615 0.6610576923076923 0.03365384615384615 0.03125
0 0.8521634615384616 0.8016826923076923 0.06610576923076923 0.054086538461538464
0 0.7824519230769231 0.7800480769230769 0.057692307692307696 0.051682692307692304
0 0.9375 0.9447115384615384 0.08533653846153846 0.052884615384615384
0 0.9338942307692307 0.8846153846153846 0.07572115384615384 0.051682692307692304
0 0.9399038461538461 0.8221153846153846 0.07692307692307693 0.05048076923076923
0 0.9423076923076923 0.7644230769230769 0.0829326923076923 0.042067307692307696
0 0.9387019230769231 0.7079326923076923 0.0829326923076923 0.055288461538461536
0 0.21394230769230768 0.6466346153846154 0.028846153846153848 0.03485576923076923
0 0.46153846153846156 0.5060096153846154 0.046875 0.042067307692307696
0 0.4567307692307692 0.5552884615384616 0.04927884615384615 0.03485576923076923
0 0.38822115384615385 0.5084134615384616 0.055288461538461536 0.04326923076923077
0 0.39663461538461536 0.5552884615384616 0.04807692307692308 0.037259615384615384
0 0.8605769230769231 0.7403846153846154 0.042067307692307696 0.052884615384615384
0 0.8185096153846154 0.6742788461538461 0.06610576923076923 0.04927884615384615
0 0.7872596153846154 0.8413461538461539 0.06370192307692307 0.04927884615384615
0 0.09014423076923077 0.5336538461538461 0.030048076923076924 0.03125
0 0.018028846153846152 0.5276442307692307 0.026442307692307692 0.03485576923076923
0 0.08774038461538461 0.49399038461538464 0.027644230769230768 0.036057692307692304
0 0.052884615384615384 0.49158653846153844 0.020432692307692308 0.03245192307692308
0 0.019230769230769232 0.49038461538461536 0.028846153846153848 0.039663461538461536
0 0.1622596153846154 0.5384615384615384 0.028846153846153848 0.03485576923076923
0 0.12740384615384615 0.5348557692307693 0.027644230769230768 0.03485576923076923
0 0.16105769230769232 0.49759615384615385 0.027644230769230768 0.036057692307692304
0 0.125 0.4963942307692308 0.03245192307692308 0.03485576923076923
0 0.20192307692307693 0.5420673076923077 0.03485576923076923 0.03485576923076923
0 0.20072115384615385 0.4987980769230769 0.030048076923076924 0.038461538461538464
0 0.25600961538461536 0.546875 0.040865384615384616 0.038461538461538464
0 0.24879807692307693 0.5 0.04807692307692308 0.036057692307692304
0 0.3473557692307692 0.5504807692307693 0.039663461538461536 0.037259615384615384
0 0.30528846153846156 0.5456730769230769 0.03365384615384615 0.036057692307692304
0 0.054086538461538464 0.53125 0.025240384615384616 0.030048076923076924
0 0.859375 0.8545673076923077 0.04807692307692308 0.040865384615384616
0 0.7788461538461539 0.9002403846153846 0.052884615384615384 0.046875
0 0.5132211538461539 0.5600961538461539 0.051682692307692304 0.046875
0 0.2932692307692308 0.6670673076923077 0.036057692307692304 0.040865384615384616
0 0.3401442307692308 0.6706730769230769 0.05048076923076923 0.038461538461538464
0 0.46033653846153844 0.828125 0.051682692307692304 0.04567307692307692
0 0.4579326923076923 0.7788461538461539 0.046875 0.036057692307692304
0 0.40384615384615385 0.7716346153846154 0.04567307692307692 0.038461538461538464
0 0.4567307692307692 0.7367788461538461 0.04807692307692308 0.03245192307692308
0 0.4014423076923077 0.7271634615384616 0.03485576923076923 0.037259615384615384
0 0.453125 0.6862980769230769 0.04807692307692308 0.046875
0 0.40024038461538464 0.6790865384615384 0.04447115384615385 0.04567307692307692
0 0.546875 0.84375 0.10216346153846154 0.04807692307692308
0 0.34375 0.5024038461538461 0.026442307692307692 0.040865384615384616
0 0.7908653846153846 0.5769230769230769 0.0673076923076923 0.052884615384615384
0 0.30408653846153844 0.5024038461538461 0.038461538461538464 0.04326923076923077
0 0.5456730769230769 0.7463942307692307 0.10697115384615384 0.037259615384615384
0 0.5168269230769231 0.5072115384615384 0.055288461538461536 0.046875
0 0.5793269230769231 0.5144230769230769 0.051682692307692304 0.05048076923076923
0 0.5745192307692307 0.5637019230769231 0.051682692307692304 0.04326923076923077
0 0.6394230769230769 0.5685096153846154 0.05889423076923077 0.04807692307692308
0 0.640625 0.5132211538461539 0.06370192307692307 0.051682692307692304
0 0.8497596153846154 0.9110576923076923 0.06370192307692307 0.06610576923076923
0 0.6730769230769231 0.7127403846153846 0.12860576923076922 0.051682692307692304
0 0.671875 0.7668269230769231 0.11899038461538461 0.038461538461538464
0 0.6766826923076923 0.8149038461538461 0.11778846153846154 0.04807692307692308
0 0.6742788461538461 0.8725961538461539 0.12139423076923077 0.04326923076923077
0 0.5444711538461539 0.6959134615384616 0.1045673076923077 0.04567307692307692
0 0.5432692307692307 0.7920673076923077 0.09495192307692307 0.03485576923076923