0 0.6286057692307693 0.8473557692307693 0.054086538461538464 0.0829326923076923
0 0.9759615384615384 0.8629807692307693 0.04567307692307692 0.054086538461538464
0 0.9230769230769231 0.7884615384615384 0.052884615384615384 0.042067307692307696
0 0.5721153846153846 0.8461538461538461 0.054086538461538464 0.0829326923076923
0 0.5144230769230769 0.8473557692307693 0.054086538461538464 0.08173076923076923
0 0.4567307692307692 0.8461538461538461 0.054086538461538464 0.0829326923076923
0 0.39903846153846156 0.8677884615384616 0.051682692307692304 0.04807692307692308
0 0.3425480769230769 0.8665865384615384 0.051682692307692304 0.04807692307692308
0 0.26802884615384615 0.78125 0.040865384615384616 0.027644230769230768
0 0.29086538461538464 0.8665865384615384 0.04447115384615385 0.04807692307692308
0 0.24879807692307693 0.8461538461538461 0.03485576923076923 0.042067307692307696
0 0.19110576923076922 0.8665865384615384 0.04807692307692308 0.04927884615384615
0 0.140625 0.8641826923076923 0.04807692307692308 0.04927884615384615
0 0.09014423076923077 0.8161057692307693 0.04807692307692308 0.04927884615384615
0 0.7391826923076923 0.8557692307692307 0.054086538461538464 0.0829326923076923
0 0.04326923076923077 0.8617788461538461 0.04326923076923077 0.04927884615384615
0 0.7956730769230769 0.8617788461538461 0.052884615384615384 0.051682692307692304
0 0.8557692307692307 0.8677884615384616 0.0625 0.052884615384615384
0 0.7956730769230769 0.8076923076923077 0.054086538461538464 0.054086538461538464
0 0.051682692307692304 0.7752403846153846 0.03245192307692308 0.021634615384615384
0 0.009615384615384616 0.84375 0.019230769230769232 0.040865384615384616
0 0.9567307692307693 0.7103365384615384 0.08173076923076923 0.0889423076923077
0 0.8737980769230769 0.7223557692307693 0.057692307692307696 0.04927884615384615
0 0.8052884615384616 0.7295673076923077 0.07692307692307693 0.05048076923076923
0 0.7271634615384616 0.7331730769230769 0.07692307692307693 0.05048076923076923
0 0.6442307692307693 0.7295673076923077 0.07692307692307693 0.05048076923076923
0 0.703125 0.6610576923076923 0.06971153846153846 0.03245192307692308
0 0.859375 0.8112980769230769 0.06370192307692307 0.055288461538461536
0 0.9194711538461539 0.8665865384615384 0.0625 0.05048076923076923
0 0.6838942307692307 0.8497596153846154 0.054086538461538464 0.08173076923076923
0 0.9747596153846154 0.7908653846153846 0.04567307692307692 0.04807692307692308
0 0.0889423076923077 0.8677884615384616 0.04807692307692308 0.04927884615384615
0 0.22115384615384615 0.7115384615384616 0.038461538461538464 0.042067307692307696
0 0.8701923076923077 0.10817307692307693 0.054086538461538464 0.026442307692307692
0 0.8449519230769231 0.5120192307692307 0.054086538461538464 0.07692307692307693
0 0.7788461538461539 0.5144230769230769 0.0733173076923077 0.07451923076923077
0 0.8557692307692307 0.59375 0.0733173076923077 0.0733173076923077
0 0.7788461538461539 0.5913461538461539 0.0733173076923077 0.0733173076923077
0 0.6947115384615384 0.6069711538461539 0.07692307692307693 0.04927884615384615
0 0.6838942307692307 0.5492788461538461 0.06971153846153846 0.046875
0 0.6634615384615384 0.4891826923076923 0.06009615384615385 0.038461538461538464
0 0.5865384615384616 0.5336538461538461 0.06009615384615385 0.038461538461538464
0 0.5204326923076923 0.5324519230769231 0.06009615384615385 0.038461538461538464
0 0.5877403846153846 0.5745192307692307 0.06009615384615385 0.038461538461538464
0 0.5216346153846154 0.5733173076923077 0.06009615384615385 0.038461538461538464
0 0.4206730769230769 0.515625 0.07091346153846154 0.07211538461538461
0 0.34375 0.5132211538461539 0.06971153846153846 0.07211538461538461
0 0.41947115384615385 0.5913461538461539 0.07692307692307693 0.07572115384615384
0 0.34134615384615385 0.5913461538461539 0.07692307692307693 0.07572115384615384
0 0.29086538461538464 0.5300480769230769 0.028846153846153848 0.042067307692307696
0 0.25 0.5252403846153846 0.03365384615384615 0.040865384615384616
0 0.19951923076923078 0.47836538461538464 0.056490384615384616 0.04807692307692308
0 0.18629807692307693 0.5348557692307693 0.0733173076923077 0.052884615384615384
0 0.9447115384615384 0.6033653846153846 0.078125 0.06129807692307692
0 0.9266826923076923 0.5420673076923077 0.06490384615384616 0.054086538461538464
0 0.9819711538461539 0.5420673076923077 0.03485576923076923 0.054086538461538464
0 0.07211538461538461 0.7067307692307693 0.026442307692307692 0.046875
0 0.013221153846153846 0.27283653846153844 0.026442307692307692 0.0625
0 0.04447115384615385 0.27403846153846156 0.03365384615384615 0.06490384615384616
0 0.08173076923076923 0.27403846153846156 0.036057692307692304 0.0625
0 0.12259615384615384 0.2764423076923077 0.038461538461538464 0.06370192307692307
0 0.1622596153846154 0.27524038461538464 0.038461538461538464 0.06370192307692307
0 0.5745192307692307 0.6574519230769231 0.040865384615384616 0.03485576923076923
0 0.5757211538461539 0.7055288461538461 0.04447115384615385 0.046875
0 0.5288461538461539 0.7271634615384616 0.04567307692307692 0.052884615384615384
0 0.46875 0.7295673076923077 0.04567307692307692 0.052884615384615384
0 0.24519230769230768 0.6033653846153846 0.07692307692307693 0.056490384615384616
0 0.4206730769230769 0.7223557692307693 0.040865384615384616 0.051682692307692304
0 0.2704326923076923 0.671875 0.07932692307692307 0.027644230769230768
0 0.36177884615384615 0.7043269230769231 0.07091346153846154 0.027644230769230768
0 0.27884615384615385 0.7019230769230769 0.07091346153846154 0.027644230769230768
0 0.3545673076923077 0.7355769230769231 0.07091346153846154 0.03245192307692308
0 0.27884615384615385 0.734375 0.07091346153846154 0.03245192307692308
0 0.20793269230769232 0.27163461538461536 0.046875 0.07091346153846154
0 0.19230769230769232 0.6550480769230769 0.04326923076923077 0.036057692307692304
0 0.1658653846153846 0.7223557692307693 0.04927884615384615 0.05048076923076923
0 0.11057692307692307 0.7247596153846154 0.046875 0.05048076923076923
0 0.36899038461538464 0.6742788461538461 0.07572115384615384 0.030048076923076924
0 0.16346153846153846 0.5997596153846154 0.07692307692307693 0.056490384615384616
0 0.09134615384615384 0.4855769230769231 0.0829326923076923 0.054086538461538464
0 0.08052884615384616 0.5420673076923077 0.0829326923076923 0.054086538461538464
0 0.10576923076923077 0.4050480769230769 0.08052884615384616 0.052884615384615384
0 0.030048076923076924 0.4074519230769231 0.06009615384615385 0.054086538461538464
0 0.9867788461538461 0.2920673076923077 0.02403846153846154 0.055288461538461536
0 0.9615384615384616 0.2932692307692308 0.030048076923076924 0.054086538461538464
0 0.9242788461538461 0.2920673076923077 0.03485576923076923 0.054086538461538464
0 0.8834134615384616 0.29447115384615385 0.042067307692307696 0.04567307692307692
0 0.25721153846153844 0.27283653846153844 0.04567307692307692 0.07091346153846154
0 0.30528846153846156 0.2824519230769231 0.04447115384615385 0.057692307692307696
0 0.34975961538461536 0.2824519230769231 0.040865384615384616 0.056490384615384616
0 0.18990384615384615 0.4074519230769231 0.08052884615384616 0.052884615384615384
0 0.39302884615384615 0.2848557692307692 0.040865384615384616 0.056490384615384616
0 0.4807692307692308 0.28365384615384615 0.040865384615384616 0.056490384615384616
0 0.5264423076923077 0.2860576923076923 0.04326923076923077 0.056490384615384616
0 0.5721153846153846 0.28725961538461536 0.040865384615384616 0.056490384615384616
0 0.5252403846153846 0.23197115384615385 0.042067307692307696 0.046875
0 0.5697115384615384 0.23677884615384615 0.040865384615384616 0.040865384615384616
0 0.6201923076923077 0.28966346153846156 0.039663461538461536 0.051682692307692304
0 0.6658653846153846 0.28966346153846156 0.039663461538461536 0.051682692307692304
0 0.7079326923076923 0.2932692307692308 0.039663461538461536 0.051682692307692304
0 0.7524038461538461 0.2932692307692308 0.04326923076923077 0.052884615384615384
0 0.4362980769230769 0.28365384615384615 0.040865384615384616 0.056490384615384616
0 0.9903846153846154 0.1658653846153846 0.018028846153846152 0.042067307692307696
0 0.27283653846153844 0.4074519230769231 0.07692307692307693 0.052884615384615384
0 0.09735576923076923 0.359375 0.037259615384615384 0.03485576923076923
0 0.07572115384615384 0.5985576923076923 0.0829326923076923 0.054086538461538464
0 0.020432692307692308 0.484375 0.040865384615384616 0.052884615384615384
0 0.016826923076923076 0.5408653846153846 0.03245192307692308 0.056490384615384616
0 0.013221153846153846 0.5997596153846154 0.026442307692307692 0.052884615384615384
0 0.8834134615384616 0.36177884615384615 0.0673076923076923 0.040865384615384616
0 0.8112980769230769 0.3629807692307692 0.07091346153846154 0.042067307692307696
0 0.9735576923076923 0.4110576923076923 0.051682692307692304 0.05048076923076923
0 0.9050480769230769 0.4110576923076923 0.07932692307692307 0.05048076923076923
0 0.8233173076923077 0.4110576923076923 0.07932692307692307 0.05048076923076923
0 0.037259615384615384 0.3557692307692308 0.06850961538461539 0.04567307692307692
0 0.7415865384615384 0.4110576923076923 0.078125 0.04927884615384615
0 0.5973557692307693 0.4110576923076923 0.07692307692307693 0.05048076923076923
0 0.5192307692307693 0.4110576923076923 0.07692307692307693 0.051682692307692304
0 0.42788461538461536 0.4110576923076923 0.07692307692307693 0.05048076923076923
0 0.3473557692307692 0.4098557692307692 0.07091346153846154 0.051682692307692304
0 0.4423076923076923 0.3641826923076923 0.05889423076923077 0.037259615384615384
0 0.3737980769230769 0.3605769230769231 0.06490384615384616 0.042067307692307696
0 0.2980769230769231 0.3629807692307692 0.0673076923076923 0.03245192307692308
0 0.23557692307692307 0.36538461538461536 0.05048076923076923 0.030048076923076924
0 0.15504807692307693 0.3581730769230769 0.0673076923076923 0.036057692307692304
0 0.6694711538461539 0.4098557692307692 0.05889423076923077 0.05048076923076923
0 0.7992788461538461 0.28966346153846156 0.04567307692307692 0.052884615384615384
0 0.8425480769230769 0.29447115384615385 0.036057692307692304 0.04567307692307692
0 0.9170673076923077 0.17427884615384615 0.05889423076923077 0.026442307692307692
0 0.17067307692307693 0.15865384615384615 0.036057692307692304 0.03485576923076923
0 0.21153846153846154 0.15625 0.04447115384615385 0.04447115384615385
0 0.27403846153846156 0.15144230769230768 0.07692307692307693 0.051682692307692304
0 0.35216346153846156 0.15384615384615385 0.07692307692307693 0.051682692307692304
0 0.42908653846153844 0.15625 0.06610576923076923 0.04927884615384615
0 0.2704326923076923 0.0985576923076923 0.07932692307692307 0.046875
0 0.35216346153846156 0.10096153846153846 0.07932692307692307 0.046875
0 0.42908653846153844 0.10576923076923077 0.06850961538461539 0.04807692307692308
0 0.5240384615384616 0.17307692307692307 0.046875 0.019230769230769232
0 0.5264423076923077 0.15264423076923078 0.046875 0.019230769230769232
0 0.5204326923076923 0.13221153846153846 0.046875 0.019230769230769232
0 0.5769230769230769 0.17067307692307693 0.04447115384615385 0.02283653846153846
0 0.10096153846153846 0.09495192307692307 0.07572115384615384 0.051682692307692304
0 0.9158653846153846 0.14182692307692307 0.056490384615384616 0.03485576923076923
0 0.5745192307692307 0.09495192307692307 0.04447115384615385 0.02283653846153846
0 0.6334134615384616 0.171875 0.056490384615384616 0.025240384615384616
0 0.6334134615384616 0.14543269230769232 0.056490384615384616 0.025240384615384616
0 0.6286057692307693 0.12259615384615384 0.056490384615384616 0.02283653846153846
0 0.6310096153846154 0.0985576923076923 0.056490384615384616 0.02283653846153846
0 0.6911057692307693 0.17427884615384615 0.055288461538461536 0.020432692307692308
0 0.6911057692307693 0.1502403846153846 0.055288461538461536 0.02283653846153846
0 0.6911057692307693 0.12620192307692307 0.055288461538461536 0.02283653846153846
0 0.6899038461538461 0.10216346153846154 0.055288461538461536 0.02283653846153846
0 0.7536057692307693 0.16947115384615385 0.06490384615384616 0.03245192307692308
0 0.8149038461538461 0.17307692307692307 0.054086538461538464 0.025240384615384616
0 0.8137019230769231 0.1466346153846154 0.054086538461538464 0.025240384615384616
0 0.5757211538461539 0.1201923076923077 0.04447115384615385 0.02283653846153846
0 0.10336538461538461 0.1502403846153846 0.07572115384615384 0.051682692307692304
0 0.5745192307692307 0.14543269230769232 0.04447115384615385 0.02283653846153846
0 0.8641826923076923 0.15504807692307693 0.040865384615384616 0.06129807692307692
0 0.8149038461538461 0.12139423076923077 0.054086538461538464 0.02403846153846154