0 0.19591346153846154 0.39783653846153844 0.08173076923076923 0.11538461538461539
0 0.11658653846153846 0.4110576923076923 0.06610576923076923 0.09014423076923077
0 0.051682692307692304 0.4074519230769231 0.0625 0.09014423076923077
0 0.0625 0.2800480769230769 0.07091346153846154 0.08653846153846154
0 0.13581730769230768 0.26802884615384615 0.07451923076923077 0.11057692307692307
0 0.42908653846153844 0.2764423076923077 0.06370192307692307 0.10216346153846154
0 0.2800480769230769 0.265625 0.07692307692307693 0.11899038461538461
0 0.3581730769230769 0.2668269230769231 0.07932692307692307 0.1201923076923077
0 0.5024038461538461 0.2692307692307692 0.07932692307692307 0.11538461538461539
0 0.5709134615384616 0.27884615384615385 0.06009615384615385 0.09615384615384616
0 0.2692307692307692 0.41346153846153844 0.06610576923076923 0.08653846153846154
0 0.20793269230769232 0.28125 0.06971153846153846 0.08533653846153846
0 0.3425480769230769 0.39783653846153844 0.06610576923076923 0.11899038461538461
0 0.7872596153846154 0.5408653846153846 0.06009615384615385 0.08533653846153846
0 0.4807692307692308 0.41586538461538464 0.06490384615384616 0.08533653846153846
0 0.5600961538461539 0.4026442307692308 0.07692307692307693 0.10697115384615384
0 0.6334134615384616 0.41225961538461536 0.0673076923076923 0.09375
0 0.7055288461538461 0.4026442307692308 0.07932692307692307 0.1141826923076923
0 0.7788461538461539 0.41225961538461536 0.06610576923076923 0.09495192307692307
0 0.8461538461538461 0.41466346153846156 0.06850961538461539 0.09134615384615384
0 0.9158653846153846 0.40865384615384615 0.06971153846153846 0.09254807692307693
0 0.9543269230769231 0.5480769230769231 0.07451923076923077 0.109375
0 0.8497596153846154 0.5324519230769231 0.06129807692307692 0.09735576923076923
0 0.7283653846153846 0.5408653846153846 0.052884615384615384 0.08533653846153846
0 0.6334134615384616 0.27884615384615385 0.06129807692307692 0.09735576923076923
0 0.6490384615384616 0.5300480769230769 0.09254807692307693 0.10096153846153846
0 0.41586538461538464 0.41586538461538464 0.057692307692307696 0.08774038461538461
0 0.6971153846153846 0.2848557692307692 0.06490384615384616 0.08413461538461539
0 0.2403846153846154 0.8473557692307693 0.04447115384615385 0.09375
0 0.828125 0.29086538461538464 0.07572115384615384 0.07692307692307693
0 0.5721153846153846 0.5384615384615384 0.06129807692307692 0.08653846153846154
0 0.021634615384615384 0.15264423076923078 0.04326923076923077 0.07211538461538461
0 0.11057692307692307 0.16947115384615385 0.042067307692307696 0.04326923076923077
0 0.15504807692307693 0.16947115384615385 0.046875 0.04326923076923077
0 0.15144230769230768 0.12259615384615384 0.04326923076923077 0.036057692307692304
0 0.11538461538461539 0.12620192307692307 0.03125 0.030048076923076924
0 0.19591346153846154 0.0889423076923077 0.046875 0.04447115384615385
0 0.2512019230769231 0.0889423076923077 0.052884615384615384 0.04326923076923077
0 0.2536057692307692 0.1502403846153846 0.04807692307692308 0.07572115384615384
0 0.20552884615384615 0.15144230769230768 0.04927884615384615 0.07572115384615384
0 0.3088942307692308 0.14783653846153846 0.05889423076923077 0.08413461538461539
0 0.36899038461538464 0.14783653846153846 0.0625 0.08533653846153846
0 0.3918269230769231 0.08653846153846154 0.05048076923076923 0.028846153846153848
0 0.4375 0.14783653846153846 0.0673076923076923 0.09375
0 0.5060096153846154 0.1466346153846154 0.06610576923076923 0.09495192307692307
0 0.5673076923076923 0.14783653846153846 0.06129807692307692 0.09495192307692307
0 0.6322115384615384 0.1466346153846154 0.06490384615384616 0.09495192307692307
0 0.7019230769230769 0.14783653846153846 0.07451923076923077 0.09615384615384616
0 0.7776442307692307 0.14783653846153846 0.07451923076923077 0.09735576923076923
0 0.7752403846153846 0.0829326923076923 0.07572115384615384 0.030048076923076924
0 0.7752403846153846 0.051682692307692304 0.07572115384615384 0.03365384615384615
0 0.8353365384615384 0.15504807692307693 0.039663461538461536 0.08173076923076923
0 0.8870192307692307 0.15384615384615385 0.057692307692307696 0.08052884615384616
0 0.9591346153846154 0.1466346153846154 0.078125 0.09495192307692307
0 0.9615384615384616 0.2824519230769231 0.07211538461538461 0.09375
0 0.8978365384615384 0.2824519230769231 0.055288461538461536 0.09254807692307693
0 0.8317307692307693 0.23557692307692307 0.06850961538461539 0.03365384615384615
0 0.7596153846153846 0.28125 0.0625 0.09735576923076923
0 0.49759615384615385 0.5264423076923077 0.08533653846153846 0.10817307692307693
0 0.28846153846153844 0.8461538461538461 0.05048076923076923 0.08653846153846154
0 0.3449519230769231 0.5276442307692307 0.10096153846153846 0.11057692307692307
0 0.359375 0.7451923076923077 0.046875 0.07451923076923077
0 0.3161057692307692 0.7463942307692307 0.039663461538461536 0.07451923076923077
0 0.27403846153846156 0.7475961538461539 0.046875 0.07211538461538461
0 0.23076923076923078 0.7487980769230769 0.040865384615384616 0.07211538461538461
0 0.18990384615384615 0.7463942307692307 0.040865384615384616 0.07211538461538461
0 0.1466346153846154 0.7475961538461539 0.04447115384615385 0.07091346153846154
0 0.10336538461538461 0.7463942307692307 0.042067307692307696 0.07091346153846154
0 0.05889423076923077 0.7475961538461539 0.04447115384615385 0.07091346153846154
0 0.018028846153846152 0.7463942307692307 0.036057692307692304 0.06971153846153846
0 0.014423076923076924 0.8389423076923077 0.028846153846153848 0.08413461538461539
0 0.054086538461538464 0.8413461538461539 0.051682692307692304 0.08413461538461539
0 0.10576923076923077 0.8425480769230769 0.04807692307692308 0.08533653846153846
0 0.421875 0.75 0.06129807692307692 0.06490384615384616
0 0.15264423076923078 0.84375 0.04447115384615385 0.08413461538461539
0 0.06610576923076923 0.15144230769230768 0.04326923076923077 0.07572115384615384
0 0.33774038461538464 0.8461538461538461 0.046875 0.08774038461538461
0 0.4254807692307692 0.8461538461538461 0.04326923076923077 0.08653846153846154
0 0.4723557692307692 0.8461538461538461 0.046875 0.08653846153846154
0 0.5180288461538461 0.8473557692307693 0.04447115384615385 0.08653846153846154
0 0.5637019230769231 0.8485576923076923 0.04567307692307692 0.0889423076923077
0 0.6105769230769231 0.8473557692307693 0.046875 0.09014423076923077
0 0.6694711538461539 0.8425480769230769 0.07211538461538461 0.0889423076923077
0 0.7451923076923077 0.8425480769230769 0.078125 0.08774038461538461
0 0.8173076923076923 0.8449519230769231 0.06490384615384616 0.08533653846153846
0 0.8810096153846154 0.8449519230769231 0.06129807692307692 0.08413461538461539
0 0.9471153846153846 0.8473557692307693 0.07211538461538461 0.08052884615384616
0 0.19591346153846154 0.8449519230769231 0.042067307692307696 0.08774038461538461
0 0.4831730769230769 0.7536057692307693 0.06490384615384616 0.06850961538461539
0 0.5913461538461539 0.7512019230769231 0.06490384615384616 0.06129807692307692
0 0.6538461538461539 0.7524038461538461 0.06129807692307692 0.06370192307692307
0 0.2644230769230769 0.5336538461538461 0.06370192307692307 0.09495192307692307
0 0.18509615384615385 0.5288461538461539 0.09014423076923077 0.11057692307692307
0 0.11057692307692307 0.5348557692307693 0.06009615384615385 0.09615384615384616
0 0.039663461538461536 0.5228365384615384 0.07932692307692307 0.10336538461538461
0 0.027644230769230768 0.6514423076923077 0.038461538461538464 0.08413461538461539
0 0.06490384615384616 0.6538461538461539 0.03485576923076923 0.08173076923076923
0 0.1045673076923077 0.6526442307692307 0.04567307692307692 0.08173076923076923
0 0.16947115384615385 0.6514423076923077 0.039663461538461536 0.07932692307692307
0 0.21153846153846154 0.6526442307692307 0.038461538461538464 0.08052884615384616
0 0.25 0.6502403846153846 0.038461538461538464 0.08774038461538461
0 0.2920673076923077 0.6502403846153846 0.04567307692307692 0.08533653846153846
0 0.3425480769230769 0.6466346153846154 0.042067307692307696 0.09495192307692307
0 0.3894230769230769 0.6454326923076923 0.05048076923076923 0.09375
0 0.4362980769230769 0.6694711538461539 0.037259615384615384 0.04927884615384615
0 0.46875 0.6694711538461539 0.028846153846153848 0.04927884615384615
0 0.5168269230769231 0.6478365384615384 0.06610576923076923 0.09375
0 0.5913461538461539 0.6454326923076923 0.08173076923076923 0.10096153846153846
0 0.6658653846153846 0.6478365384615384 0.06370192307692307 0.09014423076923077
0 0.7355769230769231 0.6514423076923077 0.06370192307692307 0.0889423076923077
0 0.7980769230769231 0.6526442307692307 0.06129807692307692 0.0889423076923077
0 0.859375 0.6526442307692307 0.06009615384615385 0.08774038461538461
0 0.9278846153846154 0.6598557692307693 0.07451923076923077 0.078125
0 0.9603365384615384 0.7620192307692307 0.054086538461538464 0.06370192307692307
0 0.9014423076923077 0.7632211538461539 0.06490384615384616 0.06490384615384616
0 0.8389423076923077 0.7536057692307693 0.054086538461538464 0.06971153846153846
0 0.7872596153846154 0.7536057692307693 0.04807692307692308 0.07091346153846154
0 0.7283653846153846 0.75 0.0673076923076923 0.06610576923076923
0 0.4254807692307692 0.5324519230769231 0.057692307692307696 0.0985576923076923
0 0.0625 0.0733173076923077 0.051682692307692304 0.07692307692307693
0 0.38221153846153844 0.8425480769230769 0.042067307692307696 0.08052884615384616