0 0.8918269230769231 0.6177884615384616 0.0733173076923077 0.030048076923076924
0 0.59375 0.6069711538461539 0.07451923076923077 0.046875
0 0.6646634615384616 0.6057692307692307 0.057692307692307696 0.05048076923076923
0 0.7259615384615384 0.6069711538461539 0.0625 0.054086538461538464
0 0.7824519230769231 0.609375 0.051682692307692304 0.04927884615384615
0 0.8293269230769231 0.609375 0.03365384615384615 0.04326923076923077
0 0.47475961538461536 0.609375 0.0625 0.051682692307692304
0 0.04927884615384615 0.6850961538461539 0.04447115384615385 0.036057692307692304
0 0.09134615384615384 0.6850961538461539 0.042067307692307696 0.036057692307692304
0 0.13341346153846154 0.6838942307692307 0.036057692307692304 0.03485576923076923
0 0.18870192307692307 0.6826923076923077 0.04807692307692308 0.038461538461538464
0 0.23076923076923078 0.6826923076923077 0.03245192307692308 0.038461538461538464
0 0.2776442307692308 0.6826923076923077 0.04326923076923077 0.03485576923076923
0 0.33653846153846156 0.6754807692307693 0.042067307692307696 0.054086538461538464
0 0.9891826923076923 0.6165865384615384 0.016826923076923076 0.06490384615384616
0 0.41225961538461536 0.609375 0.0625 0.052884615384615384
0 0.9519230769230769 0.6129807692307693 0.05048076923076923 0.040865384615384616
0 0.28365384615384615 0.6081730769230769 0.06850961538461539 0.051682692307692304
0 0.08533653846153846 0.32091346153846156 0.05889423076923077 0.027644230769230768
0 0.028846153846153848 0.32091346153846156 0.054086538461538464 0.026442307692307692
0 0.8798076923076923 0.22115384615384615 0.10576923076923077 0.056490384615384616
0 0.7956730769230769 0.22355769230769232 0.056490384615384616 0.054086538461538464
0 0.7415865384615384 0.2247596153846154 0.051682692307692304 0.052884615384615384
0 0.6899038461538461 0.2247596153846154 0.042067307692307696 0.05048076923076923
0 0.640625 0.22355769230769232 0.052884615384615384 0.052884615384615384
0 0.5793269230769231 0.22115384615384615 0.07091346153846154 0.052884615384615384
0 0.5096153846153846 0.22115384615384615 0.06850961538461539 0.052884615384615384
0 0.44350961538461536 0.22115384615384615 0.06009615384615385 0.052884615384615384
0 0.3641826923076923 0.22716346153846154 0.0889423076923077 0.039663461538461536
0 0.27403846153846156 0.22716346153846154 0.0829326923076923 0.039663461538461536
0 0.19471153846153846 0.22355769230769232 0.06610576923076923 0.04807692307692308
0 0.12860576923076922 0.22355769230769232 0.06610576923076923 0.04807692307692308
0 0.06129807692307692 0.22115384615384615 0.05889423076923077 0.04927884615384615
0 0.1658653846153846 0.28725961538461536 0.08052884615384616 0.03485576923076923
0 0.016826923076923076 0.22115384615384615 0.028846153846153848 0.04807692307692308
0 0.24519230769230768 0.3233173076923077 0.0733173076923077 0.030048076923076924
0 0.32572115384615385 0.32211538461538464 0.0673076923076923 0.028846153846153848
0 0.5348557692307693 0.3918269230769231 0.037259615384615384 0.06370192307692307
0 0.4855769230769231 0.3894230769230769 0.055288461538461536 0.0673076923076923
0 0.4338942307692308 0.390625 0.039663461538461536 0.06850961538461539
0 0.3870192307692308 0.3918269230769231 0.04447115384615385 0.06490384615384616
0 0.33052884615384615 0.3942307692307692 0.038461538461538464 0.051682692307692304
0 0.29086538461538464 0.3954326923076923 0.036057692307692304 0.05048076923076923
0 0.17908653846153846 0.41466346153846156 0.09014423076923077 0.030048076923076924
0 0.17548076923076922 0.38221153846153844 0.09014423076923077 0.027644230769230768
0 0.9663461538461539 0.31009615384615385 0.057692307692307696 0.057692307692307696
0 0.8461538461538461 0.31009615384615385 0.055288461538461536 0.06490384615384616
0 0.7800480769230769 0.3173076923076923 0.05048076923076923 0.040865384615384616
0 0.7235576923076923 0.3161057692307692 0.056490384615384616 0.042067307692307696
0 0.6694711538461539 0.3173076923076923 0.051682692307692304 0.04447115384615385
0 0.46274038461538464 0.32211538461538464 0.10216346153846154 0.03365384615384615
0 0.3870192307692308 0.32091346153846156 0.05048076923076923 0.036057692307692304
0 0.32572115384615385 0.29086538461538464 0.0673076923076923 0.03125
0 0.3870192307692308 0.6814903846153846 0.038461538461538464 0.036057692307692304
0 0.4266826923076923 0.6814903846153846 0.038461538461538464 0.038461538461538464
0 0.47596153846153844 0.6790865384615384 0.051682692307692304 0.040865384615384616
0 0.021634615384615384 0.8545673076923077 0.039663461538461536 0.042067307692307696
0 0.08052884615384616 0.8425480769230769 0.06370192307692307 0.06850961538461539
0 0.15144230769230768 0.84375 0.06370192307692307 0.07091346153846154
0 0.5072115384615384 0.8377403846153846 0.04567307692307692 0.07572115384615384
0 0.6201923076923077 0.8329326923076923 0.042067307692307696 0.07091346153846154
0 0.6646634615384616 0.8317307692307693 0.042067307692307696 0.07451923076923077
0 0.7055288461538461 0.8317307692307693 0.03365384615384615 0.07211538461538461
0 0.7451923076923077 0.8329326923076923 0.04447115384615385 0.06971153846153846
0 0.7932692307692307 0.8341346153846154 0.046875 0.0733173076923077
0 0.8341346153846154 0.8353365384615384 0.03485576923076923 0.07091346153846154
0 0.8713942307692307 0.8329326923076923 0.03365384615384615 0.06971153846153846
0 0.9146634615384616 0.8329326923076923 0.051682692307692304 0.0673076923076923
0 0.9663461538461539 0.8293269230769231 0.04447115384615385 0.08052884615384616
0 0.8341346153846154 0.0889423076923077 0.10096153846153846 0.03485576923076923
0 0.9759615384615384 0.06490384615384616 0.046875 0.08533653846153846
0 0.9122596153846154 0.7439903846153846 0.07091346153846154 0.054086538461538464
0 0.8209134615384616 0.7319711538461539 0.051682692307692304 0.028846153846153848
0 0.75 0.7427884615384616 0.08533653846153846 0.04807692307692308
0 0.6514423076923077 0.7475961538461539 0.10096153846153846 0.052884615384615384
0 0.5276442307692307 0.6802884615384616 0.04807692307692308 0.037259615384615384
0 0.5805288461538461 0.6790865384615384 0.04807692307692308 0.037259615384615384
0 0.6370192307692307 0.6826923076923077 0.06370192307692307 0.030048076923076924
0 0.7091346153846154 0.6790865384615384 0.06370192307692307 0.039663461538461536
0 0.8052884615384616 0.6646634615384616 0.05889423076923077 0.026442307692307692
0 0.8052884615384616 0.6887019230769231 0.05889423076923077 0.019230769230769232
0 0.8737980769230769 0.6646634615384616 0.05889423076923077 0.026442307692307692
0 0.6081730769230769 0.3870192307692308 0.09134615384615384 0.027644230769230768
0 0.9362980769230769 0.6634615384615384 0.055288461538461536 0.027644230769230768
0 0.921875 0.6887019230769231 0.052884615384615384 0.016826923076923076
0 0.9783653846153846 0.7283653846153846 0.042067307692307696 0.0889423076923077
0 0.018028846153846152 0.7884615384615384 0.03125 0.06009615384615385
0 0.08052884615384616 0.7475961538461539 0.07211538461538461 0.052884615384615384
0 0.15384615384615385 0.7475961538461539 0.0733173076923077 0.052884615384615384
0 0.234375 0.7475961538461539 0.07091346153846154 0.052884615384615384
0 0.31490384615384615 0.7451923076923077 0.07091346153846154 0.054086538461538464
0 0.8665865384615384 0.6887019230769231 0.054086538461538464 0.018028846153846152
0 0.3473557692307692 0.609375 0.06009615384615385 0.054086538461538464
0 0.16466346153846154 0.31971153846153844 0.0733173076923077 0.030048076923076924
0 0.8521634615384616 0.4699519230769231 0.0673076923076923 0.030048076923076924
0 0.6995192307692307 0.4651442307692308 0.0733173076923077 0.039663461538461536
0 0.8497596153846154 0.5288461538461539 0.020432692307692308 0.052884615384615384
0 0.8233173076923077 0.5276442307692307 0.03245192307692308 0.051682692307692304
0 0.7956730769230769 0.5276442307692307 0.025240384615384616 0.054086538461538464
0 0.7668269230769231 0.5288461538461539 0.027644230769230768 0.054086538461538464
0 0.7379807692307693 0.5276442307692307 0.030048076923076924 0.056490384615384616
0 0.7091346153846154 0.5276442307692307 0.02403846153846154 0.052884615384615384
0 0.6826923076923077 0.5288461538461539 0.026442307692307692 0.055288461538461536
0 0.6526442307692307 0.5288461538461539 0.03125 0.051682692307692304
0 0.7776442307692307 0.47115384615384615 0.08413461538461539 0.030048076923076924
0 0.9182692307692307 0.4639423076923077 0.057692307692307696 0.040865384615384616
0 0.6201923076923077 0.5300480769230769 0.028846153846153848 0.051682692307692304
0 0.9663461538461539 0.46634615384615385 0.03485576923076923 0.036057692307692304
0 0.0985576923076923 0.5288461538461539 0.06129807692307692 0.054086538461538464
0 0.16346153846153846 0.5300480769230769 0.052884615384615384 0.054086538461538464
0 0.2091346153846154 0.5288461538461539 0.037259615384615384 0.054086538461538464
0 0.25600961538461536 0.5324519230769231 0.042067307692307696 0.04927884615384615
0 0.3088942307692308 0.5324519230769231 0.06129807692307692 0.05048076923076923
0 0.37259615384615385 0.53125 0.055288461538461536 0.04807692307692308
0 0.43149038461538464 0.5336538461538461 0.06129807692307692 0.04567307692307692
0 0.484375 0.5324519230769231 0.039663461538461536 0.042067307692307696
0 0.5264423076923077 0.5336538461538461 0.038461538461538464 0.040865384615384616
0 0.5673076923076923 0.5276442307692307 0.018028846153846152 0.054086538461538464
0 0.5901442307692307 0.5276442307692307 0.02403846153846154 0.056490384615384616
0 0.04447115384615385 0.5252403846153846 0.042067307692307696 0.04807692307692308
0 0.5384615384615384 0.47115384615384615 0.07572115384615384 0.03245192307692308
0 0.6177884615384616 0.4699519230769231 0.07932692307692307 0.03365384615384615
0 0.39302884615384615 0.4699519230769231 0.06850961538461539 0.027644230769230768
0 0.21394230769230768 0.6081730769230769 0.06370192307692307 0.051682692307692304
0 0.14182692307692307 0.6081730769230769 0.04567307692307692 0.056490384615384616
0 0.10336538461538461 0.609375 0.03245192307692308 0.055288461538461536
0 0.04927884615384615 0.609375 0.06850961538461539 0.057692307692307696
0 0.9567307692307693 0.5264423076923077 0.020432692307692308 0.055288461538461536
0 0.9302884615384616 0.5288461538461539 0.028846153846153848 0.057692307692307696
0 0.9038461538461539 0.5288461538461539 0.026442307692307692 0.056490384615384616
0 0.6105769230769231 0.41346153846153844 0.09495192307692307 0.027644230769230768
0 0.7043269230769231 0.38461538461538464 0.09495192307692307 0.026442307692307692
0 0.7043269230769231 0.41466346153846156 0.0829326923076923 0.027644230769230768
0 0.7944711538461539 0.4074519230769231 0.07932692307692307 0.03485576923076923
0 0.8810096153846154 0.40865384615384615 0.0829326923076923 0.03245192307692308
0 0.4639423076923077 0.46875 0.07091346153846154 0.03125
0 0.9579326923076923 0.40625 0.0625 0.03245192307692308
0 0.042067307692307696 0.44591346153846156 0.07091346153846154 0.014423076923076924
0 0.038461538461538464 0.47115384615384615 0.06850961538461539 0.030048076923076924
0 0.11778846153846154 0.4699519230769231 0.07932692307692307 0.03365384615384615
0 0.18269230769230768 0.46274038461538464 0.042067307692307696 0.04567307692307692
0 0.24519230769230768 0.4483173076923077 0.07572115384615384 0.013221153846153846
0 0.8762019230769231 0.5276442307692307 0.030048076923076924 0.055288461538461536
0 0.24158653846153846 0.4699519230769231 0.07451923076923077 0.028846153846153848
0 0.3161057692307692 0.47115384615384615 0.06610576923076923 0.028846153846153848
0 0.32091346153846156 0.4495192307692308 0.07572115384615384 0.010817307692307692
0 0.39783653846153844 0.44591346153846156 0.06610576923076923 0.009615384615384616
0 0.9146634615384616 0.3762019230769231 0.08052884615384616 0.020432692307692308