0 0.5901442307692307 0.6370192307692307 0.11658653846153846 0.013221153846153846
0 0.5949519230769231 0.6201923076923077 0.11778846153846154 0.015625
0 0.7235576923076923 0.6165865384615384 0.10697115384615384 0.018028846153846152
0 0.7199519230769231 0.5973557692307693 0.10817307692307693 0.016826923076923076
0 0.8389423076923077 0.6129807692307693 0.1045673076923077 0.01201923076923077
0 0.8389423076923077 0.5973557692307693 0.10817307692307693 0.016826923076923076
0 0.8798076923076923 0.5360576923076923 0.046875 0.039663461538461536
0 0.9435096153846154 0.6394230769230769 0.039663461538461536 0.056490384615384616
0 0.7848557692307693 0.5625 0.11778846153846154 0.018028846153846152
0 0.7920673076923077 0.5408653846153846 0.11177884615384616 0.016826923076923076
0 0.4723557692307692 0.6346153846153846 0.09975961538461539 0.020432692307692308
0 0.34615384615384615 0.6237980769230769 0.11298076923076923 0.015625
0 0.9783653846153846 0.6382211538461539 0.02403846153846154 0.04807692307692308
0 0.34615384615384615 0.6045673076923077 0.11658653846153846 0.016826923076923076
0 0.8209134615384616 0.4543269230769231 0.06490384615384616 0.08774038461538461
0 0.2283653846153846 0.640625 0.11658653846153846 0.021634615384615384
0 0.5432692307692307 0.8617788461538461 0.07572115384615384 0.010817307692307692
0 0.6394230769230769 0.8389423076923077 0.08533653846153846 0.013221153846153846
0 0.6346153846153846 0.8269230769230769 0.078125 0.008413461538461538
0 0.6370192307692307 0.8629807692307693 0.08413461538461539 0.010817307692307692
0 0.7103365384615384 0.8557692307692307 0.03125 0.04927884615384615
0 0.7463942307692307 0.8497596153846154 0.025240384615384616 0.052884615384615384
0 0.78125 0.8605769230769231 0.030048076923076924 0.014423076923076924
0 0.8100961538461539 0.8497596153846154 0.018028846153846152 0.038461538461538464
0 0.8293269230769231 0.84375 0.016826923076923076 0.046875
0 0.8665865384615384 0.8641826923076923 0.04447115384615385 0.03365384615384615
0 0.9471153846153846 0.8149038461538461 0.038461538461538464 0.02403846153846154
0 0.6310096153846154 0.5625 0.125 0.015625
0 0.6334134615384616 0.5432692307692307 0.12139423076923077 0.018028846153846152
0 0.6334134615384616 0.5252403846153846 0.12139423076923077 0.014423076923076924
0 0.5 0.5396634615384616 0.11177884615384616 0.016826923076923076
0 0.375 0.5492788461538461 0.11899038461538461 0.015625
0 0.23798076923076922 0.5480769230769231 0.13822115384615385 0.019230769230769232
0 0.2439903846153846 0.5252403846153846 0.13341346153846154 0.015625
0 0.10096153846153846 0.5456730769230769 0.11177884615384616 0.018028846153846152
0 0.026442307692307692 0.7391826923076923 0.052884615384615384 0.019230769230769232
0 0.02403846153846154 0.7211538461538461 0.04447115384615385 0.015625
0 0.025240384615384616 0.6983173076923077 0.04567307692307692 0.019230769230769232
0 0.021634615384615384 0.6466346153846154 0.04326923076923077 0.02283653846153846
0 0.019230769230769232 0.6225961538461539 0.038461538461538464 0.02403846153846154
0 0.020432692307692308 0.5961538461538461 0.039663461538461536 0.02283653846153846
0 0.021634615384615384 0.5576923076923077 0.04326923076923077 0.039663461538461536
0 0.13341346153846154 0.453125 0.03365384615384615 0.08533653846153846
0 0.5396634615384616 0.8389423076923077 0.08533653846153846 0.021634615384615384
0 0.03125 0.12259615384615384 0.06129807692307692 0.052884615384615384
0 0.4723557692307692 0.8641826923076923 0.03485576923076923 0.04567307692307692
0 0.34134615384615385 0.859375 0.09134615384615384 0.016826923076923076
0 0.34975961538461536 0.640625 0.11177884615384616 0.014423076923076924
0 0.4675480769230769 0.6983173076923077 0.1201923076923077 0.013221153846153846
0 0.5961538461538461 0.6742788461538461 0.11538461538461539 0.014423076923076924
0 0.5997596153846154 0.6923076923076923 0.12259615384615384 0.015625
0 0.7223557692307693 0.6802884615384616 0.11658653846153846 0.015625
0 0.7199519230769231 0.6971153846153846 0.11538461538461539 0.010817307692307692
0 0.8401442307692307 0.6754807692307693 0.10697115384615384 0.019230769230769232
0 0.8401442307692307 0.6971153846153846 0.10336538461538461 0.01201923076923077
0 0.9375 0.7403846153846154 0.04326923076923077 0.06009615384615385
0 0.9795673076923077 0.7403846153846154 0.039663461538461536 0.055288461538461536
0 0.8497596153846154 0.7680288461538461 0.1045673076923077 0.019230769230769232
0 0.7331730769230769 0.7752403846153846 0.11177884615384616 0.025240384615384616
0 0.48677884615384615 0.7644230769230769 0.09615384615384616 0.039663461538461536
0 0.3737980769230769 0.75 0.11057692307692307 0.019230769230769232
0 0.36658653846153844 0.7740384615384616 0.10336538461538461 0.019230769230769232
0 0.36658653846153844 0.796875 0.1141826923076923 0.021634615384615384
0 0.24759615384615385 0.7560096153846154 0.06610576923076923 0.026442307692307692
0 0.24158653846153846 0.78125 0.12860576923076922 0.016826923076923076
0 0.12379807692307693 0.7487980769230769 0.12259615384615384 0.015625
0 0.109375 0.7848557692307693 0.12860576923076922 0.016826923076923076
0 0.018028846153846152 0.8557692307692307 0.036057692307692304 0.06009615384615385
0 0.10096153846153846 0.8473557692307693 0.1045673076923077 0.013221153846153846
0 0.11298076923076923 0.8605769230769231 0.09495192307692307 0.008413461538461538
0 0.11298076923076923 0.8689903846153846 0.10096153846153846 0.009615384615384616
0 0.11177884615384616 0.8798076923076923 0.10216346153846154 0.009615384615384616
0 0.22596153846153846 0.84375 0.0985576923076923 0.015625
0 0.21875 0.8689903846153846 0.10336538461538461 0.015625
0 0.4362980769230769 0.8617788461538461 0.027644230769230768 0.05048076923076923
0 0.7620192307692307 0.4735576923076923 0.039663461538461536 0.042067307692307696
0 0.021634615384615384 0.6730769230769231 0.042067307692307696 0.02403846153846154
0 0.12740384615384615 0.12139423076923077 0.12139423076923077 0.05889423076923077
0 0.2127403846153846 0.4519230769230769 0.11298076923076923 0.021634615384615384
0 0.328125 0.4735576923076923 0.10697115384615384 0.014423076923076924
0 0.33052884615384615 0.45072115384615385 0.10216346153846154 0.020432692307692308
0 0.4483173076923077 0.45913461538461536 0.1045673076923077 0.04927884615384615
0 0.5600961538461539 0.45913461538461536 0.1045673076923077 0.04447115384615385
0 0.028846153846153848 0.06370192307692307 0.057692307692307696 0.057692307692307696
0 0.33533653846153844 0.36177884615384615 0.14182692307692307 0.016826923076923076
0 0.48197115384615385 0.34375 0.11658653846153846 0.015625
0 0.4807692307692308 0.3605769230769231 0.1141826923076923 0.016826923076923076
0 0.609375 0.34375 0.11057692307692307 0.018028846153846152
0 0.6105769230769231 0.3629807692307692 0.1201923076923077 0.018028846153846152
0 0.7355769230769231 0.359375 0.11658653846153846 0.021634615384615384
0 0.7379807692307693 0.38100961538461536 0.11538461538461539 0.014423076923076924
0 0.21514423076923078 0.4723557692307692 0.10336538461538461 0.018028846153846152
0 0.8425480769230769 0.3798076923076923 0.08653846153846154 0.015625
0 0.8269230769230769 0.34375 0.09134615384615384 0.009615384615384616
0 0.9627403846153846 0.3401442307692308 0.06129807692307692 0.046875
0 0.9615384615384616 0.42908653846153844 0.06610576923076923 0.046875
0 0.8882211538461539 0.4855769230769231 0.030048076923076924 0.02283653846153846
0 0.9759615384615384 0.5300480769230769 0.04326923076923077 0.07932692307692307
0 0.4723557692307692 0.6826923076923077 0.12139423076923077 0.015625
0 0.3449519230769231 0.703125 0.11538461538461539 0.010817307692307692
0 0.21634615384615385 0.6730769230769231 0.10697115384615384 0.013221153846153846
0 0.21995192307692307 0.6983173076923077 0.12620192307692307 0.01201923076923077
0 0.21995192307692307 0.7091346153846154 0.13341346153846154 0.009615384615384616
0 0.10697115384615384 0.6466346153846154 0.10336538461538461 0.014423076923076924
0 0.10697115384615384 0.6274038461538461 0.09975961538461539 0.014423076923076924
0 0.10697115384615384 0.6081730769230769 0.11298076923076923 0.019230769230769232
0 0.84375 0.36177884615384615 0.08413461538461539 0.014423076923076924
0 0.026442307692307692 0.4567307692307692 0.02403846153846154 0.08653846153846154
0 0.6766826923076923 0.4495192307692308 0.109375 0.037259615384615384
0 0.09495192307692307 0.4519230769230769 0.027644230769230768 0.08173076923076923
0 0.2620192307692308 0.025240384615384616 0.14903846153846154 0.05048076923076923
0 0.3954326923076923 0.12139423076923077 0.1141826923076923 0.0673076923076923
0 0.4951923076923077 0.10697115384615384 0.06850961538461539 0.09615384615384616
0 0.9675480769230769 0.21634615384615385 0.06009615384615385 0.019230769230769232
0 0.9723557692307693 0.23557692307692307 0.052884615384615384 0.016826923076923076
0 0.056490384615384616 0.4543269230769231 0.03245192307692308 0.08413461538461539
0 0.9711538461538461 0.25961538461538464 0.052884615384615384 0.019230769230769232
0 0.8858173076923077 0.22355769230769232 0.038461538461538464 0.0829326923076923
0 0.8305288461538461 0.22596153846153846 0.04567307692307692 0.08052884615384616
0 0.7860576923076923 0.22716346153846154 0.03125 0.09014423076923077
0 0.6574519230769231 0.22596153846153846 0.07091346153846154 0.09134615384615384
0 0.5805288461538461 0.2283653846153846 0.07091346153846154 0.10096153846153846
0 0.4723557692307692 0.24519230769230768 0.1201923076923077 0.030048076923076924
0 0.7355769230769231 0.2403846153846154 0.04326923076923077 0.0673076923076923
0 0.24879807692307693 0.22355769230769232 0.03365384615384615 0.09495192307692307
0 0.34375 0.3425480769230769 0.1466346153846154 0.020432692307692308
0 0.19951923076923078 0.3798076923076923 0.10817307692307693 0.013221153846153846
0 0.19951923076923078 0.3605769230769231 0.109375 0.02283653846153846
0 0.34134615384615385 0.24519230769230768 0.13341346153846154 0.026442307692307692
0 0.0889423076923077 0.3545673076923077 0.038461538461538464 0.0829326923076923
0 0.04567307692307692 0.34615384615384615 0.030048076923076924 0.06610576923076923
0 0.12379807692307693 0.3473557692307692 0.02403846153846154 0.0673076923076923
0 0.055288461538461536 0.21033653846153846 0.11057692307692307 0.11778846153846154
0 0.13221153846153846 0.22115384615384615 0.03245192307692308 0.09735576923076923
0 0.16826923076923078 0.22235576923076922 0.03125 0.09735576923076923
0 0.20793269230769232 0.21754807692307693 0.040865384615384616 0.09975961538461539
0 0.01201923076923077 0.35096153846153844 0.02283653846153846 0.07451923076923077
0 0.2668269230769231 0.10336538461538461 0.13822115384615385 0.09735576923076923