0 0.40384615384615385 0.7668269230769231 0.05889423076923077 0.009615384615384616
0 0.4050480769230769 0.7776442307692307 0.05889423076923077 0.009615384615384616
0 0.40384615384615385 0.7872596153846154 0.05889423076923077 0.009615384615384616
0 0.028846153846153848 0.7956730769230769 0.056490384615384616 0.010817307692307692
0 0.027644230769230768 0.8052884615384616 0.055288461538461536 0.010817307692307692
0 0.09375 0.7728365384615384 0.055288461538461536 0.008413461538461538
0 0.09134615384615384 0.7608173076923077 0.051682692307692304 0.01201923076923077
0 0.09014423076923077 0.7824519230769231 0.06129807692307692 0.010817307692307692
0 0.09134615384615384 0.7944711538461539 0.057692307692307696 0.010817307692307692
0 0.0889423076923077 0.8064903846153846 0.0625 0.010817307692307692
0 0.028846153846153848 0.7872596153846154 0.057692307692307696 0.008413461538461538
0 0.34615384615384615 0.8173076923076923 0.05889423076923077 0.009615384615384616
0 0.028846153846153848 0.8161057692307693 0.056490384615384616 0.009615384615384616
0 0.34375 0.8076923076923077 0.05889423076923077 0.009615384615384616
0 0.5228365384615384 0.7704326923076923 0.05889423076923077 0.009615384615384616
0 0.359375 0.18269230769230768 0.07572115384615384 0.019230769230769232
0 0.28365384615384615 0.7776442307692307 0.057692307692307696 0.010817307692307692
0 0.28365384615384615 0.7668269230769231 0.057692307692307696 0.010817307692307692
0 0.22355769230769232 0.8173076923076923 0.06009615384615385 0.008413461538461538
0 0.22115384615384615 0.8076923076923077 0.057692307692307696 0.008413461538461538
0 0.22355769230769232 0.796875 0.05889423076923077 0.007211538461538462
0 0.22355769230769232 0.7872596153846154 0.05889423076923077 0.008413461538461538
0 0.22235576923076922 0.7764423076923077 0.06009615384615385 0.010817307692307692
0 0.22115384615384615 0.7644230769230769 0.057692307692307696 0.010817307692307692
0 0.09014423076923077 0.8173076923076923 0.06129807692307692 0.010817307692307692
0 0.40625 0.7992788461538461 0.05889423076923077 0.009615384615384616
0 0.40625 0.8088942307692307 0.05889423076923077 0.009615384615384616
0 0.4050480769230769 0.8185096153846154 0.05889423076923077 0.009615384615384616
0 0.4639423076923077 0.7536057692307693 0.05889423076923077 0.009615384615384616
0 0.4651442307692308 0.7632211538461539 0.055288461538461536 0.008413461538461538
0 0.4651442307692308 0.7740384615384616 0.055288461538461536 0.008413461538461538
0 0.4651442307692308 0.7836538461538461 0.055288461538461536 0.008413461538461538
0 0.4675480769230769 0.7944711538461539 0.055288461538461536 0.008413461538461538
0 0.46634615384615385 0.8052884615384616 0.055288461538461536 0.008413461538461538
0 0.28365384615384615 0.7884615384615384 0.056490384615384616 0.010817307692307692
0 0.2848557692307692 0.7992788461538461 0.056490384615384616 0.010817307692307692
0 0.2848557692307692 0.8088942307692307 0.056490384615384616 0.009615384615384616
0 0.2848557692307692 0.8173076923076923 0.056490384615384616 0.009615384615384616
0 0.3425480769230769 0.765625 0.056490384615384616 0.009615384615384616
0 0.34375 0.7776442307692307 0.05889423076923077 0.009615384615384616
0 0.34375 0.7872596153846154 0.056490384615384616 0.009615384615384616
0 0.3449519230769231 0.7980769230769231 0.05889423076923077 0.009615384615384616
0 0.027644230769230768 0.7764423076923077 0.055288461538461536 0.008413461538461538
0 0.5588942307692307 0.5192307692307693 0.06850961538461539 0.038461538461538464
0 0.15625 0.8016826923076923 0.06850961538461539 0.04447115384615385
0 0.41466346153846156 0.6634615384615384 0.06490384615384616 0.025240384615384616
0 0.12740384615384615 0.5108173076923077 0.06971153846153846 0.04927884615384615
0 0.19831730769230768 0.4831730769230769 0.07091346153846154 0.03485576923076923
0 0.20432692307692307 0.5216346153846154 0.07091346153846154 0.03485576923076923
0 0.27524038461538464 0.5216346153846154 0.06971153846153846 0.036057692307692304
0 0.27283653846153844 0.48197115384615385 0.07211538461538461 0.037259615384615384
0 0.3449519230769231 0.4855769230769231 0.07091346153846154 0.03365384615384615
0 0.3449519230769231 0.5216346153846154 0.07091346153846154 0.03125
0 0.41586538461538464 0.5204326923076923 0.07091346153846154 0.03245192307692308
0 0.41947115384615385 0.48677884615384615 0.06971153846153846 0.03245192307692308
0 0.4891826923076923 0.48197115384615385 0.0673076923076923 0.03245192307692308
0 0.48677884615384615 0.5204326923076923 0.06850961538461539 0.03365384615384615
0 0.5240384615384616 0.7788461538461539 0.056490384615384616 0.008413461538461538
0 0.5588942307692307 0.48197115384615385 0.0673076923076923 0.03125
0 0.036057692307692304 0.421875 0.07211538461538461 0.03365384615384615
0 0.03485576923076923 0.38461538461538464 0.06850961538461539 0.03365384615384615
0 0.11057692307692307 0.38822115384615385 0.07692307692307693 0.03485576923076923
0 0.11658653846153846 0.4206730769230769 0.08052884615384616 0.03125
0 0.1935096153846154 0.41947115384615385 0.07091346153846154 0.038461538461538464
0 0.484375 0.703125 0.0673076923076923 0.028846153846153848
0 0.18629807692307693 0.3798076923076923 0.07211538461538461 0.039663461538461536
0 0.48677884615384615 0.6706730769230769 0.0673076923076923 0.030048076923076924
0 0.5540865384615384 0.6706730769230769 0.0625 0.030048076923076924
0 0.4375 0.1658653846153846 0.07932692307692307 0.018028846153846152
0 0.052884615384615384 0.5096153846153846 0.07932692307692307 0.052884615384615384
0 0.5552884615384616 0.5745192307692307 0.0673076923076923 0.030048076923076924
0 0.5600961538461539 0.6153846153846154 0.06610576923076923 0.030048076923076924
0 0.49038461538461536 0.6141826923076923 0.06490384615384616 0.03125
0 0.4879807692307692 0.5829326923076923 0.06850961538461539 0.03245192307692308
0 0.4182692307692308 0.5805288461538461 0.07091346153846154 0.03125
0 0.4230769230769231 0.6141826923076923 0.06850961538461539 0.03245192307692308
0 0.3545673076923077 0.6129807692307693 0.0673076923076923 0.030048076923076924
0 0.34975961538461536 0.5805288461538461 0.06610576923076923 0.03125
0 0.07572115384615384 0.5757211538461539 0.07091346153846154 0.03485576923076923
0 0.1466346153846154 0.5769230769230769 0.0625 0.03365384615384615
0 0.1502403846153846 0.6117788461538461 0.06490384615384616 0.028846153846153848
0 0.07932692307692307 0.6117788461538461 0.07091346153846154 0.028846153846153848
0 0.021634615384615384 0.6105769230769231 0.04326923076923077 0.03245192307692308
0 0.21394230769230768 0.5817307692307693 0.06490384615384616 0.028846153846153848
0 0.28125 0.5829326923076923 0.06850961538461539 0.028846153846153848
0 0.28725961538461536 0.6129807692307693 0.0673076923076923 0.028846153846153848
0 0.21875 0.6129807692307693 0.06490384615384616 0.028846153846153848
0 0.5516826923076923 0.7019230769230769 0.06610576923076923 0.027644230769230768
0 0.027644230769230768 0.7680288461538461 0.055288461538461536 0.008413461538461538
0 0.2620192307692308 0.3798076923076923 0.0733173076923077 0.038461538461538464
0 0.3389423076923077 0.4206730769230769 0.06971153846153846 0.03485576923076923
0 0.03485576923076923 0.17067307692307693 0.0673076923076923 0.03365384615384615
0 0.039663461538461536 0.2091346153846154 0.07932692307692307 0.040865384615384616
0 0.1201923076923077 0.21153846153846154 0.07692307692307693 0.03365384615384615
0 0.10817307692307693 0.17307692307692307 0.07932692307692307 0.036057692307692304
0 0.265625 0.17067307692307693 0.07211538461538461 0.03245192307692308
0 0.203125 0.2091346153846154 0.078125 0.038461538461538464
0 0.2824519230769231 0.2091346153846154 0.078125 0.037259615384615384
0 0.3605769230769231 0.21153846153846154 0.06850961538461539 0.038461538461538464
0 0.41586538461538464 0.6995192307692307 0.06370192307692307 0.036057692307692304
0 0.3485576923076923 0.6971153846153846 0.06610576923076923 0.040865384615384616
0 0.3485576923076923 0.6634615384615384 0.06490384615384616 0.025240384615384616
0 0.2800480769230769 0.6634615384615384 0.06490384615384616 0.02403846153846154
0 0.2824519230769231 0.6983173076923077 0.06610576923076923 0.038461538461538464
0 0.21514423076923078 0.7007211538461539 0.0673076923076923 0.03365384615384615
0 0.21153846153846154 0.6646634615384616 0.06850961538461539 0.03125
0 0.14903846153846154 0.6923076923076923 0.056490384615384616 0.04567307692307692
0 0.08774038461538461 0.6947115384615384 0.06610576923076923 0.04326923076923077
0 0.02283653846153846 0.6935096153846154 0.04447115384615385 0.052884615384615384
0 0.15384615384615385 0.7596153846153846 0.06850961538461539 0.036057692307692304
0 0.040865384615384616 0.2860576923076923 0.07451923076923077 0.036057692307692304
0 0.2668269230769231 0.4206730769230769 0.07211538461538461 0.037259615384615384
0 0.04447115384615385 0.32211538461538464 0.078125 0.030048076923076924
0 0.1201923076923077 0.28725961538461536 0.04326923076923077 0.030048076923076924
0 0.33653846153846156 0.3858173076923077 0.07091346153846154 0.03365384615384615
0 0.40865384615384615 0.3870192307692308 0.0673076923076923 0.03485576923076923
0 0.4110576923076923 0.4230769230769231 0.07091346153846154 0.03485576923076923
0 0.4831730769230769 0.4230769230769231 0.07091346153846154 0.03365384615384615
0 0.4807692307692308 0.3870192307692308 0.07451923076923077 0.03485576923076923
0 0.5564903846153846 0.4230769230769231 0.07211538461538461 0.03485576923076923
0 0.5540865384615384 0.38822115384615385 0.07091346153846154 0.03365384615384615
0 0.5600961538461539 0.3233173076923077 0.07091346153846154 0.03485576923076923
0 0.5625 0.2848557692307692 0.0673076923076923 0.03485576923076923
0 0.4879807692307692 0.3233173076923077 0.06971153846153846 0.03365384615384615
0 0.4891826923076923 0.2848557692307692 0.07211538461538461 0.038461538461538464
0 0.41346153846153844 0.32211538461538464 0.07091346153846154 0.037259615384615384
0 0.41225961538461536 0.2848557692307692 0.07572115384615384 0.03485576923076923
0 0.3401442307692308 0.32211538461538464 0.07211538461538461 0.038461538461538464
0 0.33774038461538464 0.28365384615384615 0.06850961538461539 0.037259615384615384
0 0.265625 0.31971153846153844 0.07211538461538461 0.040865384615384616
0 0.2620192307692308 0.2776442307692308 0.07451923076923077 0.038461538461538464
0 0.18990384615384615 0.31850961538461536 0.07572115384615384 0.038461538461538464
0 0.18269230769230768 0.2764423076923077 0.07932692307692307 0.040865384615384616
0 0.11778846153846154 0.32091346153846156 0.0625 0.03365384615384615
0 0.5228365384615384 0.7872596153846154 0.056490384615384616 0.008413461538461538
0 0.35697115384615385 0.16346153846153846 0.07692307692307693 0.019230769230769232
0 0.5240384615384616 0.8028846153846154 0.056490384615384616 0.008413461538461538
0 0.5228365384615384 0.8521634615384616 0.052884615384615384 0.009615384615384616
0 0.3269230769230769 0.09975961538461539 0.08533653846153846 0.037259615384615384
0 0.4098557692307692 0.051682692307692304 0.07692307692307693 0.018028846153846152
0 0.4110576923076923 0.06971153846153846 0.07692307692307693 0.014423076923076924
0 0.41225961538461536 0.0985576923076923 0.07572115384615384 0.037259615384615384
0 0.4891826923076923 0.0985576923076923 0.0733173076923077 0.037259615384615384
0 0.5709134615384616 0.0985576923076923 0.08052884615384616 0.039663461538461536
0 0.5228365384615384 0.8641826923076923 0.057692307692307696 0.009615384615384616
0 0.49158653846153844 0.05048076923076923 0.08052884615384616 0.016826923076923076
0 0.5733173076923077 0.054086538461538464 0.08052884615384616 0.018028846153846152
0 0.5733173076923077 0.07091346153846154 0.08052884615384616 0.013221153846153846
0 0.5997596153846154 0.16706730769230768 0.07692307692307693 0.016826923076923076
0 0.5949519230769231 0.18509615384615385 0.07572115384615384 0.018028846153846152
0 0.59375 0.2127403846153846 0.0829326923076923 0.03485576923076923
0 0.5168269230769231 0.16466346153846154 0.08052884615384616 0.018028846153846152
0 0.5168269230769231 0.18269230769230768 0.07572115384615384 0.014423076923076924
0 0.49278846153846156 0.07091346153846154 0.07692307692307693 0.015625
0 0.5204326923076923 0.8737980769230769 0.056490384615384616 0.007211538461538462
0 0.5216346153846154 0.8834134615384616 0.051682692307692304 0.008413461538461538
0 0.5228365384615384 0.8942307692307693 0.056490384615384616 0.008413461538461538
0 0.4639423076923077 0.8641826923076923 0.06009615384615385 0.009615384615384616
0 0.4651442307692308 0.8533653846153846 0.05889423076923077 0.010817307692307692
0 0.4050480769230769 0.90625 0.054086538461538464 0.008413461538461538
0 0.5240384615384616 0.7944711538461539 0.056490384615384616 0.008413461538461538
0 0.08413461538461539 0.06850961538461539 0.07932692307692307 0.03245192307692308
0 0.0829326923076923 0.10216346153846154 0.07572115384615384 0.028846153846153848
0 0.019230769230769232 0.10336538461538461 0.037259615384615384 0.025240384615384616
0 0.020432692307692308 0.07932692307692307 0.040865384615384616 0.016826923076923076
0 0.16947115384615385 0.09975961538461539 0.08173076923076923 0.036057692307692304
0 0.24759615384615385 0.09975961538461539 0.06971153846153846 0.037259615384615384
0 0.5228365384615384 0.9050480769230769 0.054086538461538464 0.007211538461538462
0 0.5685096153846154 0.8545673076923077 0.036057692307692304 0.008413461538461538
0 0.5685096153846154 0.8641826923076923 0.030048076923076924 0.009615384615384616
0 0.5685096153846154 0.8725961538461539 0.03485576923076923 0.007211538461538462
0 0.5673076923076923 0.8822115384615384 0.03365384615384615 0.008413461538461538
0 0.5685096153846154 0.8918269230769231 0.03365384615384615 0.007211538461538462
0 0.5673076923076923 0.9014423076923077 0.03245192307692308 0.009615384615384616
0 0.5144230769230769 0.21033653846153846 0.0733173076923077 0.037259615384615384
0 0.4375 0.21153846153846154 0.07932692307692307 0.037259615384615384
0 0.32572115384615385 0.07091346153846154 0.07932692307692307 0.016826923076923076
0 0.4639423076923077 0.90625 0.057692307692307696 0.009615384615384616
0 0.28725961538461536 0.8605769230769231 0.056490384615384616 0.010817307692307692
0 0.23197115384615385 0.9098557692307693 0.054086538461538464 0.009615384615384616
0 0.23197115384615385 0.9014423076923077 0.057692307692307696 0.007211538461538462
0 0.23197115384615385 0.8918269230769231 0.055288461538461536 0.008413461538461538
0 0.23076923076923078 0.8810096153846154 0.055288461538461536 0.008413461538461538
0 0.23076923076923078 0.8713942307692307 0.05048076923076923 0.010817307692307692
0 0.2283653846153846 0.859375 0.054086538461538464 0.010817307692307692
0 0.4387019230769231 0.18389423076923078 0.07692307692307693 0.015625
0 0.16706730769230768 0.8605769230769231 0.0625 0.02283653846153846
0 0.07572115384615384 0.8894230769230769 0.1201923076923077 0.055288461538461536
0 0.5745192307692307 0.8112980769230769 0.037259615384615384 0.013221153846153846
0 0.5757211538461539 0.7980769230769231 0.040865384615384616 0.009615384615384616
0 0.5733173076923077 0.7872596153846154 0.036057692307692304 0.009615384615384616
0 0.5733173076923077 0.7752403846153846 0.037259615384615384 0.009615384615384616
0 0.5745192307692307 0.7632211538461539 0.036057692307692304 0.013221153846153846
0 0.5228365384615384 0.8197115384615384 0.056490384615384616 0.008413461538461538
0 0.5240384615384616 0.8112980769230769 0.056490384615384616 0.008413461538461538
0 0.28846153846153844 0.8701923076923077 0.056490384615384616 0.007211538461538462
0 0.28846153846153844 0.8810096153846154 0.057692307692307696 0.008413461538461538
0 0.16947115384615385 0.8942307692307693 0.06370192307692307 0.042067307692307696
0 0.28966346153846156 0.9014423076923077 0.057692307692307696 0.008413461538461538
0 0.28846153846153844 0.890625 0.055288461538461536 0.008413461538461538
0 0.40625 0.8954326923076923 0.056490384615384616 0.007211538461538462
0 0.4050480769230769 0.8870192307692307 0.055288461538461536 0.007211538461538462
0 0.4050480769230769 0.8762019230769231 0.055288461538461536 0.007211538461538462
0 0.40384615384615385 0.8653846153846154 0.055288461538461536 0.008413461538461538
0 0.46274038461538464 0.8737980769230769 0.056490384615384616 0.010817307692307692
0 0.4639423076923077 0.8846153846153846 0.056490384615384616 0.008413461538461538
0 0.4639423076923077 0.8954326923076923 0.054086538461538464 0.008413461538461538
0 0.40384615384615385 0.8545673076923077 0.056490384615384616 0.008413461538461538
0 0.3485576923076923 0.9098557692307693 0.054086538461538464 0.009615384615384616
0 0.3485576923076923 0.8990384615384616 0.057692307692307696 0.007211538461538462
0 0.3473557692307692 0.8894230769230769 0.055288461538461536 0.008413461538461538
0 0.3473557692307692 0.8786057692307693 0.056490384615384616 0.007211538461538462
0 0.3473557692307692 0.8701923076923077 0.055288461538461536 0.006009615384615385
0 0.3449519230769231 0.8605769230769231 0.054086538461538464 0.010817307692307692
0 0.28846153846153844 0.9098557692307693 0.06009615384615385 0.008413461538461538