0 0.515625 0.23557692307692307 0.036057692307692304 0.06009615384615385
0 0.8497596153846154 0.2403846153846154 0.09014423076923077 0.0829326923076923
0 0.04326923076923077 0.1622596153846154 0.040865384615384616 0.11778846153846154
0 0.09134615384615384 0.15745192307692307 0.05048076923076923 0.11778846153846154
0 0.20552884615384615 0.14903846153846154 0.06370192307692307 0.11899038461538461
0 0.25841346153846156 0.15264423076923078 0.03365384615384615 0.12259615384615384
0 0.296875 0.14903846153846154 0.03485576923076923 0.11658653846153846
0 0.33413461538461536 0.1502403846153846 0.037259615384615384 0.11899038461538461
0 0.40625 0.1346153846153846 0.0829326923076923 0.09254807692307693
0 0.49278846153846156 0.1346153846153846 0.078125 0.09014423076923077
0 0.5841346153846154 0.12980769230769232 0.07932692307692307 0.09375
0 0.6694711538461539 0.12620192307692307 0.0829326923076923 0.0889423076923077
0 0.8413461538461539 0.11778846153846154 0.08413461538461539 0.09375
0 0.9338942307692307 0.1141826923076923 0.08413461538461539 0.09735576923076923
0 0.04326923076923077 0.30649038461538464 0.056490384615384616 0.06971153846153846
0 0.0985576923076923 0.3137019230769231 0.04807692307692308 0.056490384615384616
0 0.19230769230769232 0.3016826923076923 0.09134615384615384 0.07451923076923077
0 0.26322115384615385 0.3125 0.040865384615384616 0.04807692307692308
0 0.3004807692307692 0.29447115384615385 0.030048076923076924 0.08413461538461539
0 0.3425480769230769 0.2920673076923077 0.038461538461538464 0.08413461538461539
0 0.41466346153846156 0.24759615384615385 0.078125 0.07572115384615384
0 0.47475961538461536 0.23677884615384615 0.03245192307692308 0.057692307692307696
0 0.5901442307692307 0.24639423076923078 0.07451923076923077 0.08413461538461539
0 0.6742788461538461 0.24519230769230768 0.078125 0.08413461538461539
0 0.7524038461538461 0.2403846153846154 0.07211538461538461 0.08052884615384616
0 0.9314903846153846 0.21875 0.0625 0.04927884615384615
0 0.14423076923076922 0.15504807692307693 0.052884615384615384 0.11658653846153846
0 0.6959134615384616 0.6358173076923077 0.046875 0.051682692307692304
0 0.028846153846153848 0.42908653846153844 0.036057692307692304 0.06850961538461539
0 0.06610576923076923 0.6598557692307693 0.04807692307692308 0.05048076923076923
0 0.02283653846153846 0.6598557692307693 0.03485576923076923 0.04447115384615385
0 0.8509615384615384 0.5444711538461539 0.04447115384615385 0.05048076923076923
0 0.7980769230769231 0.5492788461538461 0.04927884615384615 0.051682692307692304
0 0.7367788461538461 0.5504807692307693 0.052884615384615384 0.056490384615384616
0 0.6706730769230769 0.5576923076923077 0.06009615384615385 0.054086538461538464
0 0.609375 0.5600961538461539 0.04807692307692308 0.06490384615384616
0 0.5492788461538461 0.5625 0.04447115384615385 0.07091346153846154
0 0.48677884615384615 0.5612980769230769 0.052884615384615384 0.0733173076923077
0 0.4230769230769231 0.5540865384615384 0.06610576923076923 0.05889423076923077
0 0.12860576923076922 0.6574519230769231 0.04807692307692308 0.057692307692307696
0 0.9122596153846154 0.4519230769230769 0.07932692307692307 0.06370192307692307
0 0.7487980769230769 0.45913461538461536 0.04927884615384615 0.06490384615384616
0 0.6634615384615384 0.45913461538461536 0.052884615384615384 0.06009615384615385
0 0.5889423076923077 0.4651442307692308 0.06971153846153846 0.07211538461538461
0 0.5024038461538461 0.4651442307692308 0.07451923076923077 0.0673076923076923
0 0.421875 0.4651442307692308 0.078125 0.06490384615384616
0 0.35096153846153844 0.5360576923076923 0.056490384615384616 0.0733173076923077
0 0.2956730769230769 0.5336538461538461 0.04927884615384615 0.07692307692307693
0 0.23317307692307693 0.5396634615384616 0.05048076923076923 0.06971153846153846
0 0.38100961538461536 0.7379807692307693 0.039663461538461536 0.054086538461538464
0 0.43990384615384615 0.7259615384615384 0.06610576923076923 0.10096153846153846
0 0.8269230769230769 0.453125 0.08052884615384616 0.07572115384615384
0 0.5012019230769231 0.7271634615384616 0.05048076923076923 0.10216346153846154
0 0.19230769230769232 0.65625 0.05889423076923077 0.06009615384615385
0 0.28125 0.6646634615384616 0.015625 0.040865384615384616
0 0.7475961538461539 0.6334134615384616 0.04326923076923077 0.051682692307692304
0 0.7956730769230769 0.6274038461538461 0.042067307692307696 0.06610576923076923
0 0.8401442307692307 0.6237980769230769 0.039663461538461536 0.06610576923076923
0 0.8942307692307693 0.6213942307692307 0.046875 0.07091346153846154
0 0.9507211538461539 0.5985576923076923 0.036057692307692304 0.07692307692307693
0 0.5925480769230769 0.6346153846153846 0.04567307692307692 0.05048076923076923
0 0.5420673076923077 0.6358173076923077 0.04567307692307692 0.054086538461538464
0 0.49278846153846156 0.6322115384615384 0.04567307692307692 0.05048076923076923
0 0.4495192307692308 0.6382211538461539 0.03125 0.055288461538461536
0 0.026442307692307692 0.7367788461538461 0.03485576923076923 0.06129807692307692
0 0.25240384615384615 0.6526442307692307 0.03365384615384615 0.0673076923076923
0 0.06610576923076923 0.7367788461538461 0.040865384615384616 0.06129807692307692
0 0.14783653846153846 0.7367788461538461 0.04326923076923077 0.06129807692307692
0 0.19110576923076922 0.7403846153846154 0.027644230769230768 0.056490384615384616
0 0.21995192307692307 0.7355769230769231 0.030048076923076924 0.06610576923076923
0 0.25721153846153844 0.734375 0.03485576923076923 0.06370192307692307
0 0.2932692307692308 0.734375 0.03125 0.06129807692307692
0 0.33413461538461536 0.7379807692307693 0.037259615384615384 0.056490384615384616
0 0.4110576923076923 0.6358173076923077 0.03365384615384615 0.04807692307692308
0 0.3629807692307692 0.6466346153846154 0.054086538461538464 0.0733173076923077
0 0.3269230769230769 0.6658653846153846 0.019230769230769232 0.039663461538461536
0 0.30408653846153844 0.6658653846153846 0.018028846153846152 0.038461538461538464
0 0.10576923076923077 0.7379807692307693 0.03485576923076923 0.05889423076923077
0 0.5540865384615384 0.7283653846153846 0.046875 0.10096153846153846
0 0.5985576923076923 0.7295673076923077 0.037259615384615384 0.1045673076923077
0 0.640625 0.7307692307692307 0.042067307692307696 0.109375
0 0.34615384615384615 0.4098557692307692 0.055288461538461536 0.08653846153846154
0 0.3016826923076923 0.421875 0.028846153846153848 0.06370192307692307
0 0.9567307692307693 0.8569711538461539 0.04567307692307692 0.10817307692307693
0 0.90625 0.8533653846153846 0.04447115384615385 0.11057692307692307
0 0.8581730769230769 0.8557692307692307 0.046875 0.1141826923076923
0 0.8064903846153846 0.8533653846153846 0.05048076923076923 0.11298076923076923
0 0.7572115384615384 0.8521634615384616 0.04447115384615385 0.11658653846153846
0 0.7067307692307693 0.8557692307692307 0.05048076923076923 0.11057692307692307
0 0.6574519230769231 0.8509615384615384 0.037259615384615384 0.10697115384615384
0 0.5600961538461539 0.8509615384615384 0.054086538461538464 0.10096153846153846
0 0.4026442307692308 0.3701923076923077 0.055288461538461536 0.08774038461538461
0 0.5084134615384616 0.8461538461538461 0.04567307692307692 0.10216346153846154
0 0.41466346153846156 0.8509615384615384 0.04447115384615385 0.10576923076923077
0 0.36778846153846156 0.8713942307692307 0.04326923076923077 0.0673076923076923
0 0.3269230769230769 0.8725961538461539 0.038461538461538464 0.0673076923076923
0 0.28966346153846156 0.8605769230769231 0.03125 0.08413461538461539
0 0.2548076923076923 0.8617788461538461 0.030048076923076924 0.08533653846153846
0 0.2644230769230769 0.4230769230769231 0.03485576923076923 0.06850961538461539
0 0.22115384615384615 0.41947115384615385 0.04447115384615385 0.06490384615384616
0 0.16706730769230768 0.4206730769230769 0.046875 0.06490384615384616
0 0.11778846153846154 0.4266826923076923 0.04326923076923077 0.06610576923076923
0 0.07451923076923077 0.42788461538461536 0.040865384615384616 0.06370192307692307
0 0.46274038461538464 0.8557692307692307 0.046875 0.10096153846153846
0 0.46274038461538464 0.3581730769230769 0.055288461538461536 0.07211538461538461
0 0.5300480769230769 0.359375 0.057692307692307696 0.06850961538461539
0 0.5913461538461539 0.359375 0.056490384615384616 0.07451923076923077
0 0.6862980769230769 0.7307692307692307 0.038461538461538464 0.11057692307692307
0 0.7283653846153846 0.7295673076923077 0.040865384615384616 0.10576923076923077
0 0.7776442307692307 0.7283653846153846 0.046875 0.1045673076923077
0 0.19230769230769232 0.5408653846153846 0.027644230769230768 0.054086538461538464
0 0.15865384615384615 0.5408653846153846 0.03245192307692308 0.0673076923076923
0 0.1201923076923077 0.5444711538461539 0.040865384615384616 0.06129807692307692
0 0.08052884615384616 0.5540865384615384 0.036057692307692304 0.042067307692307696
0 0.8305288461538461 0.7307692307692307 0.052884615384615384 0.11177884615384616
0 0.03485576923076923 0.5564903846153846 0.028846153846153848 0.04326923076923077
0 0.9519230769230769 0.7247596153846154 0.04567307692307692 0.0985576923076923
0 0.026442307692307692 0.8617788461538461 0.028846153846153848 0.08173076923076923
0 0.06129807692307692 0.8581730769230769 0.037259615384615384 0.08533653846153846
0 0.08774038461538461 0.8545673076923077 0.018028846153846152 0.0889423076923077
0 0.109375 0.8581730769230769 0.019230769230769232 0.08413461538461539
0 0.1346153846153846 0.8629807692307693 0.02403846153846154 0.08173076923076923
0 0.1622596153846154 0.8581730769230769 0.027644230769230768 0.0829326923076923
0 0.1935096153846154 0.859375 0.030048076923076924 0.0829326923076923
0 0.22355769230769232 0.859375 0.026442307692307692 0.09134615384615384
0 0.9230769230769231 0.35216346153846156 0.06370192307692307 0.07932692307692307
0 0.8569711538461539 0.3557692307692308 0.06850961538461539 0.07451923076923077
0 0.7800480769230769 0.359375 0.06009615384615385 0.07692307692307693
0 0.7199519230769231 0.3581730769230769 0.054086538461538464 0.078125
0 0.6610576923076923 0.37259615384615385 0.05889423076923077 0.0733173076923077
0 0.6430288461538461 0.6346153846153846 0.046875 0.05048076923076923
0 0.8930288461538461 0.7463942307692307 0.0625 0.07451923076923077