0 0.3269230769230769 0.36899038461538464 0.021634615384615384 0.042067307692307696
0 0.47716346153846156 0.36658653846153844 0.027644230769230768 0.04447115384615385
0 0.30408653846153844 0.36778846153846156 0.020432692307692308 0.038461538461538464
0 0.35096153846153844 0.36658653846153844 0.020432692307692308 0.04326923076923077
0 0.3737980769230769 0.36899038461538464 0.02283653846153846 0.04447115384615385
0 0.39903846153846156 0.36899038461538464 0.02403846153846154 0.04447115384615385
0 0.42427884615384615 0.36778846153846156 0.02283653846153846 0.046875
0 0.45072115384615385 0.36658653846153844 0.025240384615384616 0.04567307692307692
0 0.5084134615384616 0.36899038461538464 0.028846153846153848 0.046875
0 0.6838942307692307 0.3737980769230769 0.025240384615384616 0.052884615384615384
0 0.5949519230769231 0.3737980769230769 0.027644230769230768 0.051682692307692304
0 0.625 0.37259615384615385 0.028846153846153848 0.056490384615384616
0 0.6550480769230769 0.3737980769230769 0.027644230769230768 0.051682692307692304
0 0.7139423076923077 0.3713942307692308 0.027644230769230768 0.052884615384615384
0 0.7463942307692307 0.3737980769230769 0.030048076923076924 0.052884615384615384
0 0.7788461538461539 0.375 0.028846153846153848 0.04927884615384615
0 0.28365384615384615 0.36778846153846156 0.019230769230769232 0.038461538461538464
0 0.8112980769230769 0.37259615384615385 0.03365384615384615 0.056490384615384616
0 0.5733173076923077 0.3737980769230769 0.014423076923076924 0.05048076923076923
0 0.2620192307692308 0.36778846153846156 0.019230769230769232 0.038461538461538464
0 0.5300480769230769 0.30408653846153844 0.020432692307692308 0.04927884615384615
0 0.21875 0.36899038461538464 0.02403846153846154 0.037259615384615384
0 0.8449519230769231 0.37259615384615385 0.030048076923076924 0.056490384615384616
0 0.3713942307692308 0.30528846153846156 0.021634615384615384 0.04807692307692308
0 0.39302884615384615 0.30649038461538464 0.020432692307692308 0.04927884615384615
0 0.41947115384615385 0.30528846153846156 0.02403846153846154 0.05048076923076923
0 0.44711538461538464 0.30649038461538464 0.027644230769230768 0.04927884615384615
0 0.47596153846153844 0.30528846153846156 0.02403846153846154 0.04807692307692308
0 0.5036057692307693 0.30528846153846156 0.027644230769230768 0.04807692307692308
0 0.5697115384615384 0.3137019230769231 0.013221153846153846 0.04807692307692308
0 0.2403846153846154 0.36899038461538464 0.018028846153846152 0.039663461538461536
0 0.59375 0.31009615384615385 0.028846153846153848 0.04927884615384615
0 0.6598557692307693 0.31009615384615385 0.028846153846153848 0.052884615384615384
0 0.6911057692307693 0.3088942307692308 0.030048076923076924 0.052884615384615384
0 0.7223557692307693 0.30649038461538464 0.030048076923076924 0.054086538461538464
0 0.7536057692307693 0.30528846153846156 0.03125 0.055288461538461536
0 0.7896634615384616 0.30408653846153844 0.03365384615384615 0.056490384615384616
0 0.8257211538461539 0.30288461538461536 0.036057692307692304 0.056490384615384616
0 0.9194711538461539 0.3004807692307692 0.037259615384615384 0.06009615384615385
0 0.9579326923076923 0.2980769230769231 0.03245192307692308 0.06009615384615385
0 0.6262019230769231 0.31009615384615385 0.030048076923076924 0.05048076923076923
0 0.8786057692307693 0.3713942307692308 0.03125 0.05889423076923077
0 0.37740384615384615 0.42908653846153844 0.021634615384615384 0.04326923076923077
0 0.9495192307692307 0.3701923076923077 0.025240384615384616 0.055288461538461536
0 0.28966346153846156 0.4266826923076923 0.020432692307692308 0.039663461538461536
0 0.3125 0.42788461538461536 0.019230769230769232 0.039663461538461536
0 0.3329326923076923 0.42908653846153844 0.020432692307692308 0.040865384615384616
0 0.3545673076923077 0.43028846153846156 0.021634615384615384 0.042067307692307696
0 0.34615384615384615 0.3076923076923077 0.02283653846153846 0.046875
0 0.40024038461538464 0.43028846153846156 0.020432692307692308 0.040865384615384616
0 0.4230769230769231 0.43028846153846156 0.020432692307692308 0.042067307692307696
0 0.44591346153846156 0.43149038461538464 0.021634615384615384 0.04326923076923077
0 0.2692307692307692 0.4254807692307692 0.018028846153846152 0.036057692307692304
0 0.4699519230769231 0.4326923076923077 0.021634615384615384 0.042067307692307696
0 0.5949519230769231 0.4338942307692308 0.03125 0.04807692307692308
0 0.6310096153846154 0.43509615384615385 0.039663461538461536 0.04807692307692308
0 0.671875 0.4362980769230769 0.04326923076923077 0.05048076923076923
0 0.7151442307692307 0.4375 0.040865384615384616 0.051682692307692304
0 0.7608173076923077 0.4362980769230769 0.046875 0.054086538461538464
0 0.8605769230769231 0.4387019230769231 0.052884615384615384 0.052884615384615384
0 0.9170673076923077 0.43990384615384615 0.04927884615384615 0.056490384615384616
0 0.9699519230769231 0.4411057692307692 0.055288461538461536 0.06009615384615385
0 0.4963942307692308 0.43149038461538464 0.026442307692307692 0.040865384615384616
0 0.9134615384615384 0.37259615384615385 0.03245192307692308 0.06129807692307692
0 0.24879807692307693 0.42788461538461536 0.019230769230769232 0.038461538461538464
0 0.20552884615384615 0.4266826923076923 0.02403846153846154 0.03485576923076923
0 0.984375 0.3701923076923077 0.030048076923076924 0.057692307692307696
0 0.06850961538461539 0.3713942307692308 0.01201923076923077 0.030048076923076924
0 0.08173076923076923 0.3713942307692308 0.009615384615384616 0.027644230769230768
0 0.09254807692307693 0.3713942307692308 0.009615384615384616 0.028846153846153848
0 0.10336538461538461 0.3713942307692308 0.008413461538461538 0.027644230769230768
0 0.1141826923076923 0.37259615384615385 0.010817307692307692 0.030048076923076924
0 0.125 0.3713942307692308 0.009615384615384616 0.028846153846153848
0 0.13701923076923078 0.37259615384615385 0.010817307692307692 0.030048076923076924
0 0.2283653846153846 0.4266826923076923 0.019230769230769232 0.037259615384615384
0 0.14783653846153846 0.3713942307692308 0.010817307692307692 0.03245192307692308
0 0.19471153846153846 0.37740384615384615 0.018028846153846152 0.019230769230769232
0 0.078125 0.42427884615384615 0.015625 0.030048076923076924
0 0.09134615384615384 0.4254807692307692 0.010817307692307692 0.03245192307692308
0 0.10576923076923077 0.4254807692307692 0.01201923076923077 0.03245192307692308
0 0.11899038461538461 0.42788461538461536 0.010817307692307692 0.03245192307692308
0 0.13221153846153846 0.4266826923076923 0.01201923076923077 0.03245192307692308
0 0.14543269230769232 0.42788461538461536 0.013221153846153846 0.03245192307692308
0 0.1658653846153846 0.42908653846153844 0.019230769230769232 0.028846153846153848
0 0.16105769230769232 0.37259615384615385 0.015625 0.030048076923076924
0 0.30649038461538464 0.3088942307692308 0.03485576923076923 0.046875
0 0.8088942307692307 0.4375 0.046875 0.056490384615384616
0 0.25600961538461536 0.30528846153846156 0.019230769230769232 0.042067307692307696
0 0.3870192307692308 0.24639423076923078 0.02283653846153846 0.04567307692307692
0 0.3629807692307692 0.24759615384615385 0.02283653846153846 0.04567307692307692
0 0.3401442307692308 0.24759615384615385 0.02283653846153846 0.04567307692307692
0 0.31850961538461536 0.24879807692307693 0.019230769230769232 0.04567307692307692
0 0.296875 0.25 0.019230769230769232 0.04567307692307692
0 0.27283653846153844 0.2512019230769231 0.010817307692307692 0.03245192307692308
0 0.04807692307692308 0.25961538461538464 0.013221153846153846 0.03245192307692308
0 0.0625 0.25961538461538464 0.013221153846153846 0.03245192307692308
0 0.07451923076923077 0.25721153846153844 0.013221153846153846 0.03245192307692308
0 0.0889423076923077 0.25841346153846156 0.013221153846153846 0.03245192307692308
0 0.10216346153846154 0.25841346153846156 0.013221153846153846 0.03245192307692308
0 0.41225961538461536 0.24519230769230768 0.02283653846153846 0.04567307692307692
0 0.11538461538461539 0.25721153846153844 0.013221153846153846 0.03245192307692308
0 0.2776442307692308 0.30649038461538464 0.020432692307692308 0.042067307692307696
0 0.25841346153846156 0.25240384615384615 0.010817307692307692 0.03245192307692308
0 0.24639423076923078 0.25240384615384615 0.009615384615384616 0.03245192307692308
0 0.234375 0.2548076923076923 0.010817307692307692 0.03245192307692308
0 0.22235576923076922 0.2536057692307692 0.009615384615384616 0.03245192307692308
0 0.21153846153846154 0.2548076923076923 0.010817307692307692 0.03245192307692308
0 0.20072115384615385 0.25600961538461536 0.009615384615384616 0.03245192307692308
0 0.18990384615384615 0.25600961538461536 0.010817307692307692 0.03245192307692308
0 0.17908653846153846 0.25721153846153844 0.013221153846153846 0.03245192307692308
0 0.1658653846153846 0.25600961538461536 0.013221153846153846 0.03245192307692308
0 0.15384615384615385 0.25600961538461536 0.013221153846153846 0.03245192307692308
0 0.14182692307692307 0.25600961538461536 0.013221153846153846 0.03245192307692308
0 0.43990384615384615 0.24879807692307693 0.019230769230769232 0.03485576923076923
0 0.12860576923076922 0.25721153846153844 0.013221153846153846 0.03245192307692308
0 0.4879807692307692 0.24519230769230768 0.021634615384615384 0.04447115384615385
0 0.21514423076923078 0.30649038461538464 0.019230769230769232 0.042067307692307696
0 0.19591346153846154 0.3076923076923077 0.015625 0.040865384615384616
0 0.17668269230769232 0.30528846153846156 0.021634615384615384 0.04567307692307692
0 0.140625 0.30649038461538464 0.026442307692307692 0.04326923076923077
0 0.1141826923076923 0.30649038461538464 0.021634615384615384 0.04326923076923077
0 0.08173076923076923 0.31009615384615385 0.015625 0.038461538461538464
0 0.0625 0.31009615384615385 0.016826923076923076 0.03245192307692308
0 0.9879807692307693 0.21995192307692307 0.019230769230769232 0.06009615384615385
0 0.7007211538461539 0.23677884615384615 0.03125 0.056490384615384616
0 0.7391826923076923 0.23317307692307693 0.03485576923076923 0.057692307692307696
0 0.7740384615384616 0.23197115384615385 0.03485576923076923 0.057692307692307696
0 0.8112980769230769 0.22956730769230768 0.03485576923076923 0.057692307692307696
0 0.8449519230769231 0.2283653846153846 0.03245192307692308 0.05889423076923077
0 0.8810096153846154 0.22596153846153846 0.038461538461538464 0.05889423076923077
0 0.9206730769230769 0.22355769230769232 0.038461538461538464 0.05889423076923077
0 0.9591346153846154 0.22355769230769232 0.036057692307692304 0.05889423076923077
0 0.46274038461538464 0.24759615384615385 0.026442307692307692 0.039663461538461536
0 0.23557692307692307 0.30649038461538464 0.018028846153846152 0.040865384615384616
0 0.6706730769230769 0.23798076923076922 0.028846153846153848 0.052884615384615384
0 0.09735576923076923 0.30649038461538464 0.013221153846153846 0.040865384615384616
0 0.5745192307692307 0.2439903846153846 0.019230769230769232 0.05048076923076923
0 0.6177884615384616 0.24278846153846154 0.02283653846153846 0.05048076923076923
0 0.6430288461538461 0.2403846153846154 0.02283653846153846 0.05048076923076923
0 0.5096153846153846 0.2439903846153846 0.021634615384615384 0.04447115384615385
0 0.5949519230769231 0.2439903846153846 0.02283653846153846 0.05048076923076923