0 0.31971153846153844 0.8413461538461539 0.06610576923076923 0.06971153846153846
0 0.328125 0.9086538461538461 0.07451923076923077 0.05889423076923077
0 0.3293269230769231 0.9675480769230769 0.06971153846153846 0.056490384615384616
0 0.2439903846153846 0.8774038461538461 0.06850961538461539 0.07091346153846154
0 0.39663461538461536 0.8665865384615384 0.052884615384615384 0.04567307692307692
0 0.40384615384615385 0.9266826923076923 0.07091346153846154 0.06370192307692307
0 0.2620192307692308 0.09254807692307693 0.057692307692307696 0.18269230769230768
0 0.3269230769230769 0.09254807692307693 0.06370192307692307 0.18269230769230768
0 0.3942307692307692 0.09375 0.056490384615384616 0.18509615384615385
0 0.4483173076923077 0.1045673076923077 0.04447115384615385 0.18028846153846154
0 0.5 0.11298076923076923 0.054086538461538464 0.16706730769230768
0 0.3954326923076923 0.8100961538461539 0.057692307692307696 0.057692307692307696
0 0.24519230769230768 0.9483173076923077 0.0673076923076923 0.057692307692307696
0 0.6225961538461539 0.2980769230769231 0.016826923076923076 0.06009615384615385
0 0.109375 0.08413461538461539 0.08774038461538461 0.16826923076923078
0 0.5564903846153846 0.671875 0.026442307692307692 0.05889423076923077
0 0.5480769230769231 0.59375 0.02283653846153846 0.05889423076923077
0 0.5769230769230769 0.5877403846153846 0.021634615384615384 0.05889423076923077
0 0.6033653846153846 0.5745192307692307 0.018028846153846152 0.056490384615384616
0 0.6225961538461539 0.5685096153846154 0.016826923076923076 0.055288461538461536
0 0.640625 0.5612980769230769 0.014423076923076924 0.056490384615384616
0 0.6598557692307693 0.5564903846153846 0.020432692307692308 0.05048076923076923
0 0.6814903846153846 0.5504807692307693 0.02283653846153846 0.05048076923076923
0 0.5829326923076923 0.6634615384615384 0.018028846153846152 0.057692307692307696
0 0.7091346153846154 0.5348557692307693 0.02283653846153846 0.04927884615384615
0 0.6658653846153846 0.47475961538461536 0.026442307692307692 0.06971153846153846
0 0.6237980769230769 0.4831730769230769 0.020432692307692308 0.078125
0 0.5961538461538461 0.48677884615384615 0.021634615384615384 0.08413461538461539
0 0.5516826923076923 0.5012019230769231 0.028846153846153848 0.08774038461538461
0 0.03125 0.07932692307692307 0.0625 0.15625
0 0.6538461538461539 0.3858173076923077 0.021634615384615384 0.0625
0 0.6165865384615384 0.3918269230769231 0.03125 0.06490384615384616
0 0.5685096153846154 0.3004807692307692 0.02403846153846154 0.07091346153846154
0 0.6959134615384616 0.4651442307692308 0.020432692307692308 0.07572115384615384
0 0.5997596153846154 0.2932692307692308 0.026442307692307692 0.06370192307692307
0 0.6033653846153846 0.6526442307692307 0.018028846153846152 0.06370192307692307
0 0.6382211538461539 0.6394230769230769 0.013221153846153846 0.04927884615384615
0 0.4651442307692308 0.890625 0.04447115384615385 0.04927884615384615
0 0.45552884615384615 0.8389423076923077 0.046875 0.04927884615384615
0 0.5132211538461539 0.8581730769230769 0.042067307692307696 0.054086538461538464
0 0.5564903846153846 0.8233173076923077 0.040865384615384616 0.042067307692307696
0 0.5084134615384616 0.796875 0.04567307692307692 0.04927884615384615
0 0.45913461538461536 0.7788461538461539 0.046875 0.057692307692307696
0 0.5913461538461539 0.7800480769230769 0.028846153846153848 0.0625
0 0.6189903846153846 0.7692307692307693 0.016826923076923076 0.055288461538461536
0 0.6225961538461539 0.6466346153846154 0.01201923076923077 0.05048076923076923
0 0.640625 0.7596153846153846 0.020432692307692308 0.055288461538461536
0 0.7127403846153846 0.7091346153846154 0.03485576923076923 0.030048076923076924
0 0.7463942307692307 0.6887019230769231 0.014423076923076924 0.056490384615384616
0 0.7644230769230769 0.6790865384615384 0.016826923076923076 0.046875
0 0.7908653846153846 0.6634615384615384 0.019230769230769232 0.046875
0 0.7704326923076923 0.5829326923076923 0.019230769230769232 0.04927884615384615
0 0.7475961538461539 0.5913461538461539 0.018028846153846152 0.051682692307692304
0 0.7247596153846154 0.5997596153846154 0.019230769230769232 0.052884615384615384
0 0.6598557692307693 0.6322115384615384 0.018028846153846152 0.052884615384615384
0 0.7151442307692307 0.7391826923076923 0.03125 0.028846153846153848
0 0.6442307692307693 0.296875 0.020432692307692308 0.06129807692307692
0 0.734375 0.3762019230769231 0.039663461538461536 0.057692307692307696
0 0.6850961538461539 0.21394230769230768 0.016826923076923076 0.06490384615384616
0 0.06610576923076923 0.8028846153846154 0.06370192307692307 0.15745192307692307
0 0.013221153846153846 0.8365384615384616 0.026442307692307692 0.11177884615384616
0 0.039663461538461536 0.5817307692307693 0.07932692307692307 0.21153846153846154
0 0.15384615384615385 0.5408653846153846 0.07932692307692307 0.17548076923076922
0 0.234375 0.5288461538461539 0.06850961538461539 0.17307692307692307
0 0.671875 0.2932692307692308 0.026442307692307692 0.0625
0 0.33653846153846156 0.4891826923076923 0.039663461538461536 0.12620192307692307
0 0.484375 0.5384615384615384 0.025240384615384616 0.04326923076923077
0 0.1971153846153846 0.7247596153846154 0.03485576923076923 0.055288461538461536
0 0.5120192307692307 0.5336538461538461 0.02403846153846154 0.04326923076923077
0 0.44711538461538464 0.31009615384615385 0.042067307692307696 0.14903846153846154
0 0.40024038461538464 0.31009615384615385 0.04807692307692308 0.15985576923076922
0 0.3473557692307692 0.3125 0.05048076923076923 0.15745192307692307
0 0.28365384615384615 0.3112980769230769 0.06370192307692307 0.16947115384615385
0 0.19951923076923078 0.3137019230769231 0.05889423076923077 0.18389423076923078
0 0.12139423076923077 0.3173076923076923 0.08413461538461539 0.18870192307692307
0 0.036057692307692304 0.31971153846153844 0.07211538461538461 0.1971153846153846
0 0.19230769230769232 0.08774038461538461 0.0733173076923077 0.17427884615384615
0 0.5084134615384616 0.31490384615384615 0.0673076923076923 0.15264423076923078
0 0.23918269230769232 0.7163461538461539 0.027644230769230768 0.06009615384615385
0 0.2920673076923077 0.49759615384615385 0.037259615384615384 0.13822115384615385
0 0.31490384615384615 0.6923076923076923 0.030048076923076924 0.055288461538461536
0 0.6634615384615384 0.2127403846153846 0.020432692307692308 0.06850961538461539
0 0.2764423076923077 0.703125 0.037259615384615384 0.06610576923076923
0 0.6418269230769231 0.21033653846153846 0.019230769230769232 0.06850961538461539
0 0.6165865384615384 0.20673076923076922 0.020432692307692308 0.06850961538461539
0 0.5913461538461539 0.20673076923076922 0.02283653846153846 0.07091346153846154
0 0.6658653846153846 0.11177884615384616 0.019230769230769232 0.06490384615384616
0 0.6442307692307693 0.10817307692307693 0.014423076923076924 0.07211538461538461
0 0.6177884615384616 0.10216346153846154 0.03125 0.07211538461538461
0 0.5540865384615384 0.18509615384615385 0.03365384615384615 0.04567307692307692
0 0.42908653846153844 0.6418269230769231 0.021634615384615384 0.036057692307692304
0 0.40865384615384615 0.6478365384615384 0.018028846153846152 0.042067307692307696
0 0.3798076923076923 0.6550480769230769 0.027644230769230768 0.04567307692307692
0 0.31850961538461536 0.7451923076923077 0.036057692307692304 0.04326923076923077
0 0.27884615384615385 0.7584134615384616 0.026442307692307692 0.040865384615384616
0 0.24639423076923078 0.7740384615384616 0.027644230769230768 0.04807692307692308
0 0.2091346153846154 0.7848557692307693 0.042067307692307696 0.055288461538461536
0 0.453125 0.6334134615384616 0.019230769230769232 0.038461538461538464