0 0.8461538461538461 0.5841346153846154 0.052884615384615384 0.10336538461538461
0 0.7764423076923077 0.5841346153846154 0.039663461538461536 0.09735576923076923
0 0.7259615384615384 0.5841346153846154 0.04927884615384615 0.0985576923076923
0 0.6706730769230769 0.5841346153846154 0.04927884615384615 0.10096153846153846
0 0.41346153846153844 0.2127403846153846 0.036057692307692304 0.08774038461538461
0 0.8918269230769231 0.8629807692307693 0.06009615384615385 0.11538461538461539
0 0.9711538461538461 0.7127403846153846 0.056490384615384616 0.10817307692307693
0 0.9627403846153846 0.8689903846153846 0.06971153846153846 0.09615384615384616
0 0.4951923076923077 0.2127403846153846 0.03485576923076923 0.08774038461538461
0 0.9086538461538461 0.5829326923076923 0.057692307692307696 0.0985576923076923
0 0.3701923076923077 0.33653846153846156 0.04807692307692308 0.09975961538461539
0 0.14423076923076922 0.3401442307692308 0.046875 0.0985576923076923
0 0.1971153846153846 0.33774038461538464 0.04807692307692308 0.09735576923076923
0 0.2548076923076923 0.33653846153846156 0.046875 0.09495192307692307
0 0.3137019230769231 0.33774038461538464 0.054086538461538464 0.09254807692307693
0 0.421875 0.33774038461538464 0.04447115384615385 0.09975961538461539
0 0.4735576923076923 0.33413461538461536 0.04807692307692308 0.09615384615384616
0 0.5276442307692307 0.33413461538461536 0.04326923076923077 0.09735576923076923
0 0.5096153846153846 0.45913461538461536 0.06370192307692307 0.09735576923076923
0 0.4963942307692308 0.5865384615384616 0.05889423076923077 0.09615384615384616
0 0.6129807692307693 0.5829326923076923 0.05048076923076923 0.0985576923076923
0 0.6923076923076923 0.21153846153846154 0.038461538461538464 0.08774038461538461
0 0.7307692307692307 0.21153846153846154 0.036057692307692304 0.08774038461538461
0 0.8413461538461539 0.8798076923076923 0.027644230769230768 0.07692307692307693
0 0.5348557692307693 0.21153846153846154 0.03365384615384615 0.08653846153846154
0 0.9747596153846154 0.5829326923076923 0.04927884615384615 0.10336538461538461
0 0.7980769230769231 0.8605769230769231 0.04807692307692308 0.11778846153846154
0 0.32211538461538464 0.21634615384615385 0.04567307692307692 0.078125
0 0.7019230769230769 0.8617788461538461 0.056490384615384616 0.11778846153846154
0 0.3629807692307692 0.09134615384615384 0.039663461538461536 0.07692307692307693
0 0.31850961538461536 0.09014423076923077 0.038461538461538464 0.07932692307692307
0 0.26322115384615385 0.09014423076923077 0.039663461538461536 0.07932692307692307
0 0.21394230769230768 0.09014423076923077 0.03485576923076923 0.0829326923076923
0 0.16466346153846154 0.09014423076923077 0.04326923076923077 0.07932692307692307
0 0.11658653846153846 0.09014423076923077 0.039663461538461536 0.08052884615384616
0 0.06850961538461539 0.09014423076923077 0.04567307692307692 0.07932692307692307
0 0.026442307692307692 0.08653846153846154 0.036057692307692304 0.09495192307692307
0 0.11899038461538461 0.875 0.06490384615384616 0.10216346153846154
0 0.7680288461538461 0.2127403846153846 0.03245192307692308 0.08533653846153846
0 0.8064903846153846 0.21033653846153846 0.038461538461538464 0.08653846153846154
0 0.8461538461538461 0.2127403846153846 0.036057692307692304 0.08533653846153846
0 0.8870192307692307 0.21033653846153846 0.037259615384615384 0.08533653846153846
0 0.9290865384615384 0.21153846153846154 0.03365384615384615 0.08653846153846154
0 0.9711538461538461 0.21153846153846154 0.037259615384615384 0.08653846153846154
0 0.5721153846153846 0.33533653846153844 0.038461538461538464 0.10336538461538461
0 0.037259615384615384 0.8725961538461539 0.06610576923076923 0.10817307692307693
0 0.41586538461538464 0.08774038461538461 0.039663461538461536 0.08413461538461539
0 0.4567307692307692 0.08774038461538461 0.036057692307692304 0.0889423076923077
0 0.4963942307692308 0.08533653846153846 0.036057692307692304 0.0889423076923077
0 0.6466346153846154 0.8701923076923077 0.042067307692307696 0.09735576923076923
0 0.5925480769230769 0.8605769230769231 0.054086538461538464 0.11778846153846154
0 0.5216346153846154 0.859375 0.0625 0.11177884615384616
0 0.44711538461538464 0.8641826923076923 0.06009615384615385 0.11538461538461539
0 0.3401442307692308 0.8677884615384616 0.06370192307692307 0.0985576923076923
0 0.2800480769230769 0.8786057692307693 0.037259615384615384 0.08173076923076923
0 0.19230769230769232 0.8557692307692307 0.038461538461538464 0.08173076923076923
0 0.2403846153846154 0.8473557692307693 0.039663461538461536 0.10096153846153846
0 0.36778846153846156 0.21875 0.039663461538461536 0.078125
0 0.9098557692307693 0.7103365384615384 0.055288461538461536 0.10817307692307693
0 0.27283653846153844 0.21514423076923078 0.042067307692307696 0.07692307692307693
0 0.22355769230769232 0.21754807692307693 0.038461538461538464 0.07932692307692307
0 0.18028846153846154 0.21754807692307693 0.04447115384615385 0.08052884615384616
0 0.12379807692307693 0.21514423076923078 0.03365384615384615 0.0829326923076923
0 0.08413461538461539 0.21754807692307693 0.040865384615384616 0.08052884615384616
0 0.038461538461538464 0.21514423076923078 0.036057692307692304 0.08774038461538461
0 0.5372596153846154 0.08653846153846154 0.036057692307692304 0.08774038461538461
0 0.7524038461538461 0.8798076923076923 0.036057692307692304 0.08413461538461539
0 0.8473557692307693 0.7139423076923077 0.04807692307692308 0.10216346153846154
0 0.4543269230769231 0.21394230769230768 0.036057692307692304 0.08774038461538461
0 0.7211538461538461 0.7115384615384616 0.056490384615384616 0.10336538461538461
0 0.7944711538461539 0.46033653846153844 0.038461538461538464 0.09615384615384616
0 0.7475961538461539 0.4579326923076923 0.039663461538461536 0.0985576923076923
0 0.7067307692307693 0.46033653846153844 0.039663461538461536 0.09735576923076923
0 0.5757211538461539 0.21394230769230768 0.030048076923076924 0.08774038461538461
0 0.6141826923076923 0.21514423076923078 0.036057692307692304 0.08533653846153846
0 0.2091346153846154 0.7247596153846154 0.03365384615384615 0.0733173076923077
0 0.15504807692307693 0.71875 0.06610576923076923 0.09375
0 0.09014423076923077 0.7115384615384616 0.03485576923076923 0.07692307692307693
0 0.8425480769230769 0.45913461538461536 0.042067307692307696 0.09375
0 0.042067307692307696 0.7115384615384616 0.052884615384615384 0.07932692307692307
0 0.015625 0.5889423076923077 0.027644230769230768 0.09375
0 0.05048076923076923 0.5877403846153846 0.038461538461538464 0.08052884615384616
0 0.7848557692307693 0.7103365384615384 0.055288461538461536 0.10336538461538461
0 0.10817307692307693 0.46274038461538464 0.04567307692307692 0.09615384615384616
0 0.057692307692307696 0.46274038461538464 0.042067307692307696 0.0985576923076923
0 0.016826923076923076 0.4639423076923077 0.03365384615384615 0.0985576923076923
0 0.027644230769230768 0.33533653846153844 0.04567307692307692 0.1045673076923077
0 0.08653846153846154 0.34134615384615385 0.04326923076923077 0.0985576923076923
0 0.6526442307692307 0.2127403846153846 0.037259615384615384 0.08533653846153846
0 0.8942307692307693 0.4567307692307692 0.04567307692307692 0.09495192307692307
0 0.9423076923076923 0.45913461538461536 0.042067307692307696 0.0985576923076923
0 0.984375 0.4567307692307692 0.026442307692307692 0.10096153846153846
0 0.9423076923076923 0.08774038461538461 0.03245192307692308 0.08533653846153846
0 0.9026442307692307 0.08774038461538461 0.03365384615384615 0.08413461538461539
0 0.8617788461538461 0.08774038461538461 0.036057692307692304 0.08533653846153846
0 0.8233173076923077 0.08653846153846154 0.03485576923076923 0.08533653846153846
0 0.7848557692307693 0.08774038461538461 0.03365384615384615 0.08533653846153846
0 0.7439903846153846 0.0889423076923077 0.037259615384615384 0.08653846153846154
0 0.703125 0.08774038461538461 0.040865384615384616 0.0829326923076923
0 0.6598557692307693 0.08653846153846154 0.03365384615384615 0.08653846153846154
0 0.6177884615384616 0.08774038461538461 0.038461538461538464 0.08653846153846154
0 0.578125 0.08653846153846154 0.03245192307692308 0.0889423076923077
0 0.9807692307692307 0.08533653846153846 0.037259615384615384 0.0889423076923077
0 0.6237980769230769 0.33413461538461536 0.040865384615384616 0.10336538461538461
0 0.6694711538461539 0.3317307692307692 0.037259615384615384 0.10096153846153846
0 0.7175480769230769 0.33413461538461536 0.046875 0.1045673076923077
0 0.7680288461538461 0.3317307692307692 0.040865384615384616 0.10576923076923077
0 0.8185096153846154 0.3329326923076923 0.04447115384615385 0.10336538461538461
0 0.8641826923076923 0.3329326923076923 0.040865384615384616 0.10336538461538461
0 0.9122596153846154 0.3329326923076923 0.046875 0.10576923076923077
0 0.9627403846153846 0.3317307692307692 0.042067307692307696 0.10576923076923077
0 0.3485576923076923 0.5877403846153846 0.07211538461538461 0.10096153846153846
0 0.27283653846153844 0.5889423076923077 0.06490384615384616 0.09975961538461539
0 0.125 0.5889423076923077 0.06610576923076923 0.0985576923076923
0 0.1622596153846154 0.46153846153846156 0.042067307692307696 0.09615384615384616
0 0.6610576923076923 0.7115384615384616 0.054086538461538464 0.09615384615384616
0 0.5144230769230769 0.7127403846153846 0.06370192307692307 0.0985576923076923
0 0.4423076923076923 0.7127403846153846 0.0625 0.0985576923076923
0 0.3737980769230769 0.7151442307692307 0.06490384615384616 0.09134615384615384
0 0.32091346153846156 0.7223557692307693 0.03125 0.0673076923076923
0 0.26802884615384615 0.7199519230769231 0.06129807692307692 0.09375
0 0.5576923076923077 0.5853365384615384 0.05048076923076923 0.0985576923076923
0 0.5697115384615384 0.45913461538461536 0.040865384615384616 0.09735576923076923
0 0.19471153846153846 0.5877403846153846 0.0625 0.09735576923076923
0 0.6141826923076923 0.45913461538461536 0.036057692307692304 0.09495192307692307
0 0.6586538461538461 0.45913461538461536 0.04326923076923077 0.09495192307692307
0 0.5877403846153846 0.7127403846153846 0.06370192307692307 0.09975961538461539
0 0.4411057692307692 0.4579326923076923 0.0625 0.09735576923076923
0 0.43149038461538464 0.5829326923076923 0.06490384615384616 0.10216346153846154
0 0.328125 0.46033653846153844 0.042067307692307696 0.09615384615384616
0 0.27403846153846156 0.46153846153846156 0.04927884615384615 0.0985576923076923
0 0.21634615384615385 0.46153846153846156 0.04927884615384615 0.09254807692307693
0 0.38341346153846156 0.46153846153846156 0.042067307692307696 0.09254807692307693