0 0.7211538461538461 0.6165865384615384 0.09014423076923077 0.057692307692307696
0 0.7223557692307693 0.6754807692307693 0.08653846153846154 0.05889423076923077
0 0.5564903846153846 0.6322115384615384 0.07091346153846154 0.052884615384615384
0 0.484375 0.6177884615384616 0.06129807692307692 0.055288461538461536
0 0.5793269230769231 0.5697115384615384 0.07451923076923077 0.039663461538461536
0 0.8209134615384616 0.6923076923076923 0.10096153846153846 0.0673076923076923
0 0.6370192307692307 0.6490384615384616 0.07451923076923077 0.057692307692307696
0 0.9387019230769231 0.7211538461538461 0.11899038461538461 0.06971153846153846
0 0.40024038461538464 0.48197115384615385 0.06129807692307692 0.040865384615384616
0 0.21995192307692307 0.4170673076923077 0.03485576923076923 0.039663461538461536
0 0.2776442307692308 0.4639423076923077 0.05048076923076923 0.04326923076923077
0 0.2704326923076923 0.4206730769230769 0.056490384615384616 0.038461538461538464
0 0.33533653846153844 0.47115384615384615 0.055288461538461536 0.040865384615384616
0 0.3329326923076923 0.43028846153846156 0.06129807692307692 0.037259615384615384
0 0.36778846153846156 0.5456730769230769 0.07451923076923077 0.04567307692307692
0 0.39663461538461536 0.4375 0.06009615384615385 0.04927884615384615
0 0.46634615384615385 0.4951923076923077 0.06610576923076923 0.04807692307692308
0 0.22115384615384615 0.4579326923076923 0.038461538461538464 0.040865384615384616
0 0.3701923076923077 0.5913461538461539 0.06490384615384616 0.04326923076923077
0 0.31971153846153844 0.6730769230769231 0.06009615384615385 0.07932692307692307
0 0.25240384615384615 0.5649038461538461 0.042067307692307696 0.040865384615384616
0 0.08173076923076923 0.49278846153846156 0.040865384615384616 0.030048076923076924
0 0.21394230769230768 0.5192307692307693 0.06129807692307692 0.040865384615384616
0 0.027644230769230768 0.578125 0.030048076923076924 0.05889423076923077
0 0.109375 0.6057692307692307 0.040865384615384616 0.06850961538461539
0 0.1935096153846154 0.6310096153846154 0.028846153846153848 0.07692307692307693
0 0.15865384615384615 0.6141826923076923 0.038461538461538464 0.06850961538461539
0 0.609375 0.9266826923076923 0.08413461538461539 0.06370192307692307
0 0.5300480769230769 0.9038461538461539 0.07572115384615384 0.07211538461538461
0 0.4543269230769231 0.875 0.0733173076923077 0.06971153846153846
0 0.3485576923076923 0.8209134615384616 0.08052884615384616 0.06129807692307692
0 0.2800480769230769 0.8040865384615384 0.055288461538461536 0.06009615384615385
0 0.203125 0.7560096153846154 0.057692307692307696 0.055288461538461536
0 0.13701923076923078 0.7403846153846154 0.06490384615384616 0.042067307692307696
0 0.2439903846153846 0.6514423076923077 0.06971153846153846 0.06610576923076923
0 0.4699519230769231 0.44471153846153844 0.07692307692307693 0.054086538461538464
0 0.39302884615384615 0.6959134615384616 0.08052884615384616 0.07692307692307693
0 0.4807692307692308 0.7211538461538461 0.08173076923076923 0.07932692307692307
0 0.5889423076923077 0.7560096153846154 0.12620192307692307 0.08653846153846154
0 0.84375 0.8173076923076923 0.12860576923076922 0.11658653846153846
0 0.1814903846153846 0.4110576923076923 0.04567307692307692 0.039663461538461536
0 0.13341346153846154 0.4050480769230769 0.04567307692307692 0.036057692307692304
0 0.30649038461538464 0.5769230769230769 0.04447115384615385 0.04326923076923077
0 0.5348557692307693 0.4987980769230769 0.0625 0.04807692307692308
0 0.0673076923076923 0.34615384615384615 0.042067307692307696 0.03125
0 0.609375 0.46153846153846156 0.08052884615384616 0.051682692307692304
0 0.125 0.25 0.046875 0.039663461538461536
0 0.17908653846153846 0.24879807692307693 0.055288461538461536 0.039663461538461536
0 0.17668269230769232 0.20673076923076922 0.06009615384615385 0.04326923076923077
0 0.23557692307692307 0.24759615384615385 0.04927884615384615 0.037259615384615384
0 0.28846153846153844 0.24639423076923078 0.051682692307692304 0.039663461538461536
0 0.3449519230769231 0.2439903846153846 0.057692307692307696 0.04807692307692308
0 0.40865384615384615 0.24519230769230768 0.06129807692307692 0.04567307692307692
0 0.4795673076923077 0.2439903846153846 0.07451923076923077 0.051682692307692304
0 0.5865384615384616 0.2439903846153846 0.039663461538461536 0.051682692307692304
0 0.6526442307692307 0.24278846153846154 0.09134615384615384 0.057692307692307696
0 0.12620192307692307 0.2091346153846154 0.039663461538461536 0.03485576923076923
0 0.7199519230769231 0.19110576923076922 0.078125 0.03125
0 0.8569711538461539 0.23798076923076922 0.11057692307692307 0.06490384615384616
0 0.7908653846153846 0.07572115384615384 0.09975961538461539 0.055288461538461536
0 0.6899038461538461 0.08653846153846154 0.09735576923076923 0.06129807692307692
0 0.5949519230769231 0.09735576923076923 0.09014423076923077 0.052884615384615384
0 0.44350961538461536 0.11658653846153846 0.07572115384615384 0.04326923076923077
0 0.375 0.1201923076923077 0.05889423076923077 0.052884615384615384
0 0.29927884615384615 0.12620192307692307 0.0625 0.054086538461538464
0 0.24158653846153846 0.13341346153846154 0.04927884615384615 0.040865384615384616
0 0.1935096153846154 0.140625 0.04447115384615385 0.04807692307692308
0 0.14783653846153846 0.14423076923076922 0.04567307692307692 0.040865384615384616
0 0.7487980769230769 0.24278846153846154 0.09375 0.055288461538461536
0 0.625 0.5132211538461539 0.0733173076923077 0.05048076923076923
0 0.08413461538461539 0.2127403846153846 0.038461538461538464 0.042067307692307696
0 0.90625 0.33653846153846156 0.12620192307692307 0.06490384615384616
0 0.6971153846153846 0.5096153846153846 0.04927884615384615 0.08774038461538461
0 0.7704326923076923 0.5384615384615384 0.0889423076923077 0.0625
0 0.7872596153846154 0.47716346153846156 0.10576923076923077 0.06009615384615385
0 0.8774038461538461 0.5492788461538461 0.109375 0.06850961538461539
0 0.026442307692307692 0.30649038461538464 0.046875 0.03485576923076923
0 0.11177884615384616 0.3485576923076923 0.039663461538461536 0.036057692307692304
0 0.15625 0.35216346153846156 0.04326923076923077 0.03365384615384615
0 0.15865384615384615 0.3137019230769231 0.042067307692307696 0.038461538461538464
0 0.20552884615384615 0.3557692307692308 0.04927884615384615 0.038461538461538464
0 0.21033653846153846 0.3137019230769231 0.055288461538461536 0.039663461538461536
0 0.08413461538461539 0.25240384615384615 0.03245192307692308 0.03365384615384615
0 0.26322115384615385 0.3581730769230769 0.06610576923076923 0.04567307692307692
0 0.4170673076923077 0.36899038461538464 0.057692307692307696 0.04927884615384615
0 0.49278846153846156 0.3786057692307692 0.0733173076923077 0.039663461538461536
0 0.6550480769230769 0.3870192307692308 0.0889423076923077 0.054086538461538464
0 0.7560096153846154 0.39302884615384615 0.0985576923076923 0.055288461538461536
0 0.859375 0.40024038461538464 0.1045673076923077 0.06129807692307692
0 0.9555288461538461 0.40384615384615385 0.07451923076923077 0.06490384615384616
0 0.48197115384615385 0.3233173076923077 0.07211538461538461 0.052884615384615384
0 0.5625 0.328125 0.08052884615384616 0.056490384615384616
0 0.6598557692307693 0.3293269230769231 0.09735576923076923 0.057692307692307696
0 0.7704326923076923 0.3329326923076923 0.109375 0.06009615384615385
0 0.35336538461538464 0.3605769230769231 0.0625 0.055288461538461536
0 0.5709134615384616 0.38461538461538464 0.078125 0.054086538461538464
0 0.1045673076923077 0.31009615384615385 0.04927884615384615 0.03365384615384615
0 0.06490384615384616 0.59375 0.037259615384615384 0.06370192307692307