0 0.3762019230769231 0.47836538461538464 0.018028846153846152 0.028846153846153848
0 0.328125 0.4879807692307692 0.0625 0.018028846153846152
0 0.6081730769230769 0.46875 0.02403846153846154 0.051682692307692304
0 0.42788461538461536 0.4807692307692308 0.027644230769230768 0.03365384615384615
0 0.14903846153846154 0.7055288461538461 0.07692307692307693 0.02283653846153846
0 0.14783653846153846 0.6766826923076923 0.07932692307692307 0.028846153846153848
0 0.0625 0.7043269230769231 0.0829326923076923 0.07211538461538461
0 0.9759615384615384 0.5817307692307693 0.046875 0.02403846153846154
0 0.9759615384615384 0.5564903846153846 0.046875 0.020432692307692308
0 0.9759615384615384 0.53125 0.046875 0.02283653846153846
0 0.9795673076923077 0.5036057692307693 0.036057692307692304 0.026442307692307692
0 0.9807692307692307 0.47836538461538464 0.03365384615384615 0.02403846153846154
0 0.39783653846153844 0.47836538461538464 0.026442307692307692 0.026442307692307692
0 0.9783653846153846 0.4519230769230769 0.038461538461538464 0.028846153846153848
0 0.9855769230769231 0.3954326923076923 0.027644230769230768 0.025240384615384616
0 0.8449519230769231 0.5853365384615384 0.03245192307692308 0.052884615384615384
0 0.8774038461538461 0.5817307692307693 0.03365384615384615 0.06009615384615385
0 0.9242788461538461 0.5612980769230769 0.05048076923076923 0.019230769230769232
0 0.9230769230769231 0.5841346153846154 0.04326923076923077 0.019230769230769232
0 0.953125 0.6033653846153846 0.09014423076923077 0.014423076923076924
0 0.9579326923076923 0.6213942307692307 0.0829326923076923 0.018028846153846152
0 0.5432692307692307 0.47716346153846156 0.09615384615384616 0.03365384615384615
0 0.9831730769230769 0.4254807692307692 0.03245192307692308 0.025240384615384616
0 0.3449519230769231 0.46033653846153844 0.027644230769230768 0.030048076923076924
0 0.5072115384615384 0.6454326923076923 0.054086538461538464 0.03485576923076923
0 0.234375 0.47596153846153844 0.04567307692307692 0.027644230769230768
0 0.2608173076923077 0.7752403846153846 0.04807692307692308 0.054086538461538464
0 0.20673076923076922 0.7788461538461539 0.054086538461538464 0.057692307692307696
0 0.1466346153846154 0.7704326923076923 0.04927884615384615 0.056490384615384616
0 0.030048076923076924 0.8365384615384616 0.056490384615384616 0.07211538461538461
0 0.9375 0.8473557692307693 0.1201923076923077 0.021634615384615384
0 0.9350961538461539 0.8305288461538461 0.12860576923076922 0.013221153846153846
0 0.4495192307692308 0.6911057692307693 0.06129807692307692 0.05889423076923077
0 0.24879807692307693 0.671875 0.0733173076923077 0.09254807692307693
0 0.5096153846153846 0.6802884615384616 0.054086538461538464 0.03125
0 0.5649038461538461 0.6466346153846154 0.054086538461538464 0.038461538461538464
0 0.5685096153846154 0.6887019230769231 0.055288461538461536 0.042067307692307696
0 0.6358173076923077 0.6586538461538461 0.07091346153846154 0.03365384615384615
0 0.3125 0.7716346153846154 0.052884615384615384 0.051682692307692304
0 0.6346153846153846 0.6947115384615384 0.06971153846153846 0.03365384615384615
0 0.7127403846153846 0.7019230769230769 0.07211538461538461 0.036057692307692304
0 0.7632211538461539 0.6418269230769231 0.030048076923076924 0.03125
0 0.8112980769230769 0.6442307692307693 0.0673076923076923 0.026442307692307692
0 0.7908653846153846 0.6766826923076923 0.06490384615384616 0.026442307692307692
0 0.8641826923076923 0.6742788461538461 0.07091346153846154 0.027644230769230768
0 0.7980769230769231 0.7079326923076923 0.08052884615384616 0.03125
0 0.8737980769230769 0.7079326923076923 0.06971153846153846 0.03125
0 0.953125 0.7151442307692307 0.09134615384615384 0.014423076923076924
0 0.9543269230769231 0.7295673076923077 0.0889423076923077 0.01201923076923077
0 0.9387019230769231 0.7487980769230769 0.11778846153846154 0.016826923076923076
0 0.9411057692307693 0.7632211538461539 0.1141826923076923 0.016826923076923076
0 0.9411057692307693 0.7860576923076923 0.11298076923076923 0.02403846153846154
0 0.7103365384615384 0.6610576923076923 0.07572115384615384 0.03485576923076923
0 0.14903846153846154 0.8329326923076923 0.055288461538461536 0.056490384615384616
0 0.20192307692307693 0.8341346153846154 0.04927884615384615 0.04927884615384615
0 0.2620192307692308 0.8269230769230769 0.04567307692307692 0.04807692307692308
0 0.23677884615384615 0.44711538461538464 0.051682692307692304 0.028846153846153848
0 0.18269230769230768 0.4795673076923077 0.04567307692307692 0.027644230769230768
0 0.18629807692307693 0.45072115384615385 0.046875 0.026442307692307692
0 0.13581730769230768 0.4735576923076923 0.040865384615384616 0.038461538461538464
0 0.06009615384615385 0.5168269230769231 0.046875 0.0625
0 0.018028846153846152 0.5204326923076923 0.03245192307692308 0.06850961538461539
0 0.9411057692307693 0.38461538461538464 0.057692307692307696 0.036057692307692304
0 0.9567307692307693 0.34975961538461536 0.08533653846153846 0.03125
0 0.8557692307692307 0.38341346153846156 0.037259615384615384 0.046875
0 0.7992788461538461 0.39783653846153844 0.07451923076923077 0.019230769230769232
0 0.7956730769230769 0.38221153846153844 0.07211538461538461 0.009615384615384616
0 0.7307692307692307 0.38341346153846156 0.04927884615384615 0.04807692307692308
0 0.6694711538461539 0.37740384615384615 0.07211538461538461 0.06009615384615385
0 0.5925480769230769 0.3870192307692308 0.02403846153846154 0.05048076923076923
0 0.5036057692307693 0.3942307692307692 0.07572115384615384 0.03485576923076923
0 0.39903846153846156 0.38461538461538464 0.04326923076923077 0.051682692307692304
0 0.3629807692307692 0.38341346153846156 0.030048076923076924 0.04927884615384615
0 0.33533653846153844 0.3918269230769231 0.028846153846153848 0.03245192307692308
0 0.28846153846153844 0.38822115384615385 0.055288461538461536 0.04447115384615385
0 0.23798076923076922 0.3870192307692308 0.04927884615384615 0.04567307692307692
0 0.18990384615384615 0.3605769230769231 0.03485576923076923 0.014423076923076924
0 0.7872596153846154 0.8040865384615384 0.14423076923076922 0.11899038461538461
0 0.6358173076923077 0.8040865384615384 0.1346153846153846 0.11658653846153846
0 0.5889423076923077 0.28365384615384615 0.06850961538461539 0.07692307692307693
0 0.5144230769230769 0.7980769230769231 0.09014423076923077 0.11538461538461539
0 0.4182692307692308 0.7932692307692307 0.09375 0.11177884615384616
0 0.3137019230769231 0.8245192307692307 0.046875 0.05048076923076923
0 0.3125 0.46153846153846156 0.036057692307692304 0.027644230769230768
0 0.3293269230769231 0.6538461538461539 0.06610576923076923 0.014423076923076924
0 0.6502403846153846 0.28725961538461536 0.04927884615384615 0.06850961538461539
0 0.3858173076923077 0.6911057692307693 0.06370192307692307 0.06009615384615385
0 0.9627403846153846 0.2608173076923077 0.0733173076923077 0.05889423076923077
0 0.051682692307692304 0.3870192307692308 0.06490384615384616 0.018028846153846152
0 0.056490384615384616 0.4050480769230769 0.06129807692307692 0.015625
0 0.051682692307692304 0.4230769230769231 0.056490384615384616 0.020432692307692308
0 0.11658653846153846 0.3737980769230769 0.04927884615384615 0.0673076923076923
0 0.16346153846153846 0.38822115384615385 0.027644230769230768 0.037259615384615384
0 0.19471153846153846 0.38822115384615385 0.03365384615384615 0.037259615384615384
0 0.9591346153846154 0.21754807692307693 0.07692307692307693 0.021634615384615384
0 0.6346153846153846 0.5625 0.02403846153846154 0.018028846153846152
0 0.6322115384615384 0.5901442307692307 0.016826923076923076 0.036057692307692304
0 0.6574519230769231 0.5913461538461539 0.021634615384615384 0.037259615384615384
0 0.7043269230769231 0.5889423076923077 0.055288461538461536 0.042067307692307696
0 0.7572115384615384 0.5673076923076923 0.040865384615384616 0.08052884615384616
0 0.8016826923076923 0.5697115384615384 0.04567307692307692 0.08533653846153846
0 0.31971153846153844 0.6923076923076923 0.06370192307692307 0.06009615384615385
0 0.021634615384615384 0.28365384615384615 0.03365384615384615 0.0673076923076923
0 0.6610576923076923 0.5625 0.020432692307692308 0.015625
0 0.057692307692307696 0.2800480769230769 0.038461538461538464 0.06850961538461539
0 0.8725961538461539 0.2860576923076923 0.08774038461538461 0.07572115384615384
0 0.5733173076923077 0.5985576923076923 0.08653846153846154 0.018028846153846152
0 0.6346153846153846 0.46875 0.030048076923076924 0.052884615384615384
0 0.6682692307692307 0.4699519230769231 0.03485576923076923 0.016826923076923076
0 0.7043269230769231 0.4699519230769231 0.038461538461538464 0.015625
0 0.6682692307692307 0.48677884615384615 0.038461538461538464 0.015625
0 0.7079326923076923 0.4879807692307692 0.039663461538461536 0.013221153846153846
0 0.7512019230769231 0.4639423076923077 0.042067307692307696 0.05889423076923077
0 0.7992788461538461 0.4651442307692308 0.051682692307692304 0.0625
0 0.7716346153846154 0.2776442307692308 0.10336538461538461 0.08413461538461539
0 0.859375 0.4423076923076923 0.0673076923076923 0.021634615384615384
0 0.06610576923076923 0.6081730769230769 0.04326923076923077 0.078125
0 0.12860576923076922 0.5709134615384616 0.0625 0.07451923076923077
0 0.1971153846153846 0.5697115384615384 0.07451923076923077 0.07451923076923077
0 0.2848557692307692 0.578125 0.09495192307692307 0.0625
0 0.3762019230769231 0.5745192307692307 0.08173076923076923 0.06610576923076923
0 0.4723557692307692 0.578125 0.10336538461538461 0.0625
0 0.5757211538461539 0.5829326923076923 0.09254807692307693 0.014423076923076924
0 0.8605769230769231 0.47475961538461536 0.05889423076923077 0.042067307692307696
0 0.11658653846153846 0.27884615384615385 0.06129807692307692 0.08052884615384616
0 0.9375 0.8173076923076923 0.12379807692307693 0.01201923076923077
0 0.3076923076923077 0.28125 0.06009615384615385 0.07572115384615384
0 0.6971153846153846 0.2848557692307692 0.04447115384615385 0.06490384615384616
0 0.9375 0.8040865384615384 0.1201923076923077 0.016826923076923076
0 0.4639423076923077 0.28846153846153844 0.04447115384615385 0.06610576923076923
0 0.5204326923076923 0.2800480769230769 0.0625 0.078125
0 0.41466346153846156 0.2824519230769231 0.04326923076923077 0.07692307692307693
0 0.38100961538461536 0.2824519230769231 0.02283653846153846 0.07692307692307693
0 0.18990384615384615 0.28846153846153844 0.06370192307692307 0.06850961538461539