0 0.30288461538461536 0.3942307692307692 0.14903846153846154 0.036057692307692304
0 0.1466346153846154 0.3798076923076923 0.15144230769230768 0.0625
0 0.8473557692307693 0.5180288461538461 0.0985576923076923 0.046875
0 0.9375 0.4699519230769231 0.078125 0.04567307692307692
0 0.8485576923076923 0.46875 0.10336538461538461 0.04567307692307692
0 0.5961538461538461 0.24879807692307693 0.11298076923076923 0.08533653846153846
0 0.9110576923076923 0.25240384615384615 0.13581730769230768 0.07932692307692307
0 0.7584134615384616 0.2548076923076923 0.12740384615384615 0.07932692307692307
0 0.4651442307692308 0.25721153846153844 0.09254807692307693 0.06129807692307692
0 0.6514423076923077 0.390625 0.18870192307692307 0.04807692307692308
0 0.7463942307692307 0.5168269230769231 0.09615384615384616 0.039663461538461536
0 0.8701923076923077 0.3786057692307692 0.18028846153846154 0.05889423076923077
0 0.5336538461538461 0.46153846153846156 0.11658653846153846 0.019230769230769232
0 0.0889423076923077 0.49759615384615385 0.037259615384615384 0.05048076923076923
0 0.12980769230769232 0.49759615384615385 0.040865384615384616 0.05048076923076923
0 0.16346153846153846 0.4963942307692308 0.027644230769230768 0.052884615384615384
0 0.19471153846153846 0.49759615384615385 0.036057692307692304 0.055288461538461536
0 0.27283653846153844 0.5192307692307693 0.1141826923076923 0.020432692307692308
0 0.3858173076923077 0.5204326923076923 0.11298076923076923 0.019230769230769232
0 0.4182692307692308 0.4879807692307692 0.11057692307692307 0.016826923076923076
0 0.2956730769230769 0.49399038461538464 0.1045673076923077 0.019230769230769232
0 0.3605769230769231 0.46634615384615385 0.0889423076923077 0.018028846153846152
0 0.5420673076923077 0.4831730769230769 0.10576923076923077 0.016826923076923076
0 0.6394230769230769 0.4831730769230769 0.07692307692307693 0.020432692307692308
0 0.5108173076923077 0.5180288461538461 0.11298076923076923 0.020432692307692308
0 0.05048076923076923 0.4963942307692308 0.040865384615384616 0.05048076923076923
0 0.35096153846153844 0.25240384615384615 0.07572115384615384 0.0673076923076923
0 0.13822115384615385 0.5805288461538461 0.037259615384615384 0.06009615384615385
0 0.0673076923076923 0.5745192307692307 0.037259615384615384 0.06850961538461539
0 0.15144230769230768 0.7379807692307693 0.025240384615384616 0.04567307692307692
0 0.12259615384615384 0.7379807692307693 0.03245192307692308 0.046875
0 0.09375 0.7367788461538461 0.028846153846153848 0.04927884615384615
0 0.8689903846153846 0.6598557692307693 0.14903846153846154 0.019230769230769232
0 0.8762019230769231 0.6802884615384616 0.16706730769230768 0.019230769230769232
0 0.8569711538461539 0.7043269230769231 0.171875 0.026442307692307692
0 0.75 0.6814903846153846 0.026442307692307692 0.04807692307692308
0 0.7223557692307693 0.6875 0.027644230769230768 0.04326923076923077
0 0.6875 0.6850961538461539 0.028846153846153848 0.04807692307692308
0 0.9447115384615384 0.5192307692307693 0.09615384615384616 0.04567307692307692
0 0.6334134615384616 0.6826923076923077 0.02403846153846154 0.04807692307692308
0 0.6081730769230769 0.6826923076923077 0.027644230769230768 0.04447115384615385
0 0.5793269230769231 0.6826923076923077 0.03125 0.04326923076923077
0 0.5480769230769231 0.6826923076923077 0.03245192307692308 0.04447115384615385
0 0.40625 0.6790865384615384 0.03485576923076923 0.010817307692307692
0 0.1875 0.7391826923076923 0.025240384615384616 0.04927884615384615
0 0.265625 0.6694711538461539 0.03125 0.010817307692307692
0 0.2127403846153846 0.7391826923076923 0.02403846153846154 0.04807692307692308
0 0.3004807692307692 0.7560096153846154 0.03365384615384615 0.04447115384615385
0 0.9242788461538461 0.7884615384615384 0.051682692307692304 0.040865384615384616
0 0.8677884615384616 0.7836538461538461 0.04447115384615385 0.046875
0 0.828125 0.78125 0.03365384615384615 0.052884615384615384
0 0.7740384615384616 0.7788461538461539 0.039663461538461536 0.04927884615384615
0 0.7355769230769231 0.7788461538461539 0.036057692307692304 0.05048076923076923
0 0.6899038461538461 0.7764423076923077 0.03365384615384615 0.042067307692307696
0 0.65625 0.7740384615384616 0.03125 0.046875
0 0.6081730769230769 0.7716346153846154 0.030048076923076924 0.040865384615384616
0 0.5757211538461539 0.7692307692307693 0.036057692307692304 0.037259615384615384
0 0.5420673076923077 0.7668269230769231 0.030048076923076924 0.042067307692307696
0 0.48677884615384615 0.7668269230769231 0.025240384615384616 0.04326923076923077
0 0.4543269230769231 0.7644230769230769 0.037259615384615384 0.038461538461538464
0 0.41947115384615385 0.7620192307692307 0.03125 0.04326923076923077
0 0.36778846153846156 0.7608173076923077 0.025240384615384616 0.040865384615384616
0 0.33653846153846156 0.7596153846153846 0.036057692307692304 0.039663461538461536
0 0.23918269230769232 0.7415865384615384 0.026442307692307692 0.051682692307692304
0 0.3293269230769231 0.6454326923076923 0.039663461538461536 0.01201923076923077
0 0.6586538461538461 0.6826923076923077 0.026442307692307692 0.04807692307692308
0 0.43028846153846156 0.6634615384615384 0.040865384615384616 0.014423076923076924
0 0.1141826923076923 0.6706730769230769 0.04927884615384615 0.040865384615384616
0 0.06370192307692307 0.6682692307692307 0.05048076923076923 0.042067307692307696
0 0.9194711538461539 0.5997596153846154 0.04567307692307692 0.052884615384615384
0 0.8774038461538461 0.5973557692307693 0.038461538461538464 0.054086538461538464
0 0.8377403846153846 0.5961538461538461 0.039663461538461536 0.051682692307692304
0 0.7980769230769231 0.5961538461538461 0.042067307692307696 0.05048076923076923
0 0.7475961538461539 0.6081730769230769 0.056490384615384616 0.036057692307692304
0 0.609375 0.5925480769230769 0.037259615384615384 0.04567307692307692
0 0.6754807692307693 0.5913461538461539 0.07572115384615384 0.07091346153846154
0 0.5540865384615384 0.5877403846153846 0.06129807692307692 0.052884615384615384
0 0.1658653846153846 0.6706730769230769 0.055288461538461536 0.042067307692307696
0 0.4891826923076923 0.5913461538461539 0.03365384615384615 0.04567307692307692
0 0.45552884615384615 0.5913461538461539 0.030048076923076924 0.04447115384615385
0 0.41947115384615385 0.5901442307692307 0.039663461538461536 0.038461538461538464
0 0.36658653846153844 0.5853365384615384 0.03365384615384615 0.057692307692307696
0 0.33774038461538464 0.5829326923076923 0.02283653846153846 0.06129807692307692
0 0.3137019230769231 0.5817307692307693 0.025240384615384616 0.06009615384615385
0 0.28846153846153844 0.5805288461538461 0.025240384615384616 0.06370192307692307
0 0.2536057692307692 0.5817307692307693 0.038461538461538464 0.06490384615384616
0 0.21394230769230768 0.5793269230769231 0.04326923076923077 0.06850961538461539
0 0.17548076923076922 0.578125 0.03365384615384615 0.06490384615384616
0 0.1045673076923077 0.5793269230769231 0.03245192307692308 0.05889423076923077
0 0.7211538461538461 0.46033653846153844 0.078125 0.042067307692307696
0 0.3641826923076923 0.6875 0.040865384615384616 0.01201923076923077
0 0.6322115384615384 0.5240384615384616 0.11899038461538461 0.021634615384615384
0 0.43028846153846156 0.6442307692307693 0.037259615384615384 0.013221153846153846
0 0.5036057692307693 0.6971153846153846 0.04807692307692308 0.010817307692307692
0 0.45913461538461536 0.6935096153846154 0.037259615384615384 0.010817307692307692
0 0.4170673076923077 0.6923076923076923 0.04807692307692308 0.014423076923076924
0 0.5012019230769231 0.6814903846153846 0.04567307692307692 0.015625
0 0.4483173076923077 0.6790865384615384 0.04567307692307692 0.014423076923076924
0 0.47716346153846156 0.6550480769230769 0.036057692307692304 0.028846153846153848
0 0.36658653846153844 0.6694711538461539 0.037259615384615384 0.016826923076923076
0 0.29927884615384615 0.6778846153846154 0.03365384615384615 0.015625
0 0.26322115384615385 0.6850961538461539 0.030048076923076924 0.015625
0 0.27524038461538464 0.6502403846153846 0.04567307692307692 0.026442307692307692
0 0.22115384615384615 0.6706730769230769 0.04447115384615385 0.042067307692307696