0 0.8930288461538461 0.49399038461538464 0.051682692307692304 0.025240384615384616
0 0.8557692307692307 0.7992788461538461 0.039663461538461536 0.08173076923076923
0 0.5576923076923077 0.3076923076923077 0.04567307692307692 0.027644230769230768
0 0.5168269230769231 0.2932692307692308 0.03125 0.057692307692307696
0 0.4795673076923077 0.2980769230769231 0.038461538461538464 0.04567307692307692
0 0.40384615384615385 0.21394230769230768 0.1045673076923077 0.0733173076923077
0 0.4026442307692308 0.28725961538461536 0.09375 0.06850961538461539
0 0.33533653846153844 0.29086538461538464 0.037259615384615384 0.057692307692307696
0 0.3016826923076923 0.28125 0.026442307692307692 0.040865384615384616
0 0.26322115384615385 0.2692307692307692 0.027644230769230768 0.07091346153846154
0 0.18629807692307693 0.2692307692307692 0.12259615384615384 0.07932692307692307
0 0.0625 0.2620192307692308 0.11658653846153846 0.08173076923076923
0 0.8990384615384616 0.0673076923076923 0.09254807692307693 0.05048076923076923
0 0.8004807692307693 0.06009615384615385 0.10096153846153846 0.06129807692307692
0 0.6947115384615384 0.051682692307692304 0.09735576923076923 0.09134615384615384
0 0.6153846153846154 0.06850961538461539 0.06129807692307692 0.057692307692307696
0 0.53125 0.04927884615384615 0.0985576923076923 0.09495192307692307
0 0.5576923076923077 0.2800480769230769 0.04927884615384615 0.025240384615384616
0 0.5588942307692307 0.26322115384615385 0.051682692307692304 0.008413461538461538
0 0.6069711538461539 0.30649038461538464 0.04447115384615385 0.02283653846153846
0 0.6057692307692307 0.28846153846153844 0.04567307692307692 0.013221153846153846
0 0.28966346153846156 0.38100961538461536 0.04567307692307692 0.04927884615384615
0 0.24879807692307693 0.38221153846153844 0.039663461538461536 0.046875
0 0.203125 0.39302884615384615 0.046875 0.03245192307692308
0 0.15264423076923078 0.39302884615384615 0.042067307692307696 0.03245192307692308
0 0.15504807692307693 0.3605769230769231 0.052884615384615384 0.03125
0 0.0829326923076923 0.3798076923076923 0.040865384615384616 0.05889423076923077
0 0.9507211538461539 0.3004807692307692 0.056490384615384616 0.03245192307692308
0 0.4170673076923077 0.05889423076923077 0.12259615384615384 0.07932692307692307
0 0.8846153846153846 0.3016826923076923 0.06490384615384616 0.03245192307692308
0 0.7704326923076923 0.30288461538461536 0.04447115384615385 0.030048076923076924
0 0.8257211538461539 0.2704326923076923 0.057692307692307696 0.03125
0 0.7716346153846154 0.2692307692307692 0.04326923076923077 0.036057692307692304
0 0.671875 0.3137019230769231 0.051682692307692304 0.014423076923076924
0 0.6802884615384616 0.2764423076923077 0.03365384615384615 0.03365384615384615
0 0.6466346153846154 0.28365384615384615 0.028846153846153848 0.04326923076923077
0 0.6045673076923077 0.27403846153846156 0.036057692307692304 0.008413461538461538
0 0.8233173076923077 0.3016826923076923 0.06009615384615385 0.03245192307692308
0 0.23197115384615385 0.3485576923076923 0.037259615384615384 0.020432692307692308
0 0.3233173076923077 0.055288461538461536 0.055288461538461536 0.08774038461538461
0 0.1814903846153846 0.057692307692307696 0.078125 0.09014423076923077
0 0.13581730769230768 0.8197115384615384 0.036057692307692304 0.021634615384615384
0 0.13221153846153846 0.7980769230769231 0.03485576923076923 0.016826923076923076
0 0.125 0.7776442307692307 0.040865384615384616 0.025240384615384616
0 0.13701923076923078 0.7403846153846154 0.036057692307692304 0.025240384615384616
0 0.08173076923076923 0.8269230769230769 0.056490384615384616 0.02403846153846154
0 0.08052884615384616 0.8004807692307693 0.038461538461538464 0.030048076923076924
0 0.296875 0.6550480769230769 0.04326923076923077 0.05889423076923077
0 0.24639423076923078 0.6622596153846154 0.037259615384615384 0.04807692307692308
0 0.20552884615384615 0.6550480769230769 0.042067307692307696 0.055288461538461536
0 0.16706730769230768 0.6598557692307693 0.03245192307692308 0.04807692307692308
0 0.12740384615384615 0.6574519230769231 0.04326923076923077 0.057692307692307696
0 0.02403846153846154 0.8221153846153846 0.04447115384615385 0.028846153846153848
0 0.08413461538461539 0.6526442307692307 0.040865384615384616 0.04927884615384615
0 0.016826923076923076 0.6706730769230769 0.026442307692307692 0.0673076923076923
0 0.028846153846153848 0.7524038461538461 0.054086538461538464 0.03365384615384615
0 0.19230769230769232 0.7824519230769231 0.0733173076923077 0.04326923076923077
0 0.18870192307692307 0.8209134615384616 0.0673076923076923 0.030048076923076924
0 0.27163461538461536 0.8112980769230769 0.0733173076923077 0.03365384615384615
0 0.30288461538461536 0.765625 0.07211538461538461 0.020432692307692308
0 0.9711538461538461 0.057692307692307696 0.052884615384615384 0.07692307692307693
0 0.042067307692307696 0.0673076923076923 0.07932692307692307 0.0625
0 0.9771634615384616 0.8052884615384616 0.038461538461538464 0.07211538461538461
0 0.9362980769230769 0.8064903846153846 0.04326923076923077 0.07572115384615384
0 0.8954326923076923 0.8016826923076923 0.03485576923076923 0.07932692307692307
0 0.06610576923076923 0.7283653846153846 0.055288461538461536 0.016826923076923076
0 0.8137019230769231 0.8052884615384616 0.028846153846153848 0.06490384615384616
0 0.265625 0.06370192307692307 0.04447115384615385 0.07211538461538461
0 0.7848557692307693 0.8076923076923077 0.025240384615384616 0.06370192307692307
0 0.7079326923076923 0.8028846153846154 0.046875 0.06850961538461539
0 0.6670673076923077 0.8052884615384616 0.030048076923076924 0.06850961538461539
0 0.6286057692307693 0.8028846153846154 0.042067307692307696 0.0733173076923077
0 0.5288461538461539 0.8209134615384616 0.09014423076923077 0.037259615384615384
0 0.4338942307692308 0.8233173076923077 0.07091346153846154 0.030048076923076924
0 0.4326923076923077 0.7884615384615384 0.08413461538461539 0.036057692307692304
0 0.35336538461538464 0.8028846153846154 0.07091346153846154 0.042067307692307696
0 0.7512019230769231 0.8064903846153846 0.037259615384615384 0.07572115384615384
0 0.2824519230769231 0.34615384615384615 0.04807692307692308 0.014423076923076924
0 0.026442307692307692 0.7896634615384616 0.04807692307692308 0.028846153846153848
0 0.4050480769230769 0.38461538461538464 0.08173076923076923 0.06850961538461539
0 0.38461538461538464 0.5769230769230769 0.027644230769230768 0.06850961538461539
0 0.35336538461538464 0.5745192307692307 0.030048076923076924 0.07451923076923077
0 0.3016826923076923 0.5733173076923077 0.037259615384615384 0.04927884615384615
0 0.25600961538461536 0.5661057692307693 0.040865384615384616 0.05889423076923077
0 0.21033653846153846 0.5637019230769231 0.040865384615384616 0.0625
0 0.16466346153846154 0.5673076923076923 0.04447115384615385 0.06850961538461539
0 0.34134615384615385 0.390625 0.030048076923076924 0.0625
0 0.6959134615384616 0.6538461538461539 0.040865384615384616 0.018028846153846152
0 0.703125 0.6358173076923077 0.04807692307692308 0.016826923076923076
0 0.6478365384615384 0.6730769230769231 0.04326923076923077 0.04927884615384615
0 0.5901442307692307 0.6754807692307693 0.051682692307692304 0.06009615384615385
0 0.5360576923076923 0.671875 0.05048076923076923 0.05889423076923077
0 0.48197115384615385 0.6682692307692307 0.04326923076923077 0.056490384615384616
0 0.4230769230769231 0.6694711538461539 0.039663461538461536 0.054086538461538464
0 0.37740384615384615 0.671875 0.04326923076923077 0.055288461538461536
0 0.41947115384615385 0.5817307692307693 0.036057692307692304 0.06490384615384616
0 0.12259615384615384 0.5673076923076923 0.039663461538461536 0.06610576923076923
0 0.4519230769230769 0.5865384615384616 0.030048076923076924 0.052884615384615384
0 0.5132211538461539 0.5865384615384616 0.030048076923076924 0.052884615384615384
0 0.7620192307692307 0.6850961538461539 0.056490384615384616 0.018028846153846152
0 0.7740384615384616 0.6634615384615384 0.06009615384615385 0.026442307692307692
0 0.8725961538461539 0.6658653846153846 0.052884615384615384 0.02283653846153846
0 0.8713942307692307 0.6899038461538461 0.055288461538461536 0.02403846153846154
0 0.9879807692307693 0.6706730769230769 0.02283653846153846 0.07091346153846154
0 0.9555288461538461 0.6694711538461539 0.03125 0.07211538461538461
0 0.9603365384615384 0.5889423076923077 0.054086538461538464 0.05889423076923077
0 0.8401442307692307 0.6021634615384616 0.046875 0.026442307692307692
0 0.8894230769230769 0.6009615384615384 0.04927884615384615 0.027644230769230768
0 0.8930288461538461 0.5709134615384616 0.051682692307692304 0.03125
0 0.84375 0.5709134615384616 0.04927884615384615 0.03125
0 0.6959134615384616 0.5649038461538461 0.04567307692307692 0.02283653846153846
0 0.703125 0.5913461538461539 0.054086538461538464 0.026442307692307692
0 0.5889423076923077 0.5913461538461539 0.030048076923076924 0.039663461538461536
0 0.5504807692307693 0.5913461538461539 0.039663461538461536 0.039663461538461536
0 0.4831730769230769 0.5841346153846154 0.026442307692307692 0.054086538461538464
0 0.07451923076923077 0.5673076923076923 0.055288461538461536 0.06490384615384616
0 0.6995192307692307 0.6814903846153846 0.051682692307692304 0.02283653846153846
0 0.9675480769230769 0.48677884615384615 0.06370192307692307 0.04567307692307692
0 0.6105769230769231 0.41225961538461536 0.04447115384615385 0.02283653846153846
0 0.6899038461538461 0.3858173076923077 0.042067307692307696 0.046875
0 0.7463942307692307 0.375 0.037259615384615384 0.06490384615384616
0 0.8028846153846154 0.390625 0.056490384615384616 0.03365384615384615
0 0.8629807692307693 0.35216346153846156 0.04567307692307692 0.040865384615384616
0 0.8858173076923077 0.3918269230769231 0.04447115384615385 0.03125
0 0.9723557692307693 0.390625 0.05048076923076923 0.040865384615384616
0 0.04927884615384615 0.47475961538461536 0.04447115384615385 0.06850961538461539
0 0.5637019230769231 0.41346153846153844 0.040865384615384616 0.021634615384615384
0 0.08774038461538461 0.4723557692307692 0.021634615384615384 0.06370192307692307
0 0.18028846153846154 0.4723557692307692 0.054086538461538464 0.06971153846153846
0 0.24759615384615385 0.47115384615384615 0.056490384615384616 0.06850961538461539
0 0.3004807692307692 0.4723557692307692 0.036057692307692304 0.06971153846153846
0 0.35216346153846156 0.484375 0.04447115384615385 0.07572115384615384
0 0.3918269230769231 0.4831730769230769 0.03245192307692308 0.0733173076923077
0 0.96875 0.45552884615384615 0.06129807692307692 0.018028846153846152
0 0.5240384615384616 0.4963942307692308 0.025240384615384616 0.04567307692307692
0 0.42908653846153844 0.4879807692307692 0.030048076923076924 0.0673076923076923
0 0.1201923076923077 0.47596153846153844 0.026442307692307692 0.056490384615384616
0 0.46634615384615385 0.5084134615384616 0.040865384615384616 0.025240384615384616
0 0.5661057692307693 0.3894230769230769 0.039663461538461536 0.025240384615384616
0 0.6165865384615384 0.3641826923076923 0.042067307692307696 0.02403846153846154
0 0.3401442307692308 0.6622596153846154 0.027644230769230768 0.06370192307692307
0 0.8942307692307693 0.4639423076923077 0.054086538461538464 0.03125
0 0.8377403846153846 0.45552884615384615 0.04326923076923077 0.030048076923076924
0 0.8149038461538461 0.4855769230769231 0.057692307692307696 0.025240384615384616
0 0.7391826923076923 0.49399038461538464 0.04927884615384615 0.03125
0 0.6850961538461539 0.49278846153846156 0.054086538461538464 0.027644230769230768
0 0.6850961538461539 0.46153846153846156 0.052884615384615384 0.03365384615384615
0 0.6045673076923077 0.5 0.04567307692307692 0.04326923076923077
0 0.6141826923076923 0.38822115384615385 0.046875 0.02403846153846154
0 0.5673076923076923 0.4963942307692308 0.030048076923076924 0.04807692307692308
0 0.4675480769230769 0.39783653846153844 0.03125 0.051682692307692304
0 0.5 0.39903846153846156 0.016826923076923076 0.04807692307692308
0 0.5300480769230769 0.39783653846153844 0.02403846153846154 0.05048076923076923
0 0.5661057692307693 0.3629807692307692 0.04927884615384615 0.025240384615384616