0 0.8365384615384616 0.4206730769230769 0.10216346153846154 0.038461538461538464
0 0.9411057692307693 0.46153846153846156 0.09615384615384616 0.038461538461538464
0 0.8341346153846154 0.4639423076923077 0.09375 0.037259615384615384
0 0.7331730769230769 0.4651442307692308 0.0829326923076923 0.036057692307692304
0 0.9134615384615384 0.5721153846153846 0.08173076923076923 0.046875
0 0.6057692307692307 0.6021634615384616 0.08774038461538461 0.036057692307692304
0 0.7151442307692307 0.5817307692307693 0.06850961538461539 0.055288461538461536
0 0.7307692307692307 0.4230769230769231 0.09134615384615384 0.036057692307692304
0 0.8100961538461539 0.5721153846153846 0.09134615384615384 0.055288461538461536
0 0.5120192307692307 0.6081730769230769 0.08774038461538461 0.036057692307692304
0 0.9411057692307693 0.4182692307692308 0.09375 0.038461538461538464
0 0.1814903846153846 0.2956730769230769 0.05048076923076923 0.037259615384615384
0 0.109375 0.5745192307692307 0.11899038461538461 0.03485576923076923
0 0.6057692307692307 0.5637019230769231 0.08774038461538461 0.036057692307692304
0 0.5120192307692307 0.5685096153846154 0.08533653846153846 0.037259615384615384
0 0.4182692307692308 0.6105769230769231 0.09134615384615384 0.03485576923076923
0 0.4182692307692308 0.5721153846153846 0.09134615384615384 0.03485576923076923
0 0.22716346153846154 0.6201923076923077 0.09134615384615384 0.03485576923076923
0 0.2283653846153846 0.5793269230769231 0.09014423076923077 0.040865384615384616
0 0.3245192307692308 0.6129807692307693 0.08533653846153846 0.03245192307692308
0 0.32211538461538464 0.5769230769230769 0.09014423076923077 0.03485576923076923
0 0.039663461538461536 0.7620192307692307 0.0625 0.046875
0 0.10216346153846154 0.6153846153846154 0.12139423076923077 0.03245192307692308
0 0.11298076923076923 0.7596153846153846 0.06850961538461539 0.04807692307692308
0 0.5048076923076923 0.8581730769230769 0.09014423076923077 0.04807692307692308
0 0.10697115384615384 0.6995192307692307 0.0733173076923077 0.056490384615384616
0 0.4074519230769231 0.8665865384615384 0.09014423076923077 0.04807692307692308
0 0.5036057692307693 0.8052884615384616 0.09014423076923077 0.04807692307692308
0 0.4098557692307692 0.8112980769230769 0.09014423076923077 0.04807692307692308
0 0.328125 0.8918269230769231 0.06009615384615385 0.03245192307692308
0 0.2620192307692308 0.8942307692307693 0.06009615384615385 0.03245192307692308
0 0.1971153846153846 0.8990384615384616 0.06009615384615385 0.03245192307692308
0 0.19230769230769232 0.8629807692307693 0.06009615384615385 0.03245192307692308
0 0.25600961538461536 0.8605769230769231 0.0625 0.03245192307692308
0 0.32211538461538464 0.8557692307692307 0.06009615384615385 0.03245192307692308
0 0.13341346153846154 0.8870192307692307 0.05048076923076923 0.057692307692307696
0 0.0733173076923077 0.8942307692307693 0.05048076923076923 0.056490384615384616
0 0.6634615384615384 0.47475961538461536 0.04326923076923077 0.03245192307692308
0 0.6826923076923077 0.8497596153846154 0.06490384615384616 0.037259615384615384
0 0.7620192307692307 0.8413461538461539 0.06490384615384616 0.038461538461538464
0 0.8305288461538461 0.8341346153846154 0.06490384615384616 0.037259615384615384
0 0.609375 0.8653846153846154 0.06490384615384616 0.038461538461538464
0 0.021634615384615384 0.8966346153846154 0.04326923076923077 0.052884615384615384
0 0.9014423076923077 0.6887019230769231 0.0733173076923077 0.042067307692307696
0 0.8088942307692307 0.6887019230769231 0.09375 0.052884615384615384
0 0.7055288461538461 0.6862980769230769 0.08173076923076923 0.03245192307692308
0 0.6117788461538461 0.6634615384615384 0.08533653846153846 0.03485576923076923
0 0.5180288461538461 0.6682692307692307 0.09014423076923077 0.038461538461538464
0 0.6129807692307693 0.7091346153846154 0.0829326923076923 0.04807692307692308
0 0.5216346153846154 0.7199519230769231 0.09014423076923077 0.05048076923076923
0 0.4182692307692308 0.7175480769230769 0.09735576923076923 0.06129807692307692
0 0.3125 0.7355769230769231 0.09975961538461539 0.05048076923076923
0 0.20552884615384615 0.7355769230769231 0.10216346153846154 0.046875
0 0.037259615384615384 0.7043269230769231 0.0625 0.056490384615384616
0 0.6057692307692307 0.47596153846153844 0.04567307692307692 0.03245192307692308
0 0.18269230769230768 0.33653846153846156 0.051682692307692304 0.037259615384615384
0 0.4963942307692308 0.48197115384615385 0.04567307692307692 0.03245192307692308
0 0.25 0.2980769230769231 0.05048076923076923 0.03485576923076923
0 0.3125 0.3004807692307692 0.054086538461538464 0.03485576923076923
0 0.3786057692307692 0.2980769230769231 0.05889423076923077 0.03485576923076923
0 0.8918269230769231 0.34615384615384615 0.0625 0.03245192307692308
0 0.8882211538461539 0.3088942307692308 0.06009615384615385 0.03245192307692308
0 0.8088942307692307 0.3425480769230769 0.07091346153846154 0.03245192307692308
0 0.8149038461538461 0.30528846153846156 0.07091346153846154 0.03245192307692308
0 0.7235576923076923 0.3401442307692308 0.07692307692307693 0.03245192307692308
0 0.24278846153846154 0.33533653846153844 0.051682692307692304 0.03245192307692308
0 0.6442307692307693 0.3449519230769231 0.06610576923076923 0.03245192307692308
0 0.5745192307692307 0.34134615384615385 0.06610576923076923 0.03245192307692308
0 0.5745192307692307 0.30649038461538464 0.07091346153846154 0.03245192307692308
0 0.3161057692307692 0.33653846153846156 0.05889423076923077 0.03485576923076923
0 0.38341346153846156 0.33774038461538464 0.05889423076923077 0.03485576923076923
0 0.4543269230769231 0.2980769230769231 0.05889423076923077 0.03485576923076923
0 0.4423076923076923 0.33413461538461536 0.04326923076923077 0.03245192307692308
0 0.4963942307692308 0.33533653846153844 0.04326923076923077 0.03245192307692308
0 0.5516826923076923 0.47596153846153844 0.04567307692307692 0.03245192307692308
0 0.6454326923076923 0.3088942307692308 0.06610576923076923 0.03245192307692308
0 0.054086538461538464 0.2932692307692308 0.054086538461538464 0.036057692307692304
0 0.7271634615384616 0.30288461538461536 0.08774038461538461 0.03485576923076923
0 0.055288461538461536 0.33413461538461536 0.04807692307692308 0.03245192307692308
0 0.4411057692307692 0.4807692307692308 0.04567307692307692 0.03245192307692308
0 0.11658653846153846 0.2932692307692308 0.05048076923076923 0.03245192307692308
0 0.36778846153846156 0.4807692307692308 0.056490384615384616 0.03245192307692308
0 0.30649038461538464 0.48197115384615385 0.05889423076923077 0.03245192307692308
0 0.24158653846153846 0.48197115384615385 0.05889423076923077 0.03245192307692308
0 0.6610576923076923 0.4362980769230769 0.04326923076923077 0.03245192307692308
0 0.6057692307692307 0.4411057692307692 0.05048076923076923 0.03245192307692308
0 0.4879807692307692 0.44350961538461536 0.04567307692307692 0.03485576923076923
0 0.6129807692307693 0.4026442307692308 0.05048076923076923 0.037259615384615384
0 0.546875 0.4026442307692308 0.051682692307692304 0.03245192307692308
0 0.5480769230769231 0.4423076923076923 0.05048076923076923 0.03485576923076923
0 0.42427884615384615 0.44471153846153844 0.051682692307692304 0.036057692307692304
0 0.3581730769230769 0.4411057692307692 0.04567307692307692 0.037259615384615384
0 0.29927884615384615 0.44471153846153844 0.056490384615384616 0.038461538461538464
0 0.23798076923076922 0.44471153846153844 0.04567307692307692 0.037259615384615384
0 0.11177884615384616 0.3329326923076923 0.04807692307692308 0.03485576923076923