0 0.5817307692307693 0.3737980769230769 0.04927884615384615 0.055288461538461536
0 0.5372596153846154 0.37740384615384615 0.019230769230769232 0.052884615384615384
0 0.5324519230769231 0.4266826923076923 0.019230769230769232 0.01201923076923077
0 0.4266826923076923 0.546875 0.052884615384615384 0.05048076923076923
0 0.49399038461538464 0.38100961538461536 0.04447115384615385 0.042067307692307696
0 0.6418269230769231 0.38100961538461536 0.057692307692307696 0.04447115384615385
0 0.7091346153846154 0.38221153846153844 0.052884615384615384 0.037259615384615384
0 0.8521634615384616 0.45552884615384615 0.019230769230769232 0.03365384615384615
0 0.8473557692307693 0.3737980769230769 0.040865384615384616 0.054086538461538464
0 0.5408653846153846 0.44471153846153844 0.03245192307692308 0.01201923076923077
0 0.5408653846153846 0.47115384615384615 0.03125 0.027644230769230768
0 0.49759615384615385 0.45913461538461536 0.040865384615384616 0.054086538461538464
0 0.44591346153846156 0.4639423076923077 0.039663461538461536 0.040865384615384616
0 0.39903846153846156 0.4651442307692308 0.036057692307692304 0.038461538461538464
0 0.33653846153846156 0.4362980769230769 0.039663461538461536 0.026442307692307692
0 0.3473557692307692 0.47475961538461536 0.03365384615384615 0.030048076923076924
0 0.30528846153846156 0.4735576923076923 0.039663461538461536 0.027644230769230768
0 0.2127403846153846 0.4699519230769231 0.04807692307692308 0.040865384615384616
0 0.16466346153846154 0.46875 0.030048076923076924 0.027644230769230768
0 0.0889423076923077 0.47836538461538464 0.040865384615384616 0.09134615384615384
0 0.039663461538461536 0.47596153846153844 0.040865384615384616 0.09375
0 0.7824519230769231 0.38461538461538464 0.0733173076923077 0.028846153846153848
0 0.6274038461538461 0.46033653846153844 0.027644230769230768 0.05048076923076923
0 0.16947115384615385 0.5492788461538461 0.04567307692307692 0.03245192307692308
0 0.22956730769230768 0.5576923076923077 0.06009615384615385 0.02403846153846154
0 0.23677884615384615 0.5216346153846154 0.05889423076923077 0.026442307692307692
0 0.30649038461538464 0.5408653846153846 0.04927884615384615 0.036057692307692304
0 0.36658653846153844 0.5444711538461539 0.039663461538461536 0.04807692307692308
0 0.7451923076923077 0.46033653846153844 0.02403846153846154 0.05048076923076923
0 0.8257211538461539 0.4567307692307692 0.020432692307692308 0.040865384615384616
0 0.5841346153846154 0.4639423076923077 0.03245192307692308 0.04447115384615385
0 0.8930288461538461 0.4579326923076923 0.027644230769230768 0.04326923076923077
0 0.9591346153846154 0.4723557692307692 0.0625 0.027644230769230768
0 0.9747596153846154 0.37740384615384615 0.040865384615384616 0.042067307692307696
0 0.921875 0.36778846153846156 0.05889423076923077 0.06490384615384616
0 0.6983173076923077 0.4639423076923077 0.03245192307692308 0.04447115384615385
0 0.6622596153846154 0.4639423076923077 0.02403846153846154 0.04447115384615385
0 0.6009615384615384 0.0889423076923077 0.05048076923076923 0.03485576923076923
0 0.2512019230769231 0.09134615384615384 0.05048076923076923 0.038461538461538464
0 0.5528846153846154 0.23317307692307693 0.019230769230769232 0.042067307692307696
0 0.5793269230769231 0.23076923076923078 0.019230769230769232 0.042067307692307696
0 0.6069711538461539 0.23317307692307693 0.020432692307692308 0.038461538461538464
0 0.6334134615384616 0.23197115384615385 0.020432692307692308 0.038461538461538464
0 0.6622596153846154 0.23076923076923078 0.019230769230769232 0.038461538461538464
0 0.6850961538461539 0.23197115384615385 0.021634615384615384 0.039663461538461536
0 0.7151442307692307 0.234375 0.030048076923076924 0.03125
0 0.7524038461538461 0.23317307692307693 0.028846153846153848 0.03245192307692308
0 0.7848557692307693 0.23076923076923078 0.02403846153846154 0.03485576923076923
0 0.8125 0.23076923076923078 0.025240384615384616 0.03365384615384615
0 0.8425480769230769 0.23317307692307693 0.026442307692307692 0.03125
0 0.8725961538461539 0.23076923076923078 0.03365384615384615 0.03365384615384615
0 0.1346153846153846 0.3245192307692308 0.06610576923076923 0.03245192307692308
0 0.11899038461538461 0.2980769230769231 0.07572115384615384 0.013221153846153846
0 0.20072115384615385 0.31850961538461536 0.055288461538461536 0.028846153846153848
0 0.27524038461538464 0.3233173076923077 0.06490384615384616 0.019230769230769232
0 0.2800480769230769 0.29086538461538464 0.057692307692307696 0.026442307692307692
0 0.49158653846153844 0.5480769230769231 0.04927884615384615 0.038461538461538464
0 0.9699519230769231 0.29927884615384615 0.03245192307692308 0.04927884615384615
0 0.9387019230769231 0.3004807692307692 0.021634615384615384 0.04927884615384615
0 0.9014423076923077 0.2980769230769231 0.03125 0.04447115384615385
0 0.8581730769230769 0.3004807692307692 0.02283653846153846 0.052884615384615384
0 0.8245192307692307 0.29447115384615385 0.021634615384615384 0.04447115384615385
0 0.4014423076923077 0.22355769230769232 0.0889423076923077 0.06009615384615385
0 0.7992788461538461 0.2980769230769231 0.025240384615384616 0.04326923076923077
0 0.6814903846153846 0.3137019230769231 0.057692307692307696 0.027644230769230768
0 0.6129807692307693 0.3161057692307692 0.06971153846153846 0.021634615384615384
0 0.5336538461538461 0.3173076923076923 0.07572115384615384 0.025240384615384616
0 0.4423076923076923 0.29086538461538464 0.09134615384615384 0.018028846153846152
0 0.44711538461538464 0.31971153846153844 0.08774038461538461 0.026442307692307692
0 0.3557692307692308 0.3173076923076923 0.078125 0.030048076923076924
0 0.75 0.31009615384615385 0.06490384615384616 0.028846153846153848
0 0.19471153846153846 0.09495192307692307 0.04326923076923077 0.03485576923076923
0 0.3317307692307692 0.2403846153846154 0.02403846153846154 0.030048076923076924
0 0.25 0.3870192307692308 0.07932692307692307 0.042067307692307696
0 0.2668269230769231 0.0625 0.038461538461538464 0.019230769230769232
0 0.3173076923076923 0.06009615384615385 0.046875 0.020432692307692308
0 0.2980769230769231 0.09254807692307693 0.037259615384615384 0.039663461538461536
0 0.3605769230769231 0.09014423076923077 0.06009615384615385 0.03485576923076923
0 0.4206730769230769 0.09254807692307693 0.046875 0.036057692307692304
0 0.41466346153846156 0.05048076923076923 0.06129807692307692 0.039663461538461536
0 0.47836538461538464 0.08653846153846154 0.04447115384615385 0.04326923076923077
0 0.5192307692307693 0.08533653846153846 0.025240384615384616 0.04326923076923077
0 0.5492788461538461 0.08653846153846154 0.025240384615384616 0.04326923076923077
0 0.5949519230769231 0.04807692307692308 0.04927884615384615 0.038461538461538464
0 0.6538461538461539 0.07211538461538461 0.039663461538461536 0.0673076923076923
0 0.7091346153846154 0.06971153846153846 0.04927884615384615 0.0673076923076923
0 0.7644230769230769 0.07091346153846154 0.046875 0.0673076923076923
0 0.8221153846153846 0.0673076923076923 0.04567307692307692 0.0673076923076923
0 0.8822115384615384 0.07211538461538461 0.052884615384615384 0.06009615384615385
0 0.9387019230769231 0.07211538461538461 0.038461538461538464 0.057692307692307696
0 0.9819711538461539 0.037259615384615384 0.03485576923076923 0.039663461538461536
0 0.33774038461538464 0.39302884615384615 0.0733173076923077 0.030048076923076924
0 0.42427884615384615 0.3942307692307692 0.08173076923076923 0.03125
0 0.26802884615384615 0.23197115384615385 0.039663461538461536 0.054086538461538464
0 0.21995192307692307 0.21875 0.04567307692307692 0.08173076923076923
0 0.13341346153846154 0.21995192307692307 0.04927884615384615 0.07572115384615384
0 0.02403846153846154 0.057692307692307696 0.046875 0.037259615384615384
0 0.15625 0.390625 0.0829326923076923 0.040865384615384616
0 0.08653846153846154 0.057692307692307696 0.05048076923076923 0.03365384615384615
0 0.20192307692307693 0.057692307692307696 0.046875 0.028846153846153848
0 0.03125 0.09975961538461539 0.039663461538461536 0.03365384615384615
0 0.04807692307692308 0.20793269230769232 0.052884615384615384 0.09495192307692307
0 0.921875 0.2283653846153846 0.037259615384615384 0.03365384615384615
0 0.9591346153846154 0.2283653846153846 0.03125 0.03125
0 0.984375 0.08052884615384616 0.030048076923076924 0.03485576923076923
0 0.14903846153846154 0.056490384615384616 0.042067307692307696 0.030048076923076924
0 0.5444711538461539 0.5516826923076923 0.04927884615384615 0.037259615384615384
0 0.984375 0.8605769230769231 0.030048076923076924 0.040865384615384616
0 0.6069711538461539 0.5504807692307693 0.046875 0.03365384615384615
0 0.5673076923076923 0.7728365384615384 0.06370192307692307 0.04927884615384615
0 0.640625 0.7776442307692307 0.06009615384615385 0.028846153846153848
0 0.6370192307692307 0.7487980769230769 0.06490384615384616 0.028846153846153848
0 0.7079326923076923 0.7620192307692307 0.0625 0.0673076923076923
0 0.7644230769230769 0.7644230769230769 0.037259615384615384 0.07451923076923077
0 0.8377403846153846 0.7596153846153846 0.055288461538461536 0.05889423076923077
0 0.9002403846153846 0.7608173076923077 0.036057692307692304 0.0673076923076923
0 0.9567307692307693 0.7632211538461539 0.042067307692307696 0.06009615384615385
0 0.057692307692307696 0.8377403846153846 0.046875 0.09014423076923077
0 0.12259615384615384 0.8389423076923077 0.054086538461538464 0.08173076923076923
0 0.21995192307692307 0.8377403846153846 0.03485576923076923 0.04567307692307692
0 0.2620192307692308 0.8461538461538461 0.03245192307692308 0.06129807692307692
0 0.47716346153846156 0.7584134615384616 0.09134615384615384 0.052884615384615384
0 0.3173076923076923 0.8425480769230769 0.04326923076923077 0.04807692307692308
0 0.421875 0.8509615384615384 0.038461538461538464 0.0673076923076923
0 0.46634615384615385 0.8581730769230769 0.036057692307692304 0.0673076923076923
0 0.5324519230769231 0.8653846153846154 0.06370192307692307 0.039663461538461536
0 0.5913461538461539 0.8533653846153846 0.037259615384615384 0.056490384615384616
0 0.6478365384615384 0.8497596153846154 0.03245192307692308 0.055288461538461536
0 0.7127403846153846 0.859375 0.0673076923076923 0.036057692307692304
0 0.7788461538461539 0.8461538461538461 0.04447115384615385 0.057692307692307696
0 0.8245192307692307 0.8521634615384616 0.03365384615384615 0.06129807692307692
0 0.8641826923076923 0.84375 0.03365384615384615 0.039663461538461536
0 0.921875 0.8473557692307693 0.06490384615384616 0.051682692307692304
0 0.0829326923076923 0.0985576923076923 0.04447115384615385 0.03245192307692308
0 0.5516826923076923 0.515625 0.04807692307692308 0.021634615384615384
0 0.37259615384615385 0.8545673076923077 0.040865384615384616 0.06370192307692307
0 0.3485576923076923 0.7644230769230769 0.10697115384615384 0.0625
0 0.13701923076923078 0.09735576923076923 0.04567307692307692 0.03365384615384615
0 0.5504807692307693 0.6850961538461539 0.078125 0.03125
0 0.6742788461538461 0.5396634615384616 0.0625 0.04807692307692308
0 0.9507211538461539 0.6862980769230769 0.08413461538461539 0.027644230769230768
0 0.7415865384615384 0.5408653846153846 0.04927884615384615 0.04567307692307692
0 0.8497596153846154 0.5324519230769231 0.046875 0.052884615384615384
0 0.8990384615384616 0.53125 0.027644230769230768 0.052884615384615384
0 0.9627403846153846 0.5516826923076923 0.06971153846153846 0.026442307692307692
0 0.9591346153846154 0.6213942307692307 0.057692307692307696 0.015625
0 0.8954326923076923 0.625 0.042067307692307696 0.025240384615384616
0 0.8353365384615384 0.6274038461538461 0.05048076923076923 0.025240384615384616
0 0.7764423076923077 0.6225961538461539 0.038461538461538464 0.039663461538461536
0 0.7211538461538461 0.625 0.039663461538461536 0.042067307692307696
0 0.5997596153846154 0.6033653846153846 0.03245192307692308 0.020432692307692308
0 0.6442307692307693 0.6045673076923077 0.036057692307692304 0.025240384615384616
0 0.9627403846153846 0.6394230769230769 0.06370192307692307 0.008413461538461538
0 0.5480769230769231 0.6262019230769231 0.04567307692307692 0.03365384615384615
0 0.6081730769230769 0.6334134615384616 0.06009615384615385 0.013221153846153846
0 0.4074519230769231 0.6887019230769231 0.08533653846153846 0.038461538461538464
0 0.11057692307692307 0.7043269230769231 0.04447115384615385 0.08173076923076923
0 0.30528846153846156 0.6862980769230769 0.0889423076923077 0.037259615384615384
0 0.3762019230769231 0.6069711538461539 0.04326923076923077 0.025240384615384616
0 0.04807692307692308 0.7127403846153846 0.052884615384615384 0.09134615384615384
0 0.3076923076923077 0.6105769230769231 0.03365384615384615 0.03125
0 0.2403846153846154 0.6153846153846154 0.038461538461538464 0.036057692307692304
0 0.1814903846153846 0.6213942307692307 0.04927884615384615 0.05048076923076923
0 0.09735576923076923 0.6105769230769231 0.078125 0.054086538461538464
0 0.5444711538461539 0.5925480769230769 0.04326923076923077 0.016826923076923076
0 0.2091346153846154 0.6875 0.09375 0.040865384615384616