0 0.34975961538461536 0.7836538461538461 0.06370192307692307 0.06850961538461539
0 0.4230769230769231 0.7487980769230769 0.05889423076923077 0.02403846153846154
0 0.4362980769230769 0.7908653846153846 0.0673076923076923 0.04927884615384615
0 0.5048076923076923 0.7932692307692307 0.06009615384615385 0.039663461538461536
0 0.5625 0.7836538461538461 0.04927884615384615 0.04326923076923077
0 0.6334134615384616 0.7463942307692307 0.054086538461538464 0.03125
0 0.6935096153846154 0.7512019230769231 0.052884615384615384 0.040865384615384616
0 0.37259615384615385 0.5 0.06850961538461539 0.036057692307692304
0 0.45072115384615385 0.46153846153846156 0.06009615384615385 0.042067307692307696
0 0.6322115384615384 0.7860576923076923 0.06009615384615385 0.040865384615384616
0 0.6935096153846154 0.7908653846153846 0.05889423076923077 0.037259615384615384
0 0.7860576923076923 0.7752403846153846 0.06009615384615385 0.051682692307692304
0 0.8846153846153846 0.7536057692307693 0.08413461538461539 0.04927884615384615
0 0.9771634615384616 0.7752403846153846 0.04447115384615385 0.057692307692307696
0 0.515625 0.5 0.06129807692307692 0.040865384615384616
0 0.5817307692307693 0.49759615384615385 0.06009615384615385 0.040865384615384616
0 0.6502403846153846 0.4639423076923077 0.07091346153846154 0.036057692307692304
0 0.6526442307692307 0.5012019230769231 0.06490384615384616 0.036057692307692304
0 0.8834134615384616 0.4567307692307692 0.07211538461538461 0.03365384615384615
0 0.9038461538461539 0.5 0.08413461538461539 0.03125
0 0.9747596153846154 0.5 0.04927884615384615 0.03365384615384615
0 0.9651442307692307 0.46033653846153844 0.06850961538461539 0.040865384615384616
0 0.4483173076923077 0.5024038461538461 0.06971153846153846 0.036057692307692304
0 0.0733173076923077 0.7668269230769231 0.06850961538461539 0.042067307692307696
0 0.07572115384615384 0.8052884615384616 0.06490384615384616 0.03245192307692308
0 0.36658653846153844 0.46033653846153844 0.06610576923076923 0.040865384615384616
0 0.4074519230769231 0.5552884615384616 0.057692307692307696 0.03485576923076923
0 0.3389423076923077 0.5552884615384616 0.06370192307692307 0.042067307692307696
0 0.9627403846153846 0.6875 0.0733173076923077 0.046875
0 0.9627403846153846 0.6442307692307693 0.0733173076923077 0.039663461538461536
0 0.8834134615384616 0.6838942307692307 0.0733173076923077 0.052884615384615384
0 0.7944711538461539 0.6862980769230769 0.09254807692307693 0.051682692307692304
0 0.5709134615384616 0.6875 0.12980769230769232 0.046875
0 0.5709134615384616 0.6442307692307693 0.12259615384615384 0.03245192307692308
0 0.44591346153846156 0.6959134615384616 0.11538461538461539 0.04326923076923077
0 0.43990384615384615 0.6586538461538461 0.11658653846153846 0.025240384615384616
0 0.4387019230769231 0.6370192307692307 0.11538461538461539 0.014423076923076924
0 0.3161057692307692 0.6850961538461539 0.109375 0.03245192307692308
0 0.31490384615384615 0.6526442307692307 0.11658653846153846 0.030048076923076924
0 0.21394230769230768 0.6875 0.08533653846153846 0.03125
0 0.12620192307692307 0.6971153846153846 0.08533653846153846 0.025240384615384616
0 0.12379807692307693 0.6694711538461539 0.0829326923076923 0.026442307692307692
0 0.038461538461538464 0.6826923076923077 0.07572115384615384 0.030048076923076924
0 0.34134615384615385 0.5961538461538461 0.07451923076923077 0.03485576923076923
0 0.2860576923076923 0.7728365384615384 0.055288461538461536 0.06610576923076923
0 0.41466346153846156 0.59375 0.06370192307692307 0.036057692307692304
0 0.48197115384615385 0.59375 0.0673076923076923 0.037259615384615384
0 0.14302884615384615 0.8028846153846154 0.0625 0.028846153846153848
0 0.2127403846153846 0.8004807692307693 0.06610576923076923 0.03125
0 0.21153846153846154 0.7572115384615384 0.0625 0.04927884615384615
0 0.13822115384615385 0.765625 0.06129807692307692 0.046875
0 0.04807692307692308 0.5612980769230769 0.09254807692307693 0.039663461538461536
0 0.019230769230769232 0.7704326923076923 0.037259615384615384 0.046875
0 0.9459134615384616 0.5901442307692307 0.07692307692307693 0.040865384615384616
0 0.8641826923076923 0.5949519230769231 0.0733173076923077 0.030048076923076924
0 0.7884615384615384 0.5925480769230769 0.06971153846153846 0.037259615384615384
0 0.8521634615384616 0.5528846153846154 0.06370192307692307 0.03365384615384615
0 0.7848557692307693 0.5540865384615384 0.06610576923076923 0.03485576923076923
0 0.7115384615384616 0.5913461538461539 0.06971153846153846 0.03485576923076923
0 0.6382211538461539 0.5925480769230769 0.07572115384615384 0.03485576923076923
0 0.7055288461538461 0.5528846153846154 0.0673076923076923 0.040865384615384616
0 0.6346153846153846 0.5528846153846154 0.06850961538461539 0.039663461538461536
0 0.5576923076923077 0.5901442307692307 0.07932692307692307 0.04326923076923077
0 0.5540865384615384 0.5504807692307693 0.06971153846153846 0.03245192307692308
0 0.47596153846153844 0.5552884615384616 0.07932692307692307 0.036057692307692304
0 0.30528846153846156 0.5012019230769231 0.057692307692307696 0.03245192307692308
0 0.8112980769230769 0.2848557692307692 0.07692307692307693 0.08052884615384616
0 0.2247596153846154 0.5024038461538461 0.09014423076923077 0.07572115384615384
0 0.0625 0.4963942307692308 0.07211538461538461 0.054086538461538464
0 0.8930288461538461 0.40625 0.06009615384615385 0.037259615384615384
0 0.9639423076923077 0.40625 0.07091346153846154 0.038461538461538464
0 0.9663461538461539 0.36778846153846156 0.06610576923076923 0.036057692307692304
0 0.8954326923076923 0.36658653846153844 0.06850961538461539 0.037259615384615384
0 0.8257211538461539 0.4050480769230769 0.06610576923076923 0.03485576923076923
0 0.8197115384615384 0.36778846153846156 0.07932692307692307 0.03365384615384615
0 0.7331730769230769 0.3641826923076923 0.04447115384615385 0.03365384615384615
0 0.7512019230769231 0.40625 0.07692307692307693 0.038461538461538464
0 0.6730769230769231 0.40625 0.06971153846153846 0.03365384615384615
0 0.6730769230769231 0.36658653846153844 0.06971153846153846 0.038461538461538464
0 0.6045673076923077 0.4050480769230769 0.06129807692307692 0.04567307692307692
0 0.5324519230769231 0.40384615384615385 0.06971153846153846 0.03485576923076923
0 0.46033653846153844 0.40384615384615385 0.0625 0.03485576923076923
0 0.3894230769230769 0.4050480769230769 0.06850961538461539 0.038461538461538464
0 0.3161057692307692 0.40384615384615385 0.0733173076923077 0.03485576923076923
0 0.5925480769230769 0.3605769230769231 0.055288461538461536 0.03485576923076923
0 0.5288461538461539 0.36538461538461536 0.06370192307692307 0.038461538461538464
0 0.46033653846153844 0.3629807692307692 0.06850961538461539 0.042067307692307696
0 0.3870192307692308 0.3605769230769231 0.07091346153846154 0.04567307692307692
0 0.3137019230769231 0.359375 0.06850961538461539 0.05048076923076923
0 0.2247596153846154 0.3629807692307692 0.1045673076923077 0.078125
0 0.16105769230769232 0.3858173076923077 0.019230769230769232 0.07692307692307693
0 0.11538461538461539 0.38461538461538464 0.054086538461538464 0.07572115384615384
0 0.05048076923076923 0.38221153846153844 0.0625 0.07692307692307693
0 0.9699519230769231 0.28365384615384615 0.05889423076923077 0.07572115384615384
0 0.8954326923076923 0.2860576923076923 0.0829326923076923 0.078125
0 0.13822115384615385 0.4963942307692308 0.06971153846153846 0.054086538461538464
0 0.30288461538461536 0.46274038461538464 0.052884615384615384 0.038461538461538464
0 0.06009615384615385 0.5985576923076923 0.09014423076923077 0.03245192307692308
0 0.28966346153846156 0.17668269230769232 0.08653846153846154 0.06009615384615385
0 0.17067307692307693 0.15264423076923078 0.1201923076923077 0.09975961538461539
0 0.04447115384615385 0.15144230769230768 0.0889423076923077 0.10576923076923077
0 0.48677884615384615 0.18389423076923078 0.08533653846153846 0.04807692307692308
0 0.5829326923076923 0.13221153846153846 0.09615384615384616 0.055288461538461536
0 0.5853365384615384 0.18629807692307693 0.08653846153846154 0.052884615384615384
0 0.6850961538461539 0.13341346153846154 0.09254807692307693 0.051682692307692304
0 0.6826923076923077 0.18629807692307693 0.09375 0.04807692307692308
0 0.0985576923076923 0.2668269230769231 0.08774038461538461 0.09495192307692307
0 0.49038461538461536 0.1310096153846154 0.0829326923076923 0.056490384615384616
0 0.20432692307692307 0.27884615384615385 0.10096153846153846 0.07451923076923077
0 0.14182692307692307 0.5853365384615384 0.057692307692307696 0.04807692307692308
0 0.7295673076923077 0.2824519230769231 0.08533653846153846 0.078125
0 0.3858173076923077 0.18028846153846154 0.09975961538461539 0.051682692307692304