0 0.6117788461538461 0.6021634615384616 0.06971153846153846 0.030048076923076924
0 0.4891826923076923 0.44471153846153844 0.027644230769230768 0.025240384615384616
0 0.49038461538461536 0.4795673076923077 0.027644230769230768 0.028846153846153848
0 0.4963942307692308 0.5060096153846154 0.028846153846153848 0.021634615384615384
0 0.49399038461538464 0.5360576923076923 0.028846153846153848 0.026442307692307692
0 0.4951923076923077 0.5637019230769231 0.025240384615384616 0.026442307692307692
0 0.44711538461538464 0.31971153846153844 0.030048076923076924 0.03125
0 0.48677884615384615 0.3858173076923077 0.026442307692307692 0.02403846153846154
0 0.4879807692307692 0.41466346153846156 0.030048076923076924 0.028846153846153848
0 0.4831730769230769 0.3545673076923077 0.03245192307692308 0.028846153846153848
0 0.5348557692307693 0.31971153846153844 0.06610576923076923 0.03245192307692308
0 0.5432692307692307 0.5841346153846154 0.0625 0.026442307692307692
0 0.5432692307692307 0.5504807692307693 0.06610576923076923 0.028846153846153848
0 0.5420673076923077 0.5216346153846154 0.06370192307692307 0.026442307692307692
0 0.5408653846153846 0.49278846153846156 0.0625 0.030048076923076924
0 0.5384615384615384 0.45913461538461536 0.06610576923076923 0.03365384615384615
0 0.6069711538461539 0.4651442307692308 0.06490384615384616 0.03485576923076923
0 0.5384615384615384 0.42427884615384615 0.06490384615384616 0.030048076923076924
0 0.5384615384615384 0.3918269230769231 0.06490384615384616 0.03365384615384615
0 0.5372596153846154 0.3545673076923077 0.0625 0.03485576923076923
0 0.6069711538461539 0.5012019230769231 0.06490384615384616 0.03245192307692308
0 0.6081730769230769 0.5372596153846154 0.06370192307692307 0.036057692307692304
0 0.6081730769230769 0.5709134615384616 0.05889423076923077 0.028846153846153848
0 0.4519230769230769 0.3545673076923077 0.02283653846153846 0.027644230769230768
0 0.4567307692307692 0.38461538461538464 0.025240384615384616 0.028846153846153848
0 0.41586538461538464 0.5480769230769231 0.021634615384615384 0.021634615384615384
0 0.46153846153846156 0.44591346153846156 0.025240384615384616 0.027644230769230768
0 0.6862980769230769 0.6213942307692307 0.07692307692307693 0.039663461538461536
0 0.6514423076923077 0.28125 0.09615384615384616 0.03125
0 0.6454326923076923 0.3173076923076923 0.08774038461538461 0.03245192307692308
0 0.6057692307692307 0.3557692307692308 0.06971153846153846 0.042067307692307696
0 0.6057692307692307 0.39663461538461536 0.06610576923076923 0.03365384615384615
0 0.6069711538461539 0.43028846153846156 0.06490384615384616 0.03245192307692308
0 0.6850961538461539 0.5829326923076923 0.07932692307692307 0.03125
0 0.35336538461538464 0.5372596153846154 0.021634615384615384 0.02403846153846154
0 0.34615384615384615 0.4831730769230769 0.020432692307692308 0.025240384615384616
0 0.3449519230769231 0.4579326923076923 0.018028846153846152 0.02283653846153846
0 0.3401442307692308 0.43028846153846156 0.015625 0.026442307692307692
0 0.3389423076923077 0.40384615384615385 0.021634615384615384 0.025240384615384616
0 0.3389423076923077 0.37740384615384615 0.020432692307692308 0.026442307692307692
0 0.33533653846153844 0.3485576923076923 0.016826923076923076 0.02403846153846154
0 0.35216346153846156 0.5108173076923077 0.02283653846153846 0.020432692307692308
0 0.33533653846153844 0.32211538461538464 0.020432692307692308 0.02283653846153846
0 0.6838942307692307 0.5480769230769231 0.0829326923076923 0.03485576923076923
0 0.6838942307692307 0.47596153846153844 0.07932692307692307 0.037259615384615384
0 0.8112980769230769 0.27524038461538464 0.15384615384615385 0.039663461538461536
0 0.8088942307692307 0.31850961538461536 0.14903846153846154 0.040865384615384616
0 0.8052884615384616 0.3605769230769231 0.14302884615384615 0.039663461538461536
0 0.8040865384615384 0.4050480769230769 0.14423076923076922 0.042067307692307696
0 0.8004807692307693 0.44350961538461536 0.1466346153846154 0.03125
0 0.7980769230769231 0.48677884615384615 0.14423076923076922 0.04326923076923077
0 0.6838942307692307 0.5108173076923077 0.08413461538461539 0.03245192307692308
0 0.7992788461538461 0.53125 0.14302884615384615 0.040865384615384616
0 0.796875 0.6105769230769231 0.14182692307692307 0.03365384615384615
0 0.4579326923076923 0.41466346153846156 0.02283653846153846 0.028846153846153848
0 0.7980769230769231 0.6502403846153846 0.14423076923076922 0.04326923076923077
0 0.6862980769230769 0.35697115384615385 0.08413461538461539 0.042067307692307696
0 0.6850961538461539 0.39903846153846156 0.08173076923076923 0.038461538461538464
0 0.6838942307692307 0.4387019230769231 0.0829326923076923 0.036057692307692304
0 0.7992788461538461 0.5709134615384616 0.14182692307692307 0.038461538461538464
0 0.33052884615384615 0.2932692307692308 0.021634615384615384 0.026442307692307692
0 0.390625 0.49399038461538464 0.02283653846153846 0.026442307692307692
0 0.3701923076923077 0.5120192307692307 0.015625 0.021634615384615384
0 0.4026442307692308 0.38221153846153844 0.021634615384615384 0.025240384615384616
0 0.4014423076923077 0.35216346153846156 0.02403846153846154 0.027644230769230768
0 0.4423076923076923 0.5576923076923077 0.021634615384615384 0.02403846153846154
0 0.4387019230769231 0.5300480769230769 0.026442307692307692 0.028846153846153848
0 0.46274038461538464 0.47716346153846156 0.025240384615384616 0.027644230769230768
0 0.4639423076923077 0.5048076923076923 0.02283653846153846 0.02403846153846154
0 0.40625 0.4110576923076923 0.021634615384615384 0.027644230769230768
0 0.4651442307692308 0.53125 0.020432692307692308 0.02283653846153846
0 0.4387019230769231 0.5024038461538461 0.025240384615384616 0.025240384615384616
0 0.42908653846153844 0.38461538461538464 0.025240384615384616 0.028846153846153848
0 0.43149038461538464 0.41586538461538464 0.02283653846153846 0.026442307692307692
0 0.43509615384615385 0.44471153846153844 0.025240384615384616 0.026442307692307692
0 0.4362980769230769 0.4735576923076923 0.02403846153846154 0.02403846153846154
0 0.37259615384615385 0.5384615384615384 0.015625 0.025240384615384616
0 0.4675480769230769 0.5588942307692307 0.02283653846153846 0.027644230769230768
0 0.4110576923076923 0.4411057692307692 0.019230769230769232 0.028846153846153848
0 0.42427884615384615 0.35216346153846156 0.021634615384615384 0.028846153846153848
0 0.41346153846153844 0.4963942307692308 0.020432692307692308 0.02403846153846154
0 0.36538461538461536 0.46274038461538464 0.018028846153846152 0.02283653846153846
0 0.4098557692307692 0.46875 0.020432692307692308 0.02403846153846154
0 0.36177884615384615 0.4338942307692308 0.018028846153846152 0.027644230769230768
0 0.36899038461538464 0.4879807692307692 0.016826923076923076 0.021634615384615384
0 0.35697115384615385 0.3786057692307692 0.015625 0.026442307692307692
0 0.35216346153846156 0.34975961538461536 0.016826923076923076 0.028846153846153848
0 0.3942307692307692 0.5456730769230769 0.02283653846153846 0.020432692307692308
0 0.359375 0.40625 0.014423076923076924 0.026442307692307692
0 0.390625 0.4651442307692308 0.02283653846153846 0.026442307692307692
0 0.38341346153846156 0.4375 0.02283653846153846 0.026442307692307692
0 0.38221153846153844 0.4098557692307692 0.02283653846153846 0.026442307692307692
0 0.37740384615384615 0.38100961538461536 0.02283653846153846 0.026442307692307692
0 0.41586538461538464 0.5240384615384616 0.015625 0.02283653846153846
0 0.3942307692307692 0.5204326923076923 0.027644230769230768 0.025240384615384616
0 0.3737980769230769 0.34975961538461536 0.02283653846153846 0.026442307692307692