0 0.8918269230769231 0.5 0.05889423076923077 0.07091346153846154
0 0.9555288461538461 0.5 0.05889423076923077 0.07091346153846154
0 0.027644230769230768 0.7079326923076923 0.055288461538461536 0.06490384615384616
0 0.08413461538461539 0.7115384615384616 0.05889423076923077 0.06370192307692307
0 0.8305288461538461 0.49759615384615385 0.06009615384615385 0.07091346153846154
0 0.7596153846153846 0.5661057692307693 0.05889423076923077 0.0673076923076923
0 0.2608173076923077 0.7175480769230769 0.057692307692307696 0.06370192307692307
0 0.32211538461538464 0.71875 0.057692307692307696 0.06370192307692307
0 0.38221153846153844 0.71875 0.057692307692307696 0.06370192307692307
0 0.4423076923076923 0.7199519230769231 0.057692307692307696 0.06370192307692307
0 0.5024038461538461 0.7247596153846154 0.057692307692307696 0.06370192307692307
0 0.5637019230769231 0.7223557692307693 0.055288461538461536 0.06370192307692307
0 0.20432692307692307 0.7127403846153846 0.05048076923076923 0.06370192307692307
0 0.15504807692307693 0.6923076923076923 0.040865384615384616 0.05889423076923077
0 0.7644230769230769 0.4963942307692308 0.06129807692307692 0.06971153846153846
0 0.5673076923076923 0.49278846153846156 0.05889423076923077 0.06610576923076923
0 0.44471153846153844 0.49038461538461536 0.05889423076923077 0.06610576923076923
0 0.38461538461538464 0.4879807692307692 0.05889423076923077 0.06610576923076923
0 0.32211538461538464 0.48677884615384615 0.06129807692307692 0.06610576923076923
0 0.6225961538461539 0.7235576923076923 0.055288461538461536 0.06370192307692307
0 0.25600961538461536 0.484375 0.06009615384615385 0.06610576923076923
0 0.19471153846153846 0.48197115384615385 0.057692307692307696 0.06610576923076923
0 0.13341346153846154 0.48197115384615385 0.0625 0.0673076923076923
0 0.06850961538461539 0.4795673076923077 0.06009615384615385 0.06490384615384616
0 0.018028846153846152 0.47596153846153844 0.036057692307692304 0.06971153846153846
0 0.9459134615384616 0.5745192307692307 0.06009615384615385 0.06971153846153846
0 0.8834134615384616 0.5733173076923077 0.06009615384615385 0.06850961538461539
0 0.8221153846153846 0.5697115384615384 0.06129807692307692 0.06850961538461539
0 0.6382211538461539 0.49399038461538464 0.05889423076923077 0.06610576923076923
0 0.5060096153846154 0.49038461538461536 0.05889423076923077 0.06610576923076923
0 0.9026442307692307 0.9122596153846154 0.07451923076923077 0.05889423076923077
0 0.7391826923076923 0.7295673076923077 0.057692307692307696 0.06490384615384616
0 0.9759615384615384 0.6682692307692307 0.046875 0.06129807692307692
0 0.06009615384615385 0.8858173076923077 0.07451923076923077 0.05889423076923077
0 0.13822115384615385 0.8870192307692307 0.0733173076923077 0.05889423076923077
0 0.21394230769230768 0.8918269230769231 0.0733173076923077 0.05889423076923077
0 0.2932692307692308 0.8954326923076923 0.0733173076923077 0.05889423076923077
0 0.36899038461538464 0.8966346153846154 0.0733173076923077 0.06009615384615385
0 0.8978365384615384 0.6550480769230769 0.055288461538461536 0.055288461538461536
0 0.44471153846153844 0.8966346153846154 0.0733173076923077 0.06009615384615385
0 0.5973557692307693 0.9074519230769231 0.0733173076923077 0.06009615384615385
0 0.6730769230769231 0.9110576923076923 0.0733173076923077 0.06009615384615385
0 0.7512019230769231 0.9074519230769231 0.0733173076923077 0.06009615384615385
0 0.8269230769230769 0.9122596153846154 0.07451923076923077 0.057692307692307696
0 0.6947115384615384 0.5673076923076923 0.05889423076923077 0.06610576923076923
0 0.9699519230769231 0.9158653846153846 0.05889423076923077 0.05889423076923077
0 0.5204326923076923 0.9050480769230769 0.0733173076923077 0.06009615384615385
0 0.8040865384615384 0.6622596153846154 0.055288461538461536 0.06490384615384616
0 0.7427884615384616 0.6634615384615384 0.0625 0.0625
0 0.6814903846153846 0.6598557692307693 0.057692307692307696 0.0625
0 0.7980769230769231 0.7319711538461539 0.057692307692307696 0.06490384615384616
0 0.8569711538461539 0.7319711538461539 0.054086538461538464 0.06610576923076923
0 0.9038461538461539 0.7139423076923077 0.040865384615384616 0.056490384615384616
0 0.9711538461538461 0.7355769230769231 0.052884615384615384 0.0673076923076923
0 0.025240384615384616 0.6418269230769231 0.05048076923076923 0.06370192307692307
0 0.08774038461538461 0.6430288461538461 0.056490384615384616 0.06610576923076923
0 0.15865384615384615 0.6370192307692307 0.03365384615384615 0.04807692307692308
0 0.20432692307692307 0.6454326923076923 0.051682692307692304 0.06490384615384616
0 0.26322115384615385 0.6502403846153846 0.057692307692307696 0.06370192307692307
0 0.3245192307692308 0.6514423076923077 0.057692307692307696 0.06490384615384616
0 0.38461538461538464 0.6502403846153846 0.057692307692307696 0.06370192307692307
0 0.44471153846153844 0.65625 0.057692307692307696 0.06370192307692307
0 0.5060096153846154 0.6574519230769231 0.055288461538461536 0.06610576923076923
0 0.5637019230769231 0.6574519230769231 0.056490384615384616 0.06490384615384616
0 0.6225961538461539 0.6586538461538461 0.057692307692307696 0.0625
0 0.6790865384615384 0.7259615384615384 0.055288461538461536 0.06370192307692307
0 0.6310096153846154 0.5661057692307693 0.05889423076923077 0.06610576923076923
0 0.5288461538461539 0.38822115384615385 0.06370192307692307 0.07211538461538461
0 0.5024038461538461 0.5625 0.055288461538461536 0.0673076923076923
0 0.13942307692307693 0.37740384615384615 0.06370192307692307 0.07091346153846154
0 0.07091346153846154 0.3762019230769231 0.06370192307692307 0.07091346153846154
0 0.019230769230769232 0.3762019230769231 0.038461538461538464 0.07451923076923077
0 0.9879807692307693 0.12980769230769232 0.02283653846153846 0.07932692307692307
0 0.9399038461538461 0.12620192307692307 0.0625 0.08052884615384616
0 0.875 0.12379807692307693 0.06370192307692307 0.0829326923076923
0 0.8028846153846154 0.11899038461538461 0.0673076923076923 0.08413461538461539
0 0.734375 0.11778846153846154 0.0625 0.0829326923076923
0 0.6670673076923077 0.11778846153846154 0.06610576923076923 0.0829326923076923
0 0.5973557692307693 0.11658653846153846 0.06610576923076923 0.0829326923076923
0 0.5276442307692307 0.1141826923076923 0.0673076923076923 0.08533653846153846
0 0.32091346153846156 0.109375 0.06490384615384616 0.08173076923076923
0 0.24759615384615385 0.1045673076923077 0.06490384615384616 0.08173076923076923
0 0.1814903846153846 0.1045673076923077 0.06490384615384616 0.08173076923076923
0 0.20552884615384615 0.3786057692307692 0.06370192307692307 0.07091346153846154
0 0.11177884615384616 0.10096153846153846 0.06850961538461539 0.08052884615384616
0 0.9795673076923077 0.2091346153846154 0.036057692307692304 0.08173076923076923
0 0.9278846153846154 0.20793269230769232 0.06129807692307692 0.078125
0 0.8653846153846154 0.20552884615384615 0.055288461538461536 0.078125
0 0.8016826923076923 0.20432692307692307 0.06490384615384616 0.08173076923076923
0 0.7319711538461539 0.203125 0.06490384615384616 0.08173076923076923
0 0.6634615384615384 0.20192307692307693 0.06490384615384616 0.08173076923076923
0 0.5949519230769231 0.20192307692307693 0.06490384615384616 0.08173076923076923
0 0.5276442307692307 0.20192307692307693 0.06490384615384616 0.08173076923076923
0 0.3245192307692308 0.1935096153846154 0.06490384615384616 0.08173076923076923
0 0.25 0.18870192307692307 0.06490384615384616 0.08173076923076923
0 0.1814903846153846 0.18870192307692307 0.06490384615384616 0.08173076923076923
0 0.11177884615384616 0.18629807692307693 0.06490384615384616 0.08173076923076923
0 0.04326923076923077 0.18269230769230768 0.06490384615384616 0.08173076923076923
0 0.06129807692307692 0.8209134615384616 0.08052884615384616 0.06490384615384616
0 0.038461538461538464 0.09975961538461539 0.06850961538461539 0.08052884615384616
0 0.2704326923076923 0.38221153846153844 0.06009615384615385 0.07211538461538461
0 0.3317307692307692 0.3858173076923077 0.06370192307692307 0.07211538461538461
0 0.39903846153846156 0.38822115384615385 0.06370192307692307 0.07211538461538461
0 0.38221153846153844 0.5552884615384616 0.056490384615384616 0.06610576923076923
0 0.32091346153846156 0.5552884615384616 0.056490384615384616 0.06610576923076923
0 0.2608173076923077 0.5528846153846154 0.06009615384615385 0.06850961538461539
0 0.1971153846153846 0.5528846153846154 0.06009615384615385 0.06850961538461539
0 0.13341346153846154 0.5516826923076923 0.05889423076923077 0.06850961538461539
0 0.07211538461538461 0.5492788461538461 0.057692307692307696 0.06971153846153846
0 0.020432692307692308 0.546875 0.040865384615384616 0.06610576923076923
0 0.9771634615384616 0.3233173076923077 0.04447115384615385 0.07572115384615384
0 0.9206730769230769 0.32091346153846156 0.06490384615384616 0.0733173076923077
0 0.8533653846153846 0.32211538461538464 0.06490384615384616 0.0733173076923077
0 0.7848557692307693 0.31971153846153844 0.05048076923076923 0.06971153846153846
0 0.7259615384615384 0.31850961538461536 0.06009615384615385 0.07451923076923077
0 0.6622596153846154 0.31850961538461536 0.0625 0.07451923076923077
0 0.5973557692307693 0.3161057692307692 0.0625 0.07451923076923077
0 0.5300480769230769 0.3112980769230769 0.06009615384615385 0.07692307692307693
0 0.4639423076923077 0.31009615384615385 0.06009615384615385 0.07692307692307693
0 0.39903846153846156 0.3112980769230769 0.06009615384615385 0.07692307692307693
0 0.4639423076923077 0.38822115384615385 0.06370192307692307 0.07211538461538461
0 0.59375 0.390625 0.0625 0.07211538461538461
0 0.6574519230769231 0.3942307692307692 0.06129807692307692 0.07211538461538461
0 0.7223557692307693 0.3942307692307692 0.0625 0.07211538461538461
0 0.7860576923076923 0.3954326923076923 0.0625 0.07211538461538461
0 0.8485576923076923 0.39663461538461536 0.05889423076923077 0.0733173076923077
0 0.5649038461538461 0.5612980769230769 0.05889423076923077 0.06610576923076923
0 0.9134615384615384 0.39783653846153844 0.0625 0.07211538461538461
0 0.016826923076923076 0.29927884615384615 0.03365384615384615 0.07692307692307693
0 0.0673076923076923 0.3004807692307692 0.06490384615384616 0.07692307692307693
0 0.13581730769230768 0.3016826923076923 0.06490384615384616 0.078125
0 0.20432692307692307 0.30288461538461536 0.06490384615384616 0.07692307692307693
0 0.27163461538461536 0.3076923076923077 0.06009615384615385 0.07692307692307693
0 0.33533653846153844 0.3076923076923077 0.06009615384615385 0.07692307692307693
0 0.9735576923076923 0.39903846153846156 0.05048076923076923 0.07211538461538461
0 0.14903846153846154 0.7956730769230769 0.05048076923076923 0.05889423076923077
0 0.4423076923076923 0.5600961538461539 0.056490384615384616 0.06610576923076923
0 0.4483173076923077 0.8317307692307693 0.07451923076923077 0.06490384615384616
0 0.21394230769230768 0.828125 0.07451923076923077 0.06490384615384616
0 0.29086538461538464 0.8317307692307693 0.07451923076923077 0.06490384615384616
0 0.36778846153846156 0.8305288461538461 0.07451923076923077 0.06490384615384616
0 0.5276442307692307 0.8389423076923077 0.07572115384615384 0.06490384615384616
0 0.6021634615384616 0.8425480769230769 0.07211538461538461 0.06490384615384616
0 0.6814903846153846 0.8449519230769231 0.078125 0.06129807692307692
0 0.7572115384615384 0.84375 0.06610576923076923 0.05889423076923077
0 0.8317307692307693 0.8497596153846154 0.07692307692307693 0.06370192307692307
0 0.9771634615384616 0.8533653846153846 0.04447115384615385 0.06370192307692307
0 0.39783653846153844 0.08774038461538461 0.07211538461538461 0.15264423076923078
0 0.39903846153846156 0.21033653846153846 0.05889423076923077 0.08653846153846154
0 0.9122596153846154 0.8485576923076923 0.07692307692307693 0.06370192307692307