0 0.051682692307692304 0.02403846153846154 0.09495192307692307 0.046875
0 0.7355769230769231 0.42788461538461536 0.054086538461538464 0.04927884615384615
0 0.16826923076923078 0.15264423076923078 0.057692307692307696 0.09014423076923077
0 0.23317307692307693 0.15745192307692307 0.06850961538461539 0.09134615384615384
0 0.2980769230769231 0.15985576923076922 0.054086538461538464 0.08533653846153846
0 0.10697115384615384 0.0829326923076923 0.06370192307692307 0.009615384615384616
0 0.34615384615384615 0.18509615384615385 0.038461538461538464 0.042067307692307696
0 0.40625 0.12259615384615384 0.09134615384615384 0.06971153846153846
0 0.41346153846153844 0.18269230769230768 0.09615384615384616 0.04807692307692308
0 0.5252403846153846 0.18629807692307693 0.11538461538461539 0.04927884615384615
0 0.1935096153846154 0.49399038461538464 0.07091346153846154 0.02403846153846154
0 0.10216346153846154 0.5757211538461539 0.09375 0.020432692307692308
0 0.10817307692307693 0.5360576923076923 0.08533653846153846 0.018028846153846152
0 0.10697115384615384 0.5120192307692307 0.09254807692307693 0.018028846153846152
0 0.10096153846153846 0.15264423076923078 0.06610576923076923 0.09014423076923077
0 0.6730769230769231 0.5444711538461539 0.025240384615384616 0.03365384615384615
0 0.7163461538461539 0.5360576923076923 0.056490384615384616 0.028846153846153848
0 0.7896634615384616 0.5288461538461539 0.08052884615384616 0.054086538461538464
0 0.9278846153846154 0.4639423076923077 0.07211538461538461 0.02283653846153846
0 0.84375 0.4651442307692308 0.08533653846153846 0.021634615384615384
0 0.8774038461538461 0.5180288461538461 0.09134615384615384 0.06009615384615385
0 0.9387019230769231 0.42908653846153844 0.051682692307692304 0.03245192307692308
0 0.8846153846153846 0.43149038461538464 0.055288461538461536 0.03245192307692308
0 0.8112980769230769 0.4338942307692308 0.08774038461538461 0.03365384615384615
0 0.16346153846153846 0.6778846153846154 0.10576923076923077 0.03245192307692308
0 0.6742788461538461 0.4338942307692308 0.037259615384615384 0.037259615384615384
0 0.6298076923076923 0.4338942307692308 0.04447115384615385 0.03485576923076923
0 0.6502403846153846 0.3918269230769231 0.055288461538461536 0.037259615384615384
0 0.7211538461538461 0.5564903846153846 0.056490384615384616 0.010817307692307692
0 0.0985576923076923 0.09735576923076923 0.06490384615384616 0.020432692307692308
0 0.05048076923076923 0.14903846153846154 0.02403846153846154 0.09615384615384616
0 0.016826923076923076 0.13341346153846154 0.03365384615384615 0.12620192307692307
0 0.38822115384615385 0.5600961538461539 0.09254807692307693 0.028846153846153848
0 0.28966346153846156 0.5540865384615384 0.08653846153846154 0.030048076923076924
0 0.28725961538461536 0.5168269230769231 0.07932692307692307 0.025240384615384616
0 0.1971153846153846 0.5564903846153846 0.0829326923076923 0.028846153846153848
0 0.4543269230769231 0.6382211538461539 0.040865384615384616 0.08533653846153846
0 0.4891826923076923 0.6105769230769231 0.020432692307692308 0.025240384615384616
0 0.5168269230769231 0.6129807692307693 0.030048076923076924 0.028846153846153848
0 0.5 0.6394230769230769 0.028846153846153848 0.020432692307692308
0 0.5288461538461539 0.6622596153846154 0.03365384615384615 0.026442307692307692
0 0.5649038461538461 0.6346153846153846 0.036057692307692304 0.08052884615384616
0 0.19951923076923078 0.5276442307692307 0.07692307692307693 0.025240384615384616
0 0.5637019230769231 0.5576923076923077 0.04447115384615385 0.019230769230769232
0 0.41225961538461536 0.6466346153846154 0.038461538461538464 0.0733173076923077
0 0.3786057692307692 0.6538461538461539 0.027644230769230768 0.06009615384615385
0 0.28966346153846156 0.6598557692307693 0.1346153846153846 0.026442307692307692
0 0.6322115384615384 0.5492788461538461 0.052884615384615384 0.026442307692307692
0 0.052884615384615384 0.6682692307692307 0.10576923076923077 0.030048076923076924
0 0.052884615384615384 0.6418269230769231 0.10576923076923077 0.019230769230769232
0 0.05048076923076923 0.6201923076923077 0.10096153846153846 0.021634615384615384
0 0.15384615384615385 0.6081730769230769 0.09735576923076923 0.016826923076923076
0 0.16105769230769232 0.6382211538461539 0.1045673076923077 0.025240384615384616
0 0.15625 0.027644230769230768 0.11057692307692307 0.055288461538461536
0 0.25600961538461536 0.03125 0.0889423076923077 0.05889423076923077
0 0.3425480769230769 0.030048076923076924 0.07932692307692307 0.05889423076923077
0 0.4375 0.03485576923076923 0.10096153846153846 0.06490384615384616
0 0.6598557692307693 0.038461538461538464 0.15985576923076922 0.07451923076923077
0 0.8846153846153846 0.04447115384615385 0.17548076923076922 0.08533653846153846
0 0.5528846153846154 0.4483173076923077 0.10336538461538461 0.013221153846153846
0 0.5528846153846154 0.4326923076923077 0.10096153846153846 0.016826923076923076
0 0.5492788461538461 0.4170673076923077 0.10336538461538461 0.010817307692307692
0 0.6081730769230769 0.640625 0.039663461538461536 0.056490384615384616
0 0.9711538461538461 0.15625 0.052884615384615384 0.038461538461538464
0 0.9783653846153846 0.1971153846153846 0.038461538461538464 0.038461538461538464
0 0.06009615384615385 0.2920673076923077 0.1201923076923077 0.03245192307692308
0 0.0625 0.3245192307692308 0.12379807692307693 0.03245192307692308
0 0.17307692307692307 0.2644230769230769 0.04927884615384615 0.08052884615384616
0 0.1935096153846154 0.32211538461538464 0.1310096153846154 0.027644230769230768
0 0.3269230769230769 0.29447115384615385 0.12379807692307693 0.027644230769230768
0 0.328125 0.3245192307692308 0.12620192307692307 0.027644230769230768
0 0.45913461538461536 0.3088942307692308 0.12860576923076922 0.019230769230769232
0 0.4567307692307692 0.328125 0.1310096153846154 0.016826923076923076
0 0.5985576923076923 0.32091346153846156 0.14182692307692307 0.028846153846153848
0 0.5516826923076923 0.2848557692307692 0.140625 0.03245192307692308
0 0.6899038461538461 0.29086538461538464 0.039663461538461536 0.08774038461538461
0 0.734375 0.3173076923076923 0.037259615384615384 0.03365384615384615
0 0.7764423076923077 0.31009615384615385 0.03365384615384615 0.046875
0 0.8161057692307693 0.3173076923076923 0.030048076923076924 0.03125
0 0.8509615384615384 0.2932692307692308 0.036057692307692304 0.07572115384615384
0 0.8858173076923077 0.3088942307692308 0.025240384615384616 0.039663461538461536
0 0.9254807692307693 0.28125 0.054086538461538464 0.09495192307692307
0 0.9735576923076923 0.2800480769230769 0.040865384615384616 0.0985576923076923
0 0.22956730769230768 0.2920673076923077 0.055288461538461536 0.027644230769230768
0 0.06610576923076923 0.44591346153846156 0.13221153846153846 0.03485576923076923
0 0.14783653846153846 0.4098557692307692 0.030048076923076924 0.10576923076923077
0 0.203125 0.4326923076923077 0.07451923076923077 0.055288461538461536
0 0.28365384615384615 0.421875 0.08173076923076923 0.026442307692307692
0 0.28365384615384615 0.43990384615384615 0.078125 0.008413461538461538
0 0.2860576923076923 0.4495192307692308 0.07692307692307693 0.008413461538461538
0 0.9074519230769231 0.19591346153846154 0.09495192307692307 0.039663461538461536
0 0.46875 0.5288461538461539 0.05048076923076923 0.08173076923076923
0 0.8918269230769231 0.15384615384615385 0.09735576923076923 0.039663461538461536
0 0.7944711538461539 0.16826923076923078 0.0889423076923077 0.026442307692307692
0 0.6514423076923077 0.6490384615384616 0.03365384615384615 0.03485576923076923
0 0.6887019230769231 0.6370192307692307 0.040865384615384616 0.055288461538461536
0 0.7283653846153846 0.6430288461538461 0.03485576923076923 0.038461538461538464
0 0.7608173076923077 0.6370192307692307 0.025240384615384616 0.04567307692307692
0 0.7884615384615384 0.6322115384615384 0.027644230769230768 0.052884615384615384
0 0.8173076923076923 0.6262019230769231 0.027644230769230768 0.06610576923076923
0 0.8473557692307693 0.6286057692307693 0.03245192307692308 0.051682692307692304
0 0.8701923076923077 0.7536057692307693 0.08533653846153846 0.03245192307692308
0 0.7391826923076923 0.7487980769230769 0.1045673076923077 0.05048076923076923
0 0.6201923076923077 0.7512019230769231 0.09975961538461539 0.0733173076923077
0 0.5192307692307693 0.7536057692307693 0.09735576923076923 0.07932692307692307
0 0.39903846153846156 0.7512019230769231 0.0673076923076923 0.0733173076923077
0 0.3233173076923077 0.7716346153846154 0.06850961538461539 0.07692307692307693
0 0.23557692307692307 0.7668269230769231 0.10336538461538461 0.1045673076923077
0 0.13942307692307693 0.7776442307692307 0.07451923076923077 0.09375
0 0.08173076923076923 0.7920673076923077 0.03365384615384615 0.07932692307692307
0 0.04807692307692308 0.7992788461538461 0.03245192307692308 0.07692307692307693
0 0.01201923076923077 0.7836538461538461 0.02403846153846154 0.03245192307692308
0 0.013221153846153846 0.8233173076923077 0.025240384615384616 0.039663461538461536
0 0.4170673076923077 0.4495192307692308 0.16466346153846154 0.016826923076923076
0 0.41346153846153844 0.43149038461538464 0.16346153846153846 0.019230769230769232
0 0.41346153846153844 0.41586538461538464 0.1658653846153846 0.01201923076923077
0 0.5192307692307693 0.13701923076923078 0.07211538461538461 0.05048076923076923
0 0.6213942307692307 0.1622596153846154 0.0733173076923077 0.10576923076923077
0 0.703125 0.14423076923076922 0.0889423076923077 0.04447115384615385
0 0.7055288461538461 0.19110576923076922 0.08774038461538461 0.046875
0 0.7932692307692307 0.13701923076923078 0.08533653846153846 0.03245192307692308
0 0.8040865384615384 0.19831730769230768 0.10216346153846154 0.030048076923076924
0 0.5192307692307693 0.5540865384615384 0.04447115384615385 0.03125