0 0.27884615384615385 0.5817307692307693 0.054086538461538464 0.07211538461538461
0 0.11057692307692307 0.5841346153846154 0.04807692307692308 0.07451923076923077
0 0.16466346153846154 0.5865384615384616 0.04927884615384615 0.0733173076923077
0 0.016826923076923076 0.6875 0.03125 0.06971153846153846
0 0.22355769230769232 0.5853365384615384 0.052884615384615384 0.07091346153846154
0 0.057692307692307696 0.5829326923076923 0.052884615384615384 0.0733173076923077
0 0.9579326923076923 0.4831730769230769 0.04326923076923077 0.06971153846153846
0 0.9098557692307693 0.4855769230769231 0.046875 0.07451923076923077
0 0.33413461538461536 0.5829326923076923 0.054086538461538464 0.06971153846153846
0 0.8401442307692307 0.6658653846153846 0.04567307692307692 0.06370192307692307
0 0.8822115384615384 0.7427884615384616 0.03485576923076923 0.06370192307692307
0 0.8870192307692307 0.6658653846153846 0.040865384615384616 0.0673076923076923
0 0.9326923076923077 0.6646634615384616 0.042067307692307696 0.0673076923076923
0 0.09495192307692307 0.7764423076923077 0.10576923076923077 0.0673076923076923
0 0.20552884615384615 0.7728365384615384 0.10096153846153846 0.07572115384615384
0 0.3125 0.7704326923076923 0.0985576923076923 0.06610576923076923
0 0.41346153846153844 0.7644230769230769 0.09495192307692307 0.06971153846153846
0 0.7451923076923077 0.6682692307692307 0.039663461538461536 0.06490384615384616
0 0.7019230769230769 0.6694711538461539 0.04567307692307692 0.07091346153846154
0 0.6526442307692307 0.6730769230769231 0.04447115384615385 0.06850961538461539
0 0.6081730769230769 0.6730769230769231 0.040865384615384616 0.07091346153846154
0 0.5649038461538461 0.6730769230769231 0.042067307692307696 0.06610576923076923
0 0.7896634615384616 0.6646634615384616 0.04807692307692308 0.0625
0 0.4855769230769231 0.7620192307692307 0.042067307692307696 0.06971153846153846
0 0.4675480769230769 0.6754807692307693 0.046875 0.06490384615384616
0 0.4182692307692308 0.6766826923076923 0.046875 0.06370192307692307
0 0.36778846153846156 0.6766826923076923 0.04927884615384615 0.07451923076923077
0 0.5288461538461539 0.7608173076923077 0.039663461538461536 0.0673076923076923
0 0.5733173076923077 0.7572115384615384 0.04807692307692308 0.06490384615384616
0 0.6213942307692307 0.7572115384615384 0.036057692307692304 0.06490384615384616
0 0.6622596153846154 0.7548076923076923 0.04326923076923077 0.06610576923076923
0 0.7079326923076923 0.7524038461538461 0.038461538461538464 0.0673076923076923
0 0.7512019230769231 0.75 0.03485576923076923 0.06610576923076923
0 0.7956730769230769 0.75 0.03485576923076923 0.06971153846153846
0 0.8377403846153846 0.75 0.04447115384615385 0.0673076923076923
0 0.5168269230769231 0.6742788461538461 0.038461538461538464 0.06850961538461539
0 0.9771634615384616 0.6610576923076923 0.04447115384615385 0.06490384615384616
0 0.9795673076923077 0.5745192307692307 0.039663461538461536 0.06370192307692307
0 0.46875 0.5829326923076923 0.04807692307692308 0.06850961538461539
0 0.6875 0.15384615384615385 0.04567307692307692 0.07692307692307693
0 0.6418269230769231 0.1502403846153846 0.046875 0.078125
0 0.5829326923076923 0.14783653846153846 0.0625 0.078125
0 0.5625 0.07932692307692307 0.046875 0.051682692307692304
0 0.5252403846153846 0.14543269230769232 0.04567307692307692 0.07572115384615384
0 0.46875 0.14302884615384615 0.052884615384615384 0.07091346153846154
0 0.41225961538461536 0.13701923076923078 0.042067307692307696 0.0733173076923077
0 0.3557692307692308 0.13341346153846154 0.052884615384615384 0.08533653846153846
0 0.2980769230769231 0.13341346153846154 0.057692307692307696 0.08413461538461539
0 0.47836538461538464 0.057692307692307696 0.0625 0.0889423076923077
0 0.41466346153846156 0.055288461538461536 0.056490384615384616 0.08413461538461539
0 0.33052884615384615 0.06009615384615385 0.05048076923076923 0.055288461538461536
0 0.2764423076923077 0.05889423076923077 0.04567307692307692 0.05889423076923077
0 0.22235576923076922 0.11298076923076923 0.054086538461538464 0.11899038461538461
0 0.15865384615384615 0.109375 0.06610576923076923 0.125
0 0.08774038461538461 0.10576923076923077 0.06610576923076923 0.12139423076923077
0 0.026442307692307692 0.10576923076923077 0.04927884615384615 0.12379807692307693
0 0.06490384615384616 0.6850961538461539 0.051682692307692304 0.07451923076923077
0 0.11778846153846154 0.6826923076923077 0.04447115384615385 0.06850961538461539
0 0.1622596153846154 0.6814903846153846 0.03485576923076923 0.06370192307692307
0 0.20673076923076922 0.6826923076923077 0.04447115384615385 0.0625
0 0.7427884615384616 0.15865384615384615 0.05048076923076923 0.07451923076923077
0 0.26322115384615385 0.6814903846153846 0.056490384615384616 0.06490384615384616
0 0.796875 0.15625 0.04927884615384615 0.08052884615384616
0 0.9002403846153846 0.15865384615384615 0.04447115384615385 0.08173076923076923
0 0.40865384615384615 0.38221153846153844 0.04807692307692308 0.07692307692307693
0 0.3581730769230769 0.38100961538461536 0.046875 0.07932692307692307
0 0.038461538461538464 0.37259615384615385 0.054086538461538464 0.078125
0 0.9867788461538461 0.2824519230769231 0.02403846153846154 0.08052884615384616
0 0.9519230769230769 0.2764423076923077 0.03245192307692308 0.08653846153846154
0 0.9122596153846154 0.2764423076923077 0.04447115384615385 0.0889423076923077
0 0.8641826923076923 0.27283653846153844 0.04447115384615385 0.09495192307692307
0 0.8149038461538461 0.2692307692307692 0.042067307692307696 0.09615384615384616
0 0.7704326923076923 0.27163461538461536 0.039663461538461536 0.09254807692307693
0 0.7271634615384616 0.2704326923076923 0.04447115384615385 0.0889423076923077
0 0.6802884615384616 0.2668269230769231 0.040865384615384616 0.09975961538461539
0 0.6370192307692307 0.2644230769230769 0.040865384615384616 0.10096153846153846
0 0.5913461538461539 0.26322115384615385 0.04807692307692308 0.0985576923076923
0 0.5360576923076923 0.2644230769230769 0.05889423076923077 0.09735576923076923
0 0.4855769230769231 0.26322115384615385 0.042067307692307696 0.10096153846153846
0 0.4362980769230769 0.2644230769230769 0.040865384615384616 0.09254807692307693
0 0.3858173076923077 0.25841346153846156 0.04807692307692308 0.09615384615384616
0 0.3329326923076923 0.25600961538461536 0.046875 0.09375
0 0.28125 0.265625 0.04447115384615385 0.07451923076923077
0 0.040865384615384616 0.25841346153846156 0.056490384615384616 0.08173076923076923
0 0.9507211538461539 0.1658653846153846 0.04807692307692308 0.07451923076923077
0 0.8497596153846154 0.15985576923076922 0.04326923076923077 0.07572115384615384
0 0.3161057692307692 0.6802884615384616 0.04326923076923077 0.06850961538461539
0 0.9338942307692307 0.5745192307692307 0.030048076923076924 0.06009615384615385
0 0.8966346153846154 0.578125 0.036057692307692304 0.06971153846153846
0 0.5084134615384616 0.38461538461538464 0.046875 0.07451923076923077
0 0.4579326923076923 0.38221153846153844 0.046875 0.07692307692307693
0 0.20552884615384615 0.3016826923076923 0.03245192307692308 0.046875
0 0.22956730769230768 0.36899038461538464 0.040865384615384616 0.05889423076923077
0 0.18269230769230768 0.3701923076923077 0.03245192307692308 0.05889423076923077
0 0.20072115384615385 0.44711538461538464 0.036057692307692304 0.06850961538461539
0 0.15625 0.46274038461538464 0.042067307692307696 0.09615384615384616
0 0.9747596153846154 0.8425480769230769 0.04927884615384615 0.06009615384615385
0 0.9026442307692307 0.8473557692307693 0.078125 0.056490384615384616
0 0.8149038461538461 0.8485576923076923 0.07451923076923077 0.0625
0 0.7211538461538461 0.8677884615384616 0.09735576923076923 0.06009615384615385
0 0.6262019230769231 0.8737980769230769 0.08413461538461539 0.055288461538461536
0 0.4519230769230769 0.8701923076923077 0.23076923076923078 0.0625
0 0.20793269230769232 0.8774038461538461 0.25 0.051682692307692304
0 0.9819711538461539 0.7415865384615384 0.03485576923076923 0.06009615384615385
0 0.9254807692307693 0.7475961538461539 0.039663461538461536 0.06490384615384616
0 0.7115384615384616 0.578125 0.046875 0.06370192307692307
0 0.6622596153846154 0.5805288461538461 0.04807692307692308 0.06850961538461539
0 0.6141826923076923 0.578125 0.04447115384615385 0.06490384615384616
0 0.5625 0.5805288461538461 0.046875 0.06850961538461539
0 0.515625 0.5817307692307693 0.036057692307692304 0.0673076923076923
0 0.5637019230769231 0.38461538461538464 0.04807692307692308 0.07451923076923077
0 0.6153846153846154 0.3870192307692308 0.052884615384615384 0.07091346153846154
0 0.6694711538461539 0.3870192307692308 0.05048076923076923 0.07451923076923077
0 0.71875 0.3858173076923077 0.04807692307692308 0.0733173076923077
0 0.8641826923076923 0.4855769230769231 0.036057692307692304 0.07451923076923077
0 0.8197115384615384 0.4855769230769231 0.04447115384615385 0.0733173076923077
0 0.7728365384615384 0.48677884615384615 0.04447115384615385 0.07211538461538461
0 0.7259615384615384 0.4855769230769231 0.037259615384615384 0.07091346153846154
0 0.24278846153846154 0.30288461538461536 0.021634615384615384 0.036057692307692304
0 0.6802884615384616 0.48677884615384615 0.052884615384615384 0.0733173076923077
0 0.6286057692307693 0.4879807692307692 0.04326923076923077 0.07211538461538461
0 0.5769230769230769 0.48677884615384615 0.046875 0.07091346153846154
0 0.5240384615384616 0.4855769230769231 0.054086538461538464 0.07451923076923077
0 0.42427884615384615 0.4879807692307692 0.055288461538461536 0.06850961538461539
0 0.41586538461538464 0.5841346153846154 0.04807692307692308 0.06850961538461539
0 0.36899038461538464 0.48197115384615385 0.04927884615384615 0.07932692307692307
0 0.2620192307692308 0.4831730769230769 0.04447115384615385 0.07692307692307693
0 0.030048076923076924 0.4855769230769231 0.054086538461538464 0.08052884615384616
0 0.9603365384615384 0.3870192307692308 0.051682692307692304 0.07211538461538461
0 0.9122596153846154 0.3870192307692308 0.042067307692307696 0.07451923076923077
0 0.8545673076923077 0.578125 0.042067307692307696 0.06971153846153846
0 0.8052884615384616 0.578125 0.04807692307692308 0.0673076923076923
0 0.7584134615384616 0.5805288461538461 0.038461538461538464 0.06490384615384616
0 0.8653846153846154 0.38822115384615385 0.046875 0.06971153846153846
0 0.8185096153846154 0.38822115384615385 0.038461538461538464 0.07572115384615384
0 0.7692307692307693 0.38822115384615385 0.04927884615384615 0.078125
0 0.31490384615384615 0.4855769230769231 0.051682692307692304 0.07451923076923077
0 0.10336538461538461 0.484375 0.036057692307692304 0.1141826923076923