0 0.5528846153846154 0.40865384615384615 0.08774038461538461 0.028846153846153848
0 0.5552884615384616 0.4338942307692308 0.09254807692307693 0.021634615384615384
0 0.6442307692307693 0.42908653846153844 0.09495192307692307 0.03125
0 0.46153846153846156 0.4098557692307692 0.09975961538461539 0.028846153846153848
0 0.4639423076923077 0.4387019230769231 0.09134615384615384 0.025240384615384616
0 0.3713942307692308 0.43990384615384615 0.08774038461538461 0.020432692307692308
0 0.27163461538461536 0.3918269230769231 0.08653846153846154 0.026442307692307692
0 0.36658653846153844 0.39302884615384615 0.09014423076923077 0.02403846153846154
0 0.27884615384615385 0.41586538461538464 0.09615384615384616 0.021634615384615384
0 0.28125 0.4411057692307692 0.0889423076923077 0.018028846153846152
0 0.6466346153846154 0.39903846153846156 0.09975961538461539 0.028846153846153848
0 0.18990384615384615 0.43990384615384615 0.09495192307692307 0.019230769230769232
0 0.17908653846153846 0.390625 0.08653846153846154 0.019230769230769232
0 0.18509615384615385 0.41586538461538464 0.08173076923076923 0.028846153846153848
0 0.3701923076923077 0.4170673076923077 0.08413461538461539 0.02403846153846154
0 0.7439903846153846 0.43149038461538464 0.0985576923076923 0.025240384615384616
0 0.8473557692307693 0.4855769230769231 0.042067307692307696 0.04447115384615385
0 0.8365384615384616 0.42427884615384615 0.08774038461538461 0.028846153846153848
0 0.34975961538461536 0.47836538461538464 0.10216346153846154 0.021634615384615384
0 0.109375 0.39302884615384615 0.052884615384615384 0.06850961538461539
0 0.4050480769230769 0.5072115384615384 0.06370192307692307 0.010817307692307692
0 0.6189903846153846 0.4963942307692308 0.06129807692307692 0.019230769230769232
0 0.6778846153846154 0.49038461538461536 0.055288461538461536 0.03125
0 0.7367788461538461 0.48677884615384615 0.0625 0.039663461538461536
0 0.8004807692307693 0.4855769230769231 0.052884615384615384 0.04567307692307692
0 0.8894230769230769 0.48677884615384615 0.039663461538461536 0.040865384615384616
0 0.9591346153846154 0.3870192307692308 0.07692307692307693 0.021634615384615384
0 0.953125 0.4170673076923077 0.08173076923076923 0.020432692307692308
0 0.9579326923076923 0.44711538461538464 0.0829326923076923 0.025240384615384616
0 0.9579326923076923 0.47716346153846156 0.0829326923076923 0.02283653846153846
0 0.9579326923076923 0.5048076923076923 0.0829326923076923 0.020432692307692308
0 0.9567307692307693 0.5288461538461539 0.08533653846153846 0.02403846153846154
0 0.8473557692307693 0.3954326923076923 0.10817307692307693 0.028846153846153848
0 0.7463942307692307 0.40024038461538464 0.09375 0.03245192307692308
0 0.046875 0.39783653846153844 0.0673076923076923 0.057692307692307696
0 0.49158653846153844 0.18990384615384615 0.052884615384615384 0.09254807692307693
0 0.8605769230769231 0.3173076923076923 0.025240384615384616 0.06009615384615385
0 0.25 0.19110576923076922 0.046875 0.08533653846153846
0 0.29447115384615385 0.1875 0.04447115384615385 0.09134615384615384
0 0.4170673076923077 0.19591346153846154 0.09615384615384616 0.08173076923076923
0 0.5492788461538461 0.18870192307692307 0.06129807692307692 0.09254807692307693
0 0.6117788461538461 0.19230769230769232 0.0625 0.08533653846153846
0 0.6670673076923077 0.19471153846153846 0.046875 0.09014423076923077
0 0.7620192307692307 0.1814903846153846 0.11298076923076923 0.028846153846153848
0 0.7548076923076923 0.2091346153846154 0.109375 0.019230769230769232
0 0.7560096153846154 0.22596153846153846 0.109375 0.016826923076923076
0 0.8918269230769231 0.171875 0.13341346153846154 0.03365384615384615
0 0.8846153846153846 0.19951923076923078 0.14903846153846154 0.02283653846153846
0 0.8774038461538461 0.22115384615384615 0.13581730769230768 0.021634615384615384
0 0.4795673076923077 0.03365384615384615 0.22596153846153846 0.056490384615384616
0 0.3245192307692308 0.5024038461538461 0.09615384615384616 0.020432692307692308
0 0.7632211538461539 0.03125 0.2764423076923077 0.0625
0 0.17427884615384615 0.1935096153846154 0.09615384615384616 0.08413461538461539
0 0.9038461538461539 0.30649038461538464 0.056490384615384616 0.0829326923076923
0 0.19230769230769232 0.12740384615384615 0.08533653846153846 0.04326923076923077
0 0.05048076923076923 0.3112980769230769 0.054086538461538464 0.04807692307692308
0 0.8245192307692307 0.3137019230769231 0.04807692307692308 0.06971153846153846
0 0.7800480769230769 0.3112980769230769 0.038461538461538464 0.07451923076923077
0 0.7367788461538461 0.3173076923076923 0.039663461538461536 0.06850961538461539
0 0.6658653846153846 0.3137019230769231 0.09975961538461539 0.07451923076923077
0 0.5841346153846154 0.3173076923076923 0.0673076923076923 0.06971153846153846
0 0.5120192307692307 0.31490384615384615 0.07572115384615384 0.07572115384615384
0 0.45913461538461536 0.31490384615384615 0.03245192307692308 0.07451923076923077
0 0.41947115384615385 0.31850961538461536 0.04807692307692308 0.06850961538461539
0 0.35216346153846156 0.3004807692307692 0.07932692307692307 0.039663461538461536
0 0.3545673076923077 0.3389423076923077 0.0829326923076923 0.03245192307692308
0 0.28846153846153844 0.31971153846153844 0.04447115384615385 0.0733173076923077
0 0.24519230769230768 0.31850961538461536 0.046875 0.07572115384615384
0 0.19831730769230768 0.31490384615384615 0.038461538461538464 0.08052884615384616
0 0.15144230769230768 0.3137019230769231 0.056490384615384616 0.08533653846153846
0 0.09975961538461539 0.31009615384615385 0.046875 0.055288461538461536
0 0.07572115384615384 0.1971153846153846 0.09134615384615384 0.0733173076923077
0 0.2512019230769231 0.49158653846153844 0.05889423076923077 0.03485576923076923
0 0.6274038461538461 0.7884615384615384 0.028846153846153848 0.0673076923076923
0 0.10576923076923077 0.4855769230769231 0.037259615384615384 0.05889423076923077
0 0.7163461538461539 0.7896634615384616 0.025240384615384616 0.06370192307692307
0 0.6875 0.7884615384615384 0.027644230769230768 0.06610576923076923
0 0.6586538461538461 0.7896634615384616 0.03125 0.0673076923076923
0 0.296875 0.027644230769230768 0.09735576923076923 0.05048076923076923
0 0.6033653846153846 0.7908653846153846 0.021634615384615384 0.06971153846153846
0 0.5769230769230769 0.7944711538461539 0.03125 0.0625
0 0.41947115384615385 0.7920673076923077 0.04807692307692308 0.057692307692307696
0 0.29447115384615385 0.7956730769230769 0.0625 0.06370192307692307
0 0.23798076923076922 0.7992788461538461 0.04927884615384615 0.055288461538461536
0 0.16105769230769232 0.8112980769230769 0.09134615384615384 0.036057692307692304
0 0.0625 0.8052884615384616 0.09975961538461539 0.052884615384615384
0 0.02403846153846154 0.7331730769230769 0.046875 0.040865384615384616
0 0.3737980769230769 0.7259615384615384 0.057692307692307696 0.036057692307692304
0 0.4338942307692308 0.7235576923076923 0.06129807692307692 0.039663461538461536
0 0.4879807692307692 0.7235576923076923 0.04807692307692308 0.036057692307692304
0 0.7439903846153846 0.7896634615384616 0.030048076923076924 0.06370192307692307
0 0.5564903846153846 0.7247596153846154 0.08052884615384616 0.03365384615384615
0 0.7728365384615384 0.7896634615384616 0.02403846153846154 0.0625
0 0.8954326923076923 0.7980769230769231 0.06009615384615385 0.04807692307692308
0 0.04807692307692308 0.8918269230769231 0.07572115384615384 0.04927884615384615
0 0.13822115384615385 0.8846153846153846 0.046875 0.0673076923076923
0 0.22596153846153846 0.8641826923076923 0.07692307692307693 0.020432692307692308
0 0.21033653846153846 0.8990384615384616 0.07211538461538461 0.04567307692307692
0 0.27163461538461536 0.8978365384615384 0.04927884615384615 0.04807692307692308
0 0.3293269230769231 0.8858173076923077 0.0625 0.055288461538461536
0 0.4567307692307692 0.8798076923076923 0.06129807692307692 0.06129807692307692
0 0.5072115384615384 0.890625 0.039663461538461536 0.038461538461538464
0 0.5637019230769231 0.8846153846153846 0.054086538461538464 0.05048076923076923
0 0.6213942307692307 0.8858173076923077 0.06129807692307692 0.04927884615384615
0 0.6838942307692307 0.8858173076923077 0.06370192307692307 0.05048076923076923
0 0.7451923076923077 0.8786057692307693 0.057692307692307696 0.06610576923076923
0 0.8112980769230769 0.8798076923076923 0.06490384615384616 0.04567307692307692
0 0.8870192307692307 0.8822115384615384 0.06850961538461539 0.036057692307692304
0 0.8786057692307693 0.8509615384615384 0.0889423076923077 0.018028846153846152
0 0.8233173076923077 0.7920673076923077 0.0829326923076923 0.06009615384615385
0 0.18509615384615385 0.49038461538461536 0.07572115384615384 0.037259615384615384
0 0.6538461538461539 0.7211538461538461 0.0829326923076923 0.039663461538461536
0 0.7980769230769231 0.71875 0.06850961538461539 0.036057692307692304
0 0.8100961538461539 0.5661057692307693 0.06009615384615385 0.04927884615384615
0 0.7512019230769231 0.5649038461538461 0.05889423076923077 0.04927884615384615
0 0.6899038461538461 0.5661057692307693 0.06129807692307692 0.04927884615384615
0 0.6346153846153846 0.5649038461538461 0.051682692307692304 0.052884615384615384
0 0.5841346153846154 0.5673076923076923 0.046875 0.06129807692307692
0 0.5324519230769231 0.5721153846153846 0.057692307692307696 0.055288461538461536
0 0.45913461538461536 0.578125 0.0889423076923077 0.04567307692307692
0 0.38221153846153844 0.5733173076923077 0.06370192307692307 0.051682692307692304
0 0.31490384615384615 0.5745192307692307 0.06971153846153846 0.054086538461538464
0 0.24278846153846154 0.5745192307692307 0.07692307692307693 0.054086538461538464
0 0.17427884615384615 0.5745192307692307 0.06009615384615385 0.056490384615384616
0 0.10096153846153846 0.5745192307692307 0.09134615384615384 0.051682692307692304
0 0.028846153846153848 0.5793269230769231 0.054086538461538464 0.04447115384615385
0 0.014423076923076924 0.4855769230769231 0.026442307692307692 0.057692307692307696
0 0.057692307692307696 0.4879807692307692 0.06009615384615385 0.056490384615384616
0 0.96875 0.5745192307692307 0.06129807692307692 0.07091346153846154
0 0.7283653846153846 0.71875 0.0673076923076923 0.03365384615384615
0 0.030048076923076924 0.6826923076923077 0.056490384615384616 0.03125
0 0.1141826923076923 0.6514423076923077 0.10576923076923077 0.030048076923076924
0 0.8737980769230769 0.7199519230769231 0.08653846153846154 0.039663461538461536
0 0.9086538461538461 0.6598557692307693 0.051682692307692304 0.025240384615384616
0 0.8413461538461539 0.6586538461538461 0.08173076923076923 0.027644230769230768
0 0.7608173076923077 0.6598557692307693 0.08173076923076923 0.030048076923076924
0 0.6538461538461539 0.6538461538461539 0.10336538461538461 0.027644230769230768
0 0.5817307692307693 0.6478365384615384 0.051682692307692304 0.06129807692307692
0 0.53125 0.6466346153846154 0.04927884615384615 0.06490384615384616
0 0.4579326923076923 0.6334134615384616 0.08533653846153846 0.03125
0 0.46274038461538464 0.6670673076923077 0.09495192307692307 0.03365384615384615
0 0.38461538461538464 0.6454326923076923 0.057692307692307696 0.06129807692307692
0 0.3389423076923077 0.6466346153846154 0.03365384615384615 0.06009615384615385
0 0.2800480769230769 0.6610576923076923 0.0829326923076923 0.03365384615384615
0 0.2848557692307692 0.6346153846153846 0.07451923076923077 0.019230769230769232
0 0.20192307692307693 0.6658653846153846 0.078125 0.038461538461538464
0 0.11177884615384616 0.6754807692307693 0.10096153846153846 0.018028846153846152
0 0.03485576923076923 0.6454326923076923 0.06971153846153846 0.036057692307692304
0 0.16466346153846154 0.02403846153846154 0.17427884615384615 0.04807692307692308
0 0.53125 0.7956730769230769 0.06009615384615385 0.06490384615384616