0 0.5096153846153846 0.28966346153846156 0.08052884615384616 0.06850961538461539
0 0.8485576923076923 0.29447115384615385 0.04927884615384615 0.05048076923076923
0 0.421875 0.2920673076923077 0.08413461538461539 0.06850961538461539
0 0.5985576923076923 0.28725961538461536 0.08173076923076923 0.07451923076923077
0 0.6911057692307693 0.2764423076923077 0.0889423076923077 0.08533653846153846
0 0.7596153846153846 0.2704326923076923 0.042067307692307696 0.09375
0 0.8004807692307693 0.27283653846153844 0.037259615384615384 0.09375
0 0.9014423076923077 0.2932692307692308 0.056490384615384616 0.05048076923076923
0 0.921875 0.875 0.057692307692307696 0.14783653846153846
0 0.9879807692307693 0.24759615384615385 0.02283653846153846 0.0829326923076923
0 0.9615384615384616 0.3894230769230769 0.07572115384615384 0.08774038461538461
0 0.9747596153846154 0.8737980769230769 0.04807692307692308 0.14423076923076922
0 0.8581730769230769 0.8858173076923077 0.0625 0.11538461538461539
0 0.7920673076923077 0.8810096153846154 0.06490384615384616 0.11658653846153846
0 0.7295673076923077 0.8786057692307693 0.051682692307692304 0.1141826923076923
0 0.3557692307692308 0.29447115384615385 0.036057692307692304 0.06490384615384616
0 0.9543269230769231 0.25600961538461536 0.037259615384615384 0.0733173076923077
0 0.3112980769230769 0.2956730769230769 0.036057692307692304 0.06971153846153846
0 0.2512019230769231 0.41586538461538464 0.046875 0.06610576923076923
0 0.19110576923076922 0.296875 0.04326923076923077 0.06971153846153846
0 0.6790865384615384 0.8689903846153846 0.036057692307692304 0.1201923076923077
0 0.34134615384615385 0.1466346153846154 0.056490384615384616 0.0985576923076923
0 0.39903846153846156 0.14543269230769232 0.057692307692307696 0.1045673076923077
0 0.45552884615384615 0.15625 0.04927884615384615 0.08173076923076923
0 0.5060096153846154 0.16105769230769232 0.042067307692307696 0.0673076923076923
0 0.5516826923076923 0.15264423076923078 0.042067307692307696 0.07692307692307693
0 0.5961538461538461 0.1502403846153846 0.04807692307692308 0.07692307692307693
0 0.27163461538461536 0.2932692307692308 0.039663461538461536 0.0673076923076923
0 0.6478365384615384 0.15384615384615385 0.04447115384615385 0.06971153846153846
0 0.7475961538461539 0.14302884615384615 0.04567307692307692 0.08052884615384616
0 0.796875 0.14182692307692307 0.04927884615384615 0.07692307692307693
0 0.8497596153846154 0.140625 0.05048076923076923 0.07932692307692307
0 0.9002403846153846 0.13822115384615385 0.05048076923076923 0.08413461538461539
0 0.9639423076923077 0.13221153846153846 0.07091346153846154 0.08533653846153846
0 0.109375 0.296875 0.036057692307692304 0.06971153846153846
0 0.14783653846153846 0.2980769230769231 0.039663461538461536 0.06971153846153846
0 0.6947115384615384 0.15144230769230768 0.046875 0.06610576923076923
0 0.21153846153846154 0.4170673076923077 0.03245192307692308 0.06370192307692307
0 0.6394230769230769 0.8713942307692307 0.039663461538461536 0.11658653846153846
0 0.5576923076923077 0.8629807692307693 0.03245192307692308 0.11778846153846154
0 0.5336538461538461 0.5348557692307693 0.05048076923076923 0.08173076923076923
0 0.5829326923076923 0.5360576923076923 0.040865384615384616 0.078125
0 0.6298076923076923 0.5384615384615384 0.05048076923076923 0.0829326923076923
0 0.6850961538461539 0.5348557692307693 0.054086538461538464 0.0889423076923077
0 0.7391826923076923 0.5396634615384616 0.04927884615384615 0.09134615384615384
0 0.7908653846153846 0.5625 0.040865384615384616 0.040865384615384616
0 0.859375 0.5480769230769231 0.07091346153846154 0.0733173076923077
0 0.15985576923076922 0.625 0.06610576923076923 0.0673076923076923
0 0.234375 0.6514423076923077 0.046875 0.027644230769230768
0 0.2956730769230769 0.6310096153846154 0.04927884615384615 0.0673076923076923
0 0.3557692307692308 0.6225961538461539 0.052884615384615384 0.054086538461538464
0 0.40625 0.6442307692307693 0.04567307692307692 0.057692307692307696
0 0.46274038461538464 0.6394230769230769 0.06009615384615385 0.07211538461538461
0 0.5288461538461539 0.6442307692307693 0.06129807692307692 0.06971153846153846
0 0.5913461538461539 0.6490384615384616 0.05889423076923077 0.06490384615384616
0 0.7115384615384616 0.6430288461538461 0.038461538461538464 0.057692307692307696
0 0.7536057692307693 0.6454326923076923 0.04567307692307692 0.055288461538461536
0 0.4855769230769231 0.53125 0.036057692307692304 0.07211538461538461
0 0.7944711538461539 0.6346153846153846 0.03485576923076923 0.046875
0 0.44471153846153844 0.5300480769230769 0.036057692307692304 0.07932692307692307
0 0.34134615384615385 0.5348557692307693 0.036057692307692304 0.06971153846153846
0 0.29927884615384615 0.4182692307692308 0.04927884615384615 0.0673076923076923
0 0.35096153846153844 0.4170673076923077 0.052884615384615384 0.0673076923076923
0 0.4014423076923077 0.4170673076923077 0.039663461538461536 0.07091346153846154
0 0.44591346153846156 0.41586538461538464 0.04567307692307692 0.07091346153846154
0 0.5024038461538461 0.41466346153846156 0.04567307692307692 0.07451923076923077
0 0.5528846153846154 0.41346153846153844 0.05048076923076923 0.0733173076923077
0 0.6033653846153846 0.41466346153846156 0.05048076923076923 0.07572115384615384
0 0.6598557692307693 0.4170673076923077 0.042067307692307696 0.07211538461538461
0 0.7139423076923077 0.41466346153846156 0.054086538461538464 0.07572115384615384
0 0.7680288461538461 0.41586538461538464 0.054086538461538464 0.07692307692307693
0 0.8305288461538461 0.4170673076923077 0.052884615384615384 0.078125
0 0.8870192307692307 0.4170673076923077 0.052884615384615384 0.0733173076923077
0 0.9471153846153846 0.49038461538461536 0.0625 0.06009615384615385
0 0.9423076923076923 0.5540865384615384 0.0733173076923077 0.06610576923076923
0 0.140625 0.5276442307692307 0.06009615384615385 0.06610576923076923
0 0.20793269230769232 0.53125 0.055288461538461536 0.07451923076923077
0 0.265625 0.5348557692307693 0.042067307692307696 0.06850961538461539
0 0.38221153846153844 0.53125 0.040865384615384616 0.07572115384615384
0 0.5961538461538461 0.8641826923076923 0.038461538461538464 0.11658653846153846
0 0.8329326923076923 0.6310096153846154 0.036057692307692304 0.04326923076923077
0 0.9735576923076923 0.7007211538461539 0.05048076923076923 0.09254807692307693
0 0.796875 0.7608173076923077 0.027644230769230768 0.05048076923076923
0 0.8233173076923077 0.7572115384615384 0.021634615384615384 0.04927884615384615
0 0.8713942307692307 0.7319711538461539 0.03485576923076923 0.02283653846153846
0 0.8569711538461539 0.7692307692307693 0.03245192307692308 0.051682692307692304
0 0.8870192307692307 0.7680288461538461 0.028846153846153848 0.05048076923076923
0 0.1466346153846154 0.8341346153846154 0.025240384615384616 0.0985576923076923
0 0.17548076923076922 0.8365384615384616 0.028846153846153848 0.09495192307692307
0 0.2091346153846154 0.8389423076923077 0.036057692307692304 0.10336538461538461
0 0.24278846153846154 0.8401442307692307 0.030048076923076924 0.09735576923076923
0 0.27524038461538464 0.84375 0.027644230769230768 0.10576923076923077
0 0.30528846153846156 0.84375 0.03365384615384615 0.1045673076923077
0 0.33774038461538464 0.8473557692307693 0.026442307692307692 0.10697115384615384
0 0.36899038461538464 0.8485576923076923 0.03125 0.10817307692307693
0 0.39783653846153844 0.8485576923076923 0.026442307692307692 0.1045673076923077
0 0.4338942307692308 0.8509615384615384 0.03365384615384615 0.11778846153846154
0 0.4723557692307692 0.8737980769230769 0.04326923076923077 0.07451923076923077
0 0.5144230769230769 0.8653846153846154 0.037259615384615384 0.09375
0 0.7584134615384616 0.7451923076923077 0.025240384615384616 0.04927884615384615
0 0.9266826923076923 0.6983173076923077 0.04326923076923077 0.09975961538461539
0 0.7307692307692307 0.7403846153846154 0.025240384615384616 0.042067307692307696
0 0.6766826923076923 0.7716346153846154 0.027644230769230768 0.02283653846153846
0 0.14543269230769232 0.7247596153846154 0.04447115384615385 0.05048076923076923
0 0.14903846153846154 0.4170673076923077 0.051682692307692304 0.06610576923076923
0 0.24278846153846154 0.7271634615384616 0.02403846153846154 0.04567307692307692
0 0.2668269230769231 0.7127403846153846 0.02403846153846154 0.038461538461538464
0 0.3004807692307692 0.7103365384615384 0.025240384615384616 0.037259615384615384
0 0.328125 0.7307692307692307 0.026442307692307692 0.042067307692307696
0 0.35336538461538464 0.7295673076923077 0.02283653846153846 0.046875
0 0.3762019230769231 0.7331730769230769 0.021634615384615384 0.05048076923076923
0 0.40024038461538464 0.7355769230769231 0.026442307692307692 0.05048076923076923
0 0.42908653846153844 0.7307692307692307 0.026442307692307692 0.04807692307692308
0 0.4567307692307692 0.7259615384615384 0.018028846153846152 0.04326923076923077
0 0.4807692307692308 0.7379807692307693 0.027644230769230768 0.04567307692307692
0 0.5060096153846154 0.7331730769230769 0.021634615384615384 0.04807692307692308
0 0.5528846153846154 0.7391826923076923 0.06490384615384616 0.07451923076923077
0 0.6225961538461539 0.7439903846153846 0.07692307692307693 0.078125
0 0.6754807692307693 0.7475961538461539 0.03125 0.02403846153846154
0 0.7055288461538461 0.7475961538461539 0.025240384615384616 0.026442307692307692
0 0.7055288461538461 0.7728365384615384 0.030048076923076924 0.02403846153846154
0 0.19110576923076922 0.7271634615384616 0.04447115384615385 0.04567307692307692
0 0.16947115384615385 0.15625 0.12259615384615384 0.09735576923076923
0 0.27403846153846156 0.15745192307692307 0.0733173076923077 0.08173076923076923