0 0.8725961538461539 0.23677884615384615 0.027644230769230768 0.046875
0 0.9002403846153846 0.23677884615384615 0.027644230769230768 0.046875
0 0.9278846153846154 0.23677884615384615 0.021634615384615384 0.04447115384615385
0 0.9627403846153846 0.22956730769230768 0.046875 0.06009615384615385
0 0.6586538461538461 0.20552884615384615 0.051682692307692304 0.06370192307692307
0 0.018028846153846152 0.5877403846153846 0.028846153846153848 0.0985576923076923
0 0.18990384615384615 0.31490384615384615 0.04447115384615385 0.11538461538461539
0 0.13822115384615385 0.3161057692307692 0.05889423076923077 0.1141826923076923
0 0.08052884615384616 0.3112980769230769 0.05048076923076923 0.109375
0 0.027644230769230768 0.3112980769230769 0.05048076923076923 0.109375
0 0.9735576923076923 0.4387019230769231 0.04567307692307692 0.09375
0 0.8930288461538461 0.4362980769230769 0.040865384615384616 0.09735576923076923
0 0.8485576923076923 0.4387019230769231 0.04807692307692308 0.09495192307692307
0 0.7992788461538461 0.4375 0.040865384615384616 0.10336538461538461
0 0.7608173076923077 0.44350961538461536 0.036057692307692304 0.09975961538461539
0 0.71875 0.44350961538461536 0.04807692307692308 0.0985576923076923
0 0.7668269230769231 0.22115384615384615 0.036057692307692304 0.056490384615384616
0 0.8004807692307693 0.22355769230769232 0.03125 0.051682692307692304
0 0.7355769230769231 0.21875 0.02283653846153846 0.051682692307692304
0 0.8257211538461539 0.22716346153846154 0.016826923076923076 0.055288461538461536
0 0.6670673076923077 0.43990384615384615 0.039663461538461536 0.10096153846153846
0 0.6225961538461539 0.4423076923076923 0.05048076923076923 0.09615384615384616
0 0.5697115384615384 0.4567307692307692 0.046875 0.06971153846153846
0 0.5108173076923077 0.44591346153846156 0.03485576923076923 0.10216346153846154
0 0.4699519230769231 0.44591346153846156 0.042067307692307696 0.10096153846153846
0 0.421875 0.44350961538461536 0.04927884615384615 0.09735576923076923
0 0.3713942307692308 0.44711538461538464 0.039663461538461536 0.09495192307692307
0 0.3245192307692308 0.44471153846153844 0.04567307692307692 0.10096153846153846
0 0.2764423076923077 0.4567307692307692 0.040865384615384616 0.07572115384615384
0 0.234375 0.45913461538461536 0.037259615384615384 0.0733173076923077
0 0.19230769230769232 0.44350961538461536 0.040865384615384616 0.10697115384615384
0 0.14903846153846154 0.44471153846153844 0.04326923076923077 0.10697115384615384
0 0.8461538461538461 0.23317307692307693 0.02403846153846154 0.040865384615384616
0 0.10336538461538461 0.44591346153846156 0.04567307692307692 0.109375
0 0.23798076923076922 0.31971153846153844 0.04807692307692308 0.10216346153846154
0 0.34134615384615385 0.328125 0.046875 0.09014423076923077
0 0.6045673076923077 0.20793269230769232 0.04807692307692308 0.0673076923076923
0 0.5600961538461539 0.21875 0.03485576923076923 0.037259615384615384
0 0.5276442307692307 0.20192307692307693 0.02403846153846154 0.07692307692307693
0 0.49759615384615385 0.20072115384615385 0.03125 0.07572115384615384
0 0.47115384615384615 0.19951923076923078 0.02283653846153846 0.07451923076923077
0 0.44350961538461536 0.19110576923076922 0.036057692307692304 0.09134615384615384
0 0.40865384615384615 0.18870192307692307 0.030048076923076924 0.08533653846153846
0 0.3701923076923077 0.18870192307692307 0.042067307692307696 0.08413461538461539
0 0.31971153846153844 0.17427884615384615 0.056490384615384616 0.11298076923076923
0 0.25961538461538464 0.17548076923076922 0.0625 0.11057692307692307
0 0.2091346153846154 0.19230769230769232 0.027644230769230768 0.0733173076923077
0 0.16826923076923078 0.17668269230769232 0.054086538461538464 0.10697115384615384
0 0.28846153846153844 0.3173076923076923 0.04927884615384615 0.11057692307692307
0 0.11538461538461539 0.1778846153846154 0.051682692307692304 0.09975961538461539
0 0.9699519230769231 0.3329326923076923 0.04447115384615385 0.07572115384615384
0 0.9266826923076923 0.3269230769230769 0.036057692307692304 0.09615384615384616
0 0.8822115384615384 0.3269230769230769 0.030048076923076924 0.09014423076923077
0 0.8401442307692307 0.32572115384615385 0.055288461538461536 0.09254807692307693
0 0.7644230769230769 0.32572115384615385 0.054086538461538464 0.0985576923076923
0 0.7139423076923077 0.3329326923076923 0.04326923076923077 0.0889423076923077
0 0.6646634615384616 0.33052884615384615 0.052884615384615384 0.08653846153846154
0 0.6165865384615384 0.3161057692307692 0.04326923076923077 0.1141826923076923
0 0.5685096153846154 0.31490384615384615 0.055288461538461536 0.11177884615384616
0 0.5108173076923077 0.31971153846153844 0.055288461538461536 0.1045673076923077
0 0.4543269230769231 0.32091346153846156 0.056490384615384616 0.10817307692307693
0 0.39663461538461536 0.31971153846153844 0.056490384615384616 0.109375
0 0.05048076923076923 0.17548076923076922 0.06610576923076923 0.1045673076923077
0 0.7043269230769231 0.20673076923076922 0.03485576923076923 0.07572115384615384
0 0.054086538461538464 0.44591346153846156 0.04807692307692308 0.10697115384615384
0 0.9242788461538461 0.5661057692307693 0.03485576923076923 0.07572115384615384
0 0.47475961538461536 0.6850961538461539 0.04447115384615385 0.0889423076923077
0 0.43149038461538464 0.6634615384615384 0.03365384615384615 0.06370192307692307
0 0.3918269230769231 0.6634615384615384 0.039663461538461536 0.0673076923076923
0 0.34975961538461536 0.7067307692307693 0.042067307692307696 0.055288461538461536
0 0.30649038461538464 0.7211538461538461 0.042067307692307696 0.03485576923076923
0 0.2608173076923077 0.7199519230769231 0.04807692307692308 0.04326923076923077
0 0.20432692307692307 0.7223557692307693 0.057692307692307696 0.038461538461538464
0 0.14903846153846154 0.7091346153846154 0.04447115384615385 0.07451923076923077
0 0.0985576923076923 0.7091346153846154 0.04326923076923077 0.07692307692307693
0 0.036057692307692304 0.7055288461538461 0.056490384615384616 0.09134615384615384
0 0.9747596153846154 0.7776442307692307 0.040865384615384616 0.109375
0 0.9302884615384616 0.7728365384615384 0.040865384615384616 0.10576923076923077
0 0.5168269230769231 0.6814903846153846 0.037259615384615384 0.09615384615384616
0 0.8846153846153846 0.7788461538461539 0.052884615384615384 0.09615384615384616
0 0.7620192307692307 0.7896634615384616 0.038461538461538464 0.10216346153846154
0 0.7175480769230769 0.7956730769230769 0.05048076923076923 0.1141826923076923
0 0.6069711538461539 0.7992788461538461 0.05048076923076923 0.09975961538461539
0 0.5504807692307693 0.7992788461538461 0.06129807692307692 0.10336538461538461
0 0.4879807692307692 0.8064903846153846 0.06370192307692307 0.11778846153846154
0 0.4266826923076923 0.8173076923076923 0.05889423076923077 0.09975961538461539
0 0.3629807692307692 0.8185096153846154 0.06129807692307692 0.10336538461538461
0 0.2920673076923077 0.8197115384615384 0.07572115384615384 0.10216346153846154
0 0.1658653846153846 0.8317307692307693 0.06129807692307692 0.10697115384615384
0 0.10096153846153846 0.8341346153846154 0.056490384615384616 0.109375
0 0.037259615384615384 0.8365384615384616 0.06850961538461539 0.1141826923076923
0 0.04807692307692308 0.5625 0.030048076923076924 0.09134615384615384
0 0.8028846153846154 0.7860576923076923 0.040865384615384616 0.11057692307692307
0 0.9615384615384616 0.5637019230769231 0.03365384615384615 0.0829326923076923
0 0.5492788461538461 0.6790865384615384 0.026442307692307692 0.09375
0 0.6598557692307693 0.6742788461538461 0.03365384615384615 0.09254807692307693
0 0.8834134615384616 0.5637019230769231 0.039663461538461536 0.09495192307692307
0 0.8449519230769231 0.5673076923076923 0.038461538461538464 0.08774038461538461
0 0.7944711538461539 0.5420673076923077 0.03125 0.0829326923076923
0 0.7632211538461539 0.5480769230769231 0.027644230769230768 0.07451923076923077
0 0.7331730769230769 0.5625 0.028846153846153848 0.0985576923076923
0 0.6947115384615384 0.5661057692307693 0.04326923076923077 0.09134615384615384
0 0.6526442307692307 0.5673076923076923 0.038461538461538464 0.09375
0 0.6105769230769231 0.5697115384615384 0.04567307692307692 0.08774038461538461
0 0.5625 0.5733173076923077 0.039663461538461536 0.09495192307692307
0 0.5168269230769231 0.5709134615384616 0.05048076923076923 0.10096153846153846
0 0.4639423076923077 0.5516826923076923 0.036057692307692304 0.09014423076923077
0 0.42427884615384615 0.5757211538461539 0.037259615384615384 0.09615384615384616
0 0.6225961538461539 0.6730769230769231 0.02283653846153846 0.09014423076923077
0 0.34134615384615385 0.5745192307692307 0.04567307692307692 0.10336538461538461
0 0.25240384615384615 0.578125 0.046875 0.0985576923076923
0 0.203125 0.5805288461538461 0.04447115384615385 0.09735576923076923
0 0.15745192307692307 0.5793269230769231 0.04326923076923077 0.10096153846153846
0 0.10697115384615384 0.5829326923076923 0.055288461538461536 0.09254807692307693
0 0.9771634615384616 0.6706730769230769 0.036057692307692304 0.06490384615384616
0 0.9314903846153846 0.6598557692307693 0.026442307692307692 0.09014423076923077
0 0.8966346153846154 0.6610576923076923 0.037259615384615384 0.08774038461538461
0 0.8581730769230769 0.6682692307692307 0.040865384615384616 0.08653846153846154
0 0.8161057692307693 0.6694711538461539 0.038461538461538464 0.08533653846153846
0 0.7764423076923077 0.6670673076923077 0.038461538461538464 0.09254807692307693
0 0.7355769230769231 0.6682692307692307 0.02283653846153846 0.09615384615384616
0 0.6995192307692307 0.6742788461538461 0.039663461538461536 0.09134615384615384
0 0.2956730769230769 0.578125 0.040865384615384616 0.10336538461538461
0 0.5913461538461539 0.6790865384615384 0.037259615384615384 0.10576923076923077
0 0.3870192307692308 0.5769230769230769 0.037259615384615384 0.09134615384615384