0 0.8209134615384616 0.12740384615384615 0.04447115384615385 0.14182692307692307
0 0.7788461538461539 0.6935096153846154 0.09134615384615384 0.039663461538461536
0 0.7836538461538461 0.6502403846153846 0.0985576923076923 0.042067307692307696
0 0.7824519230769231 0.6069711538461539 0.08653846153846154 0.039663461538461536
0 0.8653846153846154 0.7139423076923077 0.07692307692307693 0.04447115384615385
0 0.8689903846153846 0.6706730769230769 0.07572115384615384 0.038461538461538464
0 0.8701923076923077 0.6322115384615384 0.07451923076923077 0.038461538461538464
0 0.8701923076923077 0.5901442307692307 0.078125 0.038461538461538464
0 0.9471153846153846 0.6911057692307693 0.07572115384615384 0.03485576923076923
0 0.9471153846153846 0.6550480769230769 0.07091346153846154 0.03245192307692308
0 0.9495192307692307 0.6165865384615384 0.07451923076923077 0.039663461538461536
0 0.9543269230769231 0.5733173076923077 0.07572115384615384 0.042067307692307696
0 0.9795673076923077 0.5180288461538461 0.039663461538461536 0.039663461538461536
0 0.9819711538461539 0.47475961538461536 0.03125 0.040865384615384616
0 0.9350961538461539 0.5228365384615384 0.03365384615384615 0.039663461538461536
0 0.8942307692307693 0.5324519230769231 0.04567307692307692 0.03485576923076923
0 0.9387019230769231 0.47836538461538464 0.038461538461538464 0.04567307692307692
0 0.8990384615384616 0.48677884615384615 0.036057692307692304 0.04567307692307692
0 0.7776442307692307 0.7391826923076923 0.09134615384615384 0.042067307692307696
0 0.8605769230769231 0.49038461538461536 0.037259615384615384 0.046875
0 0.6971153846153846 0.6213942307692307 0.057692307692307696 0.046875
0 0.6899038461538461 0.7067307692307693 0.051682692307692304 0.038461538461538464
0 0.47836538461538464 0.8185096153846154 0.05889423076923077 0.04567307692307692
0 0.47716346153846156 0.765625 0.056490384615384616 0.055288461538461536
0 0.47115384615384615 0.7151442307692307 0.06009615384615385 0.04567307692307692
0 0.4675480769230769 0.6622596153846154 0.055288461538461536 0.052884615384615384
0 0.5372596153846154 0.7980769230769231 0.055288461538461536 0.04326923076923077
0 0.5348557692307693 0.7487980769230769 0.052884615384615384 0.05048076923076923
0 0.53125 0.7007211538461539 0.057692307692307696 0.04567307692307692
0 0.5288461538461539 0.6526442307692307 0.06009615384615385 0.04447115384615385
0 0.5913461538461539 0.7800480769230769 0.05048076923076923 0.046875
0 0.5853365384615384 0.7295673076923077 0.042067307692307696 0.04927884615384615
0 0.5853365384615384 0.6826923076923077 0.04567307692307692 0.038461538461538464
0 0.5841346153846154 0.6370192307692307 0.04927884615384615 0.046875
0 0.640625 0.7596153846153846 0.04326923076923077 0.042067307692307696
0 0.6346153846153846 0.7163461538461539 0.05048076923076923 0.04326923076923077
0 0.6346153846153846 0.6730769230769231 0.04807692307692308 0.036057692307692304
0 0.640625 0.6237980769230769 0.054086538461538464 0.037259615384615384
0 0.6911057692307693 0.7487980769230769 0.052884615384615384 0.04326923076923077
0 0.6887019230769231 0.6646634615384616 0.04927884615384615 0.036057692307692304
0 0.8473557692307693 0.5408653846153846 0.04447115384615385 0.03485576923076923
0 0.7980769230769231 0.5492788461538461 0.04326923076923077 0.037259615384615384
0 0.7487980769230769 0.5552884615384616 0.04927884615384615 0.038461538461538464
0 0.018028846153846152 0.5012019230769231 0.036057692307692304 0.10336538461538461
0 0.06009615384615385 0.4987980769230769 0.04807692307692308 0.0889423076923077
0 0.28365384615384615 0.47716346153846156 0.042067307692307696 0.08173076923076923
0 0.2403846153846154 0.48197115384615385 0.039663461538461536 0.0829326923076923
0 0.20072115384615385 0.4879807692307692 0.036057692307692304 0.0829326923076923
0 0.15745192307692307 0.49158653846153844 0.04927884615384615 0.08533653846153846
0 0.1141826923076923 0.49278846153846156 0.038461538461538464 0.09615384615384616
0 0.203125 0.42788461538461536 0.037259615384615384 0.03125
0 0.15865384615384615 0.43509615384615385 0.046875 0.02403846153846154
0 0.15264423076923078 0.4026442307692308 0.039663461538461536 0.02403846153846154
0 0.19831730769230768 0.4014423076923077 0.038461538461538464 0.021634615384615384
0 0.23798076923076922 0.39783653846153844 0.037259615384615384 0.025240384615384616
0 0.24519230769230768 0.4266826923076923 0.030048076923076924 0.02403846153846154
0 0.2848557692307692 0.4230769230769231 0.038461538461538464 0.02283653846153846
0 0.2800480769230769 0.3954326923076923 0.036057692307692304 0.02283653846153846
0 0.32572115384615385 0.46033653846153844 0.039663461538461536 0.10817307692307693
0 0.36658653846153844 0.4579326923076923 0.038461538461538464 0.10096153846153846
0 0.05889423076923077 0.5997596153846154 0.09254807692307693 0.0625
0 0.07091346153846154 0.6670673076923077 0.09495192307692307 0.0673076923076923
0 0.17307692307692307 0.59375 0.09615384615384616 0.054086538461538464
0 0.25721153846153844 0.5793269230769231 0.07451923076923077 0.056490384615384616
0 0.8185096153846154 0.4987980769230769 0.04447115384615385 0.04447115384615385
0 0.7680288461538461 0.5084134615384616 0.052884615384615384 0.046875
0 0.6514423076923077 0.5685096153846154 0.04807692307692308 0.052884615384615384
0 0.7007211538461539 0.5625 0.04567307692307692 0.05048076923076923
0 0.7019230769230769 0.5120192307692307 0.04807692307692308 0.04807692307692308
0 0.6490384615384616 0.5168269230769231 0.05048076923076923 0.04807692307692308
0 0.5961538461538461 0.5805288461538461 0.056490384615384616 0.046875
0 0.5949519230769231 0.5276442307692307 0.057692307692307696 0.04567307692307692
0 0.40625 0.6838942307692307 0.06370192307692307 0.051682692307692304
0 0.33413461538461536 0.6274038461538461 0.07211538461538461 0.057692307692307696
0 0.7740384615384616 0.125 0.04807692307692308 0.1466346153846154
0 0.5324519230769231 0.5901442307692307 0.056490384615384616 0.04807692307692308
0 0.5336538461538461 0.5348557692307693 0.05889423076923077 0.051682692307692304
0 0.4699519230769231 0.5456730769230769 0.06129807692307692 0.052884615384615384
0 0.40384615384615385 0.5552884615384616 0.0625 0.052884615384615384
0 0.33413461538461536 0.5685096153846154 0.0733173076923077 0.057692307692307696
0 0.25600961538461536 0.6358173076923077 0.06850961538461539 0.055288461538461536
0 0.16826923076923078 0.6538461538461539 0.09014423076923077 0.06129807692307692
0 0.4026442307692308 0.609375 0.057692307692307696 0.04927884615384615
0 0.40865384615384615 0.734375 0.0625 0.04326923076923077
0 0.4699519230769231 0.5997596153846154 0.06370192307692307 0.04927884615384615
0 0.41586538461538464 0.8329326923076923 0.06129807692307692 0.04567307692307692
0 0.5072115384615384 0.27884615384615385 0.057692307692307696 0.15625
0 0.5625 0.2764423076923077 0.055288461538461536 0.15264423076923078
0 0.6153846153846154 0.2776442307692308 0.046875 0.1466346153846154
0 0.6670673076923077 0.27403846153846156 0.051682692307692304 0.13942307692307693
0 0.7199519230769231 0.2764423076923077 0.05048076923076923 0.13701923076923078
0 0.7584134615384616 0.2439903846153846 0.016826923076923076 0.0733173076923077
0 0.09735576923076923 0.8052884615384616 0.0829326923076923 0.054086538461538464
0 0.025240384615384616 0.8173076923076923 0.05048076923076923 0.057692307692307696
0 0.016826923076923076 0.7608173076923077 0.03365384615384615 0.06009615384615385
0 0.78125 0.24158653846153846 0.025240384615384616 0.07692307692307693
0 0.8064903846153846 0.22716346153846154 0.025240384615384616 0.04326923076923077
0 0.8689903846153846 0.23918269230769232 0.025240384615384616 0.05889423076923077
0 0.8954326923076923 0.24158653846153846 0.026442307692307692 0.06490384615384616
0 0.9242788461538461 0.23918269230769232 0.026442307692307692 0.06490384615384616
0 0.8978365384615384 0.30649038461538464 0.025240384615384616 0.06370192307692307
0 0.9230769230769231 0.30528846153846156 0.02403846153846154 0.06610576923076923
0 0.9435096153846154 0.30408653846153844 0.018028846153846152 0.06490384615384616
0 0.44711538461538464 0.28125 0.06009615384615385 0.1622596153846154
0 0.3173076923076923 0.2824519230769231 0.06850961538461539 0.17067307692307693
0 0.24278846153846154 0.2824519230769231 0.07451923076923077 0.17668269230769232
0 0.16706730769230768 0.2860576923076923 0.07572115384615384 0.17548076923076922
0 0.41346153846153844 0.7848557692307693 0.06370192307692307 0.04567307692307692
0 0.8617788461538461 0.12980769230769232 0.037259615384615384 0.13942307692307693
0 0.9026442307692307 0.13221153846153846 0.04326923076923077 0.13701923076923078
0 0.9447115384615384 0.1346153846153846 0.038461538461538464 0.13701923076923078
0 0.9819711538461539 0.13701923076923078 0.03485576923076923 0.12980769230769232
0 0.7223557692307693 0.12259615384615384 0.054086538461538464 0.14182692307692307
0 0.671875 0.1201923076923077 0.04567307692307692 0.15264423076923078
0 0.6201923076923077 0.11899038461538461 0.054086538461538464 0.15745192307692307
0 0.9627403846153846 0.30288461538461536 0.019230769230769232 0.06610576923076923
0 0.5637019230769231 0.1141826923076923 0.056490384615384616 0.15985576923076922
0 0.44350961538461536 0.10576923076923077 0.06370192307692307 0.17067307692307693
0 0.3737980769230769 0.09975961538461539 0.0733173076923077 0.17067307692307693
0 0.30288461538461536 0.09495192307692307 0.06971153846153846 0.1814903846153846
0 0.22716346153846154 0.09375 0.07692307692307693 0.18629807692307693
0 0.04927884615384615 0.09014423076923077 0.08173076923076923 0.17908653846153846
0 0.13942307692307693 0.09495192307692307 0.09615384615384616 0.18269230769230768
0 0.02283653846153846 0.29927884615384615 0.04567307692307692 0.17067307692307693
0 0.08533653846153846 0.2860576923076923 0.08052884615384616 0.1814903846153846
0 0.5060096153846154 0.109375 0.056490384615384616 0.1658653846153846
0 0.9819711538461539 0.3016826923076923 0.015625 0.06370192307692307
0 0.38461538461538464 0.2824519230769231 0.0625 0.1658653846153846
0 0.9663461538461539 0.24158653846153846 0.025240384615384616 0.04807692307692308
0 0.4831730769230769 0.44711538461538464 0.038461538461538464 0.0985576923076923
0 0.44350961538461536 0.44711538461538464 0.037259615384615384 0.09975961538461539
0 0.4050480769230769 0.453125 0.037259615384615384 0.10336538461538461
0 0.07932692307692307 0.7439903846153846 0.09254807692307693 0.055288461538461536
0 0.17067307692307693 0.7259615384615384 0.0889423076923077 0.05048076923076923
0 0.1875 0.7824519230769231 0.09014423076923077 0.046875
0 0.19110576923076922 0.8341346153846154 0.08052884615384616 0.052884615384615384
0 0.10697115384615384 0.8557692307692307 0.08653846153846154 0.04927884615384615
0 0.03125 0.8725961538461539 0.0625 0.052884615384615384
0 0.1141826923076923 0.9098557692307693 0.08533653846153846 0.04807692307692308
0 0.19591346153846154 0.8882211538461539 0.078125 0.051682692307692304
0 0.27403846153846156 0.8665865384615384 0.07451923076923077 0.054086538461538464
0 0.3473557692307692 0.8497596153846154 0.06850961538461539 0.04807692307692308
0 0.34134615384615385 0.8004807692307693 0.07091346153846154 0.05048076923076923
0 0.3389423076923077 0.7487980769230769 0.07091346153846154 0.052884615384615384
0 0.33413461538461536 0.6935096153846154 0.07211538461538461 0.05048076923076923
0 0.9939903846153846 0.3004807692307692 0.007211538461538462 0.0625
0 0.515625 0.44350961538461536 0.02403846153846154 0.0985576923076923
0 0.5408653846153846 0.43990384615384615 0.02283653846153846 0.09615384615384616
0 0.03485576923076923 0.9338942307692307 0.06850961538461539 0.06971153846153846
0 0.5973557692307693 0.4338942307692308 0.030048076923076924 0.09375
0 0.7560096153846154 0.3137019230769231 0.018028846153846152 0.0673076923076923
0 0.8257211538461539 0.3004807692307692 0.04927884615384615 0.06850961538461539
0 0.5673076923076923 0.4362980769230769 0.027644230769230768 0.09134615384615384
0 0.7788461538461539 0.3137019230769231 0.026442307692307692 0.06490384615384616
0 0.8209134615384616 0.3641826923076923 0.04567307692307692 0.04807692307692308
0 0.984375 0.36899038461538464 0.030048076923076924 0.04447115384615385
0 0.9459134615384616 0.41947115384615385 0.039663461538461536 0.042067307692307696
0 0.9483173076923077 0.37259615384615385 0.036057692307692304 0.05048076923076923
0 0.9050480769230769 0.3762019230769231 0.04807692307692308 0.038461538461538464
0 0.9831730769230769 0.41346153846153844 0.03245192307692308 0.042067307692307696
0 0.8954326923076923 0.4266826923076923 0.057692307692307696 0.042067307692307696
0 0.8028846153846154 0.4338942307692308 0.025240384615384616 0.042067307692307696
0 0.6334134615384616 0.43149038461538464 0.03365384615384615 0.08774038461538461
0 0.7608173076923077 0.4375 0.054086538461538464 0.04326923076923077
0 0.7680288461538461 0.3894230769230769 0.056490384615384616 0.04567307692307692
0 0.71875 0.4230769230769231 0.025240384615384616 0.08653846153846154
0 0.6658653846153846 0.42788461538461536 0.026442307692307692 0.09134615384615384
0 0.6923076923076923 0.4254807692307692 0.021634615384615384 0.09014423076923077