0 0.30288461538461536 0.6418269230769231 0.038461538461538464 0.015625
0 0.21033653846153846 0.7439903846153846 0.036057692307692304 0.06129807692307692
0 0.1658653846153846 0.7439903846153846 0.042067307692307696 0.06850961538461539
0 0.04807692307692308 0.6310096153846154 0.052884615384615384 0.08052884615384616
0 0.31971153846153844 0.6610576923076923 0.038461538461538464 0.015625
0 0.10216346153846154 0.6262019230769231 0.04927884615384615 0.09495192307692307
0 0.15264423076923078 0.6286057692307693 0.04927884615384615 0.08173076923076923
0 0.12980769230769232 0.7427884615384616 0.028846153846153848 0.0733173076923077
0 0.09254807692307693 0.7463942307692307 0.039663461538461536 0.06370192307692307
0 0.057692307692307696 0.7560096153846154 0.030048076923076924 0.04807692307692308
0 0.18269230769230768 0.27283653846153844 0.036057692307692304 0.06490384615384616
0 0.21754807692307693 0.28846153846153844 0.030048076923076924 0.04807692307692308
0 0.2512019230769231 0.29086538461538464 0.036057692307692304 0.04807692307692308
0 0.2920673076923077 0.28365384615384615 0.037259615384615384 0.06009615384615385
0 0.33653846153846156 0.28125 0.039663461538461536 0.06971153846153846
0 0.37740384615384615 0.2920673076923077 0.030048076923076924 0.020432692307692308
0 0.38221153846153844 0.31009615384615385 0.037259615384615384 0.01201923076923077
0 0.41947115384615385 0.3125 0.037259615384615384 0.014423076923076924
0 0.41947115384615385 0.2932692307692308 0.040865384615384616 0.021634615384615384
0 0.4543269230769231 0.28846153846153844 0.025240384615384616 0.06490384615384616
0 0.25240384615384615 0.7451923076923077 0.04807692307692308 0.057692307692307696
0 0.4831730769230769 0.28846153846153844 0.027644230769230768 0.06610576923076923
0 0.3737980769230769 0.7067307692307693 0.04326923076923077 0.030048076923076924
0 0.47475961538461536 0.7067307692307693 0.04807692307692308 0.02283653846153846
0 0.021634615384615384 0.7439903846153846 0.038461538461538464 0.026442307692307692
0 0.25841346153846156 0.6430288461538461 0.046875 0.056490384615384616
0 0.20432692307692307 0.640625 0.054086538461538464 0.051682692307692304
0 0.02283653846153846 0.7692307692307693 0.038461538461538464 0.021634615384615384
0 0.014423076923076924 0.25240384615384615 0.02403846153846154 0.10216346153846154
0 0.055288461538461536 0.2536057692307692 0.04447115384615385 0.09735576923076923
0 0.09735576923076923 0.27403846153846156 0.036057692307692304 0.06129807692307692
0 0.13942307692307693 0.2776442307692308 0.04447115384615385 0.057692307692307696
0 0.7247596153846154 0.5240384615384616 0.03125 0.07211538461538461
0 0.7524038461538461 0.5240384615384616 0.026442307692307692 0.07211538461538461
0 0.7836538461538461 0.5276442307692307 0.02283653846153846 0.06370192307692307
0 0.6610576923076923 0.7415865384615384 0.02403846153846154 0.04927884615384615
0 0.6334134615384616 0.7427884615384616 0.028846153846153848 0.052884615384615384
0 0.6081730769230769 0.7427884615384616 0.02403846153846154 0.054086538461538464
0 0.5757211538461539 0.7451923076923077 0.036057692307692304 0.057692307692307696
0 0.5288461538461539 0.7596153846153846 0.05048076923076923 0.030048076923076924
0 0.47716346153846156 0.7608173076923077 0.04567307692307692 0.03365384615384615
0 0.4326923076923077 0.7608173076923077 0.04447115384615385 0.03365384615384615
0 0.38221153846153844 0.7596153846153846 0.04326923076923077 0.03125
0 0.4206730769230769 0.7079326923076923 0.051682692307692304 0.025240384615384616
0 0.7728365384615384 0.6310096153846154 0.05048076923076923 0.0733173076923077
0 0.5132211538461539 0.28846153846153844 0.027644230769230768 0.06490384615384616
0 0.5733173076923077 0.29447115384615385 0.027644230769230768 0.06129807692307692
0 0.07091346153846154 0.5096153846153846 0.039663461538461536 0.09495192307692307
0 0.03125 0.5144230769230769 0.037259615384615384 0.08774038461538461
0 0.7980769230769231 0.42788461538461536 0.042067307692307696 0.04326923076923077
0 0.7608173076923077 0.41466346153846156 0.030048076923076924 0.07091346153846154
0 0.7415865384615384 0.36177884615384615 0.04447115384615385 0.009615384615384616
0 0.7235576923076923 0.3762019230769231 0.042067307692307696 0.014423076923076924
0 0.7295673076923077 0.41947115384615385 0.03245192307692308 0.0625
0 0.6959134615384616 0.4182692307692308 0.03485576923076923 0.0625
0 0.6394230769230769 0.39783653846153844 0.06129807692307692 0.025240384615384616
0 0.625 0.36899038461538464 0.07572115384615384 0.025240384615384616
0 0.6394230769230769 0.4326923076923077 0.06971153846153846 0.03245192307692308
0 0.5769230769230769 0.43509615384615385 0.051682692307692304 0.027644230769230768
0 0.5769230769230769 0.4026442307692308 0.051682692307692304 0.03485576923076923
0 0.5324519230769231 0.4206730769230769 0.02403846153846154 0.04567307692307692
0 0.4987980769230769 0.4110576923076923 0.036057692307692304 0.055288461538461536
0 0.4651442307692308 0.41586538461538464 0.028846153846153848 0.04447115384615385
0 0.4074519230769231 0.3942307692307692 0.054086538461538464 0.036057692307692304
0 0.4110576923076923 0.4266826923076923 0.06129807692307692 0.026442307692307692
0 0.25841346153846156 0.3954326923076923 0.025240384615384616 0.07932692307692307
0 0.11778846153846154 0.5060096153846154 0.04447115384615385 0.09375
0 0.5444711538461539 0.29086538461538464 0.030048076923076924 0.0673076923076923
0 0.171875 0.5072115384615384 0.0625 0.09014423076923077
0 0.3137019230769231 0.5240384615384616 0.08173076923076923 0.06610576923076923
0 0.6033653846153846 0.2932692307692308 0.028846153846153848 0.06490384615384616
0 0.6358173076923077 0.2764423076923077 0.03245192307692308 0.10216346153846154
0 0.6742788461538461 0.2776442307692308 0.040865384615384616 0.09975961538461539
0 0.7175480769230769 0.2920673076923077 0.04326923076923077 0.06971153846153846
0 0.7548076923076923 0.2932692307692308 0.026442307692307692 0.0733173076923077
0 0.8040865384615384 0.31850961538461536 0.07091346153846154 0.02283653846153846
0 0.8052884615384616 0.2860576923076923 0.07211538461538461 0.040865384615384616
0 0.02283653846153846 0.40024038461538464 0.038461538461538464 0.0625
0 0.06850961538461539 0.4014423076923077 0.046875 0.057692307692307696
0 0.11298076923076923 0.40384615384615385 0.038461538461538464 0.0625
0 0.15384615384615385 0.4050480769230769 0.042067307692307696 0.05889423076923077
0 0.6490384615384616 0.5192307692307693 0.03365384615384615 0.08173076923076923
0 0.6105769230769231 0.5180288461538461 0.037259615384615384 0.078125
0 0.5721153846153846 0.5216346153846154 0.038461538461538464 0.07091346153846154
0 0.5348557692307693 0.5216346153846154 0.03125 0.07091346153846154
0 0.5024038461538461 0.5240384615384616 0.03485576923076923 0.0673076923076923
0 0.4639423076923077 0.5240384615384616 0.038461538461538464 0.06490384615384616
0 0.4182692307692308 0.5216346153846154 0.040865384615384616 0.0673076923076923
0 0.375 0.5228365384615384 0.040865384615384616 0.06971153846153846
0 0.23918269230769232 0.5096153846153846 0.0625 0.09495192307692307
0 0.2247596153846154 0.3954326923076923 0.036057692307692304 0.07572115384615384
0 0.7295673076923077 0.6322115384615384 0.037259615384615384 0.07091346153846154
0 0.19110576923076922 0.3954326923076923 0.03245192307692308 0.07451923076923077
0 0.65625 0.6322115384615384 0.036057692307692304 0.07211538461538461
0 0.6911057692307693 0.6334134615384616 0.036057692307692304 0.07211538461538461
0 0.6983173076923077 0.7367788461538461 0.039663461538461536 0.06129807692307692
0 0.7596153846153846 0.7463942307692307 0.054086538461538464 0.055288461538461536
0 0.015625 0.8509615384615384 0.027644230769230768 0.07091346153846154
0 0.04927884615384615 0.8461538461538461 0.038461538461538464 0.078125
0 0.10216346153846154 0.84375 0.0625 0.07451923076923077
0 0.16466346153846154 0.84375 0.056490384615384616 0.0829326923076923
0 0.20673076923076922 0.8329326923076923 0.028846153846153848 0.06370192307692307
0 0.24879807692307693 0.8485576923076923 0.04326923076923077 0.0673076923076923
0 0.3137019230769231 0.8473557692307693 0.07692307692307693 0.0733173076923077
0 0.5793269230769231 0.6310096153846154 0.038461538461538464 0.06971153846153846
0 0.38461538461538464 0.8629807692307693 0.046875 0.03365384615384615
0 0.4723557692307692 0.8533653846153846 0.027644230769230768 0.042067307692307696
0 0.5024038461538461 0.8485576923076923 0.026442307692307692 0.046875
0 0.9254807692307693 0.3173076923076923 0.14783653846153846 0.03485576923076923
0 0.9375 0.2644230769230769 0.1201923076923077 0.04807692307692308
0 0.9278846153846154 0.2127403846153846 0.14302884615384615 0.038461538461538464
0 0.7055288461538461 0.8509615384615384 0.07932692307692307 0.027644230769230768
0 0.703125 0.8233173076923077 0.06971153846153846 0.02283653846153846
0 0.6165865384615384 0.8617788461538461 0.08533653846153846 0.01201923076923077
0 0.6237980769230769 0.8389423076923077 0.08173076923076923 0.028846153846153848
0 0.5492788461538461 0.8269230769230769 0.051682692307692304 0.026442307692307692
0 0.5456730769230769 0.8569711538461539 0.054086538461538464 0.030048076923076924
0 0.4326923076923077 0.8605769230769231 0.05048076923076923 0.030048076923076924
0 0.5420673076923077 0.6310096153846154 0.03485576923076923 0.06610576923076923
0 0.6165865384615384 0.6298076923076923 0.037259615384615384 0.07211538461538461
0 0.46274038461538464 0.6598557692307693 0.03365384615384615 0.013221153846153846
0 0.5 0.6262019230769231 0.039663461538461536 0.08052884615384616
0 0.9002403846153846 0.5637019230769231 0.19471153846153846 0.040865384615384616
0 0.9002403846153846 0.5144230769230769 0.19831730769230768 0.03365384615384615
0 0.9086538461538461 0.46634615384615385 0.1778846153846154 0.028846153846153848
0 0.9122596153846154 0.4182692307692308 0.17067307692307693 0.038461538461538464
0 0.6862980769230769 0.515625 0.039663461538461536 0.0889423076923077
0 0.3581730769230769 0.6598557692307693 0.036057692307692304 0.016826923076923076
0 0.9098557692307693 0.36538461538461536 0.17548076923076922 0.038461538461538464
0 0.36177884615384615 0.6394230769230769 0.036057692307692304 0.014423076923076924
0 0.39903846153846156 0.6394230769230769 0.03245192307692308 0.015625
0 0.43028846153846156 0.6394230769230769 0.03245192307692308 0.018028846153846152
0 0.4675480769230769 0.640625 0.025240384615384616 0.015625
0 0.42908653846153844 0.65625 0.028846153846153848 0.010817307692307692
0 0.3918269230769231 0.6610576923076923 0.028846153846153848 0.015625