0 0.03125 0.06971153846153846 0.039663461538461536 0.13221153846153846
0 0.26322115384615385 0.21634615384615385 0.03125 0.13341346153846154
0 0.1935096153846154 0.24519230769230768 0.038461538461538464 0.1502403846153846
0 0.15504807692307693 0.24519230769230768 0.03485576923076923 0.1502403846153846
0 0.1201923076923077 0.24639423076923078 0.036057692307692304 0.14423076923076922
0 0.08413461538461539 0.24639423076923078 0.026442307692307692 0.1466346153846154
0 0.054086538461538464 0.2439903846153846 0.03125 0.1466346153846154
0 0.016826923076923076 0.24278846153846154 0.03125 0.14302884615384615
0 0.3449519230769231 0.06490384615384616 0.037259615384615384 0.125
0 0.30288461538461536 0.09014423076923077 0.02283653846153846 0.07451923076923077
0 0.2704326923076923 0.06490384615384616 0.03485576923076923 0.12860576923076922
0 0.21995192307692307 0.06850961538461539 0.03365384615384615 0.12860576923076922
0 0.17668269230769232 0.06490384615384616 0.036057692307692304 0.12860576923076922
0 0.13942307692307693 0.06610576923076923 0.03125 0.12740384615384615
0 0.10576923076923077 0.06490384615384616 0.028846153846153848 0.125
0 0.03245192307692308 0.42427884615384615 0.030048076923076924 0.14423076923076922
0 0.06490384615384616 0.42427884615384615 0.030048076923076924 0.140625
0 0.4206730769230769 0.21754807692307693 0.037259615384615384 0.13341346153846154
0 0.09975961538461539 0.4254807692307692 0.03245192307692308 0.13221153846153846
0 0.3798076923076923 0.06490384615384616 0.030048076923076924 0.12379807692307693
0 0.4230769230769231 0.06490384615384616 0.037259615384615384 0.12860576923076922
0 0.4639423076923077 0.06490384615384616 0.036057692307692304 0.12139423076923077
0 0.5060096153846154 0.06610576923076923 0.040865384615384616 0.12620192307692307
0 0.5480769230769231 0.0673076923076923 0.036057692307692304 0.12139423076923077
0 0.59375 0.06490384615384616 0.046875 0.12139423076923077
0 0.6706730769230769 0.06490384615384616 0.040865384615384616 0.11778846153846154
0 0.7127403846153846 0.06490384615384616 0.036057692307692304 0.12379807692307693
0 0.7536057692307693 0.06370192307692307 0.040865384615384616 0.11658653846153846
0 0.8269230769230769 0.06129807692307692 0.036057692307692304 0.11057692307692307
0 0.8677884615384616 0.06009615384615385 0.036057692307692304 0.11298076923076923
0 0.9098557692307693 0.06129807692307692 0.039663461538461536 0.11538461538461539
0 0.9627403846153846 0.05889423076923077 0.040865384615384616 0.11177884615384616
0 0.8665865384615384 0.21875 0.026442307692307692 0.13581730769230768
0 0.8293269230769231 0.22235576923076922 0.03365384615384615 0.13221153846153846
0 0.7584134615384616 0.22115384615384615 0.028846153846153848 0.13221153846153846
0 0.7920673076923077 0.22115384615384615 0.03125 0.13221153846153846
0 0.35096153846153844 0.7956730769230769 0.014423076923076924 0.07932692307692307
0 0.46875 0.7944711538461539 0.036057692307692304 0.11057692307692307
0 0.5036057692307693 0.796875 0.03125 0.11298076923076923
0 0.5973557692307693 0.8076923076923077 0.038461538461538464 0.11177884615384616
0 0.5552884615384616 0.8052884615384616 0.03485576923076923 0.109375
0 0.640625 0.8173076923076923 0.039663461538461536 0.11177884615384616
0 0.6826923076923077 0.8185096153846154 0.038461538461538464 0.11538461538461539
0 0.7271634615384616 0.8245192307692307 0.039663461538461536 0.11298076923076923
0 0.7692307692307693 0.828125 0.038461538461538464 0.11538461538461539
0 0.8137019230769231 0.8341346153846154 0.04447115384615385 0.1141826923076923
0 0.3389423076923077 0.9230769230769231 0.042067307692307696 0.15264423076923078
0 0.9579326923076923 0.8317307692307693 0.030048076923076924 0.14302884615384615
0 0.29086538461538464 0.9206730769230769 0.04807692307692308 0.15384615384615385
0 0.17427884615384615 0.9110576923076923 0.05048076923076923 0.12139423076923077
0 0.5745192307692307 0.9387019230769231 0.057692307692307696 0.11778846153846154
0 0.5084134615384616 0.9326923076923077 0.057692307692307696 0.13341346153846154
0 0.4495192307692308 0.9254807692307693 0.057692307692307696 0.14423076923076922
0 0.390625 0.9242788461538461 0.05048076923076923 0.1466346153846154
0 0.4338942307692308 0.7908653846153846 0.027644230769230768 0.1141826923076923
0 0.39903846153846156 0.7848557692307693 0.027644230769230768 0.1045673076923077
0 0.37259615384615385 0.7956730769230769 0.016826923076923076 0.08173076923076923
0 0.16706730769230768 0.43028846153846156 0.03125 0.14423076923076922
0 0.23076923076923078 0.42908653846153844 0.030048076923076924 0.14302884615384615
0 0.013221153846153846 0.5853365384615384 0.02283653846153846 0.14182692307692307
0 0.040865384615384616 0.5901442307692307 0.03125 0.1310096153846154
0 0.07091346153846154 0.5925480769230769 0.030048076923076924 0.13581730769230768
0 0.10817307692307693 0.5901442307692307 0.037259615384615384 0.1310096153846154
0 0.16947115384615385 0.5985576923076923 0.03365384615384615 0.14302884615384615
0 0.20432692307692307 0.5997596153846154 0.03125 0.1346153846153846
0 0.23918269230769232 0.5997596153846154 0.030048076923076924 0.12860576923076922
0 0.02403846153846154 0.7463942307692307 0.02403846153846154 0.12980769230769232
0 0.052884615384615384 0.7475961538461539 0.030048076923076924 0.1310096153846154
0 0.08774038461538461 0.7512019230769231 0.028846153846153848 0.13942307692307693
0 0.12139423076923077 0.7548076923076923 0.025240384615384616 0.13701923076923078
0 0.15625 0.7560096153846154 0.037259615384615384 0.140625
0 0.19951923076923078 0.7620192307692307 0.036057692307692304 0.14182692307692307
0 0.23557692307692307 0.765625 0.028846153846153848 0.140625
0 0.27884615384615385 0.7860576923076923 0.042067307692307696 0.07932692307692307
0 0.32211538461538464 0.7800480769230769 0.036057692307692304 0.10576923076923077
0 0.03365384615384615 0.9122596153846154 0.038461538461538464 0.11057692307692307
0 0.078125 0.9086538461538461 0.04927884615384615 0.10336538461538461
0 0.23317307692307693 0.9350961538461539 0.06370192307692307 0.125
0 0.9158653846153846 0.8341346153846154 0.02403846153846154 0.13221153846153846
0 0.8762019230769231 0.8341346153846154 0.028846153846153848 0.12379807692307693
0 0.9026442307692307 0.37740384615384615 0.03125 0.22596153846153846
0 0.8401442307692307 0.5456730769230769 0.042067307692307696 0.140625
0 0.7944711538461539 0.5480769230769231 0.04567307692307692 0.13822115384615385
0 0.8293269230769231 0.38221153846153844 0.04567307692307692 0.14903846153846154
0 0.7800480769230769 0.38221153846153844 0.042067307692307696 0.14543269230769232
0 0.7367788461538461 0.38221153846153844 0.040865384615384616 0.140625
0 0.6887019230769231 0.38221153846153844 0.038461538461538464 0.13701923076923078
0 0.6478365384615384 0.38341346153846156 0.037259615384615384 0.1346153846153846
0 0.6009615384615384 0.38221153846153844 0.042067307692307696 0.125
0 0.5600961538461539 0.38341346153846156 0.038461538461538464 0.12379807692307693
0 0.5216346153846154 0.3798076923076923 0.03245192307692308 0.125
0 0.4831730769230769 0.3786057692307692 0.03245192307692308 0.1201923076923077
0 0.44591346153846156 0.3798076923076923 0.03485576923076923 0.125
0 0.4110576923076923 0.3786057692307692 0.03485576923076923 0.12259615384615384
0 0.3737980769230769 0.3737980769230769 0.03245192307692308 0.1141826923076923
0 0.33653846153846156 0.3762019230769231 0.03245192307692308 0.12379807692307693
0 0.3016826923076923 0.375 0.030048076923076924 0.11538461538461539
0 0.26802884615384615 0.36658653846153844 0.028846153846153848 0.12259615384615384
0 0.38100961538461536 0.21995192307692307 0.038461538461538464 0.13221153846153846
0 0.3401442307692308 0.21754807692307693 0.038461538461538464 0.13341346153846154
0 0.6213942307692307 0.21875 0.028846153846153848 0.13341346153846154
0 0.6538461538461539 0.22115384615384615 0.028846153846153848 0.13822115384615385
0 0.6875 0.21995192307692307 0.028846153846153848 0.14182692307692307
0 0.7235576923076923 0.21754807692307693 0.03485576923076923 0.140625
0 0.5456730769230769 0.21875 0.036057692307692304 0.13341346153846154
0 0.5841346153846154 0.21754807692307693 0.037259615384615384 0.13822115384615385
0 0.5084134615384616 0.22235576923076922 0.037259615384615384 0.125
0 0.4651442307692308 0.21634615384615385 0.040865384615384616 0.13341346153846154
0 0.6802884615384616 0.5384615384615384 0.036057692307692304 0.1310096153846154
0 0.7271634615384616 0.5408653846153846 0.040865384615384616 0.140625
0 0.5564903846153846 0.5324519230769231 0.03365384615384615 0.13701923076923078
0 0.5961538461538461 0.53125 0.036057692307692304 0.13581730769230768
0 0.9423076923076923 0.5348557692307693 0.04567307692307692 0.055288461538461536
0 0.8954326923076923 0.5420673076923077 0.03365384615384615 0.03125
0 0.9375 0.703125 0.051682692307692304 0.051682692307692304
0 0.9375 0.6418269230769231 0.055288461538461536 0.05889423076923077
0 0.8822115384615384 0.6658653846153846 0.036057692307692304 0.09495192307692307
0 0.8329326923076923 0.6947115384615384 0.040865384615384616 0.125
0 0.7884615384615384 0.6935096153846154 0.042067307692307696 0.12379807692307693
0 0.7451923076923077 0.6899038461538461 0.038461538461538464 0.12139423076923077
0 0.7007211538461539 0.6850961538461539 0.03485576923076923 0.11899038461538461
0 0.6586538461538461 0.6802884615384616 0.039663461538461536 0.11899038461538461
0 0.6153846153846154 0.6778846153846154 0.03365384615384615 0.11298076923076923
0 0.53125 0.6694711538461539 0.03125 0.11298076923076923
0 0.49278846153846156 0.6658653846153846 0.036057692307692304 0.1141826923076923
0 0.671875 0.9507211538461539 0.06009615384615385 0.09375
0 0.46033653846153844 0.6658653846153846 0.026442307692307692 0.10817307692307693
0 0.390625 0.6598557692307693 0.030048076923076924 0.10576923076923077
0 0.35697115384615385 0.65625 0.030048076923076924 0.10216346153846154
0 0.31971153846153844 0.6550480769230769 0.03245192307692308 0.10817307692307693
0 0.28365384615384615 0.6658653846153846 0.025240384615384616 0.078125
0 0.5132211538461539 0.5324519230769231 0.038461538461538464 0.12620192307692307
0 0.47836538461538464 0.53125 0.03245192307692308 0.125
0 0.44350961538461536 0.53125 0.027644230769230768 0.1201923076923077
0 0.40865384615384615 0.5264423076923077 0.03125 0.11899038461538461
0 0.3737980769230769 0.53125 0.030048076923076924 0.1201923076923077
0 0.3389423076923077 0.5240384615384616 0.030048076923076924 0.12139423076923077
0 0.30528846153846156 0.5240384615384616 0.027644230769230768 0.11778846153846154
0 0.27524038461538464 0.5240384615384616 0.026442307692307692 0.12139423076923077
0 0.6382211538461539 0.5360576923076923 0.039663461538461536 0.13701923076923078
0 0.4254807692307692 0.6586538461538461 0.02403846153846154 0.10336538461538461
0 0.29927884615384615 0.21514423076923078 0.03365384615384615 0.13341346153846154
0 0.5733173076923077 0.6766826923076923 0.03245192307692308 0.109375
0 0.13341346153846154 0.42788461538461536 0.030048076923076924 0.13581730769230768