0 0.8052884615384616 0.8581730769230769 0.052884615384615384 0.12259615384615384
0 0.9795673076923077 0.6754807692307693 0.03485576923076923 0.10096153846153846
0 0.9507211538461539 0.6766826923076923 0.026442307692307692 0.10096153846153846
0 0.921875 0.6826923076923077 0.027644230769230768 0.109375
0 0.8930288461538461 0.6850961538461539 0.027644230769230768 0.10576923076923077
0 0.8557692307692307 0.6850961538461539 0.046875 0.11778846153846154
0 0.8125 0.6959134615384616 0.038461538461538464 0.036057692307692304
0 0.8088942307692307 0.7355769230769231 0.030048076923076924 0.038461538461538464
0 0.7764423076923077 0.7043269230769231 0.03125 0.10216346153846154
0 0.7379807692307693 0.7115384615384616 0.039663461538461536 0.1141826923076923
0 0.03485576923076923 0.9543269230769231 0.056490384615384616 0.09014423076923077
0 0.6971153846153846 0.7151442307692307 0.040865384615384616 0.10817307692307693
0 0.6033653846153846 0.7283653846153846 0.040865384615384616 0.11057692307692307
0 0.5588942307692307 0.7283653846153846 0.046875 0.12139423076923077
0 0.9891826923076923 0.5600961538461539 0.016826923076923076 0.09134615384615384
0 0.030048076923076924 0.8016826923076923 0.054086538461538464 0.08533653846153846
0 0.5108173076923077 0.734375 0.046875 0.11298076923076923
0 0.18509615384615385 0.7980769230769231 0.06490384615384616 0.09014423076923077
0 0.24519230769230768 0.7836538461538461 0.046875 0.0829326923076923
0 0.30408653846153844 0.7548076923076923 0.05889423076923077 0.12139423076923077
0 0.3557692307692308 0.7475961538461539 0.04447115384615385 0.13701923076923078
0 0.6502403846153846 0.7223557692307693 0.05048076923076923 0.12139423076923077
0 0.0985576923076923 0.9543269230769231 0.0673076923076923 0.08653846153846154
0 0.15745192307692307 0.9507211538461539 0.055288461538461536 0.09375
0 0.20192307692307693 0.9555288461538461 0.030048076923076924 0.08774038461538461
0 0.8545673076923077 0.8449519230769231 0.042067307692307696 0.0985576923076923
0 0.890625 0.8353365384615384 0.030048076923076924 0.10817307692307693
0 0.9242788461538461 0.8233173076923077 0.03245192307692308 0.08653846153846154
0 0.46153846153846156 0.7379807692307693 0.04567307692307692 0.12620192307692307
0 0.7007211538461539 0.875 0.056490384615384616 0.1201923076923077
0 0.6418269230769231 0.8846153846153846 0.06009615384615385 0.10096153846153846
0 0.5757211538461539 0.9026442307692307 0.06370192307692307 0.10096153846153846
0 0.5120192307692307 0.9014423076923077 0.054086538461538464 0.1045673076923077
0 0.46033653846153844 0.9146634615384616 0.04807692307692308 0.140625
0 0.40384615384615385 0.9182692307692307 0.05889423076923077 0.13581730769230768
0 0.3449519230769231 0.9362980769230769 0.055288461538461536 0.125
0 0.6899038461538461 0.6021634615384616 0.03125 0.056490384615384616
0 0.7223557692307693 0.5913461538461539 0.03245192307692308 0.056490384615384616
0 0.7584134615384616 0.5925480769230769 0.04326923076923077 0.052884615384615384
0 0.796875 0.5889423076923077 0.03245192307692308 0.04807692307692308
0 0.8365384615384616 0.5889423076923077 0.05048076923076923 0.04927884615384615
0 0.8810096153846154 0.5961538461538461 0.038461538461538464 0.036057692307692304
0 0.9206730769230769 0.5600961538461539 0.038461538461538464 0.09254807692307693
0 0.9603365384615384 0.5600961538461539 0.039663461538461536 0.09254807692307693
0 0.28966346153846156 0.9387019230769231 0.04807692307692308 0.11899038461538461
0 0.23798076923076922 0.9483173076923077 0.039663461538461536 0.09735576923076923
0 0.7572115384615384 0.8677884615384616 0.04567307692307692 0.10576923076923077
0 0.7872596153846154 0.1935096153846154 0.04927884615384615 0.06610576923076923
0 0.10817307692307693 0.8076923076923077 0.08774038461538461 0.07572115384615384
0 0.6538461538461539 0.609375 0.040865384615384616 0.040865384615384616
0 0.9855769230769231 0.3245192307692308 0.026442307692307692 0.10576923076923077
0 0.030048076923076924 0.42908653846153844 0.056490384615384616 0.15625
0 0.08653846153846154 0.4387019230769231 0.054086538461538464 0.13822115384615385
0 0.15865384615384615 0.4206730769230769 0.07211538461538461 0.14783653846153846
0 0.2548076923076923 0.3870192307692308 0.09975961538461539 0.08533653846153846
0 0.3545673076923077 0.3870192307692308 0.08173076923076923 0.07932692307692307
0 0.43990384615384615 0.38822115384615385 0.08052884615384616 0.0829326923076923
0 0.5228365384615384 0.3918269230769231 0.08052884615384616 0.08052884615384616
0 0.5901442307692307 0.3942307692307692 0.052884615384615384 0.07572115384615384
0 0.6394230769230769 0.3954326923076923 0.04447115384615385 0.07451923076923077
0 0.6983173076923077 0.40625 0.06490384615384616 0.09014423076923077
0 0.9519230769230769 0.3233173076923077 0.038461538461538464 0.10817307692307693
0 0.7632211538461539 0.39903846153846156 0.06370192307692307 0.06850961538461539
0 0.8209134615384616 0.39783653846153844 0.046875 0.07091346153846154
0 0.8990384615384616 0.4266826923076923 0.052884615384615384 0.0829326923076923
0 0.9495192307692307 0.44350961538461536 0.04807692307692308 0.09375
0 0.9855769230769231 0.44711538461538464 0.026442307692307692 0.08774038461538461
0 0.07451923076923077 0.625 0.08052884615384616 0.0985576923076923
0 0.015625 0.6310096153846154 0.027644230769230768 0.10336538461538461
0 0.15264423076923078 0.6165865384615384 0.07572115384615384 0.0889423076923077
0 0.23918269230769232 0.6105769230769231 0.08533653846153846 0.08774038461538461
0 0.3137019230769231 0.6225961538461539 0.06610576923076923 0.0625
0 0.3762019230769231 0.6141826923076923 0.04807692307692308 0.0673076923076923
0 0.4230769230769231 0.6129807692307693 0.039663461538461536 0.0673076923076923
0 0.015625 0.07451923076923077 0.027644230769230768 0.13701923076923078
0 0.4723557692307692 0.6069711538461539 0.040865384615384616 0.07211538461538461
0 0.9122596153846154 0.328125 0.03245192307692308 0.08774038461538461
0 0.7848557692307693 0.3016826923076923 0.06610576923076923 0.06610576923076923
0 0.7235576923076923 0.18629807692307693 0.06610576923076923 0.078125
0 0.6574519230769231 0.17668269230769232 0.06610576923076923 0.06610576923076923
0 0.5853365384615384 0.16706730769230768 0.06490384615384616 0.08413461538461539
0 0.5168269230769231 0.15504807692307693 0.0673076923076923 0.08413461538461539
0 0.43149038461538464 0.14423076923076922 0.07451923076923077 0.09375
0 0.34375 0.13822115384615385 0.08533653846153846 0.0829326923076923
0 0.24879807692307693 0.12860576923076922 0.08533653846153846 0.09254807692307693
0 0.8353365384615384 0.19591346153846154 0.039663461538461536 0.07572115384615384
0 0.9290865384615384 0.19110576923076922 0.039663461538461536 0.0889423076923077
0 0.9639423076923077 0.19951923076923078 0.028846153846153848 0.08533653846153846
0 0.9879807692307693 0.19951923076923078 0.021634615384615384 0.08774038461538461
0 0.8762019230769231 0.3293269230769231 0.03245192307692308 0.08052884615384616
0 0.03125 0.26802884615384615 0.05889423076923077 0.12139423076923077
0 0.09615384615384616 0.2824519230769231 0.02403846153846154 0.08052884615384616
0 0.14302884615384615 0.2800480769230769 0.03245192307692308 0.0985576923076923
0 0.23677884615384615 0.26802884615384615 0.06009615384615385 0.08173076923076923
0 0.30528846153846156 0.27524038461538464 0.06129807692307692 0.0673076923076923
0 0.36658653846153844 0.27884615384615385 0.05048076923076923 0.07572115384615384
0 0.42427884615384615 0.28125 0.057692307692307696 0.06971153846153846
0 0.49038461538461536 0.2848557692307692 0.05889423076923077 0.07211538461538461
0 0.5480769230769231 0.28725961538461536 0.052884615384615384 0.0673076923076923
0 0.6057692307692307 0.29086538461538464 0.046875 0.07091346153846154
0 0.6658653846153846 0.29447115384615385 0.05889423076923077 0.06370192307692307
0 0.7247596153846154 0.2956730769230769 0.05048076923076923 0.07091346153846154
0 0.07211538461538461 0.27884615384615385 0.020432692307692308 0.08173076923076923
0 0.5240384615384616 0.6153846153846154 0.04567307692307692 0.052884615384615384
0 0.4098557692307692 0.7463942307692307 0.05048076923076923 0.11177884615384616
0 0.6105769230769231 0.6021634615384616 0.039663461538461536 0.057692307692307696
0 0.7463942307692307 0.4951923076923077 0.03125 0.057692307692307696
0 0.7055288461538461 0.49399038461538464 0.046875 0.05889423076923077
0 0.6550480769230769 0.4963942307692308 0.054086538461538464 0.06610576923076923
0 0.055288461538461536 0.109375 0.016826923076923076 0.019230769230769232
0 0.07211538461538461 0.07211538461538461 0.0673076923076923 0.14302884615384615
0 0.8004807692307693 0.4963942307692308 0.04807692307692308 0.051682692307692304
0 0.5709134615384616 0.6057692307692307 0.040865384615384616 0.06009615384615385
0 0.8413461538461539 0.4987980769230769 0.028846153846153848 0.04447115384615385
0 0.5949519230769231 0.4951923076923077 0.0673076923076923 0.07091346153846154
0 0.5288461538461539 0.5120192307692307 0.052884615384615384 0.09254807692307693
0 0.14903846153846154 0.0733173076923077 0.06129807692307692 0.14543269230769232
0 0.4735576923076923 0.5180288461538461 0.057692307692307696 0.08413461538461539
0 0.4182692307692308 0.5168269230769231 0.052884615384615384 0.0829326923076923
0 0.3449519230769231 0.5072115384615384 0.07211538461538461 0.08413461538461539
0 0.25841346153846156 0.5048076923076923 0.0829326923076923 0.06129807692307692
0 0.29447115384615385 0.5637019230769231 0.026442307692307692 0.042067307692307696