0 0.40625 0.5793269230769231 0.03245192307692308 0.0829326923076923
0 0.3762019230769231 0.5685096153846154 0.028846153846153848 0.06009615384615385
0 0.3473557692307692 0.5625 0.028846153846153848 0.07211538461538461
0 0.4050480769230769 0.6694711538461539 0.03365384615384615 0.0889423076923077
0 0.43990384615384615 0.6838942307692307 0.03245192307692308 0.08653846153846154
0 0.5516826923076923 0.7259615384615384 0.04326923076923077 0.08653846153846154
0 0.5072115384615384 0.7163461538461539 0.038461538461538464 0.0829326923076923
0 0.37259615384615385 0.65625 0.03245192307692308 0.07211538461538461
0 0.3425480769230769 0.6478365384615384 0.027644230769230768 0.07451923076923077
0 0.5997596153846154 0.7379807692307693 0.054086538461538464 0.08173076923076923
0 0.4387019230769231 0.5853365384615384 0.03245192307692308 0.06850961538461539
0 0.4723557692307692 0.6971153846153846 0.03125 0.08173076923076923
0 0.4735576923076923 0.59375 0.038461538461538464 0.08413461538461539
0 0.3401442307692308 0.4699519230769231 0.03485576923076923 0.08413461538461539
0 0.5480769230769231 0.6189903846153846 0.04447115384615385 0.09975961538461539
0 0.5649038461538461 0.3954326923076923 0.054086538461538464 0.0985576923076923
0 0.4807692307692308 0.3798076923076923 0.040865384615384616 0.09735576923076923
0 0.4411057692307692 0.37740384615384615 0.037259615384615384 0.0889423076923077
0 0.3737980769230769 0.375 0.046875 0.09495192307692307
0 0.33653846153846156 0.3762019230769231 0.03245192307692308 0.09134615384615384
0 0.6021634615384616 0.5168269230769231 0.046875 0.09495192307692307
0 0.5564903846153846 0.5060096153846154 0.042067307692307696 0.09254807692307693
0 0.5084134615384616 0.6033653846153846 0.03365384615384615 0.06610576923076923
0 0.47716346153846156 0.4855769230769231 0.03485576923076923 0.0889423076923077
0 0.4411057692307692 0.48197115384615385 0.037259615384615384 0.08052884615384616
0 0.5132211538461539 0.49158653846153844 0.038461538461538464 0.078125
0 0.4074519230769231 0.47716346153846156 0.030048076923076924 0.09014423076923077
0 0.3737980769230769 0.4723557692307692 0.03485576923076923 0.078125
0 0.5925480769230769 0.6298076923076923 0.046875 0.08052884615384616