0 0.8112980769230769 0.6237980769230769 0.04927884615384615 0.016826923076923076
0 0.6911057692307693 0.5300480769230769 0.06490384615384616 0.020432692307692308
0 0.8112980769230769 0.5985576923076923 0.04927884615384615 0.02403846153846154
0 0.8076923076923077 0.5733173076923077 0.0625 0.021634615384615384
0 0.7584134615384616 0.5456730769230769 0.04447115384615385 0.018028846153846152
0 0.7548076923076923 0.5240384615384616 0.052884615384615384 0.02403846153846154
0 0.6899038461538461 0.5060096153846154 0.0673076923076923 0.021634615384615384
0 0.75 0.6971153846153846 0.04927884615384615 0.04326923076923077
0 0.7536057692307693 0.6117788461538461 0.055288461538461536 0.026442307692307692
0 0.7524038461538461 0.6370192307692307 0.04807692307692308 0.018028846153846152
0 0.7463942307692307 0.6634615384615384 0.052884615384615384 0.020432692307692308
0 0.7415865384615384 0.49759615384615385 0.02283653846153846 0.020432692307692308
0 0.7091346153846154 0.4723557692307692 0.02403846153846154 0.020432692307692308
0 0.8149038461538461 0.6454326923076923 0.046875 0.018028846153846152
0 0.7283653846153846 0.5805288461538461 0.026442307692307692 0.020432692307692308
0 0.8125 0.6730769230769231 0.046875 0.021634615384615384
0 0.3762019230769231 0.703125 0.1201923076923077 0.037259615384615384
0 0.8713942307692307 0.5673076923076923 0.057692307692307696 0.021634615384615384
0 0.33052884615384615 0.59375 0.09375 0.027644230769230768
0 0.3161057692307692 0.5588942307692307 0.11538461538461539 0.03245192307692308
0 0.29447115384615385 0.5228365384615384 0.109375 0.03485576923076923
0 0.30288461538461536 0.48677884615384615 0.1201923076923077 0.030048076923076924
0 0.2620192307692308 0.796875 0.07932692307692307 0.03485576923076923
0 0.2644230769230769 0.7536057692307693 0.06971153846153846 0.04326923076923077
0 0.27283653846153844 0.7127403846153846 0.06971153846153846 0.03365384615384615
0 0.26802884615384615 0.6658653846153846 0.07692307692307693 0.04807692307692308
0 0.23076923076923078 0.609375 0.078125 0.038461538461538464
0 0.6622596153846154 0.4795673076923077 0.06850961538461539 0.020432692307692308
0 0.8713942307692307 0.6778846153846154 0.04326923076923077 0.015625
0 0.8677884615384616 0.6598557692307693 0.05048076923076923 0.014423076923076924
0 0.8701923076923077 0.6382211538461539 0.04927884615384615 0.02283653846153846
0 0.8665865384615384 0.6153846153846154 0.04807692307692308 0.02283653846153846
0 0.8725961538461539 0.5925480769230769 0.05048076923076923 0.020432692307692308
0 0.8100961538461539 0.6947115384615384 0.04807692307692308 0.016826923076923076
0 0.6694711538461539 0.7331730769230769 0.07211538461538461 0.020432692307692308
0 0.6899038461538461 0.5528846153846154 0.07211538461538461 0.027644230769230768
0 0.671875 0.6814903846153846 0.07692307692307693 0.02403846153846154
0 0.3629807692307692 0.6610576923076923 0.10817307692307693 0.028846153846153848
0 0.671875 0.7067307692307693 0.07211538461538461 0.026442307692307692
0 0.4855769230769231 0.7524038461538461 0.078125 0.021634615384615384
0 0.5480769230769231 0.7367788461538461 0.013221153846153846 0.013221153846153846
0 0.4879807692307692 0.7163461538461539 0.07932692307692307 0.038461538461538464
0 0.49038461538461536 0.6826923076923077 0.09134615384615384 0.030048076923076924
0 0.49038461538461536 0.6538461538461539 0.10096153846153846 0.026442307692307692
0 0.49399038461538464 0.6189903846153846 0.11298076923076923 0.03365384615384615
0 0.4675480769230769 0.5841346153846154 0.0985576923076923 0.03125
0 0.4362980769230769 0.5492788461538461 0.0985576923076923 0.026442307692307692
0 0.4362980769230769 0.5216346153846154 0.10576923076923077 0.030048076923076924
0 0.4266826923076923 0.4879807692307692 0.1045673076923077 0.028846153846153848
0 0.3629807692307692 0.8064903846153846 0.0985576923076923 0.019230769230769232
0 0.3762019230769231 0.7776442307692307 0.125 0.03485576923076923
0 0.3762019230769231 0.7415865384615384 0.125 0.038461538461538464
0 0.4807692307692308 0.7752403846153846 0.0733173076923077 0.020432692307692308
0 0.5324519230769231 0.48197115384615385 0.08052884615384616 0.030048076923076924
0 0.3605769230769231 0.6274038461538461 0.10336538461538461 0.030048076923076924
0 0.53125 0.5420673076923077 0.0673076923076923 0.021634615384615384
0 0.671875 0.6274038461538461 0.06610576923076923 0.02403846153846154
0 0.6778846153846154 0.5961538461538461 0.078125 0.03485576923076923
0 0.5805288461538461 0.7548076923076923 0.078125 0.021634615384615384
0 0.6009615384615384 0.4807692307692308 0.046875 0.026442307692307692
0 0.6177884615384616 0.5108173076923077 0.06009615384615385 0.020432692307692308
0 0.5829326923076923 0.7271634615384616 0.08774038461538461 0.02403846153846154
0 0.5372596153846154 0.515625 0.0889423076923077 0.02283653846153846
0 0.5877403846153846 0.6995192307692307 0.07692307692307693 0.030048076923076924
0 0.5925480769230769 0.6394230769230769 0.07211538461538461 0.02283653846153846
0 0.5949519230769231 0.6081730769230769 0.07692307692307693 0.030048076923076924
0 0.609375 0.5600961538461539 0.06009615384615385 0.02403846153846154
0 0.6189903846153846 0.5372596153846154 0.05889423076923077 0.021634615384615384
0 0.5444711538461539 0.5709134615384616 0.046875 0.018028846153846152
0 0.5901442307692307 0.6682692307692307 0.07091346153846154 0.028846153846153848
0 0.671875 0.6550480769230769 0.0673076923076923 0.02403846153846154