0 0.17067307692307693 0.33774038461538464 0.051682692307692304 0.0673076923076923
0 0.06971153846153846 0.33533653846153844 0.055288461538461536 0.07091346153846154
0 0.9194711538461539 0.2620192307692308 0.04567307692307692 0.039663461538461536
0 0.9711538461538461 0.2608173076923077 0.052884615384615384 0.05048076923076923
0 0.056490384615384616 0.23197115384615385 0.05048076923076923 0.06370192307692307
0 0.11538461538461539 0.2512019230769231 0.056490384615384616 0.021634615384615384
0 0.17067307692307693 0.24879807692307693 0.04447115384615385 0.036057692307692304
0 0.26322115384615385 0.24519230769230768 0.04447115384615385 0.04567307692307692
0 0.31490384615384615 0.2403846153846154 0.04326923076923077 0.05048076923076923
0 0.35697115384615385 0.23798076923076922 0.037259615384615384 0.07091346153846154
0 0.43509615384615385 0.24759615384615385 0.03365384615384615 0.052884615384615384
0 0.020432692307692308 0.33052884615384615 0.038461538461538464 0.07692307692307693
0 0.4675480769230769 0.2512019230769231 0.03125 0.04567307692307692
0 0.5384615384615384 0.24158653846153846 0.03485576923076923 0.07211538461538461
0 0.5805288461538461 0.23918269230769232 0.039663461538461536 0.07091346153846154
0 0.6225961538461539 0.2548076923076923 0.038461538461538464 0.039663461538461536
0 0.6730769230769231 0.25961538461538464 0.05889423076923077 0.03485576923076923
0 0.7415865384615384 0.265625 0.0625 0.028846153846153848
0 0.8028846153846154 0.25961538461538464 0.046875 0.038461538461538464
0 0.8725961538461539 0.2620192307692308 0.04447115384615385 0.04567307692307692
0 0.5024038461538461 0.23798076923076922 0.03365384615384615 0.07451923076923077
0 0.39783653846153844 0.23677884615384615 0.03485576923076923 0.0625
0 0.18028846153846154 0.6490384615384616 0.0625 0.030048076923076924
0 0.2764423076923077 0.3401442307692308 0.04326923076923077 0.06971153846153846
0 0.25 0.71875 0.03125 0.06850961538461539
0 0.21394230769230768 0.7199519230769231 0.03245192307692308 0.06850961538461539
0 0.22596153846153846 0.33653846153846156 0.055288461538461536 0.06850961538461539
0 0.16826923076923078 0.7271634615384616 0.056490384615384616 0.0673076923076923
0 0.1045673076923077 0.7199519230769231 0.054086538461538464 0.06490384615384616
0 0.6634615384615384 0.6358173076923077 0.06129807692307692 0.051682692307692304
0 0.7199519230769231 0.6334134615384616 0.04326923076923077 0.04807692307692308
0 0.7872596153846154 0.6358173076923077 0.08173076923076923 0.051682692307692304
0 0.8713942307692307 0.6358173076923077 0.08052884615384616 0.04927884615384615
0 0.953125 0.6334134615384616 0.06610576923076923 0.057692307692307696
0 0.04927884615384615 0.7247596153846154 0.055288461538461536 0.06490384615384616
0 0.5973557692307693 0.6358173076923077 0.06850961538461539 0.056490384615384616
0 0.5120192307692307 0.6358173076923077 0.08413461538461539 0.055288461538461536
0 0.4170673076923077 0.6334134615384616 0.0889423076923077 0.052884615384615384
0 0.3317307692307692 0.625 0.07692307692307693 0.07091346153846154
0 0.2127403846153846 0.6057692307692307 0.0625 0.025240384615384616
0 0.1502403846153846 0.6105769230769231 0.04927884615384615 0.030048076923076924
0 0.08653846153846154 0.6141826923076923 0.06610576923076923 0.028846153846153848
0 0.2692307692307692 0.6430288461538461 0.03485576923076923 0.04567307692307692
0 0.23197115384615385 0.6418269230769231 0.036057692307692304 0.042067307692307696
0 0.11658653846153846 0.6490384615384616 0.054086538461538464 0.025240384615384616
0 0.055288461538461536 0.6502403846153846 0.046875 0.02403846153846154
0 0.7716346153846154 0.8100961538461539 0.08533653846153846 0.04927884615384615
0 0.8762019230769231 0.5432692307692307 0.0673076923076923 0.054086538461538464
0 0.8040865384615384 0.5480769230769231 0.06490384615384616 0.052884615384615384
0 0.28966346153846156 0.7319711538461539 0.04447115384615385 0.042067307692307696
0 0.7331730769230769 0.546875 0.0673076923076923 0.051682692307692304
0 0.28846153846153844 0.6947115384615384 0.040865384615384616 0.028846153846153848
0 0.37259615384615385 0.7019230769230769 0.027644230769230768 0.027644230769230768
0 0.8497596153846154 0.8112980769230769 0.0673076923076923 0.054086538461538464
0 0.9182692307692307 0.8100961538461539 0.05889423076923077 0.055288461538461536
0 0.9747596153846154 0.8112980769230769 0.04807692307692308 0.055288461538461536
0 0.6141826923076923 0.8125 0.05889423076923077 0.056490384615384616
0 0.5420673076923077 0.8137019230769231 0.08173076923076923 0.055288461538461536
0 0.453125 0.8149038461538461 0.078125 0.055288461538461536
0 0.37740384615384615 0.8161057692307693 0.06009615384615385 0.057692307692307696
0 0.3125 0.8197115384615384 0.06129807692307692 0.055288461538461536
0 0.2512019230769231 0.8076923076923077 0.05048076923076923 0.04807692307692308
0 0.19591346153846154 0.8209134615384616 0.03365384615384615 0.06850961538461539
0 0.1622596153846154 0.8149038461538461 0.027644230769230768 0.05889423076923077
0 0.12620192307692307 0.8161057692307693 0.037259615384615384 0.07211538461538461
0 0.028846153846153848 0.8209134615384616 0.055288461538461536 0.06009615384615385
0 0.9807692307692307 0.7199519230769231 0.037259615384615384 0.051682692307692304
0 0.9399038461538461 0.7211538461538461 0.04447115384615385 0.051682692307692304
0 0.890625 0.7199519230769231 0.04807692307692308 0.052884615384615384
0 0.8317307692307693 0.7211538461538461 0.04447115384615385 0.052884615384615384
0 0.7764423076923077 0.7211538461538461 0.05048076923076923 0.056490384615384616
0 0.7223557692307693 0.7247596153846154 0.052884615384615384 0.055288461538461536
0 0.6526442307692307 0.7211538461538461 0.0673076923076923 0.056490384615384616
0 0.5793269230769231 0.7235576923076923 0.07091346153846154 0.052884615384615384
0 0.5036057692307693 0.7223557692307693 0.07211538461538461 0.055288461538461536
0 0.43149038461538464 0.7235576923076923 0.07091346153846154 0.055288461538461536
0 0.3713942307692308 0.7355769230769231 0.03125 0.028846153846153848
0 0.33413461538461536 0.7403846153846154 0.03245192307692308 0.028846153846153848
0 0.33533653846153844 0.7043269230769231 0.036057692307692304 0.02403846153846154
0 0.65625 0.5432692307692307 0.06971153846153846 0.051682692307692304
0 0.9471153846153846 0.5456730769230769 0.06610576923076923 0.054086538461538464
0 0.49399038461538464 0.5444711538461539 0.07572115384615384 0.057692307692307696
0 0.3389423076923077 0.4543269230769231 0.038461538461538464 0.05048076923076923
0 0.30528846153846156 0.453125 0.030048076923076924 0.04807692307692308
0 0.2668269230769231 0.453125 0.04567307692307692 0.05048076923076923
0 0.22235576923076922 0.4651442307692308 0.028846153846153848 0.025240384615384616
0 0.19110576923076922 0.4675480769230769 0.026442307692307692 0.025240384615384616
0 0.22596153846153846 0.4362980769230769 0.02403846153846154 0.030048076923076924
0 0.1971153846153846 0.4375 0.03125 0.030048076923076924
0 0.15264423076923078 0.4495192307692308 0.03485576923076923 0.05048076923076923
0 0.1141826923076923 0.4519230769230769 0.037259615384615384 0.04807692307692308
0 0.08052884615384616 0.4338942307692308 0.019230769230769232 0.026442307692307692
0 0.07211538461538461 0.46274038461538464 0.026442307692307692 0.026442307692307692
0 0.040865384615384616 0.46274038461538464 0.026442307692307692 0.027644230769230768
0 0.046875 0.43149038461538464 0.028846153846153848 0.026442307692307692
0 0.010817307692307692 0.4495192307692308 0.020432692307692308 0.05048076923076923
0 0.3762019230769231 0.46875 0.02403846153846154 0.02403846153846154
0 0.9807692307692307 0.45913461538461536 0.037259615384615384 0.04927884615384615
0 0.9723557692307693 0.36899038461538464 0.054086538461538464 0.03245192307692308
0 0.9182692307692307 0.3629807692307692 0.04927884615384615 0.04447115384615385
0 0.8112980769230769 0.36177884615384615 0.06610576923076923 0.03485576923076923
0 0.8064903846153846 0.32572115384615385 0.078125 0.03365384615384615
0 0.7223557692307693 0.32572115384615385 0.07692307692307693 0.030048076923076924
0 0.7403846153846154 0.36177884615384615 0.07451923076923077 0.038461538461538464
0 0.6742788461538461 0.36538461538461536 0.04927884615384615 0.038461538461538464
0 0.6538461538461539 0.33052884615384615 0.042067307692307696 0.019230769230769232
0 0.6069711538461539 0.3293269230769231 0.03485576923076923 0.016826923076923076
0 0.625 0.3641826923076923 0.038461538461538464 0.036057692307692304
0 0.5673076923076923 0.359375 0.07451923076923077 0.040865384615384616
0 0.48677884615384615 0.3581730769230769 0.078125 0.036057692307692304
0 0.40384615384615385 0.3557692307692308 0.07572115384615384 0.039663461538461536
0 0.3317307692307692 0.36177884615384615 0.06129807692307692 0.025240384615384616
0 0.9242788461538461 0.45552884615384615 0.06971153846153846 0.054086538461538464
0 0.5757211538461539 0.5444711538461539 0.08052884615384616 0.055288461538461536
0 0.3737980769230769 0.44471153846153844 0.030048076923076924 0.02403846153846154
0 0.4362980769230769 0.453125 0.07211538461538461 0.051682692307692304
0 0.4266826923076923 0.5456730769230769 0.04567307692307692 0.057692307692307696
0 0.3798076923076923 0.5504807692307693 0.04807692307692308 0.04807692307692308
0 0.375 0.5120192307692307 0.04927884615384615 0.020432692307692308
0 0.33533653846153844 0.5240384615384616 0.018028846153846152 0.027644230769230768
0 0.31009615384615385 0.5240384615384616 0.019230769230769232 0.028846153846153848
0 0.3401442307692308 0.5552884615384616 0.026442307692307692 0.03245192307692308
0 0.3076923076923077 0.5564903846153846 0.030048076923076924 0.03125
0 0.2692307692307692 0.5528846153846154 0.03485576923076923 0.036057692307692304
0 0.22956730769230768 0.5564903846153846 0.03485576923076923 0.03245192307692308
0 0.18629807692307693 0.5060096153846154 0.04326923076923077 0.02283653846153846
0 0.1814903846153846 0.5444711538461539 0.04447115384615385 0.04807692307692308
0 0.1346153846153846 0.5456730769230769 0.042067307692307696 0.051682692307692304
0 0.08653846153846154 0.5456730769230769 0.04447115384615385 0.04807692307692308
0 0.038461538461538464 0.5384615384615384 0.046875 0.06370192307692307
0 0.37740384615384615 0.4170673076923077 0.02283653846153846 0.02403846153846154
0 0.5072115384615384 0.41586538461538464 0.06129807692307692 0.016826923076923076
0 0.7788461538461539 0.453125 0.052884615384615384 0.056490384615384616
0 0.7139423076923077 0.4543269230769231 0.07692307692307693 0.054086538461538464
0 0.640625 0.45552884615384615 0.0673076923076923 0.052884615384615384
0 0.5769230769230769 0.4543269230769231 0.051682692307692304 0.055288461538461536
0 0.5120192307692307 0.453125 0.07451923076923077 0.05048076923076923
0 0.43149038461538464 0.41586538461538464 0.08173076923076923 0.020432692307692308
0 0.6826923076923077 0.8064903846153846 0.07451923076923077 0.05048076923076923