0 0.09975961538461539 0.8221153846153846 0.040865384615384616 0.06610576923076923
0 0.2824519230769231 0.8197115384615384 0.04326923076923077 0.0625
0 0.23677884615384615 0.8197115384615384 0.040865384615384616 0.06370192307692307
0 0.19110576923076922 0.8197115384615384 0.04326923076923077 0.06370192307692307
0 0.016826923076923076 0.8233173076923077 0.03365384615384615 0.06971153846153846
0 0.056490384615384616 0.8209134615384616 0.042067307692307696 0.0673076923076923
0 0.14543269230769232 0.8209134615384616 0.042067307692307696 0.06850961538461539
0 0.21634615384615385 0.9423076923076923 0.038461538461538464 0.0733173076923077
0 0.08413461538461539 0.9399038461538461 0.04326923076923077 0.07572115384615384
0 0.9110576923076923 0.9314903846153846 0.04326923076923077 0.09495192307692307
0 0.8605769230769231 0.9350961538461539 0.04567307692307692 0.09014423076923077
0 0.8149038461538461 0.9314903846153846 0.04447115384615385 0.09134615384615384
0 0.71875 0.9387019230769231 0.05048076923076923 0.078125
0 0.6646634615384616 0.9350961538461539 0.046875 0.08173076923076923
0 0.6153846153846154 0.9399038461538461 0.046875 0.07451923076923077
0 0.5649038461538461 0.9362980769230769 0.04567307692307692 0.07211538461538461
0 0.5132211538461539 0.9375 0.051682692307692304 0.07932692307692307
0 0.4579326923076923 0.9387019230769231 0.04927884615384615 0.08052884615384616
0 0.40384615384615385 0.9387019230769231 0.046875 0.0733173076923077
0 0.35096153846153844 0.9411057692307693 0.046875 0.07091346153846154
0 0.30528846153846156 0.9387019230769231 0.040865384615384616 0.07451923076923077
0 0.2608173076923077 0.9423076923076923 0.042067307692307696 0.06971153846153846
0 0.17307692307692307 0.9411057692307693 0.04326923076923077 0.0733173076923077
0 0.12980769230769232 0.9411057692307693 0.037259615384615384 0.07692307692307693
0 0.038461538461538464 0.9411057692307693 0.04326923076923077 0.08173076923076923
0 0.7692307692307693 0.9375 0.04447115384615385 0.078125
0 0.9627403846153846 0.703125 0.04447115384615385 0.07572115384615384
0 0.375 0.8197115384615384 0.04447115384615385 0.0625
0 0.5901442307692307 0.6995192307692307 0.04326923076923077 0.08774038461538461
0 0.5456730769230769 0.6995192307692307 0.04447115384615385 0.08533653846153846
0 0.5 0.6995192307692307 0.04326923076923077 0.08533653846153846
0 0.45072115384615385 0.6995192307692307 0.040865384615384616 0.08533653846153846
0 0.4050480769230769 0.6995192307692307 0.04807692307692308 0.08533653846153846
0 0.3581730769230769 0.6995192307692307 0.040865384615384616 0.08413461538461539
0 0.6382211538461539 0.7007211538461539 0.046875 0.0829326923076923
0 0.3125 0.7019230769230769 0.04447115384615385 0.08173076923076923
0 0.21995192307692307 0.6995192307692307 0.046875 0.08052884615384616
0 0.171875 0.7007211538461539 0.04326923076923077 0.08173076923076923
0 0.12620192307692307 0.7043269230769231 0.04326923076923077 0.07692307692307693
0 0.0829326923076923 0.7043269230769231 0.038461538461538464 0.07692307692307693
0 0.038461538461538464 0.7043269230769231 0.04326923076923077 0.078125
0 0.013221153846153846 0.5925480769230769 0.026442307692307692 0.07932692307692307
0 0.2668269230769231 0.7007211538461539 0.042067307692307696 0.08173076923076923
0 0.3293269230769231 0.8185096153846154 0.04447115384615385 0.06370192307692307
0 0.6850961538461539 0.7007211538461539 0.040865384615384616 0.0829326923076923
0 0.7752403846153846 0.6995192307692307 0.04326923076923077 0.0829326923076923
0 0.421875 0.8173076923076923 0.042067307692307696 0.06610576923076923
0 0.4699519230769231 0.8161057692307693 0.04447115384615385 0.06971153846153846
0 0.5168269230769231 0.8173076923076923 0.038461538461538464 0.06610576923076923
0 0.5588942307692307 0.8112980769230769 0.039663461538461536 0.07451923076923077
0 0.6009615384615384 0.8125 0.040865384615384616 0.08052884615384616
0 0.6490384615384616 0.8112980769230769 0.04326923076923077 0.07932692307692307
0 0.7295673076923077 0.6995192307692307 0.04447115384615385 0.08173076923076923
0 0.6959134615384616 0.8125 0.04447115384615385 0.07451923076923077
0 0.7884615384615384 0.8112980769230769 0.051682692307692304 0.07451923076923077
0 0.8425480769230769 0.8161057692307693 0.040865384615384616 0.06850961538461539
0 0.890625 0.8100961538461539 0.04447115384615385 0.07451923076923077
0 0.9158653846153846 0.7043269230769231 0.04326923076923077 0.07692307692307693
0 0.8689903846153846 0.6995192307692307 0.04447115384615385 0.08413461538461539
0 0.8209134615384616 0.6995192307692307 0.04326923076923077 0.08533653846153846
0 0.7427884615384616 0.8137019230769231 0.03485576923076923 0.06490384615384616
0 0.046875 0.5913461538461539 0.039663461538461536 0.07692307692307693
0 0.27403846153846156 0.4735576923076923 0.046875 0.078125
0 0.33052884615384615 0.3605769230769231 0.07451923076923077 0.11778846153846154
0 0.9302884615384616 0.21634615384615385 0.051682692307692304 0.0733173076923077
0 0.9783653846153846 0.21514423076923078 0.042067307692307696 0.07692307692307693
0 0.8197115384615384 0.19951923076923078 0.039663461538461536 0.11057692307692307
0 0.7776442307692307 0.19951923076923078 0.037259615384615384 0.11057692307692307
0 0.7379807692307693 0.20192307692307693 0.037259615384615384 0.11057692307692307
0 0.6983173076923077 0.20072115384615385 0.037259615384615384 0.11057692307692307
0 0.6550480769230769 0.20192307692307693 0.040865384615384616 0.11177884615384616
0 0.6105769230769231 0.20072115384615385 0.040865384615384616 0.11177884615384616
0 0.5661057692307693 0.20192307692307693 0.040865384615384616 0.11057692307692307
0 0.5240384615384616 0.20192307692307693 0.038461538461538464 0.11177884615384616
0 0.4795673076923077 0.20192307692307693 0.037259615384615384 0.11177884615384616
0 0.4387019230769231 0.203125 0.03365384615384615 0.109375
0 0.39903846153846156 0.203125 0.03365384615384615 0.1141826923076923
0 0.375 0.4651442307692308 0.04927884615384615 0.08533653846153846
0 0.42427884615384615 0.46634615384615385 0.04326923076923077 0.08533653846153846
0 0.4723557692307692 0.46634615384615385 0.04807692307692308 0.08653846153846154
0 0.5204326923076923 0.46634615384615385 0.04447115384615385 0.08533653846153846
0 0.8737980769230769 0.21754807692307693 0.054086538461538464 0.07211538461538461
0 0.9567307692307693 0.3485576923076923 0.056490384615384616 0.08653846153846154
0 0.9038461538461539 0.3485576923076923 0.039663461538461536 0.07932692307692307
0 0.859375 0.3473557692307692 0.04326923076923077 0.08413461538461539
0 0.21514423076923078 0.35216346153846156 0.04326923076923077 0.0829326923076923
0 0.16826923076923078 0.35216346153846156 0.04447115384615385 0.08052884615384616
0 0.12139423076923077 0.35216346153846156 0.04927884615384615 0.078125
0 0.021634615384615384 0.35336538461538464 0.042067307692307696 0.08052884615384616
0 0.06971153846153846 0.35096153846153844 0.04567307692307692 0.08173076923076923
0 0.037259615384615384 0.4735576923076923 0.046875 0.07692307692307693
0 0.08533653846153846 0.4735576923076923 0.046875 0.07692307692307693
0 0.13581730769230768 0.4723557692307692 0.04447115384615385 0.07692307692307693
0 0.5685096153846154 0.46634615384615385 0.04447115384615385 0.08533653846153846
0 0.18028846153846154 0.4735576923076923 0.040865384615384616 0.07572115384615384
0 0.9615384615384616 0.9314903846153846 0.052884615384615384 0.09375
0 0.32211538461538464 0.4735576923076923 0.04326923076923077 0.07572115384615384
0 0.4519230769230769 0.35096153846153844 0.052884615384615384 0.08533653846153846
0 0.5576923076923077 0.35096153846153844 0.04927884615384615 0.08413461538461539
0 0.6069711538461539 0.35096153846153844 0.046875 0.08413461538461539
0 0.65625 0.34975961538461536 0.04927884615384615 0.08774038461538461
0 0.7115384615384616 0.3485576923076923 0.04567307692307692 0.08413461538461539
0 0.8100961538461539 0.3473557692307692 0.04807692307692308 0.08533653846153846
0 0.22596153846153846 0.47475961538461536 0.04447115384615385 0.07451923076923077
0 0.6189903846153846 0.4675480769230769 0.04807692307692308 0.08653846153846154
0 0.2644230769230769 0.35096153846153844 0.04807692307692308 0.08413461538461539
0 0.7163461538461539 0.46634615384615385 0.04567307692307692 0.08413461538461539
0 0.31009615384615385 0.5877403846153846 0.04807692307692308 0.078125
0 0.25240384615384615 0.5913461538461539 0.051682692307692304 0.078125
0 0.20072115384615385 0.5913461538461539 0.046875 0.07692307692307693
0 0.15384615384615385 0.5901442307692307 0.042067307692307696 0.07692307692307693
0 0.09375 0.5913461538461539 0.04567307692307692 0.07572115384615384
0 0.3581730769230769 0.20192307692307693 0.037259615384615384 0.11538461538461539
0 0.359375 0.5853365384615384 0.04326923076923077 0.0829326923076923
0 0.3137019230769231 0.20192307692307693 0.037259615384615384 0.11538461538461539
0 0.23317307692307693 0.20192307692307693 0.037259615384615384 0.11177884615384616
0 0.18990384615384615 0.20192307692307693 0.037259615384615384 0.11057692307692307
0 0.11177884615384616 0.20793269230769232 0.040865384615384616 0.10096153846153846
0 0.0625 0.20793269230769232 0.038461538461538464 0.10096153846153846
0 0.021634615384615384 0.2091346153846154 0.039663461538461536 0.10096153846153846
0 0.6682692307692307 0.46875 0.04567307692307692 0.08774038461538461
0 0.27524038461538464 0.20192307692307693 0.037259615384615384 0.11177884615384616
0 0.4050480769230769 0.5853365384615384 0.04326923076923077 0.0829326923076923
0 0.40024038461538464 0.35096153846153844 0.04326923076923077 0.08533653846153846
0 0.5036057692307693 0.5877403846153846 0.04447115384615385 0.078125
0 0.7632211538461539 0.4639423076923077 0.046875 0.08653846153846154
0 0.8161057692307693 0.4651442307692308 0.05048076923076923 0.0829326923076923
0 0.8665865384615384 0.4651442307692308 0.046875 0.08774038461538461
0 0.9146634615384616 0.4639423076923077 0.04326923076923077 0.08774038461538461
0 0.45552884615384615 0.5865384615384616 0.04807692307692308 0.08173076923076923
0 0.9807692307692307 0.5817307692307693 0.037259615384615384 0.08653846153846154
0 0.9375 0.5817307692307693 0.04326923076923077 0.08533653846153846
0 0.9639423076923077 0.46634615384615385 0.04807692307692308 0.08774038461538461
0 0.8377403846153846 0.5817307692307693 0.04807692307692308 0.08653846153846154
0 0.7884615384615384 0.5805288461538461 0.04326923076923077 0.08653846153846154
0 0.8882211538461539 0.5817307692307693 0.04567307692307692 0.08653846153846154
0 0.5961538461538461 0.5853365384615384 0.04567307692307692 0.08052884615384616
0 0.6442307692307693 0.5817307692307693 0.04326923076923077 0.08774038461538461
0 0.6923076923076923 0.5817307692307693 0.04567307692307692 0.08653846153846154
0 0.7403846153846154 0.5805288461538461 0.04567307692307692 0.08533653846153846
0 0.5504807692307693 0.5865384615384616 0.039663461538461536 0.07932692307692307