0 0.37740384615384615 0.6670673076923077 0.03245192307692308 0.036057692307692304
0 0.5084134615384616 0.7115384615384616 0.038461538461538464 0.042067307692307696
0 0.30528846153846156 0.8870192307692307 0.04447115384615385 0.07692307692307693
0 0.41586538461538464 0.6646634615384616 0.037259615384615384 0.038461538461538464
0 0.453125 0.6610576923076923 0.030048076923076924 0.036057692307692304
0 0.5564903846153846 0.7235576923076923 0.04447115384615385 0.04567307692307692
0 0.6454326923076923 0.7079326923076923 0.040865384615384616 0.06490384615384616
0 0.1310096153846154 0.8894230769230769 0.04326923076923077 0.08413461538461539
0 0.0829326923076923 0.9110576923076923 0.046875 0.08653846153846154
0 0.03365384615384615 0.9338942307692307 0.04567307692307692 0.06370192307692307
0 0.8581730769230769 0.6706730769230769 0.03485576923076923 0.08413461538461539
0 0.8221153846153846 0.6826923076923077 0.038461538461538464 0.07932692307692307
0 0.7764423076923077 0.7019230769230769 0.051682692307692304 0.055288461538461536
0 0.17427884615384615 0.875 0.040865384615384616 0.08413461538461539
0 0.2127403846153846 0.8581730769230769 0.036057692307692304 0.08052884615384616
0 0.2620192307692308 0.8858173076923077 0.04447115384615385 0.08052884615384616
0 0.7211538461538461 0.6538461538461539 0.036057692307692304 0.039663461538461536
0 0.5973557692307693 0.6478365384615384 0.030048076923076924 0.030048076923076924
0 0.5528846153846154 0.6490384615384616 0.036057692307692304 0.030048076923076924
0 0.6358173076923077 0.6430288461538461 0.03485576923076923 0.028846153846153848
0 0.6742788461538461 0.640625 0.036057692307692304 0.036057692307692304
0 0.6899038461538461 0.7043269230769231 0.042067307692307696 0.06129807692307692
0 0.6021634615384616 0.7139423076923077 0.042067307692307696 0.0625
0 0.35216346153846156 0.8882211538461539 0.04927884615384615 0.0829326923076923
0 0.9411057692307693 0.6754807692307693 0.026442307692307692 0.07572115384615384
0 0.4879807692307692 0.8088942307692307 0.038461538461538464 0.06490384615384616
0 0.3389423076923077 0.6622596153846154 0.030048076923076924 0.02403846153846154
0 0.5408653846153846 0.1141826923076923 0.06009615384615385 0.05048076923076923
0 0.04326923076923077 0.09254807692307693 0.06370192307692307 0.1045673076923077
0 0.10697115384615384 0.09375 0.05889423076923077 0.10336538461538461
0 0.16826923076923078 0.09375 0.054086538461538464 0.10096153846153846
0 0.12379807692307693 0.026442307692307692 0.055288461538461536 0.026442307692307692
0 0.24158653846153846 0.07692307692307693 0.08173076923076923 0.12620192307692307
0 0.3329326923076923 0.08774038461538461 0.08413461538461539 0.1045673076923077
0 0.9483173076923077 0.7704326923076923 0.02283653846153846 0.057692307692307696
0 0.9747596153846154 0.7908653846153846 0.02403846153846154 0.055288461538461536
0 0.9759615384615384 0.6706730769230769 0.04326923076923077 0.07692307692307693
0 0.9038461538461539 0.6766826923076923 0.04807692307692308 0.07692307692307693
0 0.016826923076923076 0.2776442307692308 0.03365384615384615 0.046875
0 0.7980769230769231 0.8221153846153846 0.03245192307692308 0.08173076923076923
0 0.9350961538461539 0.8389423076923077 0.042067307692307696 0.057692307692307696
0 0.8822115384615384 0.8425480769230769 0.046875 0.08413461538461539
0 0.8365384615384616 0.8461538461538461 0.040865384615384616 0.08173076923076923
0 0.7560096153846154 0.8233173076923077 0.04447115384615385 0.078125
0 0.7115384615384616 0.7980769230769231 0.040865384615384616 0.04807692307692308
0 0.6923076923076923 0.8653846153846154 0.042067307692307696 0.07692307692307693
0 0.6490384615384616 0.8701923076923077 0.042067307692307696 0.0829326923076923
0 0.5528846153846154 0.7860576923076923 0.03485576923076923 0.03365384615384615
0 0.5360576923076923 0.8413461538461539 0.05048076923076923 0.06971153846153846
0 0.39663461538461536 0.8317307692307693 0.037259615384615384 0.06971153846153846
0 0.30408653846153844 0.6670673076923077 0.03365384615384615 0.020432692307692308
0 0.4423076923076923 0.09014423076923077 0.12980769230769232 0.0985576923076923
0 0.30528846153846156 0.6887019230769231 0.03245192307692308 0.020432692307692308
0 0.04567307692307692 0.42427884615384615 0.07692307692307693 0.037259615384615384
0 0.056490384615384616 0.4699519230769231 0.06490384615384616 0.037259615384615384
0 0.13221153846153846 0.453125 0.056490384615384616 0.040865384615384616
0 0.1935096153846154 0.4579326923076923 0.054086538461538464 0.04326923076923077
0 0.20192307692307693 0.39783653846153844 0.04326923076923077 0.04326923076923077
0 0.15504807692307693 0.3918269230769231 0.04447115384615385 0.040865384615384616
0 0.078125 0.38461538461538464 0.08653846153846154 0.03365384615384615
0 0.25 0.45072115384615385 0.052884615384615384 0.056490384615384616
0 0.30408653846153844 0.43990384615384615 0.04927884615384615 0.06009615384615385
0 0.9831730769230769 0.2403846153846154 0.03245192307692308 0.12980769230769232
0 0.3605769230769231 0.43028846153846156 0.05889423076923077 0.09615384615384616
0 0.49038461538461536 0.421875 0.038461538461538464 0.08052884615384616
0 0.5348557692307693 0.4230769230769231 0.05048076923076923 0.07932692307692307
0 0.5757211538461539 0.4230769230769231 0.028846153846153848 0.056490384615384616
0 0.5348557692307693 0.3641826923076923 0.039663461538461536 0.036057692307692304
0 0.6334134615384616 0.4110576923076923 0.051682692307692304 0.09735576923076923
0 0.6766826923076923 0.40384615384615385 0.030048076923076924 0.0889423076923077
0 0.7403846153846154 0.4182692307692308 0.042067307692307696 0.056490384615384616
0 0.7584134615384616 0.3713942307692308 0.03485576923076923 0.03365384615384615
0 0.7175480769230769 0.36899038461538464 0.04567307692307692 0.036057692307692304
0 0.43149038461538464 0.4423076923076923 0.0673076923076923 0.055288461538461536
0 0.8870192307692307 0.4170673076923077 0.09735576923076923 0.046875
0 0.9338942307692307 0.24278846153846154 0.05889423076923077 0.12740384615384615
0 0.3401442307692308 0.6850961538461539 0.03485576923076923 0.020432692307692308
0 0.6033653846153846 0.11177884615384616 0.055288461538461536 0.056490384615384616
0 0.6634615384615384 0.09014423076923077 0.051682692307692304 0.0889423076923077
0 0.7223557692307693 0.09134615384615384 0.05048076923076923 0.08653846153846154
0 0.7740384615384616 0.09495192307692307 0.039663461538461536 0.08173076923076923
0 0.84375 0.09014423076923077 0.0829326923076923 0.08533653846153846
0 0.9242788461538461 0.0829326923076923 0.06009615384615385 0.10096153846153846
0 0.1310096153846154 0.2091346153846154 0.1310096153846154 0.021634615384615384
0 0.12860576923076922 0.23317307692307693 0.12860576923076922 0.020432692307692308
0 0.14302884615384615 0.28966346153846156 0.12860576923076922 0.08653846153846154
0 0.8665865384615384 0.24519230769230768 0.04567307692307692 0.12379807692307693
0 0.26802884615384615 0.296875 0.12139423076923077 0.019230769230769232
0 0.3581730769230769 0.3088942307692308 0.05048076923076923 0.046875
0 0.33653846153846156 0.2644230769230769 0.036057692307692304 0.036057692307692304
0 0.46274038461538464 0.2764423076923077 0.055288461538461536 0.0985576923076923
0 0.4110576923076923 0.22355769230769232 0.04326923076923077 0.03245192307692308
0 0.5192307692307693 0.2932692307692308 0.037259615384615384 0.056490384615384616
0 0.6262019230769231 0.28125 0.055288461538461536 0.07211538461538461
0 0.6730769230769231 0.27524038461538464 0.028846153846153848 0.08533653846153846
0 0.7091346153846154 0.27283653846153844 0.037259615384615384 0.08413461538461539
0 0.7644230769230769 0.2668269230769231 0.057692307692307696 0.09375
0 0.27163461538461536 0.32091346153846156 0.1201923076923077 0.021634615384615384
0 0.96875 0.4050480769230769 0.06129807692307692 0.0625
0 0.8149038461538461 0.2644230769230769 0.038461538461538464 0.09375
0 0.890625 0.34975961538461536 0.036057692307692304 0.038461538461538464
0 0.7355769230769231 0.5612980769230769 0.015625 0.05889423076923077
0 0.9074519230769231 0.5612980769230769 0.036057692307692304 0.046875
0 0.9387019230769231 0.5576923076923077 0.025240384615384616 0.051682692307692304
0 0.9543269230769231 0.34975961538461536 0.04567307692307692 0.04567307692307692
0 0.9711538461538461 0.5444711538461539 0.03485576923076923 0.0733173076923077
0 0.9735576923076923 0.4807692307692308 0.051682692307692304 0.036057692307692304
0 0.04567307692307692 0.7860576923076923 0.037259615384615384 0.027644230769230768
0 0.0889423076923077 0.78125 0.04326923076923077 0.02283653846153846
0 0.038461538461538464 0.7548076923076923 0.042067307692307696 0.028846153846153848
0 0.08533653846153846 0.7524038461538461 0.04927884615384615 0.025240384615384616
0 0.037259615384615384 0.7247596153846154 0.042067307692307696 0.026442307692307692
0 0.08413461538461539 0.7211538461538461 0.04326923076923077 0.03125
0 0.1622596153846154 0.734375 0.06971153846153846 0.07091346153846154
0 0.2247596153846154 0.75 0.040865384615384616 0.030048076923076924
0 0.26802884615384615 0.7451923076923077 0.040865384615384616 0.028846153846153848
0 0.22355769230769232 0.7175480769230769 0.042067307692307696 0.028846153846153848
0 0.2644230769230769 0.7127403846153846 0.039663461538461536 0.03125
0 0.21995192307692307 0.6875 0.037259615384615384 0.027644230769230768
0 0.25961538461538464 0.6814903846153846 0.038461538461538464 0.028846153846153848
0 0.3076923076923077 0.7115384615384616 0.03125 0.021634615384615384
0 0.3449519230769231 0.7079326923076923 0.03485576923076923 0.020432692307692308
0 0.8413461538461539 0.5372596153846154 0.04447115384615385 0.07692307692307693
0 0.8052884615384616 0.5336538461538461 0.02283653846153846 0.08052884615384616
0 0.5564903846153846 0.2824519230769231 0.038461538461538464 0.06971153846153846
0 0.6514423076923077 0.5060096153846154 0.009615384615384616 0.03245192307692308
0 0.7680288461538461 0.5661057692307693 0.04927884615384615 0.056490384615384616
0 0.6670673076923077 0.5240384615384616 0.016826923076923076 0.0625
0 0.6887019230769231 0.5276442307692307 0.016826923076923076 0.0673076923076923
0 0.5973557692307693 0.5793269230769231 0.03365384615384615 0.06490384615384616
0 0.5552884615384616 0.5649038461538461 0.046875 0.09134615384615384
0 0.5012019230769231 0.5733173076923077 0.04927884615384615 0.08774038461538461
0 0.453125 0.5793269230769231 0.037259615384615384 0.056490384615384616
0 0.4050480769230769 0.59375 0.056490384615384616 0.06009615384615385
0 0.31850961538461536 0.515625 0.09975961538461539 0.030048076923076924
0 0.31971153846153844 0.5456730769230769 0.10216346153846154 0.020432692307692308
0 0.6370192307692307 0.5661057692307693 0.039663461538461536 0.08774038461538461
0 0.20192307692307693 0.5877403846153846 0.11057692307692307 0.06850961538461539
0 0.32091346153846156 0.5865384615384616 0.109375 0.056490384615384616
0 0.7043269230769231 0.5252403846153846 0.013221153846153846 0.06610576923076923
0 0.6370192307692307 0.5060096153846154 0.014423076923076924 0.030048076923076924
0 0.921875 0.35216346153846156 0.020432692307692308 0.042067307692307696
0 0.71875 0.5216346153846154 0.013221153846153846 0.0625
0 0.025240384615384616 0.625 0.05048076923076923 0.051682692307692304
0 0.03365384615384615 0.5685096153846154 0.04927884615384615 0.05048076923076923
0 0.1310096153846154 0.5288461538461539 0.07572115384615384 0.026442307692307692
0 0.04807692307692308 0.5252403846153846 0.06971153846153846 0.019230769230769232
0 0.10096153846153846 0.5997596153846154 0.07932692307692307 0.051682692307692304