0 0.2860576923076923 0.9086538461538461 0.05048076923076923 0.09014423076923077
0 0.5024038461538461 0.9326923076923077 0.0733173076923077 0.042067307692307696
0 0.3894230769230769 0.9014423076923077 0.042067307692307696 0.08653846153846154
0 0.4362980769230769 0.9002403846153846 0.040865384615384616 0.09254807692307693
0 0.4987980769230769 0.8834134615384616 0.07572115384615384 0.04927884615384615
0 0.5721153846153846 0.8966346153846154 0.055288461538461536 0.037259615384615384
0 0.8100961538461539 0.9170673076923077 0.09735576923076923 0.09014423076923077
0 0.6274038461538461 0.8978365384615384 0.05048076923076923 0.040865384615384616
0 0.6237980769230769 0.9375 0.05048076923076923 0.037259615384615384
0 0.7067307692307693 0.9146634615384616 0.09495192307692307 0.09254807692307693
0 0.8978365384615384 0.9230769230769231 0.07091346153846154 0.08774038461538461
0 0.9675480769230769 0.9254807692307693 0.06009615384615385 0.08653846153846154
0 0.22235576923076922 0.8954326923076923 0.06129807692307692 0.109375
0 0.5697115384615384 0.9362980769230769 0.052884615384615384 0.038461538461538464
0 0.15504807692307693 0.9014423076923077 0.06370192307692307 0.09375
0 0.33774038461538464 0.9050480769230769 0.04807692307692308 0.0889423076923077
0 0.03245192307692308 0.8954326923076923 0.056490384615384616 0.10576923076923077
0 0.9747596153846154 0.2439903846153846 0.04927884615384615 0.140625
0 0.028846153846153848 0.38100961538461536 0.05048076923076923 0.13341346153846154
0 0.08533653846153846 0.38221153846153844 0.051682692307692304 0.12980769230769232
0 0.14543269230769232 0.38341346153846156 0.04927884615384615 0.12980769230769232
0 0.203125 0.38461538461538464 0.052884615384615384 0.13221153846153846
0 0.25961538461538464 0.3870192307692308 0.051682692307692304 0.13221153846153846
0 0.3161057692307692 0.3870192307692308 0.046875 0.13221153846153846
0 0.375 0.3858173076923077 0.056490384615384616 0.12980769230769232
0 0.42788461538461536 0.3894230769230769 0.040865384615384616 0.11778846153846154
0 0.4735576923076923 0.39783653846153844 0.039663461538461536 0.11298076923076923
0 0.5384615384615384 0.34975961538461536 0.07451923076923077 0.04326923076923077
0 0.6201923076923077 0.35096153846153844 0.07451923076923077 0.040865384615384616
0 0.09134615384615384 0.8894230769230769 0.051682692307692304 0.10817307692307693
0 0.6129807692307693 0.39783653846153844 0.0733173076923077 0.037259615384615384
0 0.5384615384615384 0.4387019230769231 0.07451923076923077 0.038461538461538464
0 0.6165865384615384 0.4423076923076923 0.06850961538461539 0.038461538461538464
0 0.7007211538461539 0.40625 0.07692307692307693 0.11778846153846154
0 0.7824519230769231 0.4074519230769231 0.08173076923076923 0.11778846153846154
0 0.8713942307692307 0.4110576923076923 0.08413461538461539 0.11778846153846154
0 0.9579326923076923 0.41466346153846156 0.07932692307692307 0.11778846153846154
0 0.9026442307692307 0.5360576923076923 0.08413461538461539 0.10216346153846154
0 0.04807692307692308 0.5252403846153846 0.057692307692307696 0.0889423076923077
0 0.11177884615384616 0.5228365384615384 0.06490384615384616 0.08774038461538461
0 0.17548076923076922 0.5180288461538461 0.04326923076923077 0.10216346153846154
0 0.23076923076923078 0.5252403846153846 0.052884615384615384 0.09375
0 0.9158653846153846 0.24759615384615385 0.057692307692307696 0.1310096153846154
0 0.28966346153846156 0.5336538461538461 0.057692307692307696 0.0829326923076923
0 0.8533653846153846 0.24519230769230768 0.057692307692307696 0.13221153846153846
0 0.7247596153846154 0.24158653846153846 0.056490384615384616 0.13341346153846154
0 0.046875 0.057692307692307696 0.06610576923076923 0.109375
0 0.11658653846153846 0.056490384615384616 0.06610576923076923 0.109375
0 0.1875 0.05889423076923077 0.06971153846153846 0.11057692307692307
0 0.25600961538461536 0.05889423076923077 0.057692307692307696 0.11298076923076923
0 0.31971153846153844 0.05889423076923077 0.06009615384615385 0.1141826923076923
0 0.38341346153846156 0.05889423076923077 0.057692307692307696 0.1141826923076923
0 0.44711538461538464 0.06129807692307692 0.06370192307692307 0.11778846153846154
0 0.5132211538461539 0.06370192307692307 0.06490384615384616 0.11298076923076923
0 0.5913461538461539 0.06490384615384616 0.06971153846153846 0.125
0 0.6610576923076923 0.06610576923076923 0.06610576923076923 0.12740384615384615
0 0.7319711538461539 0.0673076923076923 0.06370192307692307 0.12740384615384615
0 0.8040865384615384 0.0673076923076923 0.07091346153846154 0.12980769230769232
0 0.8774038461538461 0.06971153846153846 0.0673076923076923 0.1346153846153846
0 0.9459134615384616 0.07091346153846154 0.05889423076923077 0.13581730769230768
0 0.038461538461538464 0.21634615384615385 0.057692307692307696 0.13822115384615385
0 0.10576923076923077 0.21875 0.06370192307692307 0.14182692307692307
0 0.16826923076923078 0.22235576923076922 0.04326923076923077 0.13701923076923078
0 0.22115384615384615 0.22235576923076922 0.05048076923076923 0.13701923076923078
0 0.27524038461538464 0.2247596153846154 0.04807692307692308 0.14182692307692307
0 0.3317307692307692 0.2247596153846154 0.05889423076923077 0.13822115384615385
0 0.40024038461538464 0.22596153846153846 0.07211538461538461 0.14182692307692307
0 0.4675480769230769 0.22355769230769232 0.04807692307692308 0.13822115384615385
0 0.5396634615384616 0.22956730769230768 0.04927884615384615 0.13341346153846154
0 0.5985576923076923 0.23317307692307693 0.05048076923076923 0.13341346153846154
0 0.6598557692307693 0.23677884615384615 0.05048076923076923 0.13341346153846154
0 0.7872596153846154 0.2403846153846154 0.056490384615384616 0.1346153846153846
0 0.3581730769230769 0.5348557692307693 0.06370192307692307 0.08173076923076923
0 0.5336538461538461 0.3954326923076923 0.07572115384615384 0.04326923076923077
0 0.515625 0.5264423076923077 0.042067307692307696 0.10096153846153846
0 0.7704326923076923 0.6802884615384616 0.06610576923076923 0.03245192307692308
0 0.8401442307692307 0.6466346153846154 0.06490384615384616 0.03365384615384615
0 0.9086538461538461 0.6502403846153846 0.06370192307692307 0.03125
0 0.9711538461538461 0.6490384615384616 0.052884615384615384 0.03365384615384615
0 0.9663461538461539 0.6838942307692307 0.04807692307692308 0.03245192307692308
0 0.8389423076923077 0.6802884615384616 0.0625 0.03245192307692308
0 0.90625 0.6826923076923077 0.0673076923076923 0.028846153846153848
0 0.036057692307692304 0.7644230769230769 0.057692307692307696 0.09975961538461539
0 0.09375 0.7584134615384616 0.055288461538461536 0.1141826923076923
0 0.14903846153846154 0.7680288461538461 0.046875 0.0985576923076923
0 0.19471153846153846 0.7644230769230769 0.038461538461538464 0.10336538461538461
0 0.23677884615384615 0.7620192307692307 0.038461538461538464 0.11057692307692307
0 0.2764423076923077 0.7620192307692307 0.038461538461538464 0.11298076923076923
0 0.4639423076923077 0.5264423076923077 0.05048076923076923 0.10817307692307693
0 0.33413461538461536 0.7944711538461539 0.02403846153846154 0.04567307692307692
0 0.38461538461538464 0.8040865384615384 0.07091346153846154 0.03245192307692308
0 0.46033653846153844 0.7548076923076923 0.06850961538461539 0.06971153846153846
0 0.46033653846153844 0.8088942307692307 0.07451923076923077 0.03485576923076923
0 0.5360576923076923 0.7788461538461539 0.07091346153846154 0.0889423076923077
0 0.609375 0.7800480769230769 0.0733173076923077 0.09254807692307693
0 0.6862980769230769 0.7824519230769231 0.07451923076923077 0.09134615384615384
0 0.7620192307692307 0.7836538461538461 0.06971153846153846 0.09134615384615384
0 0.8353365384615384 0.7860576923076923 0.07091346153846154 0.0889423076923077
0 0.9098557692307693 0.7872596153846154 0.0673076923076923 0.0889423076923077
0 0.9735576923076923 0.7884615384615384 0.051682692307692304 0.09134615384615384
0 0.7716346153846154 0.6442307692307693 0.06610576923076923 0.03485576923076923
0 0.7007211538461539 0.6754807692307693 0.06129807692307692 0.03365384615384615
0 0.31009615384615385 0.7908653846153846 0.021634615384615384 0.05048076923076923
0 0.6346153846153846 0.6766826923076923 0.06490384615384616 0.036057692307692304
0 0.703125 0.6394230769230769 0.06610576923076923 0.03245192307692308
0 0.578125 0.49278846153846156 0.06009615384615385 0.036057692307692304
0 0.5769230769230769 0.5288461538461539 0.06971153846153846 0.03245192307692308
0 0.578125 0.5649038461538461 0.0625 0.03365384615384615
0 0.71875 0.49759615384615385 0.06850961538461539 0.037259615384615384
0 0.7139423076923077 0.5324519230769231 0.06610576923076923 0.03125
0 0.6490384615384616 0.4963942307692308 0.06490384615384616 0.030048076923076924
0 0.6466346153846154 0.5300480769230769 0.06129807692307692 0.030048076923076924
0 0.6442307692307693 0.5685096153846154 0.06610576923076923 0.03485576923076923
0 0.78125 0.5168269230769231 0.05048076923076923 0.027644230769230768
0 0.7764423076923077 0.5444711538461539 0.051682692307692304 0.025240384615384616
0 0.7752403846153846 0.5745192307692307 0.052884615384615384 0.027644230769230768
0 0.7127403846153846 0.5697115384615384 0.06610576923076923 0.036057692307692304
0 0.030048076923076924 0.6286057692307693 0.051682692307692304 0.08413461538461539
0 0.6334134615384616 0.6382211538461539 0.06490384615384616 0.03245192307692308
0 0.8317307692307693 0.5757211538461539 0.051682692307692304 0.02403846153846154
0 0.5612980769230769 0.6730769230769231 0.0625 0.03245192307692308
0 0.5661057692307693 0.6382211538461539 0.0673076923076923 0.03365384615384615
0 0.4375 0.6430288461538461 0.051682692307692304 0.08052884615384616
0 0.38341346153846156 0.6370192307692307 0.04567307692307692 0.08774038461538461
0 0.49399038461538464 0.6478365384615384 0.04927884615384615 0.07211538461538461
0 0.3245192307692308 0.6382211538461539 0.04927884615384615 0.07932692307692307
0 0.2692307692307692 0.6394230769230769 0.052884615384615384 0.0829326923076923
0 0.2127403846153846 0.6334134615384616 0.052884615384615384 0.0829326923076923
0 0.140625 0.6310096153846154 0.06009615384615385 0.07572115384615384
0 0.08413461538461539 0.6298076923076923 0.04326923076923077 0.08052884615384616