0 0.8954326923076923 0.5216346153846154 0.028846153846153848 0.05889423076923077
0 0.10576923076923077 0.5997596153846154 0.028846153846153848 0.06610576923076923
0 0.06129807692307692 0.5865384615384616 0.040865384615384616 0.06971153846153846
0 0.019230769230769232 0.5853365384615384 0.038461538461538464 0.07932692307692307
0 0.9867788461538461 0.5216346153846154 0.02403846153846154 0.06370192307692307
0 0.9591346153846154 0.5216346153846154 0.027644230769230768 0.0625
0 0.9278846153846154 0.5216346153846154 0.03485576923076923 0.0625
0 0.8557692307692307 0.5240384615384616 0.04447115384615385 0.06009615384615385
0 0.7103365384615384 0.5264423076923077 0.03125 0.042067307692307696
0 0.7487980769230769 0.5204326923076923 0.039663461538461536 0.0625
0 0.3581730769230769 0.2439903846153846 0.054086538461538464 0.11658653846153846
0 0.13341346153846154 0.6057692307692307 0.025240384615384616 0.05889423076923077
0 0.6694711538461539 0.5240384615384616 0.04927884615384615 0.046875
0 0.6262019230769231 0.5300480769230769 0.03365384615384615 0.037259615384615384
0 0.5889423076923077 0.5204326923076923 0.03245192307692308 0.056490384615384616
0 0.5540865384615384 0.5216346153846154 0.03485576923076923 0.055288461538461536
0 0.8028846153846154 0.5228365384615384 0.055288461538461536 0.06009615384615385
0 0.1622596153846154 0.6081730769230769 0.028846153846153848 0.06610576923076923
0 0.3016826923076923 0.6057692307692307 0.026442307692307692 0.06009615384615385
0 0.21754807692307693 0.6057692307692307 0.027644230769230768 0.06490384615384616
0 0.4206730769230769 0.8088942307692307 0.038461538461538464 0.06971153846153846
0 0.4579326923076923 0.8112980769230769 0.030048076923076924 0.06129807692307692
0 0.5036057692307693 0.7956730769230769 0.039663461538461536 0.06971153846153846
0 0.5432692307692307 0.8197115384615384 0.03485576923076923 0.04567307692307692
0 0.5817307692307693 0.8173076923076923 0.037259615384615384 0.04567307692307692
0 0.7103365384615384 0.7884615384615384 0.051682692307692304 0.06971153846153846
0 0.7740384615384616 0.7872596153846154 0.054086538461538464 0.07211538461538461
0 0.1875 0.6081730769230769 0.016826923076923076 0.06490384615384616
0 0.8425480769230769 0.7884615384615384 0.07932692307692307 0.0673076923076923
0 0.421875 0.6045673076923077 0.03125 0.057692307692307696
0 0.38461538461538464 0.6057692307692307 0.036057692307692304 0.056490384615384616
0 0.3545673076923077 0.6081730769230769 0.02283653846153846 0.056490384615384616
0 0.3317307692307692 0.6045673076923077 0.02283653846153846 0.06009615384615385
0 0.5216346153846154 0.5228365384615384 0.027644230769230768 0.051682692307692304
0 0.27163461538461536 0.6081730769230769 0.03125 0.055288461538461536
0 0.24519230769230768 0.609375 0.021634615384615384 0.05889423076923077
0 0.9567307692307693 0.7848557692307693 0.06610576923076923 0.08173076923076923
0 0.4891826923076923 0.5216346153846154 0.027644230769230768 0.055288461538461536
0 0.33774038461538464 0.5180288461538461 0.04807692307692308 0.06490384615384616
0 0.42908653846153844 0.5192307692307693 0.03125 0.06129807692307692
0 0.578125 0.41947115384615385 0.03245192307692308 0.07692307692307693
0 0.53125 0.38221153846153844 0.057692307692307696 0.08173076923076923
0 0.4230769230769231 0.40384615384615385 0.09014423076923077 0.09975961538461539
0 0.3293269230769231 0.4050480769230769 0.0829326923076923 0.09735576923076923
0 0.24879807692307693 0.4026442307692308 0.0673076923076923 0.10096153846153846
0 0.12980769230769232 0.40384615384615385 0.1310096153846154 0.1045673076923077
0 0.021634615384615384 0.38221153846153844 0.037259615384615384 0.026442307692307692
0 0.9723557692307693 0.25240384615384615 0.05048076923076923 0.15384615384615385
0 0.8966346153846154 0.2668269230769231 0.07932692307692307 0.1201923076923077
0 0.8233173076923077 0.2620192307692308 0.06009615384615385 0.13221153846153846
0 0.7632211538461539 0.2692307692307692 0.04807692307692308 0.12860576923076922
0 0.6947115384615384 0.25841346153846156 0.08413461538461539 0.09495192307692307
0 0.6262019230769231 0.2620192307692308 0.04927884615384615 0.09014423076923077
0 0.5685096153846154 0.23317307692307693 0.052884615384615384 0.1466346153846154
0 0.5168269230769231 0.23557692307692307 0.040865384615384616 0.13942307692307693
0 0.46875 0.24158653846153846 0.040865384615384616 0.1346153846153846
0 0.4182692307692308 0.24639423076923078 0.056490384615384616 0.12259615384615384
0 0.625 0.4206730769230769 0.055288461538461536 0.0673076923076923
0 0.6778846153846154 0.43028846153846156 0.040865384615384616 0.056490384615384616
0 0.7235576923076923 0.42908653846153844 0.039663461538461536 0.05048076923076923
0 0.8149038461538461 0.4254807692307692 0.057692307692307696 0.09975961538461539
0 0.4014423076923077 0.5228365384615384 0.02283653846153846 0.054086538461538464
0 0.3762019230769231 0.5228365384615384 0.026442307692307692 0.055288461538461536
0 0.35336538461538464 0.8064903846153846 0.028846153846153848 0.06370192307692307
0 0.2980769230769231 0.5276442307692307 0.026442307692307692 0.04807692307692308
0 0.26802884615384615 0.5180288461538461 0.03125 0.06610576923076923
0 0.23557692307692307 0.5180288461538461 0.03245192307692308 0.06490384615384616
0 0.19471153846153846 0.5240384615384616 0.04567307692307692 0.051682692307692304
0 0.15625 0.5216346153846154 0.03245192307692308 0.06129807692307692
0 0.46153846153846156 0.5228365384615384 0.027644230769230768 0.054086538461538464
0 0.125 0.5216346153846154 0.027644230769230768 0.057692307692307696
0 0.06370192307692307 0.23798076923076922 0.06610576923076923 0.140625
0 0.13701923076923078 0.23197115384615385 0.07451923076923077 0.14903846153846154
0 0.22355769230769232 0.23197115384615385 0.07211538461538461 0.1466346153846154
0 0.29927884615384615 0.23677884615384615 0.056490384615384616 0.13221153846153846
0 0.037259615384615384 0.4735576923076923 0.04326923076923077 0.0829326923076923
0 0.9831730769230769 0.4182692307692308 0.028846153846153848 0.08653846153846154
0 0.9411057692307693 0.4170673076923077 0.04326923076923077 0.0829326923076923
0 0.8810096153846154 0.42788461538461536 0.06490384615384616 0.0829326923076923
0 0.09014423076923077 0.5192307692307693 0.037259615384615384 0.06129807692307692
0 0.3245192307692308 0.8040865384615384 0.026442307692307692 0.06129807692307692
0 0.6442307692307693 0.8040865384615384 0.054086538461538464 0.08533653846153846
0 0.38461538461538464 0.8052884615384616 0.028846153846153848 0.06490384615384616
0 0.38341346153846156 0.6911057692307693 0.057692307692307696 0.05048076923076923
0 0.42908653846153844 0.6887019230769231 0.028846153846153848 0.05048076923076923
0 0.46274038461538464 0.6875 0.03365384615384615 0.051682692307692304
0 0.4963942307692308 0.6887019230769231 0.027644230769230768 0.054086538461538464
0 0.5252403846153846 0.6911057692307693 0.027644230769230768 0.051682692307692304
0 0.2644230769230769 0.8040865384615384 0.027644230769230768 0.07091346153846154
0 0.234375 0.8028846153846154 0.03365384615384615 0.07211538461538461
0 0.20432692307692307 0.8040865384615384 0.02283653846153846 0.0733173076923077
0 0.17548076923076922 0.8076923076923077 0.03245192307692308 0.06850961538461539
0 0.14543269230769232 0.8040865384615384 0.02283653846153846 0.07451923076923077
0 0.1201923076923077 0.8040865384615384 0.026442307692307692 0.07451923076923077
0 0.3329326923076923 0.6899038461538461 0.03485576923076923 0.051682692307692304
0 0.5637019230769231 0.6887019230769231 0.04326923076923077 0.02403846153846154
0 0.6057692307692307 0.6899038461538461 0.026442307692307692 0.06009615384615385
0 0.6478365384615384 0.6923076923076923 0.04447115384615385 0.05889423076923077
0 0.7019230769230769 0.6899038461538461 0.04927884615384615 0.052884615384615384
0 0.75 0.6983173076923077 0.037259615384615384 0.03365384615384615
0 0.7992788461538461 0.6899038461538461 0.04447115384615385 0.04927884615384615
0 0.8461538461538461 0.6935096153846154 0.042067307692307696 0.04447115384615385
0 0.07572115384615384 0.7932692307692307 0.052884615384615384 0.08052884615384616
0 0.026442307692307692 0.8052884615384616 0.037259615384615384 0.05889423076923077
0 0.9819711538461539 0.6802884615384616 0.03485576923076923 0.06370192307692307
0 0.9375 0.6887019230769231 0.04447115384615385 0.051682692307692304
0 0.8930288461538461 0.6935096153846154 0.04447115384615385 0.04927884615384615
0 0.5649038461538461 0.7091346153846154 0.05048076923076923 0.016826923076923076
0 0.296875 0.6911057692307693 0.03245192307692308 0.04927884615384615
0 0.29447115384615385 0.8016826923076923 0.025240384615384616 0.0733173076923077
0 0.22235576923076922 0.7091346153846154 0.04447115384615385 0.01201923076923077
0 0.009615384615384616 0.6923076923076923 0.019230769230769232 0.052884615384615384
0 0.03125 0.6935096153846154 0.02283653846153846 0.046875
0 0.057692307692307696 0.6959134615384616 0.030048076923076924 0.046875
0 0.0889423076923077 0.6971153846153846 0.028846153846153848 0.051682692307692304
0 0.6346153846153846 0.6081730769230769 0.026442307692307692 0.0625
0 0.6009615384615384 0.609375 0.028846153846153848 0.05889423076923077
0 0.9182692307692307 0.6105769230769231 0.039663461538461536 0.055288461538461536
0 0.5685096153846154 0.609375 0.036057692307692304 0.056490384615384616
0 0.5252403846153846 0.6033653846153846 0.03245192307692308 0.06610576923076923
0 0.49158653846153844 0.6021634615384616 0.03245192307692308 0.0625
0 0.45913461538461536 0.6033653846153846 0.028846153846153848 0.056490384615384616
0 0.7127403846153846 0.6105769230769231 0.026442307692307692 0.055288461538461536
0 0.7512019230769231 0.609375 0.04807692307692308 0.056490384615384616
0 0.6730769230769231 0.6081730769230769 0.03485576923076923 0.056490384615384616
0 0.7884615384615384 0.609375 0.02283653846153846 0.056490384615384616
0 0.8846153846153846 0.6105769230769231 0.026442307692307692 0.04927884615384615
0 0.8521634615384616 0.6069711538461539 0.030048076923076924 0.054086538461538464
0 0.26322115384615385 0.6887019230769231 0.03365384615384615 0.05048076923076923
0 0.1201923076923077 0.6911057692307693 0.03245192307692308 0.0625
0 0.14423076923076922 0.6899038461538461 0.015625 0.057692307692307696
0 0.16346153846153846 0.6923076923076923 0.020432692307692308 0.054086538461538464
0 0.18629807692307693 0.6862980769230769 0.02283653846153846 0.052884615384615384
0 0.22235576923076922 0.6766826923076923 0.039663461538461536 0.019230769230769232
0 0.21995192307692307 0.6947115384615384 0.042067307692307696 0.013221153846153846
0 0.8185096153846154 0.6081730769230769 0.03485576923076923 0.056490384615384616
0 0.9639423076923077 0.609375 0.038461538461538464 0.05889423076923077