0 0.6141826923076923 0.18389423076923078 0.038461538461538464 0.07211538461538461
0 0.5697115384615384 0.18870192307692307 0.046875 0.06129807692307692
0 0.5252403846153846 0.18509615384615385 0.040865384615384616 0.07091346153846154
0 0.4795673076923077 0.18389423076923078 0.039663461538461536 0.07091346153846154
0 0.42427884615384615 0.17067307692307693 0.057692307692307696 0.09615384615384616
0 0.3581730769230769 0.16947115384615385 0.052884615384615384 0.09615384615384616
0 0.27403846153846156 0.09975961538461539 0.09495192307692307 0.042067307692307696
0 0.27524038461538464 0.16947115384615385 0.09495192307692307 0.09495192307692307
0 0.24759615384615385 0.5372596153846154 0.06490384615384616 0.07211538461538461
0 0.39302884615384615 0.7283653846153846 0.019230769230769232 0.03485576923076923
0 0.4170673076923077 0.7295673076923077 0.016826923076923076 0.03485576923076923
0 0.7572115384615384 0.5492788461538461 0.056490384615384616 0.0673076923076923
0 0.6538461538461539 0.1875 0.036057692307692304 0.06610576923076923
0 0.6923076923076923 0.5492788461538461 0.06490384615384616 0.0733173076923077
0 0.6298076923076923 0.5504807692307693 0.052884615384615384 0.06009615384615385
0 0.5673076923076923 0.5444711538461539 0.06610576923076923 0.06971153846153846
0 0.49399038461538464 0.5432692307692307 0.07932692307692307 0.07091346153846154
0 0.41225961538461536 0.5432692307692307 0.078125 0.06610576923076923
0 0.34615384615384615 0.5432692307692307 0.04927884615384615 0.06490384615384616
0 0.171875 0.16706730769230768 0.09615384615384616 0.10216346153846154
0 0.7704326923076923 0.18870192307692307 0.07091346153846154 0.06490384615384616
0 0.8341346153846154 0.18870192307692307 0.051682692307692304 0.06971153846153846
0 0.15504807692307693 0.7211538461538461 0.02283653846153846 0.03485576923076923
0 0.1778846153846154 0.7211538461538461 0.019230769230769232 0.03485576923076923
0 0.20072115384615385 0.7223557692307693 0.021634615384615384 0.03485576923076923
0 0.22716346153846154 0.7247596153846154 0.02283653846153846 0.03125
0 0.4735576923076923 0.8557692307692307 0.030048076923076924 0.078125
0 0.5108173076923077 0.8545673076923077 0.039663461538461536 0.078125
0 0.25 0.7235576923076923 0.019230769230769232 0.03245192307692308
0 0.27403846153846156 0.7223557692307693 0.018028846153846152 0.03485576923076923
0 0.2956730769230769 0.7223557692307693 0.02403846153846154 0.03125
0 0.31971153846153844 0.7259615384615384 0.021634615384615384 0.03365384615384615
0 0.34375 0.7235576923076923 0.019230769230769232 0.036057692307692304
0 0.36538461538461536 0.7259615384615384 0.02283653846153846 0.03485576923076923
0 0.7043269230769231 0.18509615384615385 0.05048076923076923 0.07091346153846154
0 0.5480769230769231 0.8317307692307693 0.03125 0.10096153846153846
0 0.6213942307692307 0.8473557692307693 0.028846153846153848 0.10576923076923077
0 0.6550480769230769 0.8461538461538461 0.03485576923076923 0.10576923076923077
0 0.703125 0.8509615384615384 0.054086538461538464 0.10216346153846154
0 0.7584134615384616 0.8389423076923077 0.04927884615384615 0.09615384615384616
0 0.8137019230769231 0.8533653846153846 0.056490384615384616 0.10336538461538461
0 0.8701923076923077 0.8461538461538461 0.054086538461538464 0.1201923076923077
0 0.921875 0.8425480769230769 0.05048076923076923 0.12620192307692307
0 0.1935096153846154 0.31971153846153844 0.038461538461538464 0.06850961538461539
0 0.1502403846153846 0.31850961538461536 0.038461538461538464 0.06850961538461539
0 0.6814903846153846 0.13341346153846154 0.08653846153846154 0.025240384615384616
0 0.9519230769230769 0.18629807692307693 0.057692307692307696 0.07572115384615384
0 0.890625 0.17908653846153846 0.056490384615384616 0.08653846153846154
0 0.5841346153846154 0.8317307692307693 0.037259615384615384 0.09975961538461539
0 0.23557692307692307 0.31971153846153844 0.04326923076923077 0.06610576923076923
0 0.53125 0.640625 0.055288461538461536 0.04807692307692308
0 0.5925480769230769 0.640625 0.056490384615384616 0.054086538461538464
0 0.7956730769230769 0.7355769230769231 0.02403846153846154 0.037259615384615384
0 0.8209134615384616 0.7355769230769231 0.02403846153846154 0.037259615384615384
0 0.14302884615384615 0.8329326923076923 0.026442307692307692 0.09735576923076923
0 0.02403846153846154 0.7740384615384616 0.04807692307692308 0.11538461538461539
0 0.07692307692307693 0.7596153846153846 0.056490384615384616 0.08774038461538461
0 0.7211538461538461 0.7331730769230769 0.027644230769230768 0.042067307692307696
0 0.6959134615384616 0.734375 0.020432692307692308 0.039663461538461536
0 0.7704326923076923 0.7355769230769231 0.02403846153846154 0.036057692307692304
0 0.6742788461538461 0.734375 0.02283653846153846 0.038461538461538464
0 0.2091346153846154 0.8377403846153846 0.027644230769230768 0.09975961538461539
0 0.2403846153846154 0.8401442307692307 0.030048076923076924 0.09615384615384616
0 0.27283653846153844 0.8413461538461539 0.03125 0.0985576923076923
0 0.30408653846153844 0.8413461538461539 0.03245192307692308 0.09975961538461539
0 0.33774038461538464 0.8413461538461539 0.03245192307692308 0.10096153846153846
0 0.27884615384615385 0.32091346153846156 0.039663461538461536 0.0673076923076923
0 0.32211538461538464 0.32091346153846156 0.04807692307692308 0.06610576923076923
0 0.17548076923076922 0.8389423076923077 0.03485576923076923 0.0985576923076923
0 0.9603365384615384 0.6862980769230769 0.03485576923076923 0.08173076923076923
0 0.9122596153846154 0.6862980769230769 0.057692307692307696 0.07932692307692307
0 0.8605769230769231 0.6826923076923077 0.037259615384615384 0.09254807692307693
0 0.47475961538461536 0.6394230769230769 0.054086538461538464 0.051682692307692304
0 0.41466346153846156 0.6346153846153846 0.056490384615384616 0.056490384615384616
0 0.3557692307692308 0.6370192307692307 0.056490384615384616 0.05048076923076923
0 0.30528846153846156 0.6382211538461539 0.036057692307692304 0.042067307692307696
0 0.2668269230769231 0.6346153846153846 0.03365384615384615 0.040865384615384616
0 0.22115384615384615 0.6370192307692307 0.040865384615384616 0.042067307692307696
0 0.1778846153846154 0.6358173076923077 0.04326923076923077 0.040865384615384616
0 0.9759615384615384 0.8533653846153846 0.04326923076923077 0.12980769230769232
0 0.9350961538461539 0.4831730769230769 0.042067307692307696 0.04567307692307692
0 0.8858173076923077 0.484375 0.05048076923076923 0.046875
0 0.9579326923076923 0.5408653846153846 0.06490384615384616 0.0625
0 0.7463942307692307 0.7331730769230769 0.020432692307692308 0.040865384615384616
0 0.6526442307692307 0.6454326923076923 0.057692307692307696 0.046875
0 0.6959134615384616 0.6442307692307693 0.030048076923076924 0.04807692307692308
0 0.7355769230769231 0.6454326923076923 0.037259615384615384 0.051682692307692304
0 0.7716346153846154 0.6454326923076923 0.028846153846153848 0.04807692307692308
0 0.8149038461538461 0.6478365384615384 0.040865384615384616 0.05048076923076923
0 0.39783653846153844 0.3233173076923077 0.042067307692307696 0.06850961538461539
0 0.8197115384615384 0.5492788461538461 0.06490384615384616 0.0733173076923077
0 0.4411057692307692 0.3245192307692308 0.040865384615384616 0.06850961538461539
0 0.5276442307692307 0.32572115384615385 0.037259615384615384 0.06971153846153846
0 0.7800480769230769 0.4387019230769231 0.040865384615384616 0.0733173076923077
0 0.8317307692307693 0.4387019230769231 0.046875 0.06850961538461539
0 0.8930288461538461 0.40384615384615385 0.07091346153846154 0.07211538461538461
0 0.9699519230769231 0.3954326923076923 0.055288461538461536 0.09375
0 0.171875 0.5372596153846154 0.05889423076923077 0.06971153846153846
0 0.36899038461538464 0.84375 0.030048076923076924 0.10216346153846154
0 0.40384615384615385 0.8449519230769231 0.03125 0.10216346153846154
0 0.7439903846153846 0.4375 0.020432692307692308 0.07211538461538461
0 0.4375 0.8389423076923077 0.03485576923076923 0.1045673076923077
0 0.625 0.7295673076923077 0.021634615384615384 0.039663461538461536
0 0.6009615384615384 0.7295673076923077 0.02283653846153846 0.039663461538461536
0 0.5576923076923077 0.7163461538461539 0.05889423076923077 0.06850961538461539
0 0.5096153846153846 0.7295673076923077 0.02283653846153846 0.037259615384615384
0 0.48677884615384615 0.7295673076923077 0.021634615384615384 0.03485576923076923
0 0.46153846153846156 0.7307692307692307 0.025240384615384616 0.03485576923076923
0 0.4387019230769231 0.7295673076923077 0.021634615384615384 0.03365384615384615
0 0.6502403846153846 0.7331730769230769 0.021634615384615384 0.038461538461538464
0 0.703125 0.4362980769230769 0.04447115384615385 0.07451923076923077
0 0.6478365384615384 0.43990384615384615 0.04927884615384615 0.06370192307692307
0 0.5997596153846154 0.4387019230769231 0.04567307692307692 0.06610576923076923
0 0.5889423076923077 0.32091346153846156 0.09014423076923077 0.078125
0 0.6658653846153846 0.32091346153846156 0.04447115384615385 0.078125
0 0.7151442307692307 0.32091346153846156 0.054086538461538464 0.078125
0 0.7716346153846154 0.32211538461538464 0.05048076923076923 0.07572115384615384
0 0.8185096153846154 0.3245192307692308 0.038461538461538464 0.07692307692307693
0 0.8990384615384616 0.2932692307692308 0.039663461538461536 0.06610576923076923
0 0.9399038461538461 0.2932692307692308 0.03245192307692308 0.0673076923076923
0 0.9711538461538461 0.2932692307692308 0.026442307692307692 0.06610576923076923
0 0.16346153846153846 0.43149038461538464 0.05048076923076923 0.06490384615384616
0 0.2127403846153846 0.4338942307692308 0.039663461538461536 0.06490384615384616
0 0.25961538461538464 0.4338942307692308 0.04447115384615385 0.0673076923076923
0 0.30649038461538464 0.4338942307692308 0.040865384615384616 0.06370192307692307
0 0.3545673076923077 0.43509615384615385 0.042067307692307696 0.06610576923076923
0 0.40384615384615385 0.43509615384615385 0.046875 0.06971153846153846
0 0.45552884615384615 0.4387019230769231 0.04567307692307692 0.0673076923076923
0 0.5036057692307693 0.4375 0.04326923076923077 0.06370192307692307
0 0.5528846153846154 0.4387019230769231 0.04807692307692308 0.06610576923076923
0 0.4831730769230769 0.3233173076923077 0.042067307692307696 0.07091346153846154
0 0.890625 0.5420673076923077 0.06610576923076923 0.06490384615384616