0 0.4362980769230769 0.9026442307692307 0.030048076923076924 0.05889423076923077
0 0.5949519230769231 0.7788461538461539 0.04807692307692308 0.06610576923076923
0 0.5408653846153846 0.7620192307692307 0.051682692307692304 0.0985576923076923
0 0.4855769230769231 0.7632211538461539 0.055288461538461536 0.09375
0 0.4230769230769231 0.7764423076923077 0.057692307692307696 0.06370192307692307
0 0.2704326923076923 0.7848557692307693 0.02283653846153846 0.054086538461538464
0 0.9110576923076923 0.6454326923076923 0.03125 0.06129807692307692
0 0.6382211538461539 0.7704326923076923 0.03365384615384615 0.07932692307692307
0 0.3245192307692308 0.7824519230769231 0.025240384615384616 0.05889423076923077
0 0.36658653846153844 0.7728365384615384 0.052884615384615384 0.0733173076923077
0 0.9855769230769231 0.7740384615384616 0.027644230769230768 0.08052884615384616
0 0.025240384615384616 0.8990384615384616 0.037259615384615384 0.06129807692307692
0 0.296875 0.7860576923076923 0.025240384615384616 0.055288461538461536
0 0.6706730769230769 0.7728365384615384 0.028846153846153848 0.08413461538461539
0 0.78125 0.7872596153846154 0.04326923076923077 0.04807692307692308
0 0.7415865384615384 0.7836538461538461 0.03365384615384615 0.06129807692307692
0 0.06370192307692307 0.8966346153846154 0.03485576923076923 0.0673076923076923
0 0.828125 0.7884615384615384 0.046875 0.05048076923076923
0 0.21875 0.7800480769230769 0.030048076923076924 0.0625
0 0.18629807692307693 0.7824519230769231 0.03245192307692308 0.056490384615384616
0 0.15384615384615385 0.7836538461538461 0.028846153846153848 0.05889423076923077
0 0.12259615384615384 0.7848557692307693 0.026442307692307692 0.055288461538461536
0 0.08533653846153846 0.7788461538461539 0.039663461538461536 0.042067307692307696
0 0.02403846153846154 0.7848557692307693 0.04807692307692308 0.057692307692307696
0 0.9939903846153846 0.6394230769230769 0.010817307692307692 0.07211538461538461
0 0.9747596153846154 0.6430288461538461 0.02283653846153846 0.07091346153846154
0 0.9447115384615384 0.6370192307692307 0.03485576923076923 0.078125
0 0.7067307692307693 0.7836538461538461 0.030048076923076924 0.05889423076923077
0 0.10096153846153846 0.8978365384615384 0.038461538461538464 0.06971153846153846
0 0.13942307692307693 0.8966346153846154 0.036057692307692304 0.07091346153846154
0 0.17908653846153846 0.8966346153846154 0.042067307692307696 0.07091346153846154
0 0.9495192307692307 0.890625 0.0625 0.0829326923076923
0 0.8629807692307693 0.8822115384615384 0.051682692307692304 0.06129807692307692
0 0.8100961538461539 0.8918269230769231 0.05048076923076923 0.08052884615384616
0 0.7632211538461539 0.8918269230769231 0.038461538461538464 0.07692307692307693
0 0.7211538461538461 0.8894230769230769 0.04567307692307692 0.07451923076923077
0 0.2800480769230769 0.9026442307692307 0.03365384615384615 0.05889423076923077
0 0.8810096153846154 0.6466346153846154 0.027644230769230768 0.0625
0 0.31490384615384615 0.9026442307692307 0.037259615384615384 0.05889423076923077
0 0.3762019230769231 0.9074519230769231 0.026442307692307692 0.05889423076923077
0 0.6754807692307693 0.8990384615384616 0.040865384615384616 0.03125
0 0.6274038461538461 0.9122596153846154 0.04567307692307692 0.04326923076923077
0 0.5769230769230769 0.90625 0.055288461538461536 0.05048076923076923
0 0.5240384615384616 0.9050480769230769 0.04326923076923077 0.051682692307692304
0 0.47716346153846156 0.9026442307692307 0.04326923076923077 0.0625
0 0.3473557692307692 0.9038461538461539 0.027644230769230768 0.056490384615384616
0 0.4014423076923077 0.9038461538461539 0.025240384615384616 0.055288461538461536
0 0.8557692307692307 0.6478365384615384 0.021634615384615384 0.056490384615384616
0 0.24639423076923078 0.9038461538461539 0.030048076923076924 0.057692307692307696
0 0.21634615384615385 0.9026442307692307 0.028846153846153848 0.056490384615384616
0 0.359375 0.6430288461538461 0.03245192307692308 0.06971153846153846
0 0.40024038461538464 0.6322115384615384 0.04567307692307692 0.08774038461538461
0 0.453125 0.6322115384615384 0.05048076923076923 0.08653846153846154
0 0.49759615384615385 0.6454326923076923 0.036057692307692304 0.06129807692307692
0 0.5288461538461539 0.6394230769230769 0.027644230769230768 0.07451923076923077
0 0.8305288461538461 0.6430288461538461 0.02403846153846154 0.0733173076923077
0 0.5649038461538461 0.6394230769230769 0.03245192307692308 0.07451923076923077
0 0.59375 0.6177884615384616 0.02283653846153846 0.055288461538461536
0 0.6370192307692307 0.6382211538461539 0.030048076923076924 0.07451923076923077
0 0.6790865384615384 0.6346153846153846 0.037259615384615384 0.0829326923076923
0 0.7163461538461539 0.6466346153846154 0.030048076923076924 0.057692307692307696
0 0.7439903846153846 0.6370192307692307 0.02403846153846154 0.07692307692307693
0 0.7740384615384616 0.6394230769230769 0.03245192307692308 0.07692307692307693
0 0.9050480769230769 0.8774038461538461 0.026442307692307692 0.05048076923076923
0 0.8052884615384616 0.6418269230769231 0.026442307692307692 0.06971153846153846
0 0.6706730769230769 0.4987980769230769 0.04326923076923077 0.09254807692307693
0 0.28846153846153844 0.6358173076923077 0.037259615384615384 0.09014423076923077
0 0.3762019230769231 0.21514423076923078 0.046875 0.07572115384615384
0 0.421875 0.21634615384615385 0.040865384615384616 0.07091346153846154
0 0.46875 0.21875 0.04326923076923077 0.07451923076923077
0 0.5144230769230769 0.21514423076923078 0.04447115384615385 0.07572115384615384
0 0.5745192307692307 0.20192307692307693 0.05048076923076923 0.10216346153846154
0 0.6237980769230769 0.2127403846153846 0.04326923076923077 0.08052884615384616
0 0.671875 0.203125 0.04447115384615385 0.09495192307692307
0 0.7151442307692307 0.203125 0.036057692307692304 0.09615384615384616
0 0.7548076923076923 0.19951923076923078 0.040865384615384616 0.10096153846153846
0 0.7932692307692307 0.20072115384615385 0.03365384615384615 0.09735576923076923
0 0.828125 0.20072115384615385 0.03365384615384615 0.09735576923076923
0 0.8617788461538461 0.19951923076923078 0.03245192307692308 0.09375
0 0.8954326923076923 0.203125 0.03245192307692308 0.09735576923076923
0 0.9350961538461539 0.203125 0.040865384615384616 0.09495192307692307
0 0.9783653846153846 0.20552884615384615 0.038461538461538464 0.0985576923076923
0 0.018028846153846152 0.36658653846153844 0.02283653846153846 0.08653846153846154
0 0.046875 0.36899038461538464 0.030048076923076924 0.07692307692307693
0 0.078125 0.3713942307692308 0.03245192307692308 0.078125
0 0.11899038461538461 0.3557692307692308 0.038461538461538464 0.09975961538461539
0 0.16346153846153846 0.359375 0.046875 0.09254807692307693
0 0.2091346153846154 0.35336538461538464 0.038461538461538464 0.09735576923076923
0 0.328125 0.21514423076923078 0.046875 0.07091346153846154
0 0.2824519230769231 0.21995192307692307 0.038461538461538464 0.06971153846153846
0 0.23677884615384615 0.21634615384615385 0.04567307692307692 0.06610576923076923
0 0.18028846153846154 0.2091346153846154 0.05048076923076923 0.09014423076923077
0 0.057692307692307696 0.04326923076923077 0.04567307692307692 0.08533653846153846
0 0.11057692307692307 0.052884615384615384 0.051682692307692304 0.06971153846153846
0 0.171875 0.04447115384615385 0.06490384615384616 0.08653846153846154
0 0.23076923076923078 0.04927884615384615 0.04326923076923077 0.07692307692307693
0 0.28125 0.04447115384615385 0.052884615384615384 0.08774038461538461
0 0.3389423076923077 0.04447115384615385 0.057692307692307696 0.08533653846153846
0 0.39783653846153844 0.04447115384615385 0.055288461538461536 0.08413461538461539
0 0.4567307692307692 0.04326923076923077 0.055288461538461536 0.08653846153846154
0 0.5132211538461539 0.042067307692307696 0.056490384615384616 0.0829326923076923
0 0.5685096153846154 0.046875 0.046875 0.07572115384615384
0 0.25 0.3629807692307692 0.037259615384615384 0.09254807692307693
0 0.6201923076923077 0.05048076923076923 0.051682692307692304 0.07091346153846154
0 0.7199519230769231 0.05048076923076923 0.04447115384615385 0.0733173076923077
0 0.7704326923076923 0.051682692307692304 0.04807692307692308 0.07091346153846154
0 0.8233173076923077 0.04326923076923077 0.051682692307692304 0.08173076923076923
0 0.8798076923076923 0.04807692307692308 0.054086538461538464 0.07451923076923077
0 0.9290865384615384 0.04447115384615385 0.040865384615384616 0.08173076923076923
0 0.9747596153846154 0.042067307692307696 0.04927884615384615 0.0829326923076923
0 0.026442307692307692 0.1935096153846154 0.052884615384615384 0.1201923076923077
0 0.07572115384615384 0.1971153846153846 0.04447115384615385 0.11177884615384616
0 0.016826923076923076 0.04447115384615385 0.03365384615384615 0.08413461538461539
0 0.12620192307692307 0.21033653846153846 0.055288461538461536 0.08653846153846154
0 0.6670673076923077 0.04927884615384615 0.040865384615384616 0.0673076923076923
0 0.29086538461538464 0.37259615384615385 0.04447115384615385 0.06370192307692307
0 0.8810096153846154 0.7788461538461539 0.055288461538461536 0.06610576923076923
0 0.9411057692307693 0.7776442307692307 0.05889423076923077 0.07091346153846154
0 0.4651442307692308 0.4963942307692308 0.038461538461538464 0.09615384615384616
0 0.5060096153846154 0.4963942307692308 0.037259615384615384 0.0985576923076923
0 0.5432692307692307 0.5 0.03365384615384615 0.0889423076923077
0 0.5721153846153846 0.359375 0.078125 0.17908653846153846
0 0.6262019230769231 0.5012019230769231 0.042067307692307696 0.09254807692307693
0 0.7151442307692307 0.4951923076923077 0.040865384615384616 0.0985576923076923
0 0.7548076923076923 0.4987980769230769 0.038461538461538464 0.1045673076923077
0 0.7920673076923077 0.5060096153846154 0.03245192307692308 0.08413461538461539
0 0.828125 0.5060096153846154 0.038461538461538464 0.08413461538461539
0 0.8629807692307693 0.5144230769230769 0.026442307692307692 0.06490384615384616
0 0.4254807692307692 0.49759615384615385 0.037259615384615384 0.10216346153846154
0 0.8918269230769231 0.5120192307692307 0.025240384615384616 0.06610576923076923
0 0.9483173076923077 0.5096153846153846 0.03365384615384615 0.08052884615384616
0 0.9819711538461539 0.4951923076923077 0.03125 0.10096153846153846
0 0.018028846153846152 0.6454326923076923 0.03365384615384615 0.06610576923076923
0 0.055288461538461536 0.640625 0.03125 0.07572115384615384
0 0.08413461538461539 0.6394230769230769 0.026442307692307692 0.0733173076923077
0 0.11658653846153846 0.640625 0.037259615384615384 0.07451923076923077
0 0.15504807692307693 0.6237980769230769 0.02403846153846154 0.06850961538461539
0 0.18990384615384615 0.6418269230769231 0.028846153846153848 0.06850961538461539
0 0.22235576923076922 0.6442307692307693 0.03125 0.07091346153846154
0 0.2536057692307692 0.6358173076923077 0.028846153846153848 0.08774038461538461
0 0.9170673076923077 0.5132211538461539 0.025240384615384616 0.0673076923076923
0 0.32572115384615385 0.6370192307692307 0.03245192307692308 0.08533653846153846
0 0.38221153846153844 0.4987980769230769 0.040865384615384616 0.09975961538461539
0 0.30408653846153844 0.5060096153846154 0.03365384615384615 0.08774038461538461
0 0.3401442307692308 0.359375 0.04567307692307692 0.0985576923076923
0 0.3870192307692308 0.3605769230769231 0.04326923076923077 0.10216346153846154
0 0.43149038461538464 0.35697115384615385 0.040865384615384616 0.09975961538461539
0 0.47475961538461536 0.36177884615384615 0.038461538461538464 0.09134615384615384
0 0.5144230769230769 0.3605769230769231 0.03485576923076923 0.09254807692307693
0 0.6334134615384616 0.3605769230769231 0.037259615384615384 0.09254807692307693
0 0.6754807692307693 0.35697115384615385 0.040865384615384616 0.09735576923076923
0 0.7175480769230769 0.3605769230769231 0.037259615384615384 0.09615384615384616
0 0.75 0.375 0.025240384615384616 0.0625
0 0.7788461538461539 0.36658653846153844 0.03125 0.07692307692307693
0 0.34134615384615385 0.5060096153846154 0.036057692307692304 0.08173076923076923
0 0.8125 0.36778846153846156 0.03485576923076923 0.078125
0 0.8858173076923077 0.3629807692307692 0.04447115384615385 0.09014423076923077
0 0.9266826923076923 0.36778846153846156 0.03125 0.07572115384615384
0 0.9555288461538461 0.36899038461538464 0.026442307692307692 0.078125
0 0.984375 0.3701923076923077 0.028846153846153848 0.07091346153846154
0 0.037259615384615384 0.5300480769230769 0.057692307692307696 0.03245192307692308
0 0.09735576923076923 0.5288461538461539 0.06009615384615385 0.036057692307692304
0 0.15384615384615385 0.5096153846153846 0.038461538461538464 0.07572115384615384
0 0.19471153846153846 0.5120192307692307 0.038461538461538464 0.07692307692307693
0 0.23197115384615385 0.5072115384615384 0.03245192307692308 0.08774038461538461
0 0.26802884615384615 0.5048076923076923 0.037259615384615384 0.08653846153846154
0 0.8473557692307693 0.36658653846153844 0.03245192307692308 0.07932692307692307
0 0.24158653846153846 0.16105769230769232 0.06129807692307692 0.037259615384615384
0 0.24639423076923078 0.7896634615384616 0.02283653846153846 0.04326923076923077