0 0.7019230769230769 0.8413461538461539 0.03365384615384615 0.07572115384615384
0 0.7331730769230769 0.8413461538461539 0.03245192307692308 0.07572115384615384
0 0.8858173076923077 0.27163461538461536 0.06370192307692307 0.12740384615384615
0 0.84375 0.8257211538461539 0.04927884615384615 0.12259615384615384
0 0.6694711538461539 0.8317307692307693 0.02403846153846154 0.09495192307692307
0 0.7872596153846154 0.8185096153846154 0.052884615384615384 0.12860576923076922
0 0.6394230769230769 0.8329326923076923 0.02283653846153846 0.09375
0 0.4963942307692308 0.8245192307692307 0.02403846153846154 0.0985576923076923
0 0.5817307692307693 0.8305288461538461 0.025240384615384616 0.09735576923076923
0 0.5540865384615384 0.8317307692307693 0.021634615384615384 0.10096153846153846
0 0.5240384615384616 0.828125 0.020432692307692308 0.09495192307692307
0 0.6081730769230769 0.4026442307692308 0.036057692307692304 0.040865384615384616
0 0.4651442307692308 0.828125 0.026442307692307692 0.09495192307692307
0 0.609375 0.8293269230769231 0.021634615384615384 0.09735576923076923
0 0.9747596153846154 0.6814903846153846 0.04567307692307692 0.12259615384615384
0 0.734375 0.7019230769230769 0.039663461538461536 0.054086538461538464
0 0.8810096153846154 0.6766826923076923 0.05048076923076923 0.11057692307692307
0 0.8341346153846154 0.6766826923076923 0.038461538461538464 0.10817307692307693
0 0.7824519230769231 0.6826923076923077 0.038461538461538464 0.10096153846153846
0 0.4375 0.8137019230769231 0.02403846153846154 0.09495192307692307
0 0.6875 0.6959134615384616 0.04927884615384615 0.0673076923076923
0 0.6334134615384616 0.7007211538461539 0.04567307692307692 0.05889423076923077
0 0.5889423076923077 0.6911057692307693 0.03485576923076923 0.07451923076923077
0 0.5480769230769231 0.6875 0.03245192307692308 0.07932692307692307
0 0.5048076923076923 0.6923076923076923 0.03245192307692308 0.0733173076923077
0 0.4639423076923077 0.6899038461538461 0.038461538461538464 0.07451923076923077
0 0.4254807692307692 0.6935096153846154 0.036057692307692304 0.06850961538461539
0 0.3894230769230769 0.6947115384615384 0.027644230769230768 0.0625
0 0.34975961538461536 0.6850961538461539 0.018028846153846152 0.08052884615384616
0 0.9266826923076923 0.6730769230769231 0.039663461538461536 0.109375
0 0.40625 0.828125 0.026442307692307692 0.08533653846153846
0 0.25721153846153844 0.8209134615384616 0.028846153846153848 0.109375
0 0.35216346153846156 0.8137019230769231 0.02283653846153846 0.08774038461538461
0 0.9555288461538461 0.27403846153846156 0.06129807692307692 0.12139423076923077
0 0.31850961538461536 0.49759615384615385 0.020432692307692308 0.04567307692307692
0 0.296875 0.49759615384615385 0.020432692307692308 0.04567307692307692
0 0.27283653846153844 0.4987980769230769 0.018028846153846152 0.04567307692307692
0 0.24879807692307693 0.49278846153846156 0.018028846153846152 0.04567307692307692
0 0.22716346153846154 0.4963942307692308 0.018028846153846152 0.04567307692307692
0 0.21033653846153846 0.4951923076923077 0.018028846153846152 0.04567307692307692
0 0.18870192307692307 0.4951923076923077 0.02403846153846154 0.04807692307692308
0 0.1622596153846154 0.4951923076923077 0.02403846153846154 0.04807692307692308
0 0.14302884615384615 0.4951923076923077 0.019230769230769232 0.046875
0 0.11899038461538461 0.49759615384615385 0.027644230769230768 0.056490384615384616
0 0.030048076923076924 0.4110576923076923 0.036057692307692304 0.0985576923076923
0 0.06850961538461539 0.4110576923076923 0.052884615384615384 0.11658653846153846
0 0.3786057692307692 0.8305288461538461 0.027644230769230768 0.09254807692307693
0 0.11899038461538461 0.38221153846153844 0.04447115384615385 0.06850961538461539
0 0.21634615384615385 0.37740384615384615 0.05048076923076923 0.07692307692307693
0 0.2644230769230769 0.38461538461538464 0.03125 0.0733173076923077
0 0.3016826923076923 0.38461538461538464 0.036057692307692304 0.0625
0 0.3485576923076923 0.3737980769230769 0.052884615384615384 0.09134615384615384
0 0.39903846153846156 0.3762019230769231 0.04447115384615385 0.08173076923076923
0 0.4483173076923077 0.3737980769230769 0.040865384615384616 0.07451923076923077
0 0.5637019230769231 0.39783653846153844 0.046875 0.056490384615384616
0 0.12379807692307693 0.8125 0.03365384615384615 0.11298076923076923
0 0.15985576923076922 0.8185096153846154 0.03365384615384615 0.09495192307692307
0 0.22235576923076922 0.8317307692307693 0.03485576923076923 0.08533653846153846
0 0.3088942307692308 0.6875 0.04326923076923077 0.08173076923076923
0 0.2932692307692308 0.8064903846153846 0.02403846153846154 0.09735576923076923
0 0.3233173076923077 0.8112980769230769 0.03125 0.09014423076923077
0 0.16706730769230768 0.38341346153846156 0.0625 0.07211538461538461
0 0.24639423076923078 0.6850961538461539 0.036057692307692304 0.06850961538461539
0 0.9014423076923077 0.8329326923076923 0.04807692307692308 0.09975961538461539
0 0.14903846153846154 0.6682692307692307 0.057692307692307696 0.09975961538461539
0 0.8713942307692307 0.1502403846153846 0.03245192307692308 0.07091346153846154
0 0.8341346153846154 0.12620192307692307 0.03365384615384615 0.11177884615384616
0 0.78125 0.1201923076923077 0.06370192307692307 0.12740384615384615
0 0.7115384615384616 0.12620192307692307 0.06129807692307692 0.11778846153846154
0 0.6574519230769231 0.12620192307692307 0.027644230769230768 0.1141826923076923
0 0.6009615384615384 0.125 0.06850961538461539 0.11778846153846154
0 0.9206730769230769 0.1310096153846154 0.0625 0.109375
0 0.5300480769230769 0.12620192307692307 0.06610576923076923 0.11057692307692307
0 0.4014423076923077 0.125 0.06490384615384616 0.11177884615384616
0 0.3401442307692308 0.12259615384615384 0.04927884615384615 0.11658653846153846
0 0.2764423076923077 0.12379807692307693 0.06971153846153846 0.11177884615384616
0 0.22596153846153846 0.125 0.03125 0.11057692307692307
0 0.18389423076923078 0.13221153846153846 0.038461538461538464 0.10576923076923077
0 0.12740384615384615 0.13822115384615385 0.056490384615384616 0.08413461538461539
0 0.46033653846153844 0.12379807692307693 0.052884615384615384 0.1141826923076923
0 0.9759615384615384 0.125 0.04326923076923077 0.04807692307692308
0 0.9723557692307693 0.16826923076923078 0.036057692307692304 0.039663461538461536
0 0.10697115384615384 0.2644230769230769 0.037259615384615384 0.07091346153846154
0 0.20793269230769232 0.6778846153846154 0.030048076923076924 0.06610576923076923
0 0.27163461538461536 0.2644230769230769 0.038461538461538464 0.06490384615384616
0 0.359375 0.2620192307692308 0.046875 0.07451923076923077
0 0.4230769230769231 0.2668269230769231 0.0733173076923077 0.06971153846153846
0 0.4795673076923077 0.2704326923076923 0.038461538461538464 0.07211538461538461
0 0.5168269230769231 0.2668269230769231 0.03485576923076923 0.07211538461538461
0 0.5564903846153846 0.2692307692307692 0.036057692307692304 0.06850961538461539
0 0.5961538461538461 0.2668269230769231 0.03485576923076923 0.07091346153846154
0 0.6334134615384616 0.26802884615384615 0.038461538461538464 0.06370192307692307
0 0.6730769230769231 0.2692307692307692 0.025240384615384616 0.06971153846153846
0 0.734375 0.25841346153846156 0.08173076923076923 0.09975961538461539
0 0.8209134615384616 0.28846153846153844 0.054086538461538464 0.08774038461538461
0 0.234375 0.26802884615384615 0.037259615384615384 0.07572115384615384
0 0.19230769230769232 0.26322115384615385 0.028846153846153848 0.06850961538461539
0 0.15144230769230768 0.2608173076923077 0.039663461538461536 0.07932692307692307
0 0.020432692307692308 0.12980769230769232 0.040865384615384616 0.09134615384615384
0 0.06850961538461539 0.1310096153846154 0.038461538461538464 0.08774038461538461
0 0.04927884615384615 0.29927884615384615 0.057692307692307696 0.0733173076923077
0 0.9182692307692307 0.4110576923076923 0.037259615384615384 0.125
0 0.6814903846153846 0.5889423076923077 0.046875 0.07091346153846154
0 0.6081730769230769 0.5865384615384616 0.010817307692307692 0.014423076923076924
0 0.6322115384615384 0.5925480769230769 0.037259615384615384 0.046875
0 0.5853365384615384 0.5877403846153846 0.046875 0.06490384615384616
0 0.5288461538461539 0.5877403846153846 0.055288461538461536 0.06129807692307692
0 0.41586538461538464 0.5865384615384616 0.055288461538461536 0.06009615384615385
0 0.7860576923076923 0.546875 0.03485576923076923 0.10336538461538461
0 0.35096153846153844 0.5805288461538461 0.06129807692307692 0.06850961538461539
0 0.24278846153846154 0.5769230769230769 0.042067307692307696 0.06971153846153846
0 0.19471153846153846 0.59375 0.039663461538461536 0.039663461538461536
0 0.14302884615384615 0.5793269230769231 0.055288461538461536 0.06370192307692307
0 0.9651442307692307 0.41346153846153844 0.04567307692307692 0.11658653846153846
0 0.054086538461538464 0.6658653846153846 0.09735576923076923 0.10697115384615384
0 0.04447115384615385 0.5673076923076923 0.0889423076923077 0.07451923076923077
0 0.28846153846153844 0.5769230769230769 0.040865384615384616 0.06971153846153846
0 0.8725961538461539 0.5540865384615384 0.04447115384615385 0.09375
0 0.4735576923076923 0.5877403846153846 0.05048076923076923 0.05889423076923077
0 0.48677884615384615 0.5048076923076923 0.02283653846153846 0.042067307692307696
0 0.6538461538461539 0.4026442307692308 0.04927884615384615 0.039663461538461536
0 0.9807692307692307 0.5504807692307693 0.037259615384615384 0.10697115384615384
0 0.359375 0.4855769230769231 0.057692307692307696 0.07091346153846154
0 0.41947115384615385 0.4879807692307692 0.054086538461538464 0.07211538461538461
0 0.46274038461538464 0.5060096153846154 0.025240384615384616 0.039663461538461536
0 0.5096153846153846 0.5060096153846154 0.019230769230769232 0.042067307692307696
0 0.5324519230769231 0.5060096153846154 0.02403846153846154 0.040865384615384616
0 0.7199519230769231 0.3786057692307692 0.08413461538461539 0.08173076923076923
0 0.578125 0.49158653846153844 0.051682692307692304 0.07451923076923077
0 0.6225961538461539 0.49158653846153844 0.030048076923076924 0.07451923076923077
0 0.6550480769230769 0.49158653846153844 0.025240384615384616 0.07572115384615384
0 0.6899038461538461 0.49158653846153844 0.028846153846153848 0.078125
0 0.7199519230769231 0.49278846153846156 0.026442307692307692 0.08173076923076923
0 0.7536057692307693 0.49278846153846156 0.03125 0.07692307692307693
0 0.9399038461538461 0.5480769230769231 0.037259615384615384 0.11538461538461539
0 0.8605769230769231 0.4110576923076923 0.06129807692307692 0.125