0 0.7439903846153846 0.5528846153846154 0.040865384615384616 0.07451923076923077
0 0.38341346153846156 0.5384615384615384 0.030048076923076924 0.078125
0 0.4110576923076923 0.5408653846153846 0.027644230769230768 0.07451923076923077
0 0.44471153846153844 0.5420673076923077 0.037259615384615384 0.07692307692307693
0 0.48197115384615385 0.5432692307692307 0.038461538461538464 0.07451923076923077
0 0.5240384615384616 0.5432692307692307 0.038461538461538464 0.07572115384615384
0 0.5649038461538461 0.5456730769230769 0.03365384615384615 0.07572115384615384
0 0.5985576923076923 0.546875 0.03245192307692308 0.0733173076923077
0 0.6334134615384616 0.5456730769230769 0.038461538461538464 0.0733173076923077
0 0.25961538461538464 0.625 0.02283653846153846 0.06610576923076923
0 0.23076923076923078 0.6274038461538461 0.028846153846153848 0.06129807692307692
0 0.20552884615384615 0.625 0.02403846153846154 0.06370192307692307
0 0.7848557692307693 0.5540865384615384 0.042067307692307696 0.07451923076923077
0 0.17668269230769232 0.625 0.03125 0.0625
0 0.12259615384615384 0.625 0.027644230769230768 0.0625
0 0.09615384615384616 0.625 0.026442307692307692 0.06370192307692307
0 0.0673076923076923 0.6237980769230769 0.02403846153846154 0.0625
0 0.03485576923076923 0.6057692307692307 0.038461538461538464 0.028846153846153848
0 0.036057692307692304 0.6370192307692307 0.037259615384615384 0.03125
0 0.9783653846153846 0.5612980769230769 0.042067307692307696 0.06971153846153846
0 0.9387019230769231 0.5576923076923077 0.036057692307692304 0.07451923076923077
0 0.35336538461538464 0.5372596153846154 0.028846153846153848 0.07572115384615384
0 0.8990384615384616 0.5564903846153846 0.042067307692307696 0.07211538461538461
0 0.8641826923076923 0.5564903846153846 0.028846153846153848 0.06971153846153846
0 0.828125 0.5564903846153846 0.04326923076923077 0.06971153846153846
0 0.14903846153846154 0.625 0.026442307692307692 0.06370192307692307
0 0.3233173076923077 0.5372596153846154 0.03125 0.07572115384615384
0 0.1201923076923077 0.43990384615384615 0.038461538461538464 0.07932692307692307
0 0.26322115384615385 0.5360576923076923 0.03365384615384615 0.07692307692307693
0 0.16346153846153846 0.44591346153846156 0.04567307692307692 0.06971153846153846
0 0.20192307692307693 0.44711538461538464 0.03125 0.06971153846153846
0 0.2668269230769231 0.44591346153846156 0.03125 0.08413461538461539
0 0.3016826923076923 0.44591346153846156 0.042067307692307696 0.08173076923076923
0 0.33653846153846156 0.44711538461538464 0.026442307692307692 0.08173076923076923
0 0.36778846153846156 0.4483173076923077 0.03365384615384615 0.078125
0 0.39663461538461536 0.4483173076923077 0.025240384615384616 0.07932692307692307
0 0.4254807692307692 0.4483173076923077 0.03245192307692308 0.08052884615384616
0 0.484375 0.4519230769230769 0.07211538461538461 0.07932692307692307
0 0.5396634615384616 0.4483173076923077 0.03125 0.07451923076923077
0 0.5733173076923077 0.453125 0.030048076923076924 0.0829326923076923
0 0.6033653846153846 0.45552884615384615 0.03245192307692308 0.07572115384615384
0 0.6370192307692307 0.4579326923076923 0.03485576923076923 0.07932692307692307
0 0.6995192307692307 0.46153846153846156 0.08173076923076923 0.0673076923076923
0 0.7872596153846154 0.4651442307692308 0.09254807692307693 0.07572115384615384
0 0.9014423076923077 0.4675480769230769 0.04567307692307692 0.07692307692307693
0 0.9483173076923077 0.46875 0.04927884615384615 0.07211538461538461
0 0.018028846153846152 0.5552884615384616 0.036057692307692304 0.027644230769230768
0 0.054086538461538464 0.5300480769230769 0.03245192307692308 0.078125
0 0.08052884615384616 0.4387019230769231 0.038461538461538464 0.078125
0 0.12740384615384615 0.5324519230769231 0.039663461538461536 0.07572115384615384
0 0.16346153846153846 0.5360576923076923 0.03365384615384615 0.06971153846153846
0 0.1971153846153846 0.5372596153846154 0.030048076923076924 0.0733173076923077
0 0.2283653846153846 0.5372596153846154 0.03245192307692308 0.07211538461538461
0 0.018028846153846152 0.5252403846153846 0.036057692307692304 0.030048076923076924
0 0.29447115384615385 0.5372596153846154 0.028846153846153848 0.07692307692307693
0 0.0889423076923077 0.5324519230769231 0.036057692307692304 0.07572115384615384
0 0.8545673076923077 0.46634615384615385 0.04567307692307692 0.07451923076923077
0 0.9603365384615384 0.3701923076923077 0.04927884615384615 0.07932692307692307
0 0.3425480769230769 0.24759615384615385 0.04447115384615385 0.09254807692307693
0 0.2980769230769231 0.24759615384615385 0.04326923076923077 0.09134615384615384
0 0.2548076923076923 0.24759615384615385 0.04326923076923077 0.09014423076923077
0 0.21033653846153846 0.24879807692307693 0.038461538461538464 0.08173076923076923
0 0.17427884615384615 0.24759615384615385 0.03245192307692308 0.08413461538461539
0 0.13701923076923078 0.24639423076923078 0.040865384615384616 0.08052884615384616
0 0.0985576923076923 0.24639423076923078 0.03485576923076923 0.0829326923076923
0 0.05889423076923077 0.24519230769230768 0.038461538461538464 0.07932692307692307
0 0.019230769230769232 0.2403846153846154 0.038461538461538464 0.09014423076923077
0 0.9471153846153846 0.14423076923076922 0.04326923076923077 0.09735576923076923
0 0.9002403846153846 0.14302884615384615 0.04927884615384615 0.09495192307692307
0 0.8305288461538461 0.140625 0.08774038461538461 0.10336538461538461
0 0.7379807692307693 0.13701923076923078 0.0985576923076923 0.09735576923076923
0 0.38461538461538464 0.2512019230769231 0.039663461538461536 0.08653846153846154
0 0.6442307692307693 0.13581730769230768 0.04326923076923077 0.09254807692307693
0 0.546875 0.13221153846153846 0.04927884615384615 0.09495192307692307
0 0.49038461538461536 0.13341346153846154 0.052884615384615384 0.09375
0 0.4411057692307692 0.13221153846153846 0.04807692307692308 0.10096153846153846
0 0.3918269230769231 0.12860576923076922 0.046875 0.09495192307692307
0 0.3473557692307692 0.12740384615384615 0.040865384615384616 0.09975961538461539
0 0.30408653846153844 0.12620192307692307 0.04326923076923077 0.09375
0 0.2608173076923077 0.12620192307692307 0.040865384615384616 0.09375
0 0.21875 0.125 0.038461538461538464 0.08533653846153846
0 0.17908653846153846 0.12379807692307693 0.037259615384615384 0.08653846153846154
0 0.12740384615384615 0.1201923076923077 0.04567307692307692 0.09134615384615384
0 0.0889423076923077 0.12259615384615384 0.028846153846153848 0.08774038461538461
0 0.05048076923076923 0.125 0.04326923076923077 0.08533653846153846
0 0.014423076923076924 0.12139423076923077 0.028846153846153848 0.09375
0 0.5997596153846154 0.1346153846153846 0.042067307692307696 0.10216346153846154
0 0.4266826923076923 0.2536057692307692 0.04447115384615385 0.09254807692307693
0 0.484375 0.25240384615384615 0.04927884615384615 0.0889423076923077
0 0.53125 0.2548076923076923 0.04567307692307692 0.08653846153846154
0 0.9086538461538461 0.36778846153846156 0.05048076923076923 0.07692307692307693
0 0.2824519230769231 0.6237980769230769 0.02403846153846154 0.0673076923076923
0 0.8581730769230769 0.36899038461538464 0.046875 0.078125
0 0.7932692307692307 0.36658653846153844 0.0829326923076923 0.08533653846153846
0 0.7091346153846154 0.3629807692307692 0.08774038461538461 0.07932692307692307
0 0.640625 0.359375 0.026442307692307692 0.08533653846153846
0 0.609375 0.3581730769230769 0.037259615384615384 0.08413461538461539
0 0.5745192307692307 0.3557692307692308 0.026442307692307692 0.0889423076923077
0 0.5432692307692307 0.35697115384615385 0.03485576923076923 0.09014423076923077
0 0.5096153846153846 0.3545673076923077 0.027644230769230768 0.09375
0 0.47596153846153844 0.35216346153846156 0.03365384615384615 0.09014423076923077
0 0.44711538461538464 0.3545673076923077 0.027644230769230768 0.08774038461538461
0 0.41466346153846156 0.35096153846153844 0.03125 0.08533653846153846
0 0.38341346153846156 0.35096153846153844 0.03125 0.08653846153846154
0 0.35096153846153844 0.3485576923076923 0.03485576923076923 0.08533653846153846
0 0.3125 0.34975961538461536 0.03485576923076923 0.08533653846153846
0 0.2776442307692308 0.3485576923076923 0.03485576923076923 0.08413461538461539
0 0.20673076923076922 0.35216346153846156 0.04807692307692308 0.0673076923076923
0 0.1622596153846154 0.35096153846153844 0.038461538461538464 0.06850961538461539
0 0.12379807692307693 0.34975961538461536 0.039663461538461536 0.07091346153846154
0 0.07932692307692307 0.3425480769230769 0.04326923076923077 0.07932692307692307
0 0.04326923076923077 0.3425480769230769 0.03125 0.08052884615384616
0 0.9026442307692307 0.27403846153846156 0.0985576923076923 0.0829326923076923
0 0.8305288461538461 0.2620192307692308 0.037259615384615384 0.0889423076923077
0 0.7872596153846154 0.2644230769230769 0.04807692307692308 0.09254807692307693
0 0.7439903846153846 0.25961538461538464 0.039663461538461536 0.09615384615384616
0 0.6983173076923077 0.25841346153846156 0.05048076923076923 0.09495192307692307
0 0.6298076923076923 0.25961538461538464 0.04567307692307692 0.09254807692307693
0 0.5805288461538461 0.25841346153846156 0.04927884615384615 0.09615384615384616
0 0.039663461538461536 0.43990384615384615 0.04326923076923077 0.07692307692307693
0 0.31490384615384615 0.6225961538461539 0.02283653846153846 0.06370192307692307
0 0.6033653846153846 0.7415865384615384 0.020432692307692308 0.06850961538461539
0 0.3629807692307692 0.6298076923076923 0.026442307692307692 0.07091346153846154
0 0.4206730769230769 0.7584134615384616 0.03245192307692308 0.02403846153846154
0 0.421875 0.734375 0.03125 0.02403846153846154
0 0.45913461538461536 0.7608173076923077 0.040865384615384616 0.02283653846153846
0 0.46153846153846156 0.7355769230769231 0.038461538461538464 0.025240384615384616
0 0.5024038461538461 0.7596153846153846 0.042067307692307696 0.020432692307692308
0 0.5048076923076923 0.7379807692307693 0.037259615384615384 0.025240384615384616
0 0.5444711538461539 0.7644230769230769 0.04326923076923077 0.020432692307692308
0 0.546875 0.7403846153846154 0.037259615384615384 0.027644230769230768
0 0.5793269230769231 0.7427884615384616 0.027644230769230768 0.06850961538461539
0 0.6262019230769231 0.7391826923076923 0.026442307692307692 0.0733173076923077
0 0.6610576923076923 0.7668269230769231 0.04326923076923077 0.020432692307692308
0 0.6634615384615384 0.7427884615384616 0.040865384615384616 0.03125
0 0.7091346153846154 0.7692307692307693 0.05048076923076923 0.02403846153846154
0 0.7115384615384616 0.7427884615384616 0.04567307692307692 0.02403846153846154
0 0.7572115384615384 0.7716346153846154 0.04326923076923077 0.019230769230769232
0 0.7584134615384616 0.7475961538461539 0.040865384615384616 0.026442307692307692
0 0.7908653846153846 0.7536057692307693 0.02403846153846154 0.06009615384615385
0 0.8125 0.7548076923076923 0.019230769230769232 0.06129807692307692
0 0.8329326923076923 0.7560096153846154 0.02403846153846154 0.057692307692307696
0 0.8665865384615384 0.7728365384615384 0.04326923076923077 0.020432692307692308
0 0.8665865384615384 0.7475961538461539 0.040865384615384616 0.028846153846153848
0 0.9110576923076923 0.7752403846153846 0.046875 0.020432692307692308
0 0.9134615384615384 0.7524038461538461 0.046875 0.025240384615384616
0 0.9555288461538461 0.7740384615384616 0.036057692307692304 0.02283653846153846
0 0.3389423076923077 0.6298076923076923 0.021634615384615384 0.0733173076923077
0 0.390625 0.7331730769230769 0.025240384615384616 0.06850961538461539
0 0.36538461538461536 0.7331730769230769 0.021634615384615384 0.06850961538461539
0 0.9591346153846154 0.75 0.04447115384615385 0.02403846153846154
0 0.3125 0.7307692307692307 0.027644230769230768 0.07692307692307693
0 0.38822115384615385 0.6298076923076923 0.025240384615384616 0.06971153846153846
0 0.34134615384615385 0.734375 0.028846153846153848 0.06850961538461539
0 0.4387019230769231 0.6310096153846154 0.027644230769230768 0.06610576923076923
0 0.4639423076923077 0.6310096153846154 0.02403846153846154 0.0673076923076923
0 0.49158653846153844 0.6322115384615384 0.025240384615384616 0.06971153846153846
0 0.515625 0.6322115384615384 0.02283653846153846 0.06971153846153846
0 0.5408653846153846 0.6334134615384616 0.028846153846153848 0.06971153846153846
0 0.578125 0.6346153846153846 0.019230769230769232 0.06850961538461539
0 0.6009615384615384 0.6346153846153846 0.028846153846153848 0.06971153846153846
0 0.6262019230769231 0.6346153846153846 0.02403846153846154 0.06971153846153846
0 0.6875 0.6382211538461539 0.07932692307692307 0.06490384615384616
0 0.7475961538461539 0.6394230769230769 0.040865384615384616 0.0673076923076923
0 0.7884615384615384 0.6430288461538461 0.042067307692307696 0.06129807692307692
0 0.8293269230769231 0.6442307692307693 0.038461538461538464 0.06610576923076923
0 0.41346153846153844 0.6286057692307693 0.02403846153846154 0.0673076923076923
0 0.90625 0.640625 0.03365384615384615 0.06129807692307692
0 0.2848557692307692 0.7283653846153846 0.026442307692307692 0.07091346153846154
0 0.9459134615384616 0.6442307692307693 0.04326923076923077 0.06370192307692307
0 0.9855769230769231 0.6478365384615384 0.027644230769230768 0.06850961538461539
0 0.013221153846153846 0.7259615384615384 0.026442307692307692 0.057692307692307696
0 0.040865384615384616 0.7271634615384616 0.028846153846153848 0.055288461538461536
0 0.06971153846153846 0.7283653846153846 0.030048076923076924 0.057692307692307696
0 0.0985576923076923 0.7295673076923077 0.025240384615384616 0.06009615384615385
0 0.14302884615384615 0.7295673076923077 0.06610576923076923 0.06370192307692307
0 0.21394230769230768 0.7283653846153846 0.06971153846153846 0.06490384615384616
0 0.2608173076923077 0.7307692307692307 0.02283653846153846 0.0673076923076923
0 0.8677884615384616 0.6442307692307693 0.039663461538461536 0.0673076923076923