0 0.28846153846153844 0.1502403846153846 0.046875 0.051682692307692304
0 0.010817307692307692 0.16826923076923078 0.020432692307692308 0.046875
0 0.038461538461538464 0.15625 0.02403846153846154 0.0733173076923077
0 0.078125 0.14543269230769232 0.040865384615384616 0.08413461538461539
0 0.12740384615384615 0.16105769230769232 0.04326923076923077 0.056490384615384616
0 0.1814903846153846 0.15625 0.052884615384615384 0.057692307692307696
0 0.23798076923076922 0.15745192307692307 0.042067307692307696 0.036057692307692304
0 0.3425480769230769 0.1466346153846154 0.05048076923076923 0.04807692307692308
0 0.9783653846153846 0.36778846153846156 0.038461538461538464 0.052884615384615384
0 0.4735576923076923 0.12740384615384615 0.06971153846153846 0.12379807692307693
0 0.8485576923076923 0.5973557692307693 0.038461538461538464 0.078125
0 0.8137019230769231 0.5973557692307693 0.02403846153846154 0.07932692307692307
0 0.7824519230769231 0.6009615384615384 0.027644230769230768 0.07451923076923077
0 0.7415865384615384 0.6021634615384616 0.05048076923076923 0.07692307692307693
0 0.6862980769230769 0.6069711538461539 0.04807692307692308 0.0673076923076923
0 0.6346153846153846 0.6009615384615384 0.04447115384615385 0.08413461538461539
0 0.5817307692307693 0.6153846153846154 0.04326923076923077 0.04326923076923077
0 0.47596153846153844 0.6105769230769231 0.08413461538461539 0.07692307692307693
0 0.390625 0.6310096153846154 0.0733173076923077 0.04326923076923077
0 0.38461538461538464 0.5865384615384616 0.0733173076923077 0.03125
0 0.3076923076923077 0.6141826923076923 0.06850961538461539 0.08533653846153846
0 0.24639423076923078 0.6237980769230769 0.04326923076923077 0.06971153846153846
0 0.890625 0.5949519230769231 0.038461538461538464 0.07692307692307693
0 0.20432692307692307 0.6322115384615384 0.027644230769230768 0.05889423076923077
0 0.15504807692307693 0.5889423076923077 0.056490384615384616 0.03365384615384615
0 0.1045673076923077 0.6165865384615384 0.026442307692307692 0.06610576923076923
0 0.06971153846153846 0.6153846153846154 0.037259615384615384 0.07211538461538461
0 0.026442307692307692 0.6177884615384616 0.04447115384615385 0.06850961538461539
0 0.9819711538461539 0.4675480769230769 0.03365384615384615 0.10576923076923077
0 0.9302884615384616 0.484375 0.05889423076923077 0.07091346153846154
0 0.6382211538461539 0.4735576923076923 0.0985576923076923 0.054086538461538464
0 0.5408653846153846 0.5108173076923077 0.07932692307692307 0.05048076923076923
0 0.4567307692307692 0.5060096153846154 0.06009615384615385 0.07572115384615384
0 0.37740384615384615 0.515625 0.042067307692307696 0.06610576923076923
0 0.2860576923076923 0.5240384615384616 0.046875 0.046875
0 0.20432692307692307 0.5444711538461539 0.052884615384615384 0.015625
0 0.15865384615384615 0.6298076923076923 0.056490384615384616 0.040865384615384616
0 0.15144230769230768 0.5456730769230769 0.04567307692307692 0.018028846153846152
0 0.9387019230769231 0.5985576923076923 0.039663461538461536 0.06610576923076923
0 0.5348557692307693 0.7067307692307693 0.05048076923076923 0.03245192307692308
0 0.39903846153846156 0.1466346153846154 0.04326923076923077 0.046875
0 0.9447115384615384 0.8425480769230769 0.0625 0.06850961538461539
0 0.8762019230769231 0.8425480769230769 0.05889423076923077 0.0733173076923077
0 0.8209134615384616 0.8521634615384616 0.04807692307692308 0.054086538461538464
0 0.7692307692307693 0.8533653846153846 0.04447115384615385 0.052884615384615384
0 0.7067307692307693 0.8473557692307693 0.056490384615384616 0.07091346153846154
0 0.6454326923076923 0.8485576923076923 0.05048076923076923 0.07692307692307693
0 0.5889423076923077 0.8521634615384616 0.052884615384615384 0.06850961538461539
0 0.5300480769230769 0.8497596153846154 0.055288461538461536 0.07091346153846154
0 0.47115384615384615 0.8569711538461539 0.05048076923076923 0.057692307692307696
0 0.40865384615384615 0.8653846153846154 0.046875 0.042067307692307696
0 0.35697115384615385 0.8653846153846154 0.051682692307692304 0.04807692307692308
0 0.9807692307692307 0.5949519230769231 0.037259615384615384 0.06971153846153846
0 0.29927884615384615 0.8629807692307693 0.051682692307692304 0.052884615384615384
0 0.13942307692307693 0.8701923076923077 0.051682692307692304 0.042067307692307696
0 0.0829326923076923 0.8725961538461539 0.040865384615384616 0.040865384615384616
0 0.038461538461538464 0.8713942307692307 0.04567307692307692 0.040865384615384616
0 0.9723557692307693 0.703125 0.052884615384615384 0.07932692307692307
0 0.9182692307692307 0.7283653846153846 0.046875 0.03125
0 0.8617788461538461 0.7115384615384616 0.051682692307692304 0.06490384615384616
0 0.7980769230769231 0.7115384615384616 0.0673076923076923 0.07091346153846154
0 0.7367788461538461 0.7139423076923077 0.04326923076923077 0.0733173076923077
0 0.6430288461538461 0.7307692307692307 0.05048076923076923 0.036057692307692304
0 0.5865384615384616 0.7355769230769231 0.04447115384615385 0.030048076923076924
0 0.5360576923076923 0.7391826923076923 0.04447115384615385 0.026442307692307692
0 0.5865384615384616 0.7043269230769231 0.040865384615384616 0.025240384615384616
0 0.19471153846153846 0.8701923076923077 0.042067307692307696 0.038461538461538464
0 0.09735576923076923 0.5456730769230769 0.056490384615384616 0.021634615384615384
0 0.2439903846153846 0.8713942307692307 0.040865384615384616 0.042067307692307696
0 0.1466346153846154 0.5204326923076923 0.046875 0.025240384615384616
0 0.015625 0.421875 0.030048076923076924 0.046875
0 0.9831730769230769 0.23197115384615385 0.03245192307692308 0.0733173076923077
0 0.9423076923076923 0.23197115384615385 0.03485576923076923 0.07091346153846154
0 0.9026442307692307 0.23317307692307693 0.038461538461538464 0.07451923076923077
0 0.8617788461538461 0.22716346153846154 0.038461538461538464 0.09134615384615384
0 0.8161057692307693 0.23317307692307693 0.040865384615384616 0.0889423076923077
0 0.7692307692307693 0.23918269230769232 0.04567307692307692 0.07932692307692307
0 0.7211538461538461 0.24158653846153846 0.04447115384615385 0.08413461538461539
0 0.6790865384615384 0.23317307692307693 0.03365384615384615 0.10096153846153846
0 0.6310096153846154 0.2439903846153846 0.04447115384615385 0.0889423076923077
0 0.5805288461538461 0.26802884615384615 0.04326923076923077 0.04927884615384615
0 0.5300480769230769 0.27283653846153844 0.046875 0.04567307692307692
0 0.055288461538461536 0.4206730769230769 0.04326923076923077 0.04567307692307692
0 0.46153846153846156 0.265625 0.0673076923076923 0.10697115384615384
0 0.25600961538461536 0.2704326923076923 0.052884615384615384 0.07692307692307693
0 0.203125 0.27163461538461536 0.038461538461538464 0.08413461538461539
0 0.1201923076923077 0.27163461538461536 0.03485576923076923 0.08774038461538461
0 0.07692307692307693 0.29086538461538464 0.03485576923076923 0.052884615384615384
0 0.027644230769230768 0.27403846153846156 0.055288461538461536 0.09134615384615384
0 0.9663461538461539 0.07692307692307693 0.0625 0.10576923076923077
0 0.8822115384615384 0.1141826923076923 0.09014423076923077 0.040865384615384616
0 0.7728365384615384 0.12139423076923077 0.08413461538461539 0.04567307692307692
0 0.6923076923076923 0.09735576923076923 0.06129807692307692 0.09735576923076923
0 0.6286057692307693 0.10336538461538461 0.05048076923076923 0.10697115384615384
0 0.5625 0.10576923076923077 0.06129807692307692 0.10817307692307693
0 0.1971153846153846 0.5180288461538461 0.04807692307692308 0.02283653846153846
0 0.33653846153846156 0.2860576923076923 0.09254807692307693 0.04567307692307692
0 0.10817307692307693 0.4182692307692308 0.051682692307692304 0.042067307692307696
0 0.15985576923076922 0.2776442307692308 0.037259615384615384 0.07572115384615384
0 0.2091346153846154 0.4098557692307692 0.051682692307692304 0.040865384615384616
0 0.09495192307692307 0.5204326923076923 0.046875 0.02283653846153846
0 0.046875 0.5120192307692307 0.036057692307692304 0.08774038461538461
0 0.15745192307692307 0.41466346153846156 0.04447115384615385 0.04807692307692308
0 0.013221153846153846 0.5144230769230769 0.025240384615384616 0.08653846153846154
0 0.9290865384615384 0.3713942307692308 0.046875 0.054086538461538464
0 0.8774038461538461 0.3737980769230769 0.05048076923076923 0.054086538461538464
0 0.7788461538461539 0.36658653846153844 0.04567307692307692 0.07932692307692307
0 0.734375 0.38461538461538464 0.03485576923076923 0.04927884615384615
0 0.6442307692307693 0.3786057692307692 0.046875 0.0733173076923077
0 0.59375 0.37740384615384615 0.04326923076923077 0.07572115384615384
0 0.5216346153846154 0.3942307692307692 0.046875 0.04927884615384615
0 0.45072115384615385 0.3858173076923077 0.0673076923076923 0.08413461538461539
0 0.6947115384615384 0.3858173076923077 0.039663461538461536 0.04927884615384615
0 0.25721153846153844 0.40865384615384615 0.042067307692307696 0.04447115384615385
0 0.30649038461538464 0.3918269230769231 0.042067307692307696 0.08052884615384616
0 0.34975961538461536 0.39783653846153844 0.03125 0.0673076923076923
0 0.390625 0.38822115384615385 0.03485576923076923 0.08173076923076923