0 0.08774038461538461 0.5228365384615384 0.019230769230769232 0.046875
0 0.06610576923076923 0.5228365384615384 0.02283653846153846 0.04567307692307692
0 0.6346153846153846 0.5673076923076923 0.020432692307692308 0.04447115384615385
0 0.6117788461538461 0.5709134615384616 0.018028846153846152 0.04326923076923077
0 0.5276442307692307 0.578125 0.02283653846153846 0.042067307692307696
0 0.5721153846153846 0.5757211538461539 0.02283653846153846 0.04447115384615385
0 0.5492788461538461 0.5769230769230769 0.021634615384615384 0.04326923076923077
0 0.49278846153846156 0.5745192307692307 0.02283653846153846 0.042067307692307696
0 0.47115384615384615 0.5769230769230769 0.016826923076923076 0.040865384615384616
0 0.109375 0.5204326923076923 0.02403846153846154 0.04807692307692308
0 0.5949519230769231 0.5757211538461539 0.020432692307692308 0.046875
0 0.13221153846153846 0.5216346153846154 0.020432692307692308 0.04567307692307692
0 0.34134615384615385 0.5072115384615384 0.025240384615384616 0.04807692307692308
0 0.17908653846153846 0.5168269230769231 0.02283653846153846 0.04447115384615385
0 0.19831730769230768 0.515625 0.018028846153846152 0.04326923076923077
0 0.21875 0.515625 0.026442307692307692 0.042067307692307696
0 0.24519230769230768 0.5192307692307693 0.018028846153846152 0.046875
0 0.27283653846153844 0.515625 0.026442307692307692 0.04567307692307692
0 0.2980769230769231 0.5144230769230769 0.021634615384615384 0.04326923076923077
0 0.4483173076923077 0.5805288461538461 0.027644230769230768 0.046875
0 0.36658653846153844 0.5072115384615384 0.02403846153846154 0.046875
0 0.390625 0.5072115384615384 0.021634615384615384 0.04807692307692308
0 0.41225961538461536 0.5096153846153846 0.021634615384615384 0.04567307692307692
0 0.44591346153846156 0.5072115384615384 0.02283653846153846 0.04927884615384615
0 0.15384615384615385 0.5180288461538461 0.02403846153846154 0.04326923076923077
0 0.421875 0.5817307692307693 0.02403846153846154 0.04447115384615385
0 0.10336538461538461 0.5961538461538461 0.027644230769230768 0.07091346153846154
0 0.36177884615384615 0.5853365384615384 0.026442307692307692 0.04567307692307692
0 0.6418269230769231 0.6622596153846154 0.036057692307692304 0.051682692307692304
0 0.6742788461538461 0.65625 0.026442307692307692 0.054086538461538464
0 0.7596153846153846 0.6478365384615384 0.038461538461538464 0.05048076923076923
0 0.7944711538461539 0.6418269230769231 0.03245192307692308 0.05889423076923077
0 0.8245192307692307 0.6442307692307693 0.030048076923076924 0.05889423076923077
0 0.8846153846153846 0.6394230769230769 0.036057692307692304 0.055288461538461536
0 0.9194711538461539 0.6346153846153846 0.03365384615384615 0.057692307692307696
0 0.9194711538461539 0.5733173076923077 0.04567307692307692 0.054086538461538464
0 0.7956730769230769 0.5612980769230769 0.021634615384615384 0.04326923076923077
0 0.8137019230769231 0.5588942307692307 0.016826923076923076 0.046875
0 0.8329326923076923 0.5576923076923077 0.019230769230769232 0.042067307692307696
0 0.3918269230769231 0.5853365384615384 0.03245192307692308 0.046875
0 0.8497596153846154 0.5576923076923077 0.015625 0.040865384615384616
0 0.6778846153846154 0.5673076923076923 0.021634615384615384 0.04807692307692308
0 0.6983173076923077 0.5661057692307693 0.018028846153846152 0.046875
0 0.7199519230769231 0.5661057692307693 0.021634615384615384 0.04567307692307692
0 0.07451923076923077 0.5961538461538461 0.028846153846153848 0.06971153846153846
0 0.4735576923076923 0.5072115384615384 0.028846153846153848 0.04927884615384615
0 0.13942307692307693 0.5925480769230769 0.03365384615384615 0.06850961538461539
0 0.171875 0.5925480769230769 0.03365384615384615 0.0673076923076923
0 0.2091346153846154 0.5865384615384616 0.039663461538461536 0.06370192307692307
0 0.2956730769230769 0.5877403846153846 0.019230769230769232 0.046875
0 0.31490384615384615 0.5889423076923077 0.02283653846153846 0.04567307692307692
0 0.33774038461538464 0.5865384615384616 0.02283653846153846 0.04567307692307692
0 0.8822115384615384 0.5564903846153846 0.028846153846153848 0.04567307692307692
0 0.5024038461538461 0.5036057692307693 0.025240384615384616 0.04927884615384615
0 0.7728365384615384 0.49158653846153844 0.019230769230769232 0.042067307692307696
0 0.6237980769230769 0.4987980769230769 0.025240384615384616 0.042067307692307696
0 0.8882211538461539 0.31850961538461536 0.036057692307692304 0.04326923076923077
0 0.5673076923076923 0.33052884615384615 0.03245192307692308 0.016826923076923076
0 0.5961538461538461 0.3112980769230769 0.027644230769230768 0.018028846153846152
0 0.5637019230769231 0.3125 0.025240384615384616 0.02283653846153846
0 0.5300480769230769 0.3112980769230769 0.03125 0.02283653846153846
0 0.5336538461538461 0.3317307692307692 0.027644230769230768 0.015625
0 0.5036057692307693 0.33052884615384615 0.027644230769230768 0.013221153846153846
0 0.49399038461538464 0.3161057692307692 0.02403846153846154 0.018028846153846152
0 0.3918269230769231 0.3161057692307692 0.0673076923076923 0.04447115384615385
0 0.3137019230769231 0.3137019230769231 0.07211538461538461 0.04807692307692308
0 0.18269230769230768 0.3076923076923077 0.06490384615384616 0.04927884615384615
0 0.8497596153846154 0.31971153846153844 0.036057692307692304 0.04326923076923077
0 0.07932692307692307 0.3112980769230769 0.04927884615384615 0.05048076923076923
0 0.7872596153846154 0.3112980769230769 0.021634615384615384 0.02283653846153846
0 0.7632211538461539 0.296875 0.026442307692307692 0.016826923076923076
0 0.7139423076923077 0.3317307692307692 0.025240384615384616 0.019230769230769232
0 0.6887019230769231 0.3329326923076923 0.02283653846153846 0.018028846153846152
0 0.6634615384615384 0.3329326923076923 0.026442307692307692 0.014423076923076924
0 0.6358173076923077 0.33052884615384615 0.02403846153846154 0.018028846153846152
0 0.7151442307692307 0.3125 0.026442307692307692 0.019230769230769232
0 0.6875 0.3137019230769231 0.025240384615384616 0.018028846153846152
0 0.6610576923076923 0.3125 0.021634615384615384 0.016826923076923076
0 0.6382211538461539 0.3112980769230769 0.02403846153846154 0.020432692307692308
0 0.6911057692307693 0.2932692307692308 0.020432692307692308 0.020432692307692308
0 0.7896634615384616 0.33052884615384615 0.02283653846153846 0.019230769230769232
0 0.8161057692307693 0.32211538461538464 0.030048076923076924 0.04447115384615385
0 0.8533653846153846 0.3737980769230769 0.020432692307692308 0.040865384615384616
0 0.8317307692307693 0.37740384615384615 0.021634615384615384 0.042067307692307696
0 0.6454326923076923 0.49759615384615385 0.019230769230769232 0.042067307692307696
0 0.6682692307692307 0.4951923076923077 0.02283653846153846 0.04567307692307692
0 0.6935096153846154 0.49399038461538464 0.021634615384615384 0.039663461538461536
0 0.7151442307692307 0.4951923076923077 0.019230769230769232 0.039663461538461536
0 0.7331730769230769 0.4963942307692308 0.015625 0.04447115384615385
0 0.7524038461538461 0.4963942307692308 0.019230769230769232 0.04326923076923077
0 0.6045673076923077 0.6634615384615384 0.03485576923076923 0.052884615384615384
0 0.7932692307692307 0.4951923076923077 0.020432692307692308 0.04567307692307692
0 0.8112980769230769 0.4951923076923077 0.016826923076923076 0.04567307692307692
0 0.8293269230769231 0.49158653846153844 0.020432692307692308 0.040865384615384616
0 0.8473557692307693 0.4891826923076923 0.015625 0.04326923076923077
0 0.8641826923076923 0.4891826923076923 0.016826923076923076 0.04326923076923077
0 0.8846153846153846 0.4879807692307692 0.020432692307692308 0.040865384615384616
0 0.5108173076923077 0.38221153846153844 0.02283653846153846 0.04807692307692308
0 0.5336538461538461 0.38341346153846156 0.02283653846153846 0.04326923076923077
0 0.5612980769230769 0.3798076923076923 0.021634615384615384 0.04326923076923077
0 0.5829326923076923 0.38221153846153844 0.020432692307692308 0.039663461538461536
0 0.6153846153846154 0.38100961538461536 0.02403846153846154 0.039663461538461536
0 0.6790865384615384 0.38100961538461536 0.021634615384615384 0.042067307692307696
0 0.7007211538461539 0.3798076923076923 0.019230769230769232 0.04567307692307692
0 0.7199519230769231 0.3786057692307692 0.020432692307692308 0.04447115384615385
0 0.7403846153846154 0.3798076923076923 0.020432692307692308 0.04326923076923077
0 0.7632211538461539 0.37740384615384615 0.02403846153846154 0.04567307692307692
0 0.7908653846153846 0.38100961538461536 0.02403846153846154 0.039663461538461536
0 0.8112980769230769 0.3798076923076923 0.015625 0.037259615384615384
0 0.6009615384615384 0.4951923076923077 0.020432692307692308 0.04326923076923077
0 0.5661057692307693 0.6634615384615384 0.04326923076923077 0.052884615384615384
0 0.09735576923076923 0.7043269230769231 0.04807692307692308 0.06370192307692307
0 0.4579326923076923 0.6706730769230769 0.030048076923076924 0.06129807692307692
0 0.5288461538461539 0.4423076923076923 0.025240384615384616 0.05048076923076923
0 0.5528846153846154 0.44471153846153844 0.020432692307692308 0.04567307692307692
0 0.5769230769230769 0.44350961538461536 0.027644230769230768 0.04927884615384615
0 0.6225961538461539 0.4423076923076923 0.026442307692307692 0.04807692307692308
0 0.6550480769230769 0.4423076923076923 0.03365384615384615 0.04807692307692308
0 0.6838942307692307 0.4387019230769231 0.019230769230769232 0.04447115384615385
0 0.7103365384615384 0.4375 0.025240384615384616 0.04567307692307692
0 0.7355769230769231 0.4362980769230769 0.019230769230769232 0.046875
0 0.7584134615384616 0.4387019230769231 0.02403846153846154 0.04567307692307692
0 0.7776442307692307 0.43509615384615385 0.014423076923076924 0.04447115384615385
0 0.796875 0.4362980769230769 0.02283653846153846 0.04447115384615385
0 0.06971153846153846 0.4483173076923077 0.028846153846153848 0.05048076923076923
0 0.11057692307692307 0.4495192307692308 0.025240384615384616 0.05048076923076923
0 0.18028846153846154 0.4483173076923077 0.030048076923076924 0.05048076923076923
0 0.20552884615384615 0.44591346153846156 0.020432692307692308 0.056490384615384616
0 0.2860576923076923 0.44471153846153844 0.021634615384615384 0.05048076923076923
0 0.3137019230769231 0.44471153846153844 0.026442307692307692 0.055288461538461536
0 0.35697115384615385 0.44471153846153844 0.021634615384615384 0.04807692307692308
0 0.38461538461538464 0.44591346153846156 0.015625 0.039663461538461536
0 0.40865384615384615 0.4423076923076923 0.025240384615384616 0.04447115384615385
0 0.4326923076923077 0.4411057692307692 0.02283653846153846 0.04567307692307692
0 0.4699519230769231 0.44471153846153844 0.019230769230769232 0.04567307692307692
0 0.5060096153846154 0.43990384615384615 0.016826923076923076 0.04807692307692308
0 0.30649038461538464 0.3798076923076923 0.03485576923076923 0.054086538461538464
0 0.5060096153846154 0.6682692307692307 0.04567307692307692 0.055288461538461536
0 0.6670673076923077 0.2920673076923077 0.025240384615384616 0.019230769230769232
0 0.18629807692307693 0.38221153846153844 0.021634615384615384 0.04807692307692308
0 0.2764423076923077 0.3798076923076923 0.02283653846153846 0.05048076923076923
0 0.25240384615384615 0.3786057692307692 0.02283653846153846 0.04807692307692308
0 0.22956730769230768 0.3786057692307692 0.019230769230769232 0.04807692307692308
0 0.20793269230769232 0.3798076923076923 0.02403846153846154 0.05048076923076923
0 0.16105769230769232 0.38461538461538464 0.02403846153846154 0.051682692307692304
0 0.1310096153846154 0.38221153846153844 0.030048076923076924 0.051682692307692304
0 0.09014423076923077 0.39783653846153844 0.042067307692307696 0.015625
0 0.051682692307692304 0.38221153846153844 0.030048076923076924 0.056490384615384616
0 0.6394230769230769 0.28966346153846156 0.030048076923076924 0.018028846153846152
0 0.14783653846153846 0.7007211538461539 0.052884615384615384 0.07211538461538461
0 0.21394230769230768 0.6911057692307693 0.04447115384615385 0.06490384615384616
0 0.265625 0.6899038461538461 0.037259615384615384 0.05889423076923077
0 0.30528846153846156 0.6838942307692307 0.038461538461538464 0.06971153846153846
0 0.3449519230769231 0.6766826923076923 0.042067307692307696 0.06971153846153846
0 0.38461538461538464 0.6766826923076923 0.037259615384615384 0.0673076923076923
0 0.421875 0.6730769230769231 0.037259615384615384 0.06129807692307692
0 0.6021634615384616 0.33052884615384615 0.03125 0.019230769230769232