0 0.2091346153846154 0.30528846153846156 0.1466346153846154 0.019230769230769232
0 0.21394230769230768 0.32091346153846156 0.15264423076923078 0.014423076923076924
0 0.06971153846153846 0.3088942307692308 0.0889423076923077 0.026442307692307692
0 0.21875 0.828125 0.054086538461538464 0.025240384615384616
0 0.5973557692307693 0.5853365384615384 0.030048076923076924 0.056490384615384616
0 0.7884615384615384 0.6742788461538461 0.03365384615384615 0.07692307692307693
0 0.8257211538461539 0.6742788461538461 0.03485576923076923 0.07692307692307693
0 0.8149038461538461 0.7932692307692307 0.046875 0.08533653846153846
0 0.7596153846153846 0.7956730769230769 0.057692307692307696 0.0733173076923077
0 0.7127403846153846 0.7884615384615384 0.036057692307692304 0.06490384615384616
0 0.6658653846153846 0.7920673076923077 0.039663461538461536 0.0673076923076923
0 0.6237980769230769 0.7896634615384616 0.040865384615384616 0.06490384615384616
0 0.5817307692307693 0.7908653846153846 0.039663461538461536 0.06129807692307692
0 0.5288461538461539 0.8040865384615384 0.046875 0.06610576923076923
0 0.47716346153846156 0.7992788461538461 0.051682692307692304 0.0625
0 0.4266826923076923 0.8088942307692307 0.03365384615384615 0.051682692307692304
0 0.3870192307692308 0.8088942307692307 0.04927884615384615 0.054086538461538464
0 0.29447115384615385 0.8209134615384616 0.07572115384615384 0.030048076923076924
0 0.34975961538461536 0.33774038461538464 0.039663461538461536 0.010817307692307692
0 0.21995192307692307 0.796875 0.056490384615384616 0.026442307692307692
0 0.15384615384615385 0.7860576923076923 0.06610576923076923 0.0625
0 0.051682692307692304 0.8149038461538461 0.09254807692307693 0.052884615384615384
0 0.1310096153846154 0.2848557692307692 0.0625 0.020432692307692308
0 0.5 0.3317307692307692 0.15504807692307693 0.02283653846153846
0 0.8052884615384616 0.3293269230769231 0.13581730769230768 0.019230769230769232
0 0.4987980769230769 0.2860576923076923 0.15745192307692307 0.02403846153846154
0 0.2512019230769231 0.17548076923076922 0.028846153846153848 0.10336538461538461
0 0.1875 0.20072115384615385 0.07932692307692307 0.057692307692307696
0 0.11899038461538461 0.20673076923076922 0.054086538461538464 0.051682692307692304
0 0.055288461538461536 0.21514423076923078 0.046875 0.014423076923076924
0 0.056490384615384616 0.2283653846153846 0.056490384615384616 0.013221153846153846
0 0.6742788461538461 0.6814903846153846 0.026442307692307692 0.0829326923076923
0 0.6418269230769231 0.6850961538461539 0.030048076923076924 0.09254807692307693
0 0.6069711538461539 0.6838942307692307 0.03365384615384615 0.08533653846153846
0 0.578125 0.6947115384615384 0.018028846153846152 0.06009615384615385
0 0.5456730769230769 0.6899038461538461 0.03365384615384615 0.07572115384615384
0 0.4987980769230769 0.6850961538461539 0.038461538461538464 0.06370192307692307
0 0.4579326923076923 0.6658653846153846 0.04326923076923077 0.06129807692307692
0 0.41947115384615385 0.6646634615384616 0.03125 0.057692307692307696
0 0.3581730769230769 0.6838942307692307 0.05048076923076923 0.08653846153846154
0 0.30528846153846156 0.6862980769230769 0.052884615384615384 0.08533653846153846
0 0.26322115384615385 0.6875 0.03125 0.08653846153846154
0 0.22355769230769232 0.6935096153846154 0.038461538461538464 0.08052884615384616
0 0.2824519230769231 0.1814903846153846 0.027644230769230768 0.09615384615384616
0 0.31971153846153844 0.17908653846153846 0.03125 0.1045673076923077
0 0.35697115384615385 0.17908653846153846 0.026442307692307692 0.1045673076923077
0 0.3894230769230769 0.18028846153846154 0.02403846153846154 0.10576923076923077
0 0.4963942307692308 0.2644230769230769 0.15384615384615385 0.020432692307692308
0 0.65625 0.28365384615384615 0.14903846153846154 0.013221153846153846
0 0.6586538461538461 0.29927884615384615 0.1502403846153846 0.016826923076923076
0 0.65625 0.3161057692307692 0.14903846153846154 0.015625
0 0.6550480769230769 0.3317307692307692 0.1466346153846154 0.014423076923076924
0 0.8076923076923077 0.31009615384615385 0.13581730769230768 0.021634615384615384
0 0.8064903846153846 0.28966346153846156 0.1346153846153846 0.018028846153846152
0 0.8076923076923077 0.2704326923076923 0.12259615384615384 0.018028846153846152
0 0.49399038461538464 0.3088942307692308 0.15504807692307693 0.019230769230769232
0 0.7872596153846154 0.2536057692307692 0.12139423076923077 0.014423076923076924
0 0.7860576923076923 0.17427884615384615 0.0673076923076923 0.10817307692307693
0 0.6754807692307693 0.1935096153846154 0.04326923076923077 0.07692307692307693
0 0.6358173076923077 0.18269230769230768 0.018028846153846152 0.06850961538461539
0 0.6117788461538461 0.18629807692307693 0.020432692307692308 0.07692307692307693
0 0.5853365384615384 0.18629807692307693 0.025240384615384616 0.0829326923076923
0 0.5036057692307693 0.203125 0.109375 0.018028846153846152
0 0.5036057692307693 0.18389423076923078 0.11298076923076923 0.018028846153846152
0 0.4206730769230769 0.17908653846153846 0.027644230769230768 0.10576923076923077
0 0.8497596153846154 0.1935096153846154 0.04927884615384615 0.06971153846153846
0 0.6370192307692307 0.5805288461538461 0.04326923076923077 0.0733173076923077
0 0.2776442307692308 0.6117788461538461 0.046875 0.016826923076923076
0 0.04927884615384615 0.7151442307692307 0.07692307692307693 0.028846153846153848
0 0.5877403846153846 0.40625 0.036057692307692304 0.08533653846153846
0 0.6201923076923077 0.4026442307692308 0.026442307692307692 0.08173076923076923
0 0.6526442307692307 0.41225961538461536 0.03125 0.06490384615384616
0 0.6899038461538461 0.4026442307692308 0.039663461538461536 0.07692307692307693
0 0.7548076923076923 0.4050480769230769 0.0733173076923077 0.08533653846153846
0 0.8233173076923077 0.39903846153846156 0.057692307692307696 0.08052884615384616
0 0.8173076923076923 0.49158653846153844 0.04447115384615385 0.054086538461538464
0 0.7860576923076923 0.49278846153846156 0.02283653846153846 0.056490384615384616
0 0.7536057692307693 0.49399038461538464 0.04567307692307692 0.06009615384615385
0 0.7067307692307693 0.4951923076923077 0.04927884615384615 0.05889423076923077
0 0.6454326923076923 0.49038461538461536 0.03485576923076923 0.019230769230769232
0 0.6622596153846154 0.5060096153846154 0.02403846153846154 0.010817307692307692
0 0.6634615384615384 0.5192307692307693 0.030048076923076924 0.013221153846153846
0 0.6286057692307693 0.5060096153846154 0.026442307692307692 0.01201923076923077
0 0.6298076923076923 0.5204326923076923 0.027644230769230768 0.01201923076923077
0 0.5853365384615384 0.49399038461538464 0.052884615384615384 0.06009615384615385
0 0.5252403846153846 0.49759615384615385 0.027644230769230768 0.06610576923076923
0 0.49759615384615385 0.49759615384615385 0.027644230769230768 0.051682692307692304
0 0.4579326923076923 0.5 0.039663461538461536 0.042067307692307696
0 0.3798076923076923 0.5036057692307693 0.055288461538461536 0.04447115384615385
0 0.3233173076923077 0.5 0.04927884615384615 0.052884615384615384
0 0.5384615384615384 0.4338942307692308 0.025240384615384616 0.02403846153846154
0 0.5 0.40865384615384615 0.03365384615384615 0.0829326923076923
0 0.46274038461538464 0.40625 0.038461538461538464 0.0889423076923077
0 0.4266826923076923 0.4074519230769231 0.030048076923076924 0.09014423076923077
0 0.7115384615384616 0.5829326923076923 0.03245192307692308 0.07451923076923077
0 0.7415865384615384 0.578125 0.020432692307692308 0.07091346153846154
0 0.7704326923076923 0.5757211538461539 0.036057692307692304 0.06370192307692307
0 0.8125 0.5805288461538461 0.025240384615384616 0.056490384615384616
0 0.84375 0.5865384615384616 0.025240384615384616 0.0625
0 0.1346153846153846 0.6129807692307693 0.038461538461538464 0.0625
0 0.055288461538461536 0.6033653846153846 0.109375 0.019230769230769232
0 0.054086538461538464 0.6286057692307693 0.10576923076923077 0.03125
0 0.03365384615384615 0.6814903846153846 0.0625 0.030048076923076924
0 0.10216346153846154 0.6802884615384616 0.07572115384615384 0.030048076923076924
0 0.27283653846153844 0.5180288461538461 0.039663461538461536 0.021634615384615384
0 0.1201923076923077 0.7151442307692307 0.06610576923076923 0.030048076923076924
0 0.6790865384615384 0.5829326923076923 0.03125 0.07572115384615384
0 0.037259615384615384 0.3798076923076923 0.040865384615384616 0.0625
0 0.10336538461538461 0.38100961538461536 0.037259615384615384 0.06009615384615385
0 0.16706730769230768 0.4074519230769231 0.04326923076923077 0.06490384615384616
0 0.21754807692307693 0.41586538461538464 0.03485576923076923 0.06009615384615385
0 0.25600961538461536 0.41586538461538464 0.025240384615384616 0.054086538461538464
0 0.2860576923076923 0.4182692307692308 0.02283653846153846 0.04326923076923077
0 0.3137019230769231 0.41947115384615385 0.026442307692307692 0.040865384615384616
0 0.34975961538461536 0.40625 0.036057692307692304 0.0889423076923077
0 0.3894230769230769 0.4074519230769231 0.04326923076923077 0.09014423076923077
0 0.18028846153846154 0.6923076923076923 0.039663461538461536 0.07932692307692307
0 0.2776442307692308 0.49399038461538464 0.03485576923076923 0.019230769230769232
0 0.7079326923076923 0.6850961538461539 0.03365384615384615 0.07692307692307693
0 0.1971153846153846 0.5048076923076923 0.10096153846153846 0.03365384615384615
0 0.021634615384615384 0.5552884615384616 0.038461538461538464 0.030048076923076924
0 0.008413461538461538 0.4639423076923077 0.01201923076923077 0.046875
0 0.054086538461538464 0.47716346153846156 0.07211538461538461 0.03365384615384615
0 0.10817307692307693 0.4423076923076923 0.02403846153846154 0.02283653846153846
0 0.0733173076923077 0.5396634615384616 0.036057692307692304 0.04447115384615385
0 0.12259615384615384 0.5180288461538461 0.037259615384615384 0.009615384615384616
0 0.2776442307692308 0.47716346153846156 0.036057692307692304 0.01201923076923077
0 0.20432692307692307 0.6033653846153846 0.0889423076923077 0.037259615384615384
0 0.28125 0.5889423076923077 0.05048076923076923 0.026442307692307692
0 0.21033653846153846 0.5649038461538461 0.08413461538461539 0.038461538461538464
0 0.28725961538461536 0.5625 0.046875 0.019230769230769232
0 0.1141826923076923 0.47475961538461536 0.04927884615384615 0.03365384615384615
0 0.5564903846153846 0.5805288461538461 0.038461538461538464 0.06009615384615385
0 0.5204326923076923 0.5757211538461539 0.028846153846153848 0.05889423076923077
0 0.47475961538461536 0.6129807692307693 0.04447115384615385 0.016826923076923076
0 0.7463942307692307 0.6850961538461539 0.030048076923076924 0.078125
0 0.11658653846153846 0.5480769230769231 0.04567307692307692 0.042067307692307696
0 0.33533653846153844 0.6117788461538461 0.046875 0.019230769230769232
0 0.3870192307692308 0.5865384615384616 0.03125 0.06370192307692307
0 0.3389423076923077 0.5889423076923077 0.03125 0.014423076923076924
0 0.43028846153846156 0.5889423076923077 0.04326923076923077 0.06370192307692307