0 0.6466346153846154 0.8245192307692307 0.040865384615384616 0.02403846153846154
0 0.2512019230769231 0.5600961538461539 0.03485576923076923 0.08533653846153846
0 0.27884615384615385 0.5612980769230769 0.018028846153846152 0.07451923076923077
0 0.30408653846153844 0.5612980769230769 0.013221153846153846 0.0829326923076923
0 0.5949519230769231 0.8509615384615384 0.04326923076923077 0.02283653846153846
0 0.9723557692307693 0.8173076923076923 0.05048076923076923 0.07211538461538461
0 0.6442307692307693 0.8509615384615384 0.040865384615384616 0.025240384615384616
0 0.9230769230769231 0.8161057692307693 0.04326923076923077 0.06971153846153846
0 0.8112980769230769 0.8185096153846154 0.052884615384615384 0.06971153846153846
0 0.5949519230769231 0.8064903846153846 0.03125 0.015625
0 0.7548076923076923 0.8245192307692307 0.054086538461538464 0.07451923076923077
0 0.6887019230769231 0.8173076923076923 0.042067307692307696 0.0625
0 0.5432692307692307 0.8149038461538461 0.06370192307692307 0.030048076923076924
0 0.8689903846153846 0.8209134615384616 0.046875 0.06850961538461539
0 0.7872596153846154 0.5264423076923077 0.040865384615384616 0.0625
0 0.2091346153846154 0.5649038461538461 0.03365384615384615 0.07932692307692307
0 0.27884615384615385 0.4639423076923077 0.03485576923076923 0.08413461538461539
0 0.4651442307692308 0.8269230769230769 0.06610576923076923 0.056490384615384616
0 0.31850961538461536 0.46274038461538464 0.026442307692307692 0.078125
0 0.35697115384615385 0.4639423076923077 0.036057692307692304 0.08533653846153846
0 0.40024038461538464 0.46153846153846156 0.04326923076923077 0.09375
0 0.4411057692307692 0.46033653846153844 0.02403846153846154 0.07692307692307693
0 0.47596153846153844 0.45913461538461536 0.038461538461538464 0.0889423076923077
0 0.5204326923076923 0.46274038461538464 0.039663461538461536 0.0829326923076923
0 0.5576923076923077 0.46153846153846156 0.026442307692307692 0.0829326923076923
0 0.5949519230769231 0.4639423076923077 0.037259615384615384 0.07932692307692307
0 0.84375 0.5264423076923077 0.039663461538461536 0.06370192307692307
0 0.8870192307692307 0.5264423076923077 0.03245192307692308 0.056490384615384616
0 0.9459134615384616 0.53125 0.028846153846153848 0.05889423076923077
0 0.9170673076923077 0.5288461538461539 0.02403846153846154 0.05889423076923077
0 0.020432692307692308 0.5625 0.021634615384615384 0.06971153846153846
0 0.057692307692307696 0.5588942307692307 0.039663461538461536 0.07932692307692307
0 0.16706730769230768 0.5649038461538461 0.04447115384615385 0.07451923076923077
0 0.24278846153846154 0.46274038461538464 0.027644230769230768 0.08413461538461539
0 0.3329326923076923 0.5612980769230769 0.037259615384615384 0.0829326923076923
0 0.5408653846153846 0.6610576923076923 0.04807692307692308 0.06850961538461539
0 0.41466346153846156 0.5625 0.030048076923076924 0.08533653846153846
0 0.6466346153846154 0.6574519230769231 0.05048076923076923 0.06610576923076923
0 0.04807692307692308 0.7548076923076923 0.0673076923076923 0.0673076923076923
0 0.13942307692307693 0.7644230769230769 0.09735576923076923 0.04807692307692308
0 0.13221153846153846 0.7247596153846154 0.09615384615384616 0.016826923076923076
0 0.22716346153846154 0.75 0.0673076923076923 0.06490384615384616
0 0.30528846153846156 0.7487980769230769 0.0673076923076923 0.0673076923076923
0 0.3798076923076923 0.7475961538461539 0.06971153846153846 0.06971153846153846
0 0.46033653846153844 0.7379807692307693 0.06009615384615385 0.051682692307692304
0 0.5300480769230769 0.7355769230769231 0.06370192307692307 0.051682692307692304
0 0.5949519230769231 0.7391826923076923 0.039663461538461536 0.054086538461538464
0 0.6454326923076923 0.7475961538461539 0.04807692307692308 0.06129807692307692
0 0.054086538461538464 0.8389423076923077 0.06850961538461539 0.06490384615384616
0 0.15264423076923078 0.8473557692307693 0.10336538461538461 0.04807692307692308
0 0.15384615384615385 0.8088942307692307 0.10336538461538461 0.014423076923076924
0 0.23317307692307693 0.8329326923076923 0.036057692307692304 0.02283653846153846
0 0.27163461538461536 0.8305288461538461 0.025240384615384616 0.025240384615384616
0 0.3088942307692308 0.8557692307692307 0.04326923076923077 0.025240384615384616
0 0.5901442307692307 0.6586538461538461 0.04326923076923077 0.06971153846153846
0 0.3762019230769231 0.5625 0.030048076923076924 0.078125
0 0.21153846153846154 0.45913461538461536 0.02403846153846154 0.08774038461538461
0 0.41466346153846156 0.6550480769230769 0.06490384615384616 0.056490384615384616
0 0.48677884615384615 0.5612980769230769 0.042067307692307696 0.08173076923076923
0 0.59375 0.5600961538461539 0.039663461538461536 0.08173076923076923
0 0.6346153846153846 0.5600961538461539 0.026442307692307692 0.07451923076923077
0 0.7115384615384616 0.6201923076923077 0.04807692307692308 0.08774038461538461
0 0.7740384615384616 0.6213942307692307 0.06009615384615385 0.08653846153846154
0 0.8377403846153846 0.6225961538461539 0.05889423076923077 0.09134615384615384
0 0.9543269230769231 0.6213942307692307 0.0625 0.09134615384615384
0 0.9350961538461539 0.7247596153846154 0.06370192307692307 0.08533653846153846
0 0.984375 0.7175480769230769 0.021634615384615384 0.07692307692307693
0 0.8425480769230769 0.7199519230769231 0.0625 0.07451923076923077
0 0.7704326923076923 0.7259615384615384 0.054086538461538464 0.0889423076923077
0 0.7079326923076923 0.7307692307692307 0.04927884615384615 0.09254807692307693
0 0.051682692307692304 0.6598557692307693 0.051682692307692304 0.07091346153846154
0 0.11658653846153846 0.6634615384615384 0.06610576923076923 0.07451923076923077
0 0.18990384615384615 0.6610576923076923 0.07451923076923077 0.08052884615384616
0 0.265625 0.6598557692307693 0.07091346153846154 0.07572115384615384
0 0.3401442307692308 0.6586538461538461 0.06490384615384616 0.07932692307692307
0 0.4807692307692308 0.6598557692307693 0.05048076923076923 0.06850961538461539
0 0.17427884615384615 0.45913461538461536 0.039663461538461536 0.08774038461538461
0 0.47836538461538464 0.3641826923076923 0.037259615384615384 0.07211538461538461
0 0.09014423076923077 0.45913461538461536 0.019230769230769232 0.0829326923076923
0 0.7668269230769231 0.14302884615384615 0.042067307692307696 0.06370192307692307
0 0.8112980769230769 0.13822115384615385 0.03365384615384615 0.07211538461538461
0 0.8665865384615384 0.1310096153846154 0.06129807692307692 0.09735576923076923
0 0.9254807692307693 0.13221153846153846 0.05048076923076923 0.09254807692307693
0 0.125 0.45913461538461536 0.03485576923076923 0.09254807692307693
0 0.10096153846153846 0.23918269230769232 0.04807692307692308 0.09495192307692307
0 0.15745192307692307 0.23918269230769232 0.04807692307692308 0.09495192307692307
0 0.7247596153846154 0.14783653846153846 0.03485576923076923 0.054086538461538464
0 0.21153846153846154 0.24759615384615385 0.036057692307692304 0.08774038461538461
0 0.3088942307692308 0.24278846153846154 0.037259615384615384 0.08774038461538461
0 0.3581730769230769 0.24158653846153846 0.039663461538461536 0.09735576923076923
0 0.4074519230769231 0.24639423076923078 0.042067307692307696 0.09134615384615384
0 0.4519230769230769 0.2439903846153846 0.03365384615384615 0.10096153846153846
0 0.49158653846153844 0.24879807692307693 0.038461538461538464 0.08653846153846154
0 0.5300480769230769 0.25 0.03245192307692308 0.08533653846153846
0 0.5709134615384616 0.25600961538461536 0.036057692307692304 0.08052884615384616
0 0.25600961538461536 0.23677884615384615 0.039663461538461536 0.09975961538461539
0 0.6766826923076923 0.14182692307692307 0.036057692307692304 0.07932692307692307
0 0.6201923076923077 0.13581730769230768 0.03245192307692308 0.08533653846153846
0 0.5793269230769231 0.11778846153846154 0.04447115384615385 0.109375
0 0.4074519230769231 0.8341346153846154 0.04326923076923077 0.038461538461538464
0 0.046875 0.109375 0.028846153846153848 0.09375
0 0.014423076923076924 0.11658653846153846 0.021634615384615384 0.08774038461538461
0 0.10216346153846154 0.109375 0.04807692307692308 0.09615384615384616
0 0.15865384615384615 0.13942307692307693 0.037259615384615384 0.037259615384615384
0 0.15625 0.09735576923076923 0.037259615384615384 0.039663461538461536
0 0.1971153846153846 0.09254807692307693 0.03485576923076923 0.042067307692307696
0 0.23557692307692307 0.09254807692307693 0.03485576923076923 0.042067307692307696
0 0.20192307692307693 0.140625 0.03485576923076923 0.039663461538461536
0 0.23798076923076922 0.140625 0.028846153846153848 0.040865384615384616
0 0.2776442307692308 0.11658653846153846 0.037259615384615384 0.09254807692307693
0 0.31490384615384615 0.11778846153846154 0.030048076923076924 0.09375
0 0.35216346153846156 0.12139423076923077 0.03245192307692308 0.08774038461538461
0 0.39783653846153844 0.1141826923076923 0.04326923076923077 0.0985576923076923
0 0.43990384615384615 0.12379807692307693 0.03125 0.0889423076923077
0 0.47475961538461536 0.12980769230769232 0.027644230769230768 0.08052884615384616
0 0.5252403846153846 0.11778846153846154 0.052884615384615384 0.11057692307692307
0 0.6153846153846154 0.2536057692307692 0.027644230769230768 0.0829326923076923
0 0.6502403846153846 0.2536057692307692 0.03125 0.0829326923076923
0 0.9771634615384616 0.1346153846153846 0.04447115384615385 0.09014423076923077
0 0.6754807692307693 0.25600961538461536 0.014423076923076924 0.07692307692307693
0 0.09254807692307693 0.3485576923076923 0.0733173076923077 0.0889423076923077
0 0.15865384615384615 0.34975961538461536 0.04326923076923077 0.09134615384615384
0 0.2091346153846154 0.34975961538461536 0.04447115384615385 0.09254807692307693
0 0.2764423076923077 0.3545673076923077 0.07451923076923077 0.08533653846153846
0 0.3449519230769231 0.35336538461538464 0.042067307692307696 0.09134615384615384
0 0.39302884615384615 0.35336538461538464 0.046875 0.09254807692307693
0 0.4387019230769231 0.36177884615384615 0.038461538461538464 0.08173076923076923
0 0.5264423076923077 0.3557692307692308 0.04567307692307692 0.08653846153846154
0 0.5673076923076923 0.36778846153846156 0.030048076923076924 0.06971153846153846
0 0.6069711538461539 0.36538461538461536 0.030048076923076924 0.06850961538461539
0 0.7608173076923077 0.4423076923076923 0.039663461538461536 0.07091346153846154
0 0.7007211538461539 0.2620192307692308 0.027644230769230768 0.07091346153846154
0 0.8377403846153846 0.44471153846153844 0.03485576923076923 0.06370192307692307
0 0.8798076923076923 0.44350961538461536 0.04326923076923077 0.06971153846153846
0 0.9567307692307693 0.4411057692307692 0.040865384615384616 0.07572115384615384
0 0.05889423076923077 0.46153846153846156 0.036057692307692304 0.08533653846153846
0 0.025240384615384616 0.45913461538461536 0.015625 0.08052884615384616
0 0.020432692307692308 0.3473557692307692 0.038461538461538464 0.09495192307692307
0 0.7115384615384616 0.3473557692307692 0.04927884615384615 0.07451923076923077
0 0.7992788461538461 0.4423076923076923 0.027644230769230768 0.0673076923076923
0 0.7860576923076923 0.35096153846153844 0.021634615384615384 0.0673076923076923
0 0.8209134615384616 0.35096153846153844 0.040865384615384616 0.0673076923076923
0 0.7295673076923077 0.2608173076923077 0.02283653846153846 0.07211538461538461
0 0.7560096153846154 0.2620192307692308 0.019230769230769232 0.07211538461538461
0 0.8629807692307693 0.2536057692307692 0.026442307692307692 0.08533653846153846
0 0.8978365384615384 0.25721153846153844 0.02283653846153846 0.078125
0 0.8209134615384616 0.23076923076923078 0.039663461538461536 0.013221153846153846
0 0.8233173076923077 0.24519230769230768 0.04567307692307692 0.008413461538461538
0 0.8221153846153846 0.2536057692307692 0.04326923076923077 0.008413461538461538
0 0.8221153846153846 0.2668269230769231 0.040865384615384616 0.01201923076923077
0 0.359375 0.8293269230769231 0.042067307692307696 0.04326923076923077
0 0.8221153846153846 0.2920673076923077 0.05048076923076923 0.010817307692307692
0 0.9230769230769231 0.27403846153846156 0.016826923076923076 0.04447115384615385
0 0.9507211538461539 0.2776442307692308 0.025240384615384616 0.04326923076923077
0 0.9879807692307693 0.2644230769230769 0.021634615384615384 0.07091346153846154
0 0.9567307692307693 0.35096153846153844 0.03485576923076923 0.06610576923076923
0 0.921875 0.34975961538461536 0.03245192307692308 0.0733173076923077
0 0.8870192307692307 0.34975961538461536 0.03365384615384615 0.07091346153846154
0 0.8245192307692307 0.2776442307692308 0.04447115384615385 0.008413461538461538
0 0.7560096153846154 0.3473557692307692 0.03365384615384615 0.07451923076923077