0 0.1778846153846154 0.11538461538461539 0.026442307692307692 0.09975961538461539
0 0.2091346153846154 0.11298076923076923 0.030048076923076924 0.09735576923076923
0 0.5432692307692307 0.6021634615384616 0.03485576923076923 0.09375
0 0.7740384615384616 0.33052884615384615 0.042067307692307696 0.10576923076923077
0 0.8245192307692307 0.33413461538461536 0.04567307692307692 0.10216346153846154
0 0.8810096153846154 0.3317307692307692 0.05889423076923077 0.11177884615384616
0 0.9423076923076923 0.33653846153846156 0.04927884615384615 0.11298076923076923
0 0.9879807692307693 0.3449519230769231 0.02283653846153846 0.11778846153846154
0 0.15625 0.11658653846153846 0.01201923076923077 0.09735576923076923
0 0.1346153846153846 0.11899038461538461 0.02403846153846154 0.09495192307692307
0 0.10817307692307693 0.12139423076923077 0.02403846153846154 0.09495192307692307
0 0.07572115384615384 0.125 0.03125 0.09014423076923077
0 0.04447115384615385 0.12740384615384615 0.026442307692307692 0.08774038461538461
0 0.019230769230769232 0.12740384615384615 0.02283653846153846 0.09254807692307693
0 0.015625 0.23197115384615385 0.020432692307692308 0.08173076923076923
0 0.039663461538461536 0.2283653846153846 0.02403846153846154 0.08533653846153846
0 0.06610576923076923 0.22716346153846154 0.02403846153846154 0.08774038461538461
0 0.09254807692307693 0.22716346153846154 0.021634615384615384 0.09014423076923077
0 0.14543269230769232 0.23197115384615385 0.015625 0.09134615384615384
0 0.1201923076923077 0.22956730769230768 0.028846153846153848 0.08653846153846154
0 0.21875 0.22596153846153846 0.03125 0.09495192307692307
0 0.27403846153846156 0.23677884615384615 0.027644230769230768 0.0829326923076923
0 0.3125 0.23677884615384615 0.04567307692307692 0.0889423076923077
0 0.35336538461538464 0.23197115384615385 0.03245192307692308 0.09014423076923077
0 0.3870192307692308 0.23317307692307693 0.030048076923076924 0.09134615384615384
0 0.421875 0.23197115384615385 0.03485576923076923 0.0985576923076923
0 0.953125 0.46875 0.046875 0.0985576923076923
0 0.9014423076923077 0.46634615384615385 0.042067307692307696 0.09735576923076923
0 0.8485576923076923 0.45913461538461536 0.04447115384615385 0.09014423076923077
0 0.8028846153846154 0.4543269230769231 0.038461538461538464 0.09254807692307693
0 0.3762019230769231 0.10096153846153846 0.020432692307692308 0.10697115384615384
0 0.3473557692307692 0.1045673076923077 0.027644230769230768 0.10576923076923077
0 0.3125 0.10817307692307693 0.03365384615384615 0.11057692307692307
0 0.2776442307692308 0.1045673076923077 0.030048076923076924 0.11177884615384616
0 0.2403846153846154 0.10576923076923077 0.027644230769230768 0.11057692307692307
0 0.7536057692307693 0.9014423076923077 0.05889423076923077 0.13341346153846154
0 0.8197115384615384 0.9278846153846154 0.05889423076923077 0.11899038461538461
0 0.9026442307692307 0.9423076923076923 0.0985576923076923 0.11057692307692307
0 0.7331730769230769 0.7572115384615384 0.046875 0.09134615384615384
0 0.7992788461538461 0.7704326923076923 0.06971153846153846 0.11298076923076923
0 0.8822115384615384 0.7884615384615384 0.0733173076923077 0.1201923076923077
0 0.4639423076923077 0.2283653846153846 0.038461538461538464 0.10096153846153846
0 0.9615384615384616 0.8100961538461539 0.07572115384615384 0.12740384615384615
0 0.8149038461538461 0.6682692307692307 0.025240384615384616 0.06610576923076923
0 0.8545673076923077 0.6682692307692307 0.04447115384615385 0.08774038461538461
0 0.9038461538461539 0.6754807692307693 0.04447115384615385 0.0889423076923077
0 0.9543269230769231 0.6875 0.04447115384615385 0.0889423076923077
0 0.9927884615384616 0.6947115384615384 0.01201923076923077 0.08653846153846154
0 0.7836538461538461 0.5576923076923077 0.04326923076923077 0.08413461538461539
0 0.8341346153846154 0.5673076923076923 0.04567307692307692 0.08413461538461539
0 0.8834134615384616 0.5721153846153846 0.036057692307692304 0.0829326923076923
0 0.9326923076923077 0.5805288461538461 0.04807692307692308 0.0829326923076923
0 0.9807692307692307 0.5901442307692307 0.037259615384615384 0.09014423076923077
0 0.7584134615384616 0.45072115384615385 0.036057692307692304 0.09134615384615384
0 0.7836538461538461 0.6622596153846154 0.028846153846153848 0.06610576923076923
0 0.5096153846153846 0.23076923076923078 0.03485576923076923 0.10336538461538461
0 0.5492788461538461 0.22956730769230768 0.03245192307692308 0.1045673076923077
0 0.5901442307692307 0.23076923076923078 0.042067307692307696 0.10697115384615384
0 0.6081730769230769 0.49278846153846156 0.037259615384615384 0.09495192307692307
0 0.5649038461538461 0.4879807692307692 0.038461538461538464 0.0985576923076923
0 0.5276442307692307 0.48677884615384615 0.027644230769230768 0.0889423076923077
0 0.49399038461538464 0.48197115384615385 0.030048076923076924 0.08774038461538461
0 0.46033653846153844 0.47716346153846156 0.027644230769230768 0.08774038461538461
0 0.4266826923076923 0.4723557692307692 0.03485576923076923 0.09014423076923077
0 0.38822115384615385 0.46634615384615385 0.03485576923076923 0.08774038461538461
0 0.35336538461538464 0.46033653846153844 0.027644230769230768 0.09254807692307693
0 0.3233173076923077 0.4543269230769231 0.019230769230769232 0.08653846153846154
0 0.2932692307692308 0.45072115384615385 0.027644230769230768 0.08653846153846154
0 0.26322115384615385 0.44591346153846156 0.02283653846153846 0.07932692307692307
0 0.6538461538461539 0.5 0.040865384615384616 0.10096153846153846
0 0.23798076923076922 0.44591346153846156 0.02283653846153846 0.078125
0 0.18389423076923078 0.43509615384615385 0.019230769230769232 0.08413461538461539
0 0.15865384615384615 0.43149038461538464 0.025240384615384616 0.08533653846153846
0 0.5865384615384616 0.609375 0.040865384615384616 0.09735576923076923
0 0.5985576923076923 0.08774038461538461 0.036057692307692304 0.11658653846153846
0 0.6442307692307693 0.0829326923076923 0.04447115384615385 0.12139423076923077
0 0.6923076923076923 0.08052884615384616 0.04567307692307692 0.12259615384615384
0 0.7475961538461539 0.07692307692307693 0.052884615384615384 0.12259615384615384
0 0.9759615384615384 0.06490384615384616 0.046875 0.12860576923076922
0 0.9206730769230769 0.06850961538461539 0.056490384615384616 0.1201923076923077
0 0.8569711538461539 0.0733173076923077 0.05889423076923077 0.11778846153846154
0 0.8016826923076923 0.07572115384615384 0.046875 0.11778846153846154
0 0.2091346153846154 0.4387019230769231 0.025240384615384616 0.0889423076923077
0 0.4098557692307692 0.09975961538461539 0.03485576923076923 0.11177884615384616
0 0.7007211538461539 0.5036057692307693 0.039663461538461536 0.10216346153846154
0 0.051682692307692304 0.5300480769230769 0.016826923076923076 0.03365384615384615
0 0.6346153846153846 0.22956730769230768 0.03245192307692308 0.10817307692307693
0 0.6790865384615384 0.2283653846153846 0.040865384615384616 0.11298076923076923
0 0.7271634615384616 0.22956730769230768 0.042067307692307696 0.11658653846153846
0 0.7824519230769231 0.2127403846153846 0.04326923076923077 0.09375
0 0.8882211538461539 0.21033653846153846 0.054086538461538464 0.1045673076923077
0 0.9495192307692307 0.20673076923076922 0.055288461538461536 0.109375
0 0.5048076923076923 0.5961538461538461 0.03485576923076923 0.09254807692307693
0 0.4675480769230769 0.5865384615384616 0.03365384615384615 0.0889423076923077
0 0.43028846153846156 0.5805288461538461 0.03125 0.09495192307692307
0 0.39663461538461536 0.578125 0.026442307692307692 0.08653846153846154
0 0.3641826923076923 0.5721153846153846 0.03125 0.08173076923076923
0 0.026442307692307692 0.5096153846153846 0.02403846153846154 0.06370192307692307
0 0.3293269230769231 0.5649038461538461 0.021634615384615384 0.08413461538461539
0 0.2548076923076923 0.5324519230769231 0.03125 0.042067307692307696
0 0.25600961538461536 0.5733173076923077 0.026442307692307692 0.03365384615384615
0 0.2247596153846154 0.546875 0.026442307692307692 0.07211538461538461
0 0.1935096153846154 0.5252403846153846 0.026442307692307692 0.036057692307692304
0 0.19471153846153846 0.5612980769230769 0.025240384615384616 0.030048076923076924
0 0.16466346153846154 0.5360576923076923 0.028846153846153848 0.06610576923076923
0 0.1310096153846154 0.5300480769230769 0.03125 0.0673076923076923
0 0.1045673076923077 0.5060096153846154 0.018028846153846152 0.037259615384615384
0 0.10336538461538461 0.5444711538461539 0.018028846153846152 0.03125
0 0.07692307692307693 0.5168269230769231 0.030048076923076924 0.07211538461538461
0 0.051682692307692304 0.4963942307692308 0.016826923076923076 0.030048076923076924
0 0.2932692307692308 0.5612980769230769 0.039663461538461536 0.07451923076923077
0 0.44591346153846156 0.09495192307692307 0.03125 0.1141826923076923
0 0.8341346153846154 0.21033653846153846 0.05048076923076923 0.09495192307692307
0 0.5228365384615384 0.09134615384615384 0.027644230769230768 0.109375
0 0.578125 0.7223557692307693 0.07211538461538461 0.10336538461538461
0 0.6586538461538461 0.7403846153846154 0.07692307692307693 0.10576923076923077
0 0.018028846153846152 0.6850961538461539 0.03485576923076923 0.0673076923076923
0 0.055288461538461536 0.6983173076923077 0.03365384615384615 0.0733173076923077
0 0.09495192307692307 0.7103365384615384 0.039663461538461536 0.07692307692307693
0 0.13341346153846154 0.7463942307692307 0.027644230769230768 0.018028846153846152
0 0.13221153846153846 0.7271634615384616 0.03125 0.013221153846153846
0 0.12980769230769232 0.7067307692307693 0.026442307692307692 0.018028846153846152
0 0.1310096153846154 0.4266826923076923 0.026442307692307692 0.08533653846153846
0 0.1045673076923077 0.4254807692307692 0.02283653846153846 0.08533653846153846
0 0.515625 0.7103365384615384 0.04447115384615385 0.0829326923076923
0 0.07451923076923077 0.4230769230769231 0.028846153846153848 0.0733173076923077
0 0.027644230769230768 0.4182692307692308 0.02403846153846154 0.078125
0 0.007211538461538462 0.41346153846153844 0.014423076923076924 0.09014423076923077
0 0.71875 0.3713942307692308 0.039663461538461536 0.10817307692307693
0 0.6742788461538461 0.36899038461538464 0.036057692307692304 0.1045673076923077
0 0.6322115384615384 0.36778846153846156 0.038461538461538464 0.09975961538461539
0 0.5877403846153846 0.3629807692307692 0.038461538461538464 0.10096153846153846
0 0.546875 0.359375 0.036057692307692304 0.10336538461538461
0 0.5096153846153846 0.359375 0.03125 0.10096153846153846
0 0.47115384615384615 0.3545673076923077 0.030048076923076924 0.10096153846153846
0 0.42908653846153844 0.35216346153846156 0.04326923076923077 0.09975961538461539
0 0.05048076923076923 0.41947115384615385 0.016826923076923076 0.07692307692307693
0 0.3894230769230769 0.35216346153846156 0.030048076923076924 0.08774038461538461
0 0.4699519230769231 0.6995192307692307 0.04567307692307692 0.08413461538461539
0 0.3389423076923077 0.6646634615384616 0.038461538461538464 0.07572115384615384
0 0.01201923076923077 0.6009615384615384 0.02403846153846154 0.025240384615384616
0 0.4831730769230769 0.09254807692307693 0.038461538461538464 0.11778846153846154
0 0.03485576923076923 0.6069711538461539 0.015625 0.025240384615384616
0 0.037259615384615384 0.578125 0.026442307692307692 0.025240384615384616
0 0.056490384615384616 0.6141826923076923 0.02283653846153846 0.019230769230769232
0 0.06009615384615385 0.5925480769230769 0.019230769230769232 0.016826923076923076
0 0.08413461538461539 0.6213942307692307 0.026442307692307692 0.020432692307692308
0 0.08413461538461539 0.5973557692307693 0.025240384615384616 0.018028846153846152
0 0.1045673076923077 0.6117788461538461 0.01201923076923077 0.054086538461538464
0 0.12980769230769232 0.6358173076923077 0.026442307692307692 0.015625
0 0.4266826923076923 0.6887019230769231 0.039663461538461536 0.08052884615384616
0 0.12860576923076922 0.6153846153846154 0.026442307692307692 0.015625
0 0.16105769230769232 0.640625 0.027644230769230768 0.020432692307692308
0 0.15985576923076922 0.6189903846153846 0.030048076923076924 0.015625
0 0.15865384615384615 0.5985576923076923 0.03365384615384615 0.020432692307692308
0 0.18990384615384615 0.6418269230769231 0.020432692307692308 0.03365384615384615
0 0.19110576923076922 0.6081730769230769 0.026442307692307692 0.028846153846153848
0 0.21514423076923078 0.6490384615384616 0.02403846153846154 0.03485576923076923
0 0.22115384615384615 0.6153846153846154 0.030048076923076924 0.028846153846153848
0 0.24278846153846154 0.6550480769230769 0.02403846153846154 0.038461538461538464
0 0.27403846153846156 0.6454326923076923 0.03485576923076923 0.0733173076923077
0 0.30528846153846156 0.671875 0.020432692307692308 0.038461538461538464
0 0.12620192307692307 0.5949519230769231 0.027644230769230768 0.020432692307692308
0 0.35697115384615385 0.3485576923076923 0.026442307692307692 0.08774038461538461
0 0.38100961538461536 0.6742788461538461 0.03485576923076923 0.08052884615384616
0 0.296875 0.34375 0.027644230769230768 0.09014423076923077
0 0.20192307692307693 0.7451923076923077 0.030048076923076924 0.07211538461538461
0 0.23076923076923078 0.7608173076923077 0.02283653846153846 0.05889423076923077
0 0.25841346153846156 0.7836538461538461 0.02403846153846154 0.037259615384615384
0 0.25841346153846156 0.7427884615384616 0.025240384615384616 0.036057692307692304
0 0.28725961538461536 0.7536057692307693 0.026442307692307692 0.03245192307692308
0 0.2860576923076923 0.7944711538461539 0.026442307692307692 0.039663461538461536
0 0.31850961538461536 0.8040865384615384 0.036057692307692304 0.046875
0 0.31850961538461536 0.7560096153846154 0.03485576923076923 0.037259615384615384
0 0.36899038461538464 0.8028846153846154 0.05889423076923077 0.09254807692307693
0 0.4230769230769231 0.7860576923076923 0.04447115384615385 0.040865384615384616
0 0.4855769230769231 0.8365384615384616 0.06370192307692307 0.10096153846153846
0 0.546875 0.8798076923076923 0.05048076923076923 0.051682692307692304
0 0.5504807692307693 0.8269230769230769 0.04927884615384615 0.039663461538461536
0 0.6189903846153846 0.8786057692307693 0.078125 0.109375
0 0.6959134615384616 0.8870192307692307 0.05048076923076923 0.1310096153846154
0 0.5576923076923077 0.0889423076923077 0.03485576923076923 0.1141826923076923
0 0.328125 0.34375 0.026442307692307692 0.08774038461538461
0 0.16826923076923078 0.734375 0.03485576923076923 0.07211538461538461
0 0.6298076923076923 0.6153846153846154 0.037259615384615384 0.10216346153846154
0 0.4254807692307692 0.8365384615384616 0.04326923076923077 0.05048076923076923
0 0.23677884615384615 0.33653846153846156 0.02283653846153846 0.09014423076923077
0 0.03245192307692308 0.32572115384615385 0.015625 0.08173076923076923
0 0.010817307692307692 0.32211538461538464 0.020432692307692308 0.0829326923076923
0 0.07692307692307693 0.33052884615384615 0.016826923076923076 0.07451923076923077
0 0.10096153846153846 0.3329326923076923 0.02403846153846154 0.07692307692307693
0 0.12620192307692307 0.3329326923076923 0.02283653846153846 0.07932692307692307
0 0.055288461538461536 0.328125 0.02283653846153846 0.08052884615384616
0 0.15144230769230768 0.33413461538461536 0.02403846153846154 0.08052884615384616
0 0.6778846153846154 0.6298076923076923 0.04567307692307692 0.10216346153846154
0 0.01201923076923077 0.5793269230769231 0.02403846153846154 0.019230769230769232
0 0.014423076923076924 0.5576923076923077 0.028846153846153848 0.013221153846153846
0 0.2644230769230769 0.3389423076923077 0.026442307692307692 0.09134615384615384
0 0.20673076923076922 0.33533653846153844 0.02403846153846154 0.09134615384615384