0 0.21514423076923078 0.46033653846153844 0.04807692307692308 0.042067307692307696
0 0.7331730769230769 0.5180288461538461 0.027644230769230768 0.021634615384615384
0 0.32211538461538464 0.43990384615384615 0.04807692307692308 0.042067307692307696
0 0.3737980769230769 0.4362980769230769 0.04567307692307692 0.037259615384615384
0 0.05048076923076923 0.21995192307692307 0.06850961538461539 0.06129807692307692
0 0.4543269230769231 0.41225961538461536 0.036057692307692304 0.03365384615384615
0 0.15384615384615385 0.46875 0.06370192307692307 0.04807692307692308
0 0.3713942307692308 0.6971153846153846 0.03125 0.030048076923076924
0 0.4519230769230769 0.5516826923076923 0.03125 0.037259615384615384
0 0.41586538461538464 0.6045673076923077 0.038461538461538464 0.03245192307692308
0 0.453125 0.5913461538461539 0.030048076923076924 0.03365384615384615
0 0.49278846153846156 0.4074519230769231 0.03245192307692308 0.03245192307692308
0 0.41586538461538464 0.6442307692307693 0.038461538461538464 0.03485576923076923
0 0.4495192307692308 0.6298076923076923 0.030048076923076924 0.03365384615384615
0 0.4170673076923077 0.5649038461538461 0.039663461538461536 0.03485576923076923
0 0.11658653846153846 0.22235576923076922 0.06490384615384616 0.056490384615384616
0 0.15985576923076922 0.6382211538461539 0.057692307692307696 0.04326923076923077
0 0.47836538461538464 0.22956730769230768 0.025240384615384616 0.042067307692307696
0 0.22956730769230768 0.6682692307692307 0.056490384615384616 0.038461538461538464
0 0.2764423076923077 0.6478365384615384 0.039663461538461536 0.039663461538461536
0 0.234375 0.7175480769230769 0.051682692307692304 0.030048076923076924
0 0.23557692307692307 0.7584134615384616 0.054086538461538464 0.04447115384615385
0 0.2848557692307692 0.6899038461538461 0.04927884615384615 0.03365384615384615
0 0.2860576923076923 0.734375 0.036057692307692304 0.042067307692307696
0 0.5096153846153846 0.2283653846153846 0.03485576923076923 0.039663461538461536
0 0.3329326923076923 0.6298076923076923 0.046875 0.037259615384615384
0 0.3317307692307692 0.6742788461538461 0.040865384615384616 0.030048076923076924
0 0.36899038461538464 0.6622596153846154 0.038461538461538464 0.026442307692307692
0 0.33413461538461536 0.7175480769230769 0.04567307692307692 0.037259615384615384
0 0.35216346153846156 0.22596153846153846 0.04927884615384615 0.05048076923076923
0 0.39903846153846156 0.2283653846153846 0.040865384615384616 0.046875
0 0.4423076923076923 0.2283653846153846 0.04326923076923077 0.04326923076923077
0 0.37740384615384615 0.6153846153846154 0.039663461538461536 0.03485576923076923
0 0.5096153846153846 0.18269230769230768 0.037259615384615384 0.04567307692307692
0 0.7307692307692307 0.5444711538461539 0.027644230769230768 0.02283653846153846
0 0.40865384615384615 0.6838942307692307 0.039663461538461536 0.037259615384615384
0 0.06009615384615385 0.5661057692307693 0.06850961538461539 0.036057692307692304
0 0.078125 0.6081730769230769 0.06971153846153846 0.040865384615384616
0 0.021634615384615384 0.6225961538461539 0.04326923076923077 0.037259615384615384
0 0.0889423076923077 0.6490384615384616 0.07091346153846154 0.03365384615384615
0 0.026442307692307692 0.6682692307692307 0.052884615384615384 0.040865384615384616
0 0.10216346153846154 0.6887019230769231 0.06370192307692307 0.040865384615384616
0 0.03365384615384615 0.7127403846153846 0.06610576923076923 0.040865384615384616
0 0.11538461538461539 0.7295673076923077 0.07091346153846154 0.036057692307692304
0 0.04927884615384615 0.7548076923076923 0.06490384615384616 0.042067307692307696
0 0.18990384615384615 0.7752403846153846 0.03125 0.040865384615384616
0 0.125 0.7716346153846154 0.07091346153846154 0.040865384615384616
0 0.13942307692307693 0.8112980769230769 0.0625 0.03365384615384615
0 0.07451923076923077 0.8389423076923077 0.0733173076923077 0.038461538461538464
0 0.7475961538461539 0.4362980769230769 0.028846153846153848 0.027644230769230768
0 0.6850961538461539 0.4483173076923077 0.054086538461538464 0.026442307692307692
0 0.6995192307692307 0.47596153846153844 0.030048076923076924 0.025240384615384616
0 0.6610576923076923 0.4879807692307692 0.039663461538461536 0.03245192307692308
0 0.6177884615384616 0.5036057692307693 0.042067307692307696 0.037259615384615384
0 0.09254807692307693 0.8810096153846154 0.06971153846153846 0.03485576923076923
0 0.15625 0.8497596153846154 0.06129807692307692 0.03365384615384615
0 0.0625 0.796875 0.052884615384615384 0.038461538461538464
0 0.44591346153846156 0.27403846153846156 0.038461538461538464 0.04326923076923077
0 0.30408653846153844 0.2764423076923077 0.051682692307692304 0.04927884615384615
0 0.2512019230769231 0.2764423076923077 0.046875 0.052884615384615384
0 0.46033653846153844 0.3737980769230769 0.037259615384615384 0.03365384615384615
0 0.47836538461538464 0.27283653846153844 0.025240384615384616 0.042067307692307696
0 0.5096153846153846 0.3137019230769231 0.03485576923076923 0.040865384615384616
0 0.4795673076923077 0.3161057692307692 0.025240384615384616 0.042067307692307696
0 0.4483173076923077 0.32091346153846156 0.037259615384615384 0.040865384615384616
0 0.3581730769230769 0.3918269230769231 0.04807692307692308 0.04927884615384615
0 0.25841346153846156 0.40024038461538464 0.052884615384615384 0.04447115384615385
0 0.20432692307692307 0.4098557692307692 0.052884615384615384 0.051682692307692304
0 0.14182692307692307 0.41466346153846156 0.07091346153846154 0.04447115384615385
0 0.13581730769230768 0.3425480769230769 0.055288461538461536 0.0625
0 0.07211538461538461 0.34375 0.06370192307692307 0.06129807692307692
0 0.057692307692307696 0.2824519230769231 0.057692307692307696 0.056490384615384616
0 0.40625 0.3233173076923077 0.039663461538461536 0.04447115384615385
0 0.36177884615384615 0.328125 0.04567307692307692 0.046875
0 0.3581730769230769 0.2776442307692308 0.04807692307692308 0.04807692307692308
0 0.4050480769230769 0.2776442307692308 0.038461538461538464 0.046875
0 0.12379807692307693 0.28125 0.06971153846153846 0.055288461538461536
0 0.3088942307692308 0.3293269230769231 0.054086538461538464 0.04927884615384615
0 0.25841346153846156 0.3329326923076923 0.04927884615384615 0.056490384615384616
0 0.20192307692307693 0.33413461538461536 0.0625 0.051682692307692304
0 0.1971153846153846 0.27884615384615385 0.057692307692307696 0.052884615384615384
0 0.49399038461538464 0.3701923076923077 0.028846153846153848 0.039663461538461536
0 0.4495192307692308 0.6658653846153846 0.030048076923076924 0.036057692307692304
0 0.2704326923076923 0.4495192307692308 0.051682692307692304 0.04567307692307692
0 0.1658653846153846 0.6887019230769231 0.05048076923076923 0.03485576923076923
0 0.7355769230769231 0.4675480769230769 0.038461538461538464 0.021634615384615384
0 0.6033653846153846 0.5661057692307693 0.056490384615384616 0.025240384615384616
0 0.18269230769230768 0.7307692307692307 0.040865384615384616 0.04927884615384615
0 0.46875 0.18389423076923078 0.039663461538461536 0.04447115384615385
0 0.6983173076923077 0.53125 0.03485576923076923 0.025240384615384616
0 0.4795673076923077 0.6502403846153846 0.028846153846153848 0.03365384615384615
0 0.7331730769230769 0.49158653846153844 0.03245192307692308 0.021634615384615384
0 0.6129807692307693 0.5360576923076923 0.046875 0.02403846153846154
0 0.6598557692307693 0.5180288461538461 0.039663461538461536 0.019230769230769232
0 0.6995192307692307 0.5048076923076923 0.038461538461538464 0.025240384615384616
0 0.6069711538461539 0.5961538461538461 0.04567307692307692 0.030048076923076924
0 0.6574519230769231 0.5492788461538461 0.04326923076923077 0.025240384615384616
0 0.6526442307692307 0.5793269230769231 0.04326923076923077 0.030048076923076924
0 0.5096153846153846 0.53125 0.027644230769230768 0.03245192307692308
0 0.5072115384615384 0.2704326923076923 0.03125 0.042067307692307696
0 0.4795673076923077 0.5757211538461539 0.02403846153846154 0.03125
0 0.5084134615384616 0.5673076923076923 0.027644230769230768 0.028846153846153848
0 0.5084134615384616 0.5997596153846154 0.025240384615384616 0.027644230769230768
0 0.5504807692307693 0.5817307692307693 0.052884615384615384 0.036057692307692304
0 0.48197115384615385 0.6129807692307693 0.025240384615384616 0.03245192307692308
0 0.5108173076923077 0.6382211538461539 0.025240384615384616 0.036057692307692304
0 0.6983173076923077 0.5600961538461539 0.038461538461538464 0.025240384615384616
0 0.5528846153846154 0.6177884615384616 0.04927884615384615 0.030048076923076924
0 0.4807692307692308 0.5396634615384616 0.026442307692307692 0.03365384615384615