0 0.22596153846153846 0.7127403846153846 0.02403846153846154 0.038461538461538464
0 0.2512019230769231 0.7151442307692307 0.02403846153846154 0.038461538461538464
0 0.14783653846153846 0.6670673076923077 0.016826923076923076 0.014423076923076924
0 0.17067307692307693 0.6694711538461539 0.016826923076923076 0.014423076923076924
0 0.19230769230769232 0.6742788461538461 0.016826923076923076 0.014423076923076924
0 0.21754807692307693 0.6778846153846154 0.016826923076923076 0.014423076923076924
0 0.2800480769230769 0.7151442307692307 0.025240384615384616 0.052884615384615384
0 0.3076923076923077 0.7199519230769231 0.025240384615384616 0.05048076923076923
0 0.375 0.71875 0.016826923076923076 0.054086538461538464
0 0.39783653846153844 0.7319711538461539 0.02403846153846154 0.052884615384615384
0 0.42427884615384615 0.734375 0.026442307692307692 0.054086538461538464
0 0.453125 0.7379807692307693 0.026442307692307692 0.054086538461538464
0 0.2403846153846154 0.6814903846153846 0.016826923076923076 0.014423076923076924
0 0.34975961538461536 0.7151442307692307 0.026442307692307692 0.051682692307692304
0 0.030048076923076924 0.12980769230769232 0.027644230769230768 0.07211538461538461
0 0.4831730769230769 0.7415865384615384 0.027644230769230768 0.055288461538461536
0 0.5120192307692307 0.7451923076923077 0.028846153846153848 0.057692307692307696
0 0.5456730769230769 0.75 0.03245192307692308 0.05889423076923077
0 0.578125 0.7536057692307693 0.03245192307692308 0.05889423076923077
0 0.6117788461538461 0.7548076923076923 0.03245192307692308 0.05889423076923077
0 0.6466346153846154 0.7608173076923077 0.03365384615384615 0.06009615384615385
0 0.7067307692307693 0.7355769230769231 0.042067307692307696 0.03125
0 0.6935096153846154 0.7788461538461539 0.054086538461538464 0.036057692307692304
0 0.7596153846153846 0.7355769230769231 0.056490384615384616 0.021634615384615384
0 0.7560096153846154 0.7776442307692307 0.0625 0.052884615384615384
0 0.8100961538461539 0.7403846153846154 0.042067307692307696 0.026442307692307692
0 0.8161057692307693 0.7872596153846154 0.056490384615384616 0.05889423076923077
0 0.8786057692307693 0.7848557692307693 0.056490384615384616 0.08533653846153846
0 0.9471153846153846 0.7956730769230769 0.07572115384615384 0.09014423076923077
0 0.19951923076923078 0.7079326923076923 0.02403846153846154 0.04326923076923077
0 0.17548076923076922 0.7043269230769231 0.02283653846153846 0.04447115384615385
0 0.15144230769230768 0.7007211538461539 0.02283653846153846 0.04447115384615385
0 0.12980769230769232 0.6935096153846154 0.020432692307692308 0.04326923076923077
0 0.3870192307692308 0.3918269230769231 0.026442307692307692 0.039663461538461536
0 0.4182692307692308 0.3918269230769231 0.030048076923076924 0.039663461538461536
0 0.4495192307692308 0.39302884615384615 0.027644230769230768 0.039663461538461536
0 0.48197115384615385 0.3942307692307692 0.03245192307692308 0.037259615384615384
0 0.5168269230769231 0.38341346153846156 0.030048076923076924 0.05889423076923077
0 0.5540865384615384 0.3942307692307692 0.03365384615384615 0.040865384615384616
0 0.5889423076923077 0.38461538461538464 0.03245192307692308 0.06129807692307692
0 0.6225961538461539 0.3954326923076923 0.026442307692307692 0.039663461538461536
0 0.6550480769230769 0.390625 0.03365384615384615 0.052884615384615384
0 0.6983173076923077 0.3918269230769231 0.04326923076923077 0.04807692307692308
0 0.7560096153846154 0.3641826923076923 0.04807692307692308 0.027644230769230768
0 0.7391826923076923 0.40024038461538464 0.036057692307692304 0.038461538461538464
0 0.7752403846153846 0.3894230769230769 0.02283653846153846 0.019230769230769232
0 0.7728365384615384 0.4110576923076923 0.025240384615384616 0.021634615384615384
0 0.7992788461538461 0.41225961538461536 0.025240384615384616 0.021634615384615384
0 0.3581730769230769 0.3942307692307692 0.025240384615384616 0.03365384615384615
0 0.8425480769230769 0.3870192307692308 0.04567307692307692 0.06490384615384616
0 0.33052884615384615 0.38822115384615385 0.027644230769230768 0.038461538461538464
0 0.2764423076923077 0.3894230769230769 0.025240384615384616 0.03485576923076923
0 0.9278846153846154 0.3137019230769231 0.019230769230769232 0.03365384615384615
0 0.9459134615384616 0.3161057692307692 0.014423076923076924 0.026442307692307692
0 0.9627403846153846 0.3161057692307692 0.016826923076923076 0.026442307692307692
0 0.984375 0.3161057692307692 0.018028846153846152 0.026442307692307692
0 0.007211538461538462 0.3858173076923077 0.014423076923076924 0.03125
0 0.02283653846153846 0.38461538461538464 0.020432692307692308 0.03485576923076923
0 0.04567307692307692 0.38461538461538464 0.021634615384615384 0.036057692307692304
0 0.06850961538461539 0.38100961538461536 0.018028846153846152 0.04447115384615385
0 0.09014423076923077 0.38822115384615385 0.018028846153846152 0.030048076923076924
0 0.11177884615384616 0.38461538461538464 0.02283653846153846 0.036057692307692304
0 0.14182692307692307 0.38461538461538464 0.026442307692307692 0.038461538461538464
0 0.17067307692307693 0.3858173076923077 0.027644230769230768 0.037259615384615384
0 0.19951923076923078 0.390625 0.02403846153846154 0.026442307692307692
0 0.2247596153846154 0.38100961538461536 0.025240384615384616 0.04927884615384615
0 0.2512019230769231 0.3918269230769231 0.02283653846153846 0.03125
0 0.30288461538461536 0.390625 0.02403846153846154 0.03365384615384615
0 0.9074519230769231 0.3137019230769231 0.018028846153846152 0.03245192307692308
0 0.8942307692307693 0.36778846153846156 0.038461538461538464 0.03485576923076923
0 0.9278846153846154 0.3918269230769231 0.025240384615384616 0.02403846153846154
0 0.019230769230769232 0.5348557692307693 0.027644230769230768 0.006009615384615385
0 0.018028846153846152 0.5432692307692307 0.027644230769230768 0.006009615384615385
0 0.016826923076923076 0.5492788461538461 0.027644230769230768 0.006009615384615385
0 0.19110576923076922 0.5360576923076923 0.03365384615384615 0.06129807692307692
0 0.234375 0.5456730769230769 0.030048076923076924 0.040865384615384616
0 0.27163461538461536 0.5456730769230769 0.025240384615384616 0.054086538461538464
0 0.3016826923076923 0.5456730769230769 0.03245192307692308 0.06129807692307692
0 0.3485576923076923 0.5492788461538461 0.036057692307692304 0.05889423076923077
0 0.3918269230769231 0.5408653846153846 0.03485576923076923 0.04927884615384615
0 0.42788461538461536 0.5480769230769231 0.03245192307692308 0.07091346153846154
0 0.4651442307692308 0.5480769230769231 0.030048076923076924 0.07572115384615384
0 0.5108173076923077 0.5516826923076923 0.03365384615384615 0.0673076923076923
0 0.5985576923076923 0.5612980769230769 0.042067307692307696 0.0889423076923077
0 0.6490384615384616 0.5625 0.04807692307692308 0.08653846153846154
0 0.7055288461538461 0.5853365384615384 0.057692307692307696 0.057692307692307696
0 0.018028846153846152 0.5288461538461539 0.027644230769230768 0.006009615384615385
0 0.8882211538461539 0.40625 0.039663461538461536 0.037259615384615384
0 0.014423076923076924 0.5204326923076923 0.027644230769230768 0.007211538461538462
0 0.9459134615384616 0.5048076923076923 0.02403846153846154 0.019230769230769232
0 0.9555288461538461 0.3918269230769231 0.025240384615384616 0.02403846153846154
0 0.9242788461538461 0.41466346153846156 0.02283653846153846 0.019230769230769232
0 0.9543269230769231 0.41586538461538464 0.026442307692307692 0.020432692307692308
0 0.9855769230769231 0.38822115384615385 0.027644230769230768 0.06850961538461539
0 0.6947115384615384 0.4699519230769231 0.04326923076923077 0.05889423076923077
0 0.7355769230769231 0.4855769230769231 0.036057692307692304 0.03365384615384615
0 0.7692307692307693 0.49399038461538464 0.026442307692307692 0.025240384615384616
0 0.796875 0.4735576923076923 0.021634615384615384 0.02283653846153846
0 0.7956730769230769 0.4963942307692308 0.02283653846153846 0.020432692307692308
0 0.8329326923076923 0.47475961538461536 0.04567307692307692 0.06370192307692307
0 0.8822115384615384 0.4579326923076923 0.04326923076923077 0.03485576923076923
0 0.8822115384615384 0.49399038461538464 0.04326923076923077 0.03365384615384615
0 0.9206730769230769 0.48197115384615385 0.021634615384615384 0.02403846153846154
0 0.9471153846153846 0.4831730769230769 0.026442307692307692 0.021634615384615384
0 0.9206730769230769 0.5048076923076923 0.02403846153846154 0.019230769230769232
0 0.9819711538461539 0.4807692307692308 0.03125 0.07211538461538461
0 0.7728365384615384 0.5853365384615384 0.054086538461538464 0.06850961538461539
0 0.8870192307692307 0.3161057692307692 0.019230769230769232 0.027644230769230768
0 0.8485576923076923 0.3125 0.015625 0.028846153846153848
0 0.07932692307692307 0.22956730769230768 0.021634615384615384 0.036057692307692304
0 0.1201923076923077 0.2283653846153846 0.04807692307692308 0.03245192307692308
0 0.1622596153846154 0.23317307692307693 0.030048076923076924 0.026442307692307692
0 0.18629807692307693 0.23197115384615385 0.015625 0.026442307692307692
0 0.20673076923076922 0.2283653846153846 0.020432692307692308 0.03245192307692308
0 0.23076923076923078 0.2247596153846154 0.021634615384615384 0.038461538461538464
0 0.2536057692307692 0.2247596153846154 0.021634615384615384 0.038461538461538464
0 0.2848557692307692 0.22716346153846154 0.026442307692307692 0.02283653846153846
0 0.3137019230769231 0.2247596153846154 0.019230769230769232 0.03245192307692308
0 0.33533653846153844 0.22355769230769232 0.020432692307692308 0.03245192307692308
0 0.359375 0.21875 0.025240384615384616 0.037259615384615384
0 0.390625 0.2247596153846154 0.030048076923076924 0.028846153846153848
0 0.4206730769230769 0.21995192307692307 0.025240384615384616 0.037259615384615384
0 0.44711538461538464 0.21875 0.02403846153846154 0.036057692307692304
0 0.47596153846153844 0.21394230769230768 0.03125 0.042067307692307696
0 0.056490384615384616 0.23197115384615385 0.016826923076923076 0.03365384615384615
0 0.5240384615384616 0.2091346153846154 0.057692307692307696 0.04567307692307692
0 0.03245192307692308 0.23557692307692307 0.02283653846153846 0.028846153846153848
0 0.6742788461538461 0.06610576923076923 0.037259615384615384 0.09735576923076923
0 0.06009615384615385 0.11298076923076923 0.027644230769230768 0.09735576923076923
0 0.109375 0.1346153846153846 0.057692307692307696 0.04567307692307692
0 0.15504807692307693 0.13581730769230768 0.028846153846153848 0.037259615384615384
0 0.18389423076923078 0.12379807692307693 0.026442307692307692 0.056490384615384616
0 0.21394230769230768 0.11057692307692307 0.028846153846153848 0.07692307692307693
0 0.24519230769230768 0.10697115384615384 0.028846153846153848 0.08413461538461539
0 0.28125 0.125 0.03245192307692308 0.042067307692307696
0 0.3161057692307692 0.109375 0.03125 0.06850961538461539
0 0.3485576923076923 0.0985576923076923 0.028846153846153848 0.08533653846153846
0 0.38221153846153844 0.11658653846153846 0.03245192307692308 0.042067307692307696
0 0.41947115384615385 0.10576923076923077 0.040865384615384616 0.06971153846153846
0 0.4651442307692308 0.09254807692307693 0.021634615384615384 0.0829326923076923
0 0.5264423076923077 0.09375 0.08052884615384616 0.06370192307692307
0 0.5877403846153846 0.09975961538461539 0.03365384615384615 0.042067307692307696
0 0.6298076923076923 0.0829326923076923 0.04447115384615385 0.07451923076923077
0 0.009615384615384616 0.23677884615384615 0.019230769230769232 0.026442307692307692
0 0.8677884615384616 0.32091346153846156 0.016826923076923076 0.018028846153846152
0 0.5721153846153846 0.21634615384615385 0.03245192307692308 0.028846153846153848
0 0.6382211538461539 0.20673076923076922 0.026442307692307692 0.04326923076923077
0 0.24158653846153846 0.3004807692307692 0.0625 0.055288461538461536
0 0.2980769230769231 0.2860576923076923 0.046875 0.06129807692307692
0 0.3858173076923077 0.29927884615384615 0.06850961538461539 0.057692307692307696
0 0.46875 0.29927884615384615 0.08173076923076923 0.06009615384615385
0 0.5564903846153846 0.2980769230769231 0.08653846153846154 0.06129807692307692
0 0.6430288461538461 0.2956730769230769 0.08052884615384616 0.06129807692307692
0 0.6935096153846154 0.31490384615384615 0.015625 0.03245192307692308
0 0.7103365384615384 0.31490384615384615 0.015625 0.03245192307692308
0 0.7259615384615384 0.3137019230769231 0.015625 0.030048076923076924
0 0.7427884615384616 0.31490384615384615 0.015625 0.030048076923076924
0 0.7620192307692307 0.31490384615384615 0.014423076923076924 0.028846153846153848
0 0.7788461538461539 0.31490384615384615 0.014423076923076924 0.028846153846153848
0 0.7956730769230769 0.31490384615384615 0.015625 0.028846153846153848
0 0.8137019230769231 0.3137019230769231 0.015625 0.028846153846153848
0 0.8317307692307693 0.3137019230769231 0.015625 0.028846153846153848
0 0.1814903846153846 0.30528846153846156 0.057692307692307696 0.04807692307692308
0 0.6117788461538461 0.2127403846153846 0.02283653846153846 0.030048076923076924
0 0.12139423076923077 0.30649038461538464 0.056490384615384616 0.051682692307692304
0 0.01201923076923077 0.30528846153846156 0.02283653846153846 0.04927884615384615
0 0.671875 0.20552884615384615 0.03245192307692308 0.046875
0 0.7740384615384616 0.052884615384615384 0.039663461538461536 0.09975961538461539
0 0.8233173076923077 0.052884615384615384 0.04326923076923077 0.10216346153846154
0 0.8762019230769231 0.051682692307692304 0.051682692307692304 0.10216346153846154
0 0.9242788461538461 0.05048076923076923 0.04326923076923077 0.09975961538461539
0 0.9783653846153846 0.05048076923076923 0.042067307692307696 0.10096153846153846
0 0.734375 0.23798076923076922 0.02403846153846154 0.11177884615384616
0 0.7620192307692307 0.234375 0.027644230769230768 0.11177884615384616
0 0.7944711538461539 0.23317307692307693 0.030048076923076924 0.1141826923076923
0 0.8257211538461539 0.23197115384615385 0.028846153846153848 0.11298076923076923
0 0.8569711538461539 0.22956730769230768 0.03245192307692308 0.11538461538461539
0 0.8930288461538461 0.2283653846153846 0.030048076923076924 0.11899038461538461
0 0.9254807692307693 0.2283653846153846 0.03125 0.11899038461538461
0 0.9603365384615384 0.22956730769230768 0.03245192307692308 0.1201923076923077
0 0.9879807692307693 0.2283653846153846 0.02283653846153846 0.11899038461538461
0 0.057692307692307696 0.30288461538461536 0.052884615384615384 0.04927884615384615
0 0.8353365384615384 0.5961538461538461 0.057692307692307696 0.06490384615384616
0 0.9038461538461539 0.5925480769230769 0.06370192307692307 0.07211538461538461
0 0.9675480769230769 0.5997596153846154 0.0625 0.07211538461538461
0 0.12620192307692307 0.5576923076923077 0.009615384615384616 0.007211538461538462
0 0.13822115384615385 0.5588942307692307 0.008413461538461538 0.008413461538461538
0 0.13942307692307693 0.5408653846153846 0.009615384615384616 0.007211538461538462
0 0.13581730769230768 0.5492788461538461 0.009615384615384616 0.007211538461538462
0 0.14903846153846154 0.5492788461538461 0.010817307692307692 0.007211538461538462
0 0.16466346153846154 0.5492788461538461 0.009615384615384616 0.007211538461538462
0 0.15504807692307693 0.5588942307692307 0.013221153846153846 0.007211538461538462
0 0.16466346153846154 0.5408653846153846 0.009615384615384616 0.007211538461538462
0 0.15625 0.5324519230769231 0.009615384615384616 0.008413461538461538
0 0.16826923076923078 0.5324519230769231 0.008413461538461538 0.006009615384615385
0 0.6694711538461539 0.6574519230769231 0.020432692307692308 0.03245192307692308
0 0.8822115384615384 0.6598557692307693 0.015625 0.009615384615384616
0 0.9026442307692307 0.6622596153846154 0.014423076923076924 0.009615384615384616
0 0.921875 0.6634615384615384 0.014423076923076924 0.009615384615384616
0 0.8810096153846154 0.671875 0.016826923076923076 0.009615384615384616
0 0.12259615384615384 0.546875 0.010817307692307692 0.007211538461538462
0 0.9014423076923077 0.6730769230769231 0.014423076923076924 0.008413461538461538
0 0.12620192307692307 0.5384615384615384 0.010817307692307692 0.007211538461538462
0 0.0985576923076923 0.5552884615384616 0.008413461538461538 0.006009615384615385
0 0.08052884615384616 0.4651442307692308 0.05048076923076923 0.016826923076923076
0 0.14182692307692307 0.46875 0.0673076923076923 0.018028846153846152
0 0.22596153846153846 0.4723557692307692 0.0985576923076923 0.021634615384615384
0 0.3545673076923077 0.4735576923076923 0.0889423076923077 0.03245192307692308
0 0.4206730769230769 0.47596153846153844 0.037259615384615384 0.03125
0 0.46153846153846156 0.4831730769230769 0.03485576923076923 0.025240384615384616
0 0.5108173076923077 0.48197115384615385 0.03485576923076923 0.03245192307692308
0 0.6021634615384616 0.4675480769230769 0.13221153846153846 0.06129807692307692
0 0.07211538461538461 0.515625 0.046875 0.030048076923076924
0 0.07451923076923077 0.5396634615384616 0.014423076923076924 0.006009615384615385
0 0.09014423076923077 0.5396634615384616 0.013221153846153846 0.006009615384615385
0 0.0733173076923077 0.546875 0.010817307692307692 0.006009615384615385
0 0.08533653846153846 0.5480769230769231 0.008413461538461538 0.006009615384615385
0 0.09735576923076923 0.5480769230769231 0.009615384615384616 0.007211538461538462
0 0.11177884615384616 0.5480769230769231 0.008413461538461538 0.008413461538461538
0 0.109375 0.5564903846153846 0.008413461538461538 0.006009615384615385
0 0.037259615384615384 0.46274038461538464 0.02283653846153846 0.01201923076923077
0 0.9206730769230769 0.6742788461538461 0.014423076923076924 0.007211538461538462
0 0.8990384615384616 0.6838942307692307 0.014423076923076924 0.009615384615384616
0 0.9915865384615384 0.6935096153846154 0.01201923076923077 0.016826923076923076
0 0.9903846153846154 0.7103365384615384 0.014423076923076924 0.016826923076923076
0 0.9891826923076923 0.7247596153846154 0.016826923076923076 0.016826923076923076
0 0.16826923076923078 0.5913461538461539 0.016826923076923076 0.013221153846153846
0 0.18629807692307693 0.59375 0.016826923076923076 0.013221153846153846
0 0.20432692307692307 0.5961538461538461 0.015625 0.013221153846153846
0 0.22355769230769232 0.5997596153846154 0.015625 0.013221153846153846
0 0.24158653846153846 0.6021634615384616 0.015625 0.013221153846153846
0 0.014423076923076924 0.640625 0.028846153846153848 0.03125
0 0.009615384615384616 0.6790865384615384 0.019230769230769232 0.03125
0 0.028846153846153848 0.6802884615384616 0.014423076923076924 0.030048076923076924
0 0.04326923076923077 0.6862980769230769 0.010817307692307692 0.027644230769230768
0 0.05889423076923077 0.6814903846153846 0.016826923076923076 0.046875
0 0.08173076923076923 0.6850961538461539 0.020432692307692308 0.046875
0 0.10576923076923077 0.6887019230769231 0.02403846153846154 0.046875
0 0.9927884615384616 0.6778846153846154 0.01201923076923077 0.014423076923076924
0 0.8786057692307693 0.6814903846153846 0.014423076923076924 0.009615384615384616
0 0.9927884615384616 0.6634615384615384 0.009615384615384616 0.014423076923076924
0 0.9675480769230769 0.7055288461538461 0.019230769230769232 0.01201923076923077
0 0.9206730769230769 0.6862980769230769 0.016826923076923076 0.009615384615384616
0 0.8786057692307693 0.6935096153846154 0.014423076923076924 0.009615384615384616
0 0.8978365384615384 0.6959134615384616 0.014423076923076924 0.009615384615384616
0 0.9170673076923077 0.6983173076923077 0.014423076923076924 0.009615384615384616
0 0.8762019230769231 0.7079326923076923 0.015625 0.016826923076923076
0 0.8954326923076923 0.7103365384615384 0.016826923076923076 0.016826923076923076
0 0.9146634615384616 0.7127403846153846 0.016826923076923076 0.016826923076923076
0 0.953125 0.6574519230769231 0.019230769230769232 0.01201923076923077
0 0.9507211538461539 0.6730769230769231 0.019230769230769232 0.01201923076923077
0 0.9495192307692307 0.6875 0.019230769230769232 0.01201923076923077
0 0.9459134615384616 0.703125 0.019230769230769232 0.01201923076923077
0 0.9435096153846154 0.71875 0.02283653846153846 0.013221153846153846
0 0.9747596153846154 0.6598557692307693 0.019230769230769232 0.01201923076923077
0 0.9735576923076923 0.6754807692307693 0.019230769230769232 0.01201923076923077
0 0.9699519230769231 0.6923076923076923 0.019230769230769232 0.01201923076923077
0 0.96875 0.7223557692307693 0.021634615384615384 0.01201923076923077
0 0.02283653846153846 0.4423076923076923 0.042067307692307696 0.020432692307692308
0 0.8076923076923077 0.6971153846153846 0.015625 0.013221153846153846
0 0.8293269230769231 0.6995192307692307 0.015625 0.013221153846153846
0 0.3786057692307692 0.6418269230769231 0.019230769230769232 0.036057692307692304
0 0.4014423076923077 0.6442307692307693 0.02283653846153846 0.036057692307692304
0 0.4266826923076923 0.6478365384615384 0.02283653846153846 0.036057692307692304
0 0.45072115384615385 0.6514423076923077 0.021634615384615384 0.036057692307692304
0 0.4735576923076923 0.6538461538461539 0.02283653846153846 0.036057692307692304
0 0.4987980769230769 0.65625 0.02283653846153846 0.036057692307692304
0 0.5240384615384616 0.6586538461538461 0.02283653846153846 0.036057692307692304
0 0.5480769230769231 0.6610576923076923 0.02403846153846154 0.036057692307692304
0 0.578125 0.6646634615384616 0.025240384615384616 0.039663461538461536
0 0.6057692307692307 0.6658653846153846 0.025240384615384616 0.042067307692307696
0 0.6394230769230769 0.6622596153846154 0.027644230769230768 0.039663461538461536
0 0.7007211538461539 0.6346153846153846 0.016826923076923076 0.010817307692307692
0 0.71875 0.6370192307692307 0.016826923076923076 0.010817307692307692
0 0.7379807692307693 0.6394230769230769 0.016826923076923076 0.010817307692307692
0 0.6959134615384616 0.6466346153846154 0.016826923076923076 0.010817307692307692
0 0.35697115384615385 0.640625 0.021634615384615384 0.03365384615384615
0 0.7139423076923077 0.6490384615384616 0.016826923076923076 0.010817307692307692
0 0.3329326923076923 0.6370192307692307 0.021634615384615384 0.03365384615384615
0 0.28846153846153844 0.6322115384615384 0.020432692307692308 0.03365384615384615
0 0.009615384615384616 0.5853365384615384 0.019230769230769232 0.026442307692307692
0 0.009615384615384616 0.609375 0.019230769230769232 0.016826923076923076
0 0.027644230769230768 0.5865384615384616 0.021634615384615384 0.021634615384615384
0 0.03125 0.609375 0.018028846153846152 0.018028846153846152
0 0.05048076923076923 0.6057692307692307 0.018028846153846152 0.030048076923076924
0 0.0673076923076923 0.6069711538461539 0.013221153846153846 0.03125
0 0.0829326923076923 0.609375 0.015625 0.03245192307692308
0 0.10576923076923077 0.6105769230769231 0.02283653846153846 0.03485576923076923
0 0.1466346153846154 0.6141826923076923 0.014423076923076924 0.03245192307692308
0 0.1658653846153846 0.6189903846153846 0.018028846153846152 0.030048076923076924
0 0.18629807692307693 0.6213942307692307 0.018028846153846152 0.030048076923076924
0 0.20673076923076922 0.6225961538461539 0.018028846153846152 0.03125
0 0.22596153846153846 0.625 0.016826923076923076 0.03125
0 0.24519230769230768 0.6274038461538461 0.018028846153846152 0.030048076923076924
0 0.2668269230769231 0.6298076923076923 0.020432692307692308 0.03365384615384615
0 0.31009615384615385 0.6346153846153846 0.020432692307692308 0.03365384615384615
0 0.7331730769230769 0.6502403846153846 0.016826923076923076 0.010817307692307692
0 0.7319711538461539 0.6622596153846154 0.016826923076923076 0.010817307692307692
0 0.7115384615384616 0.6610576923076923 0.018028846153846152 0.009615384615384616
0 0.7920673076923077 0.6802884615384616 0.015625 0.008413461538461538
0 0.7704326923076923 0.6778846153846154 0.015625 0.008413461538461538
0 0.8149038461538461 0.6430288461538461 0.015625 0.007211538461538462
0 0.8365384615384616 0.6442307692307693 0.015625 0.007211538461538462
0 0.8545673076923077 0.6454326923076923 0.015625 0.007211538461538462
0 0.8137019230769231 0.6538461538461539 0.015625 0.013221153846153846
0 0.8329326923076923 0.6550480769230769 0.015625 0.013221153846153846
0 0.8533653846153846 0.6574519230769231 0.015625 0.013221153846153846
0 0.8125 0.6682692307692307 0.015625 0.013221153846153846
0 0.8329326923076923 0.6706730769230769 0.015625 0.013221153846153846
0 0.8521634615384616 0.6730769230769231 0.015625 0.013221153846153846
0 0.8112980769230769 0.6826923076923077 0.015625 0.013221153846153846
0 0.8305288461538461 0.6850961538461539 0.015625 0.013221153846153846
0 0.8509615384615384 0.6862980769230769 0.015625 0.013221153846153846
0 0.8521634615384616 0.7007211538461539 0.015625 0.013221153846153846
0 0.7524038461538461 0.6766826923076923 0.015625 0.008413461538461538
0 0.7860576923076923 0.6911057692307693 0.015625 0.008413461538461538
0 0.7680288461538461 0.6899038461538461 0.015625 0.008413461538461538
0 0.7463942307692307 0.6850961538461539 0.015625 0.008413461538461538
0 0.6935096153846154 0.6586538461538461 0.016826923076923076 0.010817307692307692
0 0.6887019230769231 0.6706730769230769 0.016826923076923076 0.009615384615384616
0 0.7091346153846154 0.671875 0.016826923076923076 0.009615384615384616
0 0.7271634615384616 0.6742788461538461 0.016826923076923076 0.009615384615384616
0 0.7259615384615384 0.6862980769230769 0.016826923076923076 0.009615384615384616
0 0.7067307692307693 0.6850961538461539 0.016826923076923076 0.009615384615384616
0 0.6862980769230769 0.6814903846153846 0.016826923076923076 0.009615384615384616
0 0.007211538461538462 0.14182692307692307 0.014423076923076924 0.05048076923076923
0 0.7596153846153846 0.6442307692307693 0.014423076923076924 0.008413461538461538
0 0.7956730769230769 0.6490384615384616 0.015625 0.008413461538461538
0 0.7572115384615384 0.6550480769230769 0.015625 0.008413461538461538
0 0.7752403846153846 0.65625 0.015625 0.008413461538461538
0 0.7932692307692307 0.6586538461538461 0.015625 0.008413461538461538
0 0.7548076923076923 0.6658653846153846 0.015625 0.008413461538461538
0 0.7716346153846154 0.6670673076923077 0.015625 0.008413461538461538
0 0.7896634615384616 0.6682692307692307 0.015625 0.008413461538461538
0 0.7776442307692307 0.6466346153846154 0.015625 0.008413461538461538
0 0.5540865384615384 0.5709134615384616 0.03485576923076923 0.03245192307692308