0 0.19951923076923078 0.013221153846153846 0.08653846153846154 0.025240384615384616
0 0.13581730769230768 0.09134615384615384 0.078125 0.12139423076923077
0 0.21995192307692307 0.0889423076923077 0.08413461538461539 0.12259615384615384
0 0.3173076923076923 0.09615384615384616 0.06490384615384616 0.10576923076923077
0 0.4026442307692308 0.019230769230769232 0.04807692307692308 0.036057692307692304
0 0.4170673076923077 0.8641826923076923 0.03365384615384615 0.0673076923076923
0 0.5192307692307693 0.09014423076923077 0.078125 0.12139423076923077
0 0.5 0.875 0.038461538461538464 0.052884615384615384
0 0.41586538461538464 0.6814903846153846 0.037259615384615384 0.06009615384615385
0 0.4579326923076923 0.6826923076923077 0.037259615384615384 0.06009615384615385
0 0.49759615384615385 0.6802884615384616 0.036057692307692304 0.06129807692307692
0 0.5396634615384616 0.6814903846153846 0.037259615384615384 0.06129807692307692
0 0.5805288461538461 0.6814903846153846 0.037259615384615384 0.06129807692307692
0 0.4170673076923077 0.7403846153846154 0.037259615384615384 0.052884615384615384
0 0.45913461538461536 0.7415865384615384 0.037259615384615384 0.052884615384615384
0 0.4987980769230769 0.7403846153846154 0.037259615384615384 0.052884615384615384
0 0.5384615384615384 0.7403846153846154 0.037259615384615384 0.052884615384615384
0 0.5805288461538461 0.7391826923076923 0.037259615384615384 0.052884615384615384
0 0.625 0.6826923076923077 0.037259615384615384 0.06009615384615385
0 0.6646634615384616 0.6814903846153846 0.037259615384615384 0.06009615384615385
0 0.7091346153846154 0.6826923076923077 0.040865384615384616 0.06009615384615385
0 0.7524038461538461 0.6814903846153846 0.040865384615384616 0.06009615384615385
0 0.7932692307692307 0.6826923076923077 0.037259615384615384 0.056490384615384616
0 0.16466346153846154 0.5408653846153846 0.040865384615384616 0.06009615384615385
0 0.9146634615384616 0.7704326923076923 0.040865384615384616 0.05889423076923077
0 0.9603365384615384 0.84375 0.037259615384615384 0.0733173076923077
0 0.9122596153846154 0.8413461538461539 0.051682692307692304 0.078125
0 0.96875 0.7752403846153846 0.057692307692307696 0.06009615384615385
0 0.5408653846153846 0.8713942307692307 0.037259615384615384 0.052884615384615384
0 0.5805288461538461 0.8725961538461539 0.037259615384615384 0.052884615384615384
0 0.6213942307692307 0.8725961538461539 0.037259615384615384 0.052884615384615384
0 0.6610576923076923 0.8737980769230769 0.037259615384615384 0.052884615384615384
0 0.16466346153846154 0.6045673076923077 0.040865384615384616 0.0625
0 0.2091346153846154 0.5408653846153846 0.040865384615384616 0.0625
0 0.014423076923076924 0.11658653846153846 0.028846153846153848 0.07692307692307693
0 0.019230769230769232 0.18990384615384615 0.03125 0.06490384615384616
0 0.02403846153846154 0.25721153846153844 0.03365384615384615 0.06490384615384616
0 0.028846153846153848 0.3233173076923077 0.037259615384615384 0.06370192307692307
0 0.03125 0.3870192307692308 0.04447115384615385 0.06009615384615385
0 0.036057692307692304 0.4483173076923077 0.04447115384615385 0.06009615384615385
0 0.04567307692307692 0.5096153846153846 0.042067307692307696 0.055288461538461536
0 0.05048076923076923 0.5661057692307693 0.040865384615384616 0.055288461538461536
0 0.9375 0.6899038461538461 0.06129807692307692 0.08052884615384616
0 0.057692307692307696 0.9423076923076923 0.06129807692307692 0.052884615384615384
0 0.04447115384615385 0.8149038461538461 0.055288461538461536 0.06009615384615385
0 0.04326923076923077 0.7451923076923077 0.051682692307692304 0.06610576923076923
0 0.390625 0.09495192307692307 0.07091346153846154 0.109375
0 0.8629807692307693 0.8725961538461539 0.037259615384615384 0.052884615384615384
0 0.8629807692307693 0.8185096153846154 0.037259615384615384 0.054086538461538464
0 0.8221153846153846 0.8161057692307693 0.037259615384615384 0.051682692307692304
0 0.8245192307692307 0.8713942307692307 0.03245192307692308 0.057692307692307696
0 0.7836538461538461 0.8689903846153846 0.03485576923076923 0.06610576923076923
0 0.7403846153846154 0.875 0.037259615384615384 0.051682692307692304
0 0.7007211538461539 0.8725961538461539 0.037259615384615384 0.052884615384615384
0 0.05048076923076923 0.8810096153846154 0.052884615384615384 0.0625
0 0.9471153846153846 0.6045673076923077 0.056490384615384616 0.08413461538461539
0 0.8353365384615384 0.6826923076923077 0.037259615384615384 0.056490384615384616
0 0.8762019230769231 0.6814903846153846 0.037259615384615384 0.056490384615384616
0 0.6141826923076923 0.45913461538461536 0.03245192307692308 0.0625
0 0.5805288461538461 0.45913461538461536 0.028846153846153848 0.0625
0 0.5480769230769231 0.45913461538461536 0.030048076923076924 0.06490384615384616
0 0.515625 0.4579326923076923 0.030048076923076924 0.06490384615384616
0 0.484375 0.45913461538461536 0.03125 0.06490384615384616
0 0.45072115384615385 0.45913461538461536 0.03125 0.06490384615384616
0 0.41346153846153844 0.45913461538461536 0.039663461538461536 0.06129807692307692
0 0.3701923076923077 0.4567307692307692 0.039663461538461536 0.056490384615384616
0 0.3269230769230769 0.45913461538461536 0.040865384615384616 0.056490384615384616
0 0.2860576923076923 0.45072115384615385 0.030048076923076924 0.055288461538461536
0 0.6514423076923077 0.46033653846153844 0.03365384615384615 0.0625
0 0.2403846153846154 0.46033653846153844 0.039663461538461536 0.06009615384615385
0 0.4567307692307692 0.8725961538461539 0.038461538461538464 0.052884615384615384
0 0.7439903846153846 0.8185096153846154 0.036057692307692304 0.057692307692307696
0 0.7055288461538461 0.8161057692307693 0.036057692307692304 0.057692307692307696
0 0.6622596153846154 0.8161057692307693 0.036057692307692304 0.057692307692307696
0 0.6225961538461539 0.8149038461538461 0.036057692307692304 0.057692307692307696
0 0.5805288461538461 0.8149038461538461 0.036057692307692304 0.057692307692307696
0 0.5408653846153846 0.8137019230769231 0.037259615384615384 0.056490384615384616
0 0.5 0.8173076923076923 0.037259615384615384 0.056490384615384616
0 0.45913461538461536 0.8149038461538461 0.039663461538461536 0.057692307692307696
0 0.41225961538461536 0.8125 0.037259615384615384 0.03365384615384615
0 0.19471153846153846 0.46033653846153844 0.040865384615384616 0.06009615384615385
0 0.21033653846153846 0.6033653846153846 0.038461538461538464 0.05889423076923077
0 0.6850961538461539 0.46033653846153844 0.03245192307692308 0.0625
0 0.8449519230769231 0.45913461538461536 0.03365384615384615 0.0625
0 0.6237980769230769 0.7415865384615384 0.038461538461538464 0.04927884615384615
0 0.6646634615384616 0.7403846153846154 0.038461538461538464 0.054086538461538464
0 0.7055288461538461 0.7415865384615384 0.038461538461538464 0.052884615384615384
0 0.75 0.7415865384615384 0.037259615384615384 0.052884615384615384
0 0.7896634615384616 0.7403846153846154 0.037259615384615384 0.055288461538461536
0 0.8317307692307693 0.7415865384615384 0.037259615384615384 0.055288461538461536
0 0.8737980769230769 0.7403846153846154 0.037259615384615384 0.055288461538461536
0 0.171875 0.8173076923076923 0.037259615384615384 0.056490384615384616
0 0.21153846153846154 0.8161057692307693 0.037259615384615384 0.056490384615384616
0 0.25240384615384615 0.8149038461538461 0.037259615384615384 0.056490384615384616
0 0.7199519230769231 0.45913461538461536 0.03245192307692308 0.0625
0 0.2932692307692308 0.8161057692307693 0.037259615384615384 0.056490384615384616
0 0.21514423076923078 0.8701923076923077 0.037259615384615384 0.04927884615384615
0 0.25240384615384615 0.8689903846153846 0.03365384615384615 0.04927884615384615
0 0.2932692307692308 0.8701923076923077 0.03365384615384615 0.04927884615384615
0 0.33533653846153844 0.8641826923076923 0.037259615384615384 0.06490384615384616
0 0.9507211538461539 0.5108173076923077 0.03245192307692308 0.057692307692307696
0 0.984375 0.5132211538461539 0.026442307692307692 0.06009615384615385
0 0.984375 0.4495192307692308 0.026442307692307692 0.0673076923076923
0 0.9507211538461539 0.4483173076923077 0.03485576923076923 0.06370192307692307
0 0.9158653846153846 0.45913461538461536 0.03125 0.0625
0 0.8810096153846154 0.46033653846153844 0.03125 0.0625
0 0.17307692307692307 0.8725961538461539 0.037259615384615384 0.04927884615384615
0 0.375 0.6814903846153846 0.037259615384615384 0.05048076923076923
0 0.021634615384615384 0.671875 0.042067307692307696 0.06971153846153846
0 0.2091346153846154 0.6802884615384616 0.037259615384615384 0.06009615384615385
0 0.4675480769230769 0.6057692307692307 0.037259615384615384 0.056490384615384616
0 0.4230769230769231 0.6057692307692307 0.037259615384615384 0.056490384615384616
0 0.38221153846153844 0.6033653846153846 0.037259615384615384 0.056490384615384616
0 0.3401442307692308 0.6033653846153846 0.040865384615384616 0.055288461538461536
0 0.1658653846153846 0.6802884615384616 0.037259615384615384 0.06009615384615385
0 0.29447115384615385 0.6033653846153846 0.037259615384615384 0.057692307692307696
0 0.59375 0.5420673076923077 0.037259615384615384 0.06370192307692307
0 0.5516826923076923 0.5396634615384616 0.037259615384615384 0.06370192307692307
0 0.25 0.6802884615384616 0.037259615384615384 0.06129807692307692
0 0.16947115384615385 0.7403846153846154 0.037259615384615384 0.055288461538461536
0 0.5108173076923077 0.5432692307692307 0.037259615384615384 0.06370192307692307
0 0.46634615384615385 0.5432692307692307 0.037259615384615384 0.06370192307692307
0 0.4230769230769231 0.5420673076923077 0.037259615384615384 0.06370192307692307
0 0.38341346153846156 0.5420673076923077 0.037259615384615384 0.06370192307692307
0 0.21033653846153846 0.7403846153846154 0.037259615384615384 0.055288461538461536
0 0.5096153846153846 0.6045673076923077 0.037259615384615384 0.056490384615384616
0 0.5504807692307693 0.6033653846153846 0.037259615384615384 0.056490384615384616
0 0.59375 0.6033653846153846 0.037259615384615384 0.056490384615384616
0 0.6370192307692307 0.6009615384615384 0.037259615384615384 0.06370192307692307
0 0.7211538461538461 0.6021634615384616 0.037259615384615384 0.06490384615384616
0 0.7644230769230769 0.6045673076923077 0.039663461538461536 0.05889423076923077
0 0.8112980769230769 0.5432692307692307 0.038461538461538464 0.06009615384615385
0 0.7680288461538461 0.5420673076923077 0.038461538461538464 0.06009615384615385
0 0.8966346153846154 0.6081730769230769 0.039663461538461536 0.05889423076923077
0 0.8521634615384616 0.6057692307692307 0.040865384615384616 0.05889423076923077
0 0.8076923076923077 0.6057692307692307 0.039663461538461536 0.06009615384615385
0 0.2536057692307692 0.7391826923076923 0.042067307692307696 0.054086538461538464
0 0.15264423076923078 0.45913461538461536 0.039663461538461536 0.06009615384615385
0 0.4206730769230769 0.36177884615384615 0.20072115384615385 0.08052884615384616
0 0.21394230769230768 0.3605769230769231 0.20673076923076922 0.08533653846153846
0 0.9038461538461539 0.234375 0.052884615384615384 0.13221153846153846
0 0.8449519230769231 0.23197115384615385 0.052884615384615384 0.13341346153846154
0 0.7884615384615384 0.23197115384615385 0.054086538461538464 0.13221153846153846
0 0.6887019230769231 0.5252403846153846 0.030048076923076924 0.039663461538461536
0 0.6526442307692307 0.5252403846153846 0.03485576923076923 0.040865384615384616
0 0.828125 0.3605769230769231 0.2091346153846154 0.08173076923076923
0 0.33774038461538464 0.5420673076923077 0.037259615384615384 0.06370192307692307
0 0.29086538461538464 0.5408653846153846 0.037259615384615384 0.06370192307692307
0 0.734375 0.234375 0.046875 0.13221153846153846
0 0.9819711538461539 0.09134615384615384 0.03485576923076923 0.03245192307692308
0 0.9483173076923077 0.09134615384615384 0.025240384615384616 0.03365384615384615
0 0.8918269230769231 0.010817307692307692 0.08052884615384616 0.020432692307692308
0 0.8004807692307693 0.01201923076923077 0.07211538461538461 0.021634615384615384
0 0.7163461538461539 0.01201923076923077 0.08052884615384616 0.02283653846153846
0 0.6322115384615384 0.01201923076923077 0.08052884615384616 0.02403846153846154
0 0.3762019230769231 0.8629807692307693 0.037259615384615384 0.06370192307692307
0 0.9447115384615384 0.1310096153846154 0.020432692307692308 0.040865384615384616
0 0.8930288461538461 0.08653846153846154 0.07692307692307693 0.12860576923076922
0 0.7247596153846154 0.08774038461538461 0.07932692307692307 0.12379807692307693
0 0.6370192307692307 0.08774038461538461 0.08173076923076923 0.12379807692307693
0 0.2512019230769231 0.5420673076923077 0.037259615384615384 0.06370192307692307
0 0.25240384615384615 0.6045673076923077 0.037259615384615384 0.05889423076923077
0 0.3762019230769231 0.7367788461538461 0.037259615384615384 0.056490384615384616
0 0.8545673076923077 0.5444711538461539 0.038461538461538464 0.05889423076923077
0 0.8954326923076923 0.5432692307692307 0.038461538461538464 0.05889423076923077
0 0.8076923076923077 0.08774038461538461 0.07932692307692307 0.12620192307692307
0 0.6802884615384616 0.6009615384615384 0.037259615384615384 0.06490384615384616
0 0.9735576923076923 0.12980769230769232 0.03485576923076923 0.037259615384615384
0 0.33413461538461536 0.6850961538461539 0.037259615384615384 0.056490384615384616
0 0.6814903846153846 0.23317307692307693 0.051682692307692304 0.12980769230769232
0 0.6286057692307693 0.23317307692307693 0.051682692307692304 0.12860576923076922
0 0.5757211538461539 0.234375 0.04927884615384615 0.12860576923076922
0 0.5228365384615384 0.23677884615384615 0.04927884615384615 0.12740384615384615
0 0.46875 0.234375 0.051682692307692304 0.12740384615384615
0 0.41466346153846156 0.23557692307692307 0.051682692307692304 0.12740384615384615
0 0.3641826923076923 0.2536057692307692 0.040865384615384616 0.09615384615384616
0 0.33533653846153844 0.7415865384615384 0.037259615384615384 0.052884615384615384
0 0.32211538461538464 0.2512019230769231 0.040865384615384616 0.09615384615384616
0 0.23677884615384615 0.2512019230769231 0.037259615384615384 0.09254807692307693
0 0.9639423076923077 0.30408653846153844 0.055288461538461536 0.038461538461538464
0 0.96875 0.35096153846153844 0.057692307692307696 0.052884615384615384
0 0.9519230769230769 0.21514423076923078 0.037259615384615384 0.054086538461538464
0 0.9855769230769231 0.21754807692307693 0.02403846153846154 0.055288461538461536
0 0.2956730769230769 0.7247596153846154 0.03485576923076923 0.057692307692307696
0 0.3004807692307692 0.6682692307692307 0.02403846153846154 0.040865384615384616
0 0.27884615384615385 0.2512019230769231 0.042067307692307696 0.09495192307692307
0 0.7223557692307693 0.5252403846153846 0.030048076923076924 0.039663461538461536