0 0.45552884615384615 0.29927884615384615 0.04447115384615385 0.07932692307692307
0 0.5024038461538461 0.29447115384615385 0.038461538461538464 0.078125
0 0.546875 0.29086538461538464 0.039663461538461536 0.07572115384615384
0 0.3713942307692308 0.41346153846153844 0.054086538461538464 0.07692307692307693
0 0.6310096153846154 0.296875 0.04567307692307692 0.07692307692307693
0 0.6862980769230769 0.2980769230769231 0.0673076923076923 0.0733173076923077
0 0.765625 0.3004807692307692 0.09014423076923077 0.07692307692307693
0 0.921875 0.3137019230769231 0.040865384615384616 0.038461538461538464
0 0.9819711538461539 0.3004807692307692 0.03485576923076923 0.056490384615384616
0 0.0673076923076923 0.4362980769230769 0.09615384615384616 0.09495192307692307
0 0.15745192307692307 0.41225961538461536 0.0673076923076923 0.08413461538461539
0 0.31971153846153844 0.41466346153846156 0.04807692307692308 0.07572115384615384
0 0.265625 0.4098557692307692 0.04447115384615385 0.07932692307692307
0 0.21634615384615385 0.41466346153846156 0.04927884615384615 0.07932692307692307
0 0.40625 0.296875 0.040865384615384616 0.07211538461538461
0 0.8449519230769231 0.3076923076923077 0.06129807692307692 0.06850961538461539
0 0.3641826923076923 0.29447115384615385 0.039663461538461536 0.078125
0 0.2620192307692308 0.15264423076923078 0.039663461538461536 0.08653846153846154
0 0.17548076923076922 0.2668269230769231 0.12139423076923077 0.1201923076923077
0 0.05889423076923077 0.12980769230769232 0.0829326923076923 0.10576923076923077
0 0.13221153846153846 0.15504807692307693 0.057692307692307696 0.07932692307692307
0 0.19951923076923078 0.13942307692307693 0.06610576923076923 0.10697115384615384
0 0.42427884615384615 0.41466346153846156 0.052884615384615384 0.07932692307692307
0 0.31009615384615385 0.15985576923076922 0.046875 0.07451923076923077
0 0.35697115384615385 0.16105769230769232 0.046875 0.07932692307692307
0 0.40625 0.1622596153846154 0.046875 0.0733173076923077
0 0.4519230769230769 0.16466346153846154 0.042067307692307696 0.08413461538461539
0 0.49038461538461536 0.16706730769230768 0.037259615384615384 0.07932692307692307
0 0.5444711538461539 0.18028846153846154 0.039663461538461536 0.051682692307692304
0 0.5829326923076923 0.1814903846153846 0.038461538461538464 0.052884615384615384
0 0.6237980769230769 0.1814903846153846 0.036057692307692304 0.06971153846153846
0 0.6706730769230769 0.17908653846153846 0.046875 0.07211538461538461
0 0.7103365384615384 0.17668269230769232 0.03245192307692308 0.0673076923076923
0 0.7668269230769231 0.171875 0.08173076923076923 0.07692307692307693
0 0.8533653846153846 0.18028846153846154 0.08173076923076923 0.09254807692307693
0 0.9182692307692307 0.19110576923076922 0.046875 0.07091346153846154
0 0.9783653846153846 0.17668269230769232 0.038461538461538464 0.0985576923076923
0 0.06009615384615385 0.30408653846153844 0.09134615384615384 0.07932692307692307
0 0.2848557692307692 0.26802884615384615 0.08533653846153846 0.11177884615384616
0 0.4735576923076923 0.4182692307692308 0.046875 0.07091346153846154
0 0.8605769230769231 0.41346153846153844 0.054086538461538464 0.07451923076923077
0 0.5673076923076923 0.4170673076923077 0.055288461538461536 0.07211538461538461
0 0.9579326923076923 0.6971153846153846 0.0829326923076923 0.13942307692307693
0 0.8713942307692307 0.7127403846153846 0.052884615384615384 0.04567307692307692
0 0.8257211538461539 0.7079326923076923 0.02403846153846154 0.04567307692307692
0 0.7740384615384616 0.7175480769230769 0.016826923076923076 0.057692307692307696
0 0.7512019230769231 0.7211538461538461 0.026442307692307692 0.0625
0 0.7223557692307693 0.7199519230769231 0.03245192307692308 0.06009615384615385
0 0.6923076923076923 0.7199519230769231 0.02283653846153846 0.05889423076923077
0 0.6682692307692307 0.7211538461538461 0.018028846153846152 0.054086538461538464
0 0.6370192307692307 0.7235576923076923 0.038461538461538464 0.06129807692307692
0 0.5853365384615384 0.7127403846153846 0.06490384615384616 0.06850961538461539
0 0.5360576923076923 0.7283653846153846 0.026442307692307692 0.05889423076923077
0 0.5144230769230769 0.7259615384615384 0.015625 0.054086538461538464
0 0.49278846153846156 0.7283653846153846 0.028846153846153848 0.04927884615384615
0 0.4639423076923077 0.7175480769230769 0.021634615384615384 0.037259615384615384
0 0.44350961538461536 0.734375 0.020432692307692308 0.046875
0 0.41586538461538464 0.7391826923076923 0.03245192307692308 0.056490384615384616
0 0.3894230769230769 0.7379807692307693 0.016826923076923076 0.054086538461538464
0 0.057692307692307696 0.8798076923076923 0.09134615384615384 0.13822115384615385
0 0.36658653846153844 0.7367788461538461 0.030048076923076924 0.052884615384615384
0 0.14302884615384615 0.8737980769230769 0.03485576923076923 0.12620192307692307
0 0.21754807692307693 0.8617788461538461 0.026442307692307692 0.12379807692307693
0 0.9639423076923077 0.8209134615384616 0.07091346153846154 0.09375
0 0.8978365384615384 0.8269230769230769 0.04567307692307692 0.11177884615384616
0 0.8389423076923077 0.8269230769230769 0.056490384615384616 0.125
0 0.7896634615384616 0.8353365384615384 0.042067307692307696 0.10697115384615384
0 0.7391826923076923 0.8389423076923077 0.055288461538461536 0.1045673076923077
0 0.6850961538461539 0.8389423076923077 0.04567307692307692 0.10817307692307693
0 0.6442307692307693 0.8461538461538461 0.036057692307692304 0.1141826923076923
0 0.6033653846153846 0.8461538461538461 0.03485576923076923 0.1201923076923077
0 0.5685096153846154 0.8473557692307693 0.030048076923076924 0.11658653846153846
0 0.5348557692307693 0.8617788461538461 0.039663461538461536 0.0889423076923077
0 0.49038461538461536 0.8677884615384616 0.037259615384615384 0.08774038461538461
0 0.4567307692307692 0.8569711538461539 0.03125 0.109375
0 0.3942307692307692 0.859375 0.039663461538461536 0.1141826923076923
0 0.35216346153846156 0.8461538461538461 0.03485576923076923 0.11778846153846154
0 0.3173076923076923 0.8413461538461539 0.036057692307692304 0.10697115384615384
0 0.28365384615384615 0.84375 0.03125 0.10096153846153846
0 0.25 0.8569711538461539 0.03365384615384615 0.12620192307692307
0 0.18389423076923078 0.8701923076923077 0.04567307692307692 0.13581730769230768
0 0.5192307692307693 0.4170673076923077 0.04326923076923077 0.07211538461538461
0 0.3389423076923077 0.7379807692307693 0.021634615384615384 0.051682692307692304
0 0.2848557692307692 0.7403846153846154 0.021634615384615384 0.06490384615384616
0 0.6862980769230769 0.53125 0.04326923076923077 0.078125
0 0.6478365384615384 0.5264423076923077 0.036057692307692304 0.0889423076923077
0 0.6009615384615384 0.5264423076923077 0.055288461538461536 0.08533653846153846
0 0.5516826923076923 0.5252403846153846 0.042067307692307696 0.08653846153846154
0 0.5048076923076923 0.5288461538461539 0.051682692307692304 0.08774038461538461
0 0.4495192307692308 0.5276442307692307 0.06009615384615385 0.08774038461538461
0 0.38100961538461536 0.5324519230769231 0.06370192307692307 0.08413461538461539
0 0.3137019230769231 0.5288461538461539 0.07091346153846154 0.08774038461538461
0 0.234375 0.5348557692307693 0.07091346153846154 0.07692307692307693
0 0.15264423076923078 0.5264423076923077 0.09014423076923077 0.08653846153846154
0 0.9543269230769231 0.42427884615384615 0.04447115384615385 0.07211538461538461
0 0.9134615384615384 0.42788461538461536 0.036057692307692304 0.06490384615384616
0 0.8088942307692307 0.41466346153846156 0.04326923076923077 0.08774038461538461
0 0.7632211538461539 0.4170673076923077 0.052884615384615384 0.0733173076923077
0 0.7199519230769231 0.4182692307692308 0.037259615384615384 0.06850961538461539
0 0.6694711538461539 0.4182692307692308 0.06009615384615385 0.06490384615384616
0 0.6177884615384616 0.4170673076923077 0.040865384615384616 0.07451923076923077
0 0.7367788461538461 0.5228365384615384 0.05048076923076923 0.08173076923076923
0 0.3112980769230769 0.734375 0.03245192307692308 0.057692307692307696
0 0.7788461538461539 0.5252403846153846 0.03365384615384615 0.07692307692307693
0 0.0733173076923077 0.5889423076923077 0.07211538461538461 0.08653846153846154
0 0.2620192307692308 0.7379807692307693 0.025240384615384616 0.07211538461538461
0 0.22355769230769232 0.7331730769230769 0.040865384615384616 0.0733173076923077
0 0.1778846153846154 0.7367788461538461 0.042067307692307696 0.09014423076923077
0 0.1201923076923077 0.7295673076923077 0.05048076923076923 0.09495192307692307
0 0.9471153846153846 0.5408653846153846 0.09134615384615384 0.09735576923076923
0 0.8173076923076923 0.6237980769230769 0.030048076923076924 0.052884615384615384
0 0.75 0.6322115384615384 0.03245192307692308 0.07451923076923077
0 0.7007211538461539 0.6286057692307693 0.06129807692307692 0.07692307692307693
0 0.6418269230769231 0.6298076923076923 0.054086538461538464 0.07572115384615384
0 0.5853365384615384 0.6286057692307693 0.04807692307692308 0.08173076923076923
0 0.5360576923076923 0.6225961538461539 0.04927884615384615 0.0673076923076923
0 0.484375 0.6201923076923077 0.054086538461538464 0.07211538461538461
0 0.4254807692307692 0.625 0.057692307692307696 0.07692307692307693
0 0.36658653846153844 0.625 0.06009615384615385 0.07451923076923077
0 0.2980769230769231 0.6310096153846154 0.07091346153846154 0.08533653846153846
0 0.2283653846153846 0.6334134615384616 0.06490384615384616 0.09134615384615384
0 0.15745192307692307 0.6322115384615384 0.06850961538461539 0.08413461538461539
0 0.8329326923076923 0.5228365384615384 0.06971153846153846 0.08533653846153846
0 0.06370192307692307 0.7379807692307693 0.0733173076923077 0.07572115384615384
0 0.5877403846153846 0.2956730769230769 0.039663461538461536 0.07451923076923077