0 0.8449519230769231 0.29927884615384615 0.07692307692307693 0.036057692307692304
0 0.36899038461538464 0.38461538461538464 0.0829326923076923 0.04326923076923077
0 0.9290865384615384 0.3016826923076923 0.07091346153846154 0.040865384615384616
0 0.1346153846153846 0.31490384615384615 0.10216346153846154 0.040865384615384616
0 0.12259615384615384 0.36658653846153844 0.11298076923076923 0.055288461538461536
0 0.2512019230769231 0.3737980769230769 0.10576923076923077 0.054086538461538464
0 0.25721153846153844 0.3245192307692308 0.0829326923076923 0.039663461538461536
0 0.36778846153846156 0.33413461538461536 0.09615384615384616 0.040865384615384616
0 0.45913461538461536 0.3858173076923077 0.08653846153846154 0.051682692307692304
0 0.7271634615384616 0.40024038461538464 0.09375 0.04326923076923077
0 0.5528846153846154 0.34375 0.0829326923076923 0.03485576923076923
0 0.5444711538461539 0.38822115384615385 0.0673076923076923 0.04447115384615385
0 0.6334134615384616 0.3918269230769231 0.07692307692307693 0.05048076923076923
0 0.6394230769230769 0.3449519230769231 0.07692307692307693 0.036057692307692304
0 0.734375 0.3545673076923077 0.07692307692307693 0.037259615384615384
0 0.8269230769230769 0.36778846153846156 0.07692307692307693 0.02283653846153846
0 0.8293269230769231 0.4050480769230769 0.0829326923076923 0.039663461538461536
0 0.7608173076923077 0.29447115384615385 0.0733173076923077 0.039663461538461536
0 0.45913461538461536 0.33653846153846156 0.07692307692307693 0.039663461538461536
0 0.6778846153846154 0.2932692307692308 0.06610576923076923 0.04326923076923077
0 0.9230769230769231 0.4098557692307692 0.07572115384615384 0.040865384615384616
0 0.5168269230769231 0.2824519230769231 0.06129807692307692 0.040865384615384616
0 0.2860576923076923 0.1045673076923077 0.35697115384615385 0.15264423076923078
0 0.6346153846153846 0.13581730769230768 0.328125 0.1502403846153846
0 0.9122596153846154 0.1622596153846154 0.17427884615384615 0.13581730769230768
0 0.09375 0.21153846153846154 0.0733173076923077 0.04447115384615385
0 0.1778846153846154 0.21634615384615385 0.07451923076923077 0.04447115384615385
0 0.26322115384615385 0.22235576923076922 0.08653846153846154 0.039663461538461536
0 0.3557692307692308 0.23076923076923078 0.07211538461538461 0.05048076923076923
0 0.4338942307692308 0.2283653846153846 0.06610576923076923 0.042067307692307696
0 0.515625 0.23557692307692307 0.07091346153846154 0.042067307692307696
0 0.5985576923076923 0.23918269230769232 0.06490384615384616 0.04447115384615385
0 0.6706730769230769 0.24759615384615385 0.054086538461538464 0.039663461538461536
0 0.7572115384615384 0.24759615384615385 0.07572115384615384 0.04567307692307692
0 0.8449519230769231 0.25600961538461536 0.07091346153846154 0.04326923076923077
0 0.9375 0.25961538461538464 0.0829326923076923 0.039663461538461536
0 0.0889423076923077 0.2512019230769231 0.07572115384615384 0.036057692307692304
0 0.17668269230769232 0.25961538461538464 0.07692307692307693 0.03485576923076923
0 0.25841346153846156 0.265625 0.07091346153846154 0.039663461538461536
0 0.3485576923076923 0.27403846153846156 0.07091346153846154 0.03245192307692308
0 0.4375 0.27884615384615385 0.0733173076923077 0.040865384615384616
0 0.5961538461538461 0.28725961538461536 0.06850961538461539 0.040865384615384616
0 0.9194711538461539 0.36899038461538464 0.08052884615384616 0.028846153846153848
0 0.4423076923076923 0.9170673076923077 0.15264423076923078 0.04326923076923077
0 0.17067307692307693 0.47836538461538464 0.09615384615384616 0.040865384615384616
0 0.48677884615384615 0.6959134615384616 0.09735576923076923 0.040865384615384616
0 0.38822115384615385 0.6935096153846154 0.08533653846153846 0.04927884615384615
0 0.8665865384615384 0.796875 0.06009615384615385 0.042067307692307696
0 0.9495192307692307 0.7596153846153846 0.09495192307692307 0.019230769230769232
0 0.9471153846153846 0.7956730769230769 0.07692307692307693 0.042067307692307696
0 0.09615384615384616 0.8725961538461539 0.17427884615384615 0.056490384615384616
0 0.09495192307692307 0.9302884615384616 0.16706730769230768 0.04567307692307692
0 0.2764423076923077 0.8689903846153846 0.16466346153846154 0.046875
0 0.27524038461538464 0.921875 0.1622596153846154 0.04567307692307692
0 0.4423076923076923 0.8653846153846154 0.14543269230769232 0.04326923076923077
0 0.609375 0.8653846153846154 0.15384615384615385 0.042067307692307696
0 0.6105769230769231 0.9194711538461539 0.14302884615384615 0.040865384615384616
0 0.7560096153846154 0.9134615384615384 0.12139423076923077 0.04927884615384615
0 0.7536057692307693 0.8641826923076923 0.1201923076923077 0.039663461538461536
0 0.8978365384615384 0.8701923076923077 0.1502403846153846 0.046875
0 0.9134615384615384 0.9206730769230769 0.13581730769230768 0.04326923076923077
0 0.6586538461538461 0.7572115384615384 0.12379807692307693 0.028846153846153848
0 0.49038461538461536 0.6550480769230769 0.08653846153846154 0.03365384615384615
0 0.18509615384615385 0.42908653846153844 0.09375 0.039663461538461536
0 0.8557692307692307 0.7608173076923077 0.07451923076923077 0.019230769230769232
0 0.5901442307692307 0.6983173076923077 0.08533653846153846 0.04447115384615385
0 0.5132211538461539 0.7560096153846154 0.13341346153846154 0.026442307692307692
0 0.5060096153846154 0.7932692307692307 0.13221153846153846 0.042067307692307696
0 0.3701923076923077 0.7932692307692307 0.1201923076923077 0.04326923076923077
0 0.3786057692307692 0.7524038461538461 0.11899038461538461 0.027644230769230768
0 0.2403846153846154 0.7475961538461539 0.12259615384615384 0.028846153846153848
0 0.2403846153846154 0.7932692307692307 0.12259615384615384 0.052884615384615384
0 0.0985576923076923 0.7944711538461539 0.13221153846153846 0.046875
0 0.10096153846153846 0.7487980769230769 0.1346153846153846 0.036057692307692304
0 0.953125 0.6658653846153846 0.07091346153846154 0.02403846153846154
0 0.9591346153846154 0.7091346153846154 0.07692307692307693 0.04807692307692308
0 0.8701923076923077 0.7007211538461539 0.07932692307692307 0.04447115384615385
0 0.8725961538461539 0.6622596153846154 0.07572115384615384 0.025240384615384616
0 0.7740384615384616 0.7920673076923077 0.0829326923076923 0.05048076923076923
0 0.7764423076923077 0.7019230769230769 0.07692307692307693 0.04326923076923077
0 0.78125 0.6598557692307693 0.0829326923076923 0.026442307692307692
0 0.6862980769230769 0.6634615384615384 0.07692307692307693 0.036057692307692304
0 0.6850961538461539 0.7019230769230769 0.08052884615384616 0.039663461538461536
0 0.5889423076923077 0.65625 0.09495192307692307 0.027644230769230768
0 0.3918269230769231 0.6514423076923077 0.09134615384615384 0.028846153846153848
0 0.6550480769230769 0.7956730769230769 0.12259615384615384 0.039663461538461536
0 0.18990384615384615 0.6490384615384616 0.09375 0.03365384615384615
0 0.8149038461538461 0.5649038461538461 0.08774038461538461 0.036057692307692304
0 0.9026442307692307 0.5661057692307693 0.07451923076923077 0.03485576923076923
0 0.9735576923076923 0.5709134615384616 0.05048076923076923 0.040865384615384616
0 0.1141826923076923 0.5793269230769231 0.10096153846153846 0.042067307692307696
0 0.21875 0.5817307692307693 0.09375 0.04326923076923077
0 0.32211538461538464 0.5853365384615384 0.08173076923076923 0.04807692307692308
0 0.4206730769230769 0.5925480769230769 0.0889423076923077 0.04326923076923077
0 0.5252403846153846 0.5961538461538461 0.08774038461538461 0.039663461538461536
0 0.6213942307692307 0.6009615384615384 0.07572115384615384 0.04326923076923077
0 0.7175480769230769 0.6057692307692307 0.08413461538461539 0.04447115384615385
0 0.8088942307692307 0.609375 0.0733173076923077 0.046875
0 0.8930288461538461 0.6105769230769231 0.06850961538461539 0.04447115384615385
0 0.9699519230769231 0.6153846153846154 0.055288461538461536 0.04807692307692308
0 0.0889423076923077 0.6418269230769231 0.07572115384615384 0.028846153846153848
0 0.07932692307692307 0.6814903846153846 0.09615384615384616 0.03485576923076923
0 0.29086538461538464 0.6490384615384616 0.09735576923076923 0.03485576923076923
0 0.18629807692307693 0.6875 0.09375 0.038461538461538464
0 0.7115384615384616 0.5600961538461539 0.08774038461538461 0.037259615384615384
0 0.6117788461538461 0.5564903846153846 0.0889423076923077 0.037259615384615384
0 0.28966346153846156 0.6923076923076923 0.09495192307692307 0.04447115384615385
0 0.421875 0.5480769230769231 0.09134615384615384 0.03125
0 0.5144230769230769 0.5528846153846154 0.08774038461538461 0.037259615384615384
0 0.3016826923076923 0.4362980769230769 0.0889423076923077 0.037259615384615384
0 0.4326923076923077 0.44350961538461536 0.10336538461538461 0.03485576923076923
0 0.3786057692307692 0.4855769230769231 0.07451923076923077 0.04326923076923077
0 0.47716346153846156 0.49278846153846156 0.09615384615384616 0.04447115384615385
0 0.5853365384615384 0.4951923076923077 0.09975961538461539 0.04927884615384615
0 0.2800480769230769 0.4807692307692308 0.08774038461538461 0.03485576923076923
0 0.609375 0.4519230769230769 0.08774038461538461 0.036057692307692304
0 0.5240384615384616 0.4495192307692308 0.0625 0.036057692307692304
0 0.6947115384615384 0.5012019230769231 0.09615384615384616 0.04567307692307692
0 0.8016826923076923 0.5036057692307693 0.0829326923076923 0.04807692307692308
0 0.8125 0.4579326923076923 0.07572115384615384 0.03125
0 0.9038461538461539 0.4639423076923077 0.07692307692307693 0.03365384615384615
0 0.9026442307692307 0.5060096153846154 0.08774038461538461 0.04326923076923077
0 0.12740384615384615 0.5360576923076923 0.08774038461538461 0.036057692307692304
0 0.22355769230769232 0.5384615384615384 0.0889423076923077 0.030048076923076924
0 0.32211538461538464 0.5420673076923077 0.07572115384615384 0.027644230769230768
0 0.7151442307692307 0.4567307692307692 0.08774038461538461 0.038461538461538464