0 0.16947115384615385 0.21033653846153846 0.03365384615384615 0.019230769230769232
0 0.12740384615384615 0.21033653846153846 0.030048076923076924 0.018028846153846152
0 0.29927884615384615 0.23677884615384615 0.028846153846153848 0.03485576923076923
0 0.1310096153846154 0.24879807692307693 0.025240384615384616 0.020432692307692308
0 0.1045673076923077 0.22716346153846154 0.009615384615384616 0.06129807692307692
0 0.09014423076923077 0.22716346153846154 0.01201923076923077 0.06490384615384616
0 0.018028846153846152 0.24158653846153846 0.036057692307692304 0.03125
0 0.06129807692307692 0.24278846153846154 0.038461538461538464 0.028846153846153848
0 0.3786057692307692 0.37259615384615385 0.03485576923076923 0.019230769230769232
0 0.12860576923076922 0.2283653846153846 0.03125 0.015625
0 0.16466346153846154 0.22716346153846154 0.028846153846153848 0.014423076923076924
0 0.21995192307692307 0.2283653846153846 0.018028846153846152 0.06009615384615385
0 0.19591346153846154 0.2283653846153846 0.016826923076923076 0.0625
0 0.49278846153846156 0.22596153846153846 0.026442307692307692 0.06009615384615385
0 0.4423076923076923 0.21875 0.02283653846153846 0.06610576923076923
0 0.4326923076923077 0.38100961538461536 0.02403846153846154 0.06370192307692307
0 0.41466346153846156 0.22115384615384615 0.020432692307692308 0.06971153846153846
0 0.2608173076923077 0.24759615384615385 0.030048076923076924 0.015625
0 0.3858173076923077 0.24519230769230768 0.021634615384615384 0.021634615384615384
0 0.3701923076923077 0.21995192307692307 0.025240384615384616 0.021634615384615384
0 0.3581730769230769 0.24278846153846154 0.026442307692307692 0.018028846153846152
0 0.3233173076923077 0.23557692307692307 0.009615384615384616 0.03485576923076923
0 0.25961538461538464 0.22596153846153846 0.03365384615384615 0.019230769230769232
0 0.16466346153846154 0.24879807692307693 0.03245192307692308 0.019230769230769232
0 0.46274038461538464 0.38100961538461536 0.026442307692307692 0.057692307692307696
0 0.016826923076923076 0.4723557692307692 0.030048076923076924 0.021634615384615384
0 0.5252403846153846 0.3798076923076923 0.02403846153846154 0.055288461538461536
0 0.41586538461538464 0.5372596153846154 0.028846153846153848 0.04326923076923077
0 0.36658653846153844 0.5528846153846154 0.026442307692307692 0.018028846153846152
0 0.33413461538461536 0.5528846153846154 0.02403846153846154 0.015625
0 0.3641826923076923 0.53125 0.026442307692307692 0.020432692307692308
0 0.3293269230769231 0.53125 0.03365384615384615 0.02283653846153846
0 0.30649038461538464 0.5552884615384616 0.030048076923076924 0.015625
0 0.39783653846153844 0.40024038461538464 0.026442307692307692 0.027644230769230768
0 0.27403846153846156 0.5564903846153846 0.021634615384615384 0.015625
0 0.2776442307692308 0.5360576923076923 0.03245192307692308 0.02283653846153846
0 0.515625 0.23076923076923078 0.014423076923076924 0.04927884615384615
0 0.19831730769230768 0.4639423076923077 0.025240384615384616 0.04447115384615385
0 0.17427884615384615 0.46274038461538464 0.010817307692307692 0.04326923076923077
0 0.15384615384615385 0.46153846153846156 0.02283653846153846 0.037259615384615384
0 0.10817307692307693 0.46033653846153844 0.02283653846153846 0.04567307692307692
0 0.08052884615384616 0.46153846153846156 0.020432692307692308 0.05048076923076923
0 0.051682692307692304 0.4735576923076923 0.027644230769230768 0.02283653846153846
0 0.051682692307692304 0.44350961538461536 0.037259615384615384 0.02283653846153846
0 0.014423076923076924 0.44591346153846156 0.026442307692307692 0.026442307692307692
0 0.6959134615384616 0.36658653846153844 0.03245192307692308 0.06009615384615385
0 0.6598557692307693 0.36899038461538464 0.027644230769230768 0.0625
0 0.6286057692307693 0.3713942307692308 0.026442307692307692 0.05889423076923077
0 0.5925480769230769 0.3713942307692308 0.027644230769230768 0.0673076923076923
0 0.5540865384615384 0.38100961538461536 0.026442307692307692 0.055288461538461536
0 0.49399038461538464 0.3798076923076923 0.03245192307692308 0.057692307692307696
0 0.5384615384615384 0.22596153846153846 0.020432692307692308 0.06009615384615385
0 0.018028846153846152 0.2860576923076923 0.03485576923076923 0.027644230769230768
0 0.5552884615384616 0.23076923076923078 0.008413461538461538 0.04447115384615385
0 0.8966346153846154 0.2956730769230769 0.009615384615384616 0.04326923076923077
0 0.8786057692307693 0.2956730769230769 0.020432692307692308 0.04927884615384615
0 0.8557692307692307 0.2980769230769231 0.016826923076923076 0.04927884615384615
0 0.8329326923076923 0.2980769230769231 0.02283653846153846 0.051682692307692304
0 0.8052884615384616 0.28966346153846156 0.02283653846153846 0.038461538461538464
0 0.7764423076923077 0.28846153846153844 0.027644230769230768 0.040865384615384616
0 0.9122596153846154 0.29447115384615385 0.014423076923076924 0.04927884615384615
0 0.7367788461538461 0.28846153846153844 0.02283653846153846 0.042067307692307696
0 0.6670673076923077 0.28966346153846156 0.03125 0.04447115384615385
0 0.6346153846153846 0.28846153846153844 0.02283653846153846 0.042067307692307696
0 0.6021634615384616 0.28966346153846156 0.027644230769230768 0.04447115384615385
0 0.5757211538461539 0.29927884615384615 0.013221153846153846 0.04326923076923077
0 0.5625 0.29927884615384615 0.008413461538461538 0.046875
0 0.5492788461538461 0.3004807692307692 0.008413461538461538 0.04807692307692308
0 0.703125 0.28725961538461536 0.028846153846153848 0.042067307692307696
0 0.9326923076923077 0.29447115384615385 0.013221153846153846 0.051682692307692304
0 0.953125 0.29086538461538464 0.020432692307692308 0.055288461538461536
0 0.9855769230769231 0.28966346153846156 0.02283653846153846 0.054086538461538464
0 0.33413461538461536 0.38822115384615385 0.021634615384615384 0.04927884615384615
0 0.30649038461538464 0.3870192307692308 0.02403846153846154 0.054086538461538464
0 0.2776442307692308 0.38341346153846156 0.025240384615384616 0.056490384615384616
0 0.24639423076923078 0.38461538461538464 0.025240384615384616 0.05048076923076923
0 0.21754807692307693 0.38461538461538464 0.030048076923076924 0.05048076923076923
0 0.18629807692307693 0.38341346153846156 0.02283653846153846 0.054086538461538464
0 0.15625 0.38461538461538464 0.021634615384615384 0.055288461538461536
0 0.125 0.3870192307692308 0.027644230769230768 0.04927884615384615
0 0.09495192307692307 0.38461538461538464 0.018028846153846152 0.055288461538461536
0 0.07091346153846154 0.38461538461538464 0.019230769230769232 0.055288461538461536
0 0.7536057692307693 0.3737980769230769 0.014423076923076924 0.052884615384615384
0 0.7307692307692307 0.37740384615384615 0.013221153846153846 0.051682692307692304
0 0.7824519230769231 0.3786057692307692 0.027644230769230768 0.057692307692307696
0 0.8125 0.3762019230769231 0.02283653846153846 0.06129807692307692
0 0.8389423076923077 0.3762019230769231 0.021634615384615384 0.04326923076923077
0 0.5276442307692307 0.3004807692307692 0.02283653846153846 0.051682692307692304
0 0.5757211538461539 0.22355769230769232 0.016826923076923076 0.052884615384615384
0 0.4963942307692308 0.29927884615384615 0.02403846153846154 0.051682692307692304
0 0.44471153846153844 0.2980769230769231 0.026442307692307692 0.057692307692307696
0 0.016826923076923076 0.3173076923076923 0.030048076923076924 0.025240384615384616
0 0.24639423076923078 0.5288461538461539 0.027644230769230768 0.02403846153846154
0 0.9819711538461539 0.21754807692307693 0.030048076923076924 0.06129807692307692
0 0.9507211538461539 0.21995192307692307 0.015625 0.055288461538461536
0 0.9242788461538461 0.22115384615384615 0.019230769230769232 0.04807692307692308
0 0.8978365384615384 0.21634615384615385 0.015625 0.046875
0 0.056490384615384616 0.3173076923076923 0.03365384615384615 0.027644230769230768
0 0.8677884615384616 0.21634615384615385 0.018028846153846152 0.05048076923076923
0 0.7848557692307693 0.22355769230769232 0.019230769230769232 0.04447115384615385
0 0.7536057692307693 0.21995192307692307 0.025240384615384616 0.054086538461538464
0 0.7283653846153846 0.22115384615384615 0.019230769230769232 0.051682692307692304
0 0.6995192307692307 0.22235576923076922 0.02283653846153846 0.051682692307692304
0 0.6418269230769231 0.22716346153846154 0.026442307692307692 0.04927884615384615
0 0.6177884615384616 0.22716346153846154 0.014423076923076924 0.04807692307692308
0 0.8449519230769231 0.21514423076923078 0.018028846153846152 0.052884615384615384
0 0.057692307692307696 0.2848557692307692 0.03485576923076923 0.030048076923076924
0 0.09375 0.28365384615384615 0.026442307692307692 0.02283653846153846
0 0.09014423076923077 0.3137019230769231 0.030048076923076924 0.025240384615384616
0 0.40865384615384615 0.3125 0.028846153846153848 0.028846153846153848
0 0.3737980769230769 0.31009615384615385 0.026442307692307692 0.03245192307692308
0 0.8112980769230769 0.6274038461538461 0.02283653846153846 0.052884615384615384
0 0.7800480769230769 0.6394230769230769 0.015625 0.042067307692307696
0 0.71875 0.6346153846153846 0.015625 0.04326923076923077
0 0.7391826923076923 0.6370192307692307 0.015625 0.04447115384615385
0 0.7620192307692307 0.6358173076923077 0.018028846153846152 0.04567307692307692
0 0.3389423076923077 0.3004807692307692 0.026442307692307692 0.051682692307692304
0 0.3076923076923077 0.29927884615384615 0.026442307692307692 0.052884615384615384
0 0.2644230769230769 0.30408653846153844 0.02403846153846154 0.04807692307692308
0 0.234375 0.30288461538461536 0.02403846153846154 0.04447115384615385
0 0.203125 0.30408653846153844 0.018028846153846152 0.046875
0 0.17668269230769232 0.3016826923076923 0.027644230769230768 0.04807692307692308
0 0.14903846153846154 0.30528846153846156 0.020432692307692308 0.04326923076923077
0 0.11899038461538461 0.30408653846153844 0.02283653846153846 0.04807692307692308
0 0.4699519230769231 0.2980769230769231 0.014423076923076924 0.055288461538461536
0 0.24639423076923078 0.5540865384615384 0.025240384615384616 0.018028846153846152
0 0.36658653846153844 0.40024038461538464 0.030048076923076924 0.02403846153846154
0 0.18629807692307693 0.5528846153846154 0.02283653846153846 0.02403846153846154
0 0.5612980769230769 0.46153846153846156 0.02403846153846154 0.054086538461538464
0 0.5300480769230769 0.4651442307692308 0.020432692307692308 0.05889423076923077
0 0.5 0.4651442307692308 0.021634615384615384 0.051682692307692304
0 0.47115384615384615 0.46033653846153844 0.020432692307692308 0.057692307692307696
0 0.44591346153846156 0.45552884615384615 0.02403846153846154 0.056490384615384616
0 0.42427884615384615 0.42908653846153844 0.016826923076923076 0.009615384615384616
0 0.5877403846153846 0.4639423076923077 0.02403846153846154 0.051682692307692304
0 0.421875 0.4411057692307692 0.015625 0.007211538461538462
0 0.41466346153846156 0.47836538461538464 0.026442307692307692 0.010817307692307692
0 0.38822115384615385 0.47836538461538464 0.019230769230769232 0.010817307692307692
0 0.390625 0.46274038461538464 0.027644230769230768 0.01201923076923077
0 0.3581730769230769 0.4699519230769231 0.030048076923076924 0.02403846153846154
0 0.3233173076923077 0.4735576923076923 0.021634615384615384 0.025240384615384616
0 0.2932692307692308 0.46274038461538464 0.016826923076923076 0.04447115384615385
0 0.21514423076923078 0.5540865384615384 0.027644230769230768 0.018028846153846152
0 0.6213942307692307 0.46274038461538464 0.03125 0.051682692307692304
0 0.6466346153846154 0.4639423076923077 0.016826923076923076 0.05889423076923077
0 0.6694711538461539 0.4651442307692308 0.021634615384615384 0.04326923076923077
0 0.015625 0.5492788461538461 0.027644230769230768 0.027644230769230768
0 0.020432692307692308 0.5204326923076923 0.019230769230769232 0.02403846153846154
0 0.5588942307692307 0.5336538461538461 0.03485576923076923 0.052884615384615384
0 0.5901442307692307 0.5348557692307693 0.02403846153846154 0.055288461538461536
0 0.6201923076923077 0.5348557692307693 0.030048076923076924 0.051682692307692304
0 0.6526442307692307 0.5324519230769231 0.036057692307692304 0.05048076923076923
0 0.6935096153846154 0.5336538461538461 0.028846153846153848 0.04326923076923077
0 0.7379807692307693 0.546875 0.02283653846153846 0.03125
0 0.7596153846153846 0.5444711538461539 0.008413461538461538 0.027644230769230768
0 0.7824519230769231 0.5420673076923077 0.020432692307692308 0.037259615384615384
0 0.8149038461538461 0.5408653846153846 0.02283653846153846 0.038461538461538464
0 0.7836538461538461 0.4495192307692308 0.016826923076923076 0.030048076923076924
0 0.7572115384615384 0.453125 0.021634615384615384 0.040865384615384616
0 0.7283653846153846 0.46153846153846156 0.02283653846153846 0.042067307692307696
0 0.6983173076923077 0.46634615384615385 0.018028846153846152 0.04447115384615385
0 0.2692307692307692 0.46153846153846156 0.02403846153846154 0.04927884615384615
0 0.04807692307692308 0.5504807692307693 0.027644230769230768 0.02283653846153846
0 0.24278846153846154 0.46153846153846156 0.016826923076923076 0.04447115384615385
0 0.14182692307692307 0.6298076923076923 0.026442307692307692 0.021634615384615384
0 0.5492788461538461 0.6298076923076923 0.018028846153846152 0.051682692307692304
0 0.5709134615384616 0.6310096153846154 0.015625 0.051682692307692304
0 0.59375 0.6310096153846154 0.020432692307692308 0.04807692307692308
0 0.6165865384615384 0.6286057692307693 0.013221153846153846 0.04927884615384615
0 0.6430288461538461 0.6322115384615384 0.020432692307692308 0.04927884615384615
0 0.6670673076923077 0.6370192307692307 0.019230769230769232 0.042067307692307696
0 0.5240384615384616 0.6201923076923077 0.02403846153846154 0.07091346153846154
0 0.6947115384615384 0.6334134615384616 0.026442307692307692 0.042067307692307696
0 0.09254807692307693 0.6117788461538461 0.03125 0.03125
0 0.037259615384615384 0.6430288461538461 0.028846153846153848 0.026442307692307692
0 0.5264423076923077 0.5336538461538461 0.020432692307692308 0.05048076923076923
0 0.5036057692307693 0.5372596153846154 0.018028846153846152 0.046875
0 0.47716346153846156 0.5336538461538461 0.019230769230769232 0.04807692307692308
0 0.45072115384615385 0.5336538461538461 0.02283653846153846 0.051682692307692304
0 0.14423076923076922 0.6502403846153846 0.02403846153846154 0.015625
0 0.49158653846153844 0.6189903846153846 0.028846153846153848 0.0733173076923077
0 0.4483173076923077 0.6225961538461539 0.025240384615384616 0.06971153846153846
0 0.4182692307692308 0.625 0.027644230769230768 0.06610576923076923
0 0.11298076923076923 0.6454326923076923 0.026442307692307692 0.020432692307692308
0 0.07932692307692307 0.6430288461538461 0.025240384615384616 0.018028846153846152
0 0.17548076923076922 0.6526442307692307 0.027644230769230768 0.015625
0 0.17307692307692307 0.6310096153846154 0.026442307692307692 0.018028846153846152
0 0.20432692307692307 0.6502403846153846 0.02283653846153846 0.019230769230769232
0 0.203125 0.6286057692307693 0.026442307692307692 0.020432692307692308
0 0.2283653846153846 0.6262019230769231 0.021634615384615384 0.020432692307692308
0 0.22956730769230768 0.6502403846153846 0.021634615384615384 0.019230769230769232
0 0.2608173076923077 0.6466346153846154 0.027644230769230768 0.015625
0 0.265625 0.6225961538461539 0.021634615384615384 0.02403846153846154
0 0.2980769230769231 0.625 0.02283653846153846 0.020432692307692308
0 0.28966346153846156 0.6490384615384616 0.026442307692307692 0.018028846153846152
0 0.3269230769230769 0.6334134615384616 0.028846153846153848 0.04807692307692308
0 0.35697115384615385 0.6334134615384616 0.02403846153846154 0.04807692307692308
0 0.38822115384615385 0.6310096153846154 0.027644230769230768 0.05048076923076923
0 0.22235576923076922 0.4639423076923077 0.014423076923076924 0.042067307692307696
0 0.04567307692307692 0.5228365384615384 0.030048076923076924 0.026442307692307692
0 0.421875 0.4567307692307692 0.015625 0.010817307692307692
0 0.08052884615384616 0.5516826923076923 0.03125 0.025240384615384616
0 0.08052884615384616 0.5216346153846154 0.03125 0.025240384615384616
0 0.171875 0.5132211538461539 0.019230769230769232 0.007211538461538462
0 0.1622596153846154 0.5288461538461539 0.020432692307692308 0.013221153846153846
0 0.15865384615384615 0.5420673076923077 0.019230769230769232 0.014423076923076924
0 0.171875 0.5 0.021634615384615384 0.008413461538461538
0 0.11177884615384616 0.5408653846153846 0.021634615384615384 0.046875
0 0.15985576923076922 0.5576923076923077 0.018028846153846152 0.01201923076923077
0 0.13581730769230768 0.5384615384615384 0.020432692307692308 0.046875