0 0.6730769230769231 0.7019230769230769 0.03485576923076923 0.07572115384615384
0 0.6983173076923077 0.7091346153846154 0.026442307692307692 0.052884615384615384
0 0.7307692307692307 0.7055288461538461 0.02283653846153846 0.055288461538461536
0 0.7572115384615384 0.7055288461538461 0.030048076923076924 0.054086538461538464
0 0.7896634615384616 0.7019230769230769 0.03125 0.06009615384615385
0 0.8221153846153846 0.7007211538461539 0.02403846153846154 0.052884615384615384
0 0.8509615384615384 0.7512019230769231 0.038461538461538464 0.04567307692307692
0 0.9026442307692307 0.6598557692307693 0.036057692307692304 0.06610576923076923
0 0.9579326923076923 0.6754807692307693 0.051682692307692304 0.040865384615384616
0 0.8978365384615384 0.7463942307692307 0.039663461538461536 0.036057692307692304
0 0.9338942307692307 0.7596153846153846 0.03245192307692308 0.04326923076923077
0 0.9795673076923077 0.7536057692307693 0.039663461538461536 0.04567307692307692
0 0.19951923076923078 0.6189903846153846 0.039663461538461536 0.06610576923076923
0 0.84375 0.6574519230769231 0.054086538461538464 0.05048076923076923
0 0.6129807692307693 0.6971153846153846 0.04927884615384615 0.0985576923076923
0 0.25240384615384615 0.7451923076923077 0.040865384615384616 0.06971153846153846
0 0.5324519230769231 0.71875 0.03365384615384615 0.0673076923076923
0 0.234375 0.6189903846153846 0.030048076923076924 0.06610576923076923
0 0.8185096153846154 0.5120192307692307 0.03485576923076923 0.07091346153846154
0 0.8617788461538461 0.5384615384615384 0.036057692307692304 0.1045673076923077
0 0.9098557692307693 0.5324519230769231 0.04447115384615385 0.10096153846153846
0 0.9579326923076923 0.5360576923076923 0.039663461538461536 0.1045673076923077
0 0.026442307692307692 0.734375 0.04807692307692308 0.1310096153846154
0 0.5709134615384616 0.7091346153846154 0.042067307692307696 0.07572115384615384
0 0.11899038461538461 0.7175480769230769 0.12379807692307693 0.12139423076923077
0 0.29447115384615385 0.7427884615384616 0.040865384615384616 0.06490384615384616
0 0.33533653846153844 0.7427884615384616 0.03485576923076923 0.06009615384615385
0 0.38341346153846156 0.7475961538461539 0.054086538461538464 0.042067307692307696
0 0.42908653846153844 0.7307692307692307 0.036057692307692304 0.057692307692307696
0 0.46634615384615385 0.7283653846153846 0.038461538461538464 0.06009615384615385
0 0.4987980769230769 0.7247596153846154 0.027644230769230768 0.054086538461538464
0 0.2091346153846154 0.7463942307692307 0.042067307692307696 0.06610576923076923
0 0.28846153846153844 0.6213942307692307 0.038461538461538464 0.0673076923076923
0 0.31490384615384615 0.8245192307692307 0.04447115384615385 0.054086538461538464
0 0.3605769230769231 0.6189903846153846 0.042067307692307696 0.052884615384615384
0 0.78125 0.5120192307692307 0.026442307692307692 0.0673076923076923
0 0.8798076923076923 0.8401442307692307 0.037259615384615384 0.04807692307692308
0 0.8173076923076923 0.8185096153846154 0.028846153846153848 0.06129807692307692
0 0.7860576923076923 0.8233173076923077 0.030048076923076924 0.07572115384615384
0 0.7415865384615384 0.8245192307692307 0.025240384615384616 0.09134615384615384
0 0.7079326923076923 0.8269230769230769 0.028846153846153848 0.09975961538461539
0 0.6802884615384616 0.8257211538461539 0.02403846153846154 0.09254807692307693
0 0.6454326923076923 0.8317307692307693 0.042067307692307696 0.10096153846153846
0 0.5961538461538461 0.8329326923076923 0.057692307692307696 0.10336538461538461
0 0.5480769230769231 0.84375 0.027644230769230768 0.09134615384615384
0 0.5192307692307693 0.8617788461538461 0.03245192307692308 0.07932692307692307
0 0.47596153846153844 0.8521634615384616 0.046875 0.10216346153846154
0 0.42427884615384615 0.8605769230769231 0.055288461538461536 0.10817307692307693
0 0.3737980769230769 0.875 0.04447115384615385 0.07932692307692307
0 0.2668269230769231 0.875 0.055288461538461536 0.11658653846153846
0 0.21033653846153846 0.8774038461538461 0.057692307692307696 0.11658653846153846
0 0.15384615384615385 0.8725961538461539 0.04567307692307692 0.1310096153846154
0 0.4026442307692308 0.6177884615384616 0.019230769230769232 0.040865384615384616
0 0.43028846153846156 0.6141826923076923 0.014423076923076924 0.026442307692307692
0 0.453125 0.6117788461538461 0.027644230769230768 0.03245192307692308
0 0.484375 0.6141826923076923 0.026442307692307692 0.05048076923076923
0 0.5180288461538461 0.6153846153846154 0.039663461538461536 0.04927884615384615
0 0.5721153846153846 0.6081730769230769 0.06610576923076923 0.04567307692307692
0 0.3233173076923077 0.6213942307692307 0.030048076923076924 0.06490384615384616
0 0.6298076923076923 0.6057692307692307 0.042067307692307696 0.04326923076923077
0 0.7055288461538461 0.6165865384615384 0.036057692307692304 0.026442307692307692
0 0.7379807692307693 0.6105769230769231 0.026442307692307692 0.016826923076923076
0 0.7752403846153846 0.6105769230769231 0.025240384615384616 0.026442307692307692
0 0.8173076923076923 0.6033653846153846 0.039663461538461536 0.039663461538461536
0 0.04927884615384615 0.84375 0.042067307692307696 0.07211538461538461
0 0.09495192307692307 0.8990384615384616 0.055288461538461536 0.0985576923076923
0 0.6742788461538461 0.6105769230769231 0.026442307692307692 0.027644230769230768
0 0.7536057692307693 0.5132211538461539 0.036057692307692304 0.07211538461538461
0 0.7860576923076923 0.2956730769230769 0.03365384615384615 0.09134615384615384
0 0.6730769230769231 0.5192307692307693 0.04927884615384615 0.07091346153846154
0 0.203125 0.25240384615384615 0.04567307692307692 0.10216346153846154
0 0.24879807692307693 0.2764423076923077 0.039663461538461536 0.0733173076923077
0 0.2980769230769231 0.26802884615384615 0.06129807692307692 0.03365384615384615
0 0.31490384615384615 0.30288461538461536 0.0673076923076923 0.030048076923076924
0 0.36899038461538464 0.25841346153846156 0.03485576923076923 0.1201923076923077
0 0.4098557692307692 0.2692307692307692 0.037259615384615384 0.0889423076923077
0 0.4495192307692308 0.2824519230769231 0.028846153846153848 0.08533653846153846
0 0.49038461538461536 0.2764423076923077 0.04447115384615385 0.08413461538461539
0 0.5300480769230769 0.2776442307692308 0.036057692307692304 0.09375
0 0.5709134615384616 0.2776442307692308 0.038461538461538464 0.09254807692307693
0 0.6117788461538461 0.27403846153846156 0.039663461538461536 0.10096153846153846
0 0.6610576923076923 0.2980769230769231 0.040865384615384616 0.020432692307692308
0 0.6610576923076923 0.32211538461538464 0.04567307692307692 0.02283653846153846
0 0.7043269230769231 0.30528846153846156 0.04326923076923077 0.05048076923076923
0 0.7463942307692307 0.30408653846153844 0.039663461538461536 0.052884615384615384
0 0.1466346153846154 0.2283653846153846 0.06610576923076923 0.1466346153846154
0 0.0889423076923077 0.23076923076923078 0.05048076923076923 0.15144230769230768
0 0.03245192307692308 0.23197115384615385 0.06129807692307692 0.1502403846153846
0 0.9603365384615384 0.15384615384615385 0.05889423076923077 0.11538461538461539
0 0.4098557692307692 0.109375 0.051682692307692304 0.13581730769230768
0 0.3605769230769231 0.109375 0.040865384615384616 0.11899038461538461
0 0.32091346153846156 0.10576923076923077 0.03365384615384615 0.1310096153846154
0 0.27283653846153844 0.09375 0.042067307692307696 0.13221153846153846
0 0.2283653846153846 0.09735576923076923 0.04447115384615385 0.13221153846153846
0 0.12740384615384615 0.07692307692307693 0.055288461538461536 0.140625
0 0.7151442307692307 0.5168269230769231 0.027644230769230768 0.06971153846153846
0 0.8161057692307693 0.3004807692307692 0.025240384615384616 0.07091346153846154
0 0.46033653846153844 0.11177884615384616 0.04927884615384615 0.12379807692307693
0 0.5745192307692307 0.1201923076923077 0.052884615384615384 0.12139423076923077
0 0.6370192307692307 0.1201923076923077 0.06370192307692307 0.12980769230769232
0 0.6923076923076923 0.13822115384615385 0.039663461538461536 0.12740384615384615
0 0.7475961538461539 0.140625 0.06009615384615385 0.11899038461538461
0 0.7992788461538461 0.14182692307692307 0.040865384615384616 0.1201923076923077
0 0.8413461538461539 0.1622596153846154 0.040865384615384616 0.08533653846153846
0 0.8990384615384616 0.14903846153846154 0.06009615384615385 0.1045673076923077
0 0.5192307692307693 0.11538461538461539 0.056490384615384616 0.13581730769230768
0 0.8557692307692307 0.30649038461538464 0.055288461538461536 0.057692307692307696
0 0.056490384615384616 0.07572115384615384 0.08533653846153846 0.140625
0 0.9362980769230769 0.296875 0.04326923076923077 0.07692307692307693
0 0.9675480769230769 0.4110576923076923 0.04326923076923077 0.0889423076923077
0 0.054086538461538464 0.5793269230769231 0.0829326923076923 0.1346153846153846
0 0.13701923076923078 0.5745192307692307 0.078125 0.13701923076923078
0 0.19951923076923078 0.5324519230769231 0.025240384615384616 0.07692307692307693
0 0.2247596153846154 0.5324519230769231 0.025240384615384616 0.07692307692307693
0 0.2536057692307692 0.5324519230769231 0.03365384615384615 0.08173076923076923
0 0.28125 0.5348557692307693 0.025240384615384616 0.06850961538461539
0 0.3137019230769231 0.5324519230769231 0.036057692307692304 0.06850961538461539
0 0.3737980769230769 0.5348557692307693 0.03125 0.0625
0 0.40865384615384615 0.5264423076923077 0.036057692307692304 0.052884615384615384
0 0.4567307692307692 0.5360576923076923 0.046875 0.038461538461538464
0 0.5564903846153846 0.5276442307692307 0.054086538461538464 0.05889423076923077
0 0.5949519230769231 0.5216346153846154 0.02403846153846154 0.07091346153846154
0 0.6334134615384616 0.5348557692307693 0.038461538461538464 0.040865384615384616
0 0.8966346153846154 0.2980769230769231 0.03125 0.07692307692307693
0 0.9206730769230769 0.4098557692307692 0.05048076923076923 0.09134615384615384
0 0.875 0.4098557692307692 0.040865384615384616 0.09495192307692307
0 0.5072115384615384 0.5372596153846154 0.03245192307692308 0.042067307692307696
0 0.8016826923076923 0.4110576923076923 0.039663461538461536 0.07932692307692307
0 0.052884615384615384 0.4206730769230769 0.06971153846153846 0.1201923076923077
0 0.8389423076923077 0.41466346153846156 0.03125 0.08533653846153846
0 0.19951923076923078 0.4014423076923077 0.05048076923076923 0.11658653846153846
0 0.2403846153846154 0.4338942307692308 0.02283653846153846 0.028846153846153848
0 0.28365384615384615 0.43028846153846156 0.051682692307692304 0.04447115384615385
0 0.33413461538461536 0.42788461538461536 0.056490384615384616 0.054086538461538464
0 0.38221153846153844 0.3786057692307692 0.07211538461538461 0.057692307692307696
0 0.3894230769230769 0.4362980769230769 0.036057692307692304 0.040865384615384616
0 0.13221153846153846 0.44711538461538464 0.078125 0.06370192307692307
0 0.4699519230769231 0.41346153846153844 0.038461538461538464 0.09615384615384616
0 0.421875 0.4266826923076923 0.03245192307692308 0.057692307692307696
0 0.7235576923076923 0.41346153846153844 0.046875 0.0829326923076923
0 0.6766826923076923 0.4074519230769231 0.04326923076923077 0.09615384615384616
0 0.609375 0.40865384615384615 0.028846153846153848 0.0889423076923077
0 0.7644230769230769 0.41225961538461536 0.037259615384615384 0.07692307692307693
0 0.5721153846153846 0.41466346153846156 0.046875 0.078125
0 0.5192307692307693 0.4206730769230769 0.057692307692307696 0.08052884615384616