0 0.7692307692307693 0.359375 0.02283653846153846 0.0889423076923077
0 0.7019230769230769 0.8040865384615384 0.02403846153846154 0.08774038461538461
0 0.7259615384615384 0.7956730769230769 0.02403846153846154 0.0889423076923077
0 0.7475961538461539 0.7932692307692307 0.019230769230769232 0.09014423076923077
0 0.7692307692307693 0.7896634615384616 0.02283653846153846 0.08653846153846154
0 0.6730769230769231 0.7055288461538461 0.020432692307692308 0.10336538461538461
0 0.6947115384615384 0.7007211538461539 0.02283653846153846 0.09254807692307693
0 0.7163461538461539 0.6971153846153846 0.019230769230769232 0.09975961538461539
0 0.7367788461538461 0.6947115384615384 0.018028846153846152 0.09014423076923077
0 0.7548076923076923 0.6899038461538461 0.018028846153846152 0.09975961538461539
0 0.7740384615384616 0.6838942307692307 0.020432692307692308 0.09975961538461539
0 0.6526442307692307 0.7091346153846154 0.020432692307692308 0.09615384615384616
0 0.6586538461538461 0.59375 0.020432692307692308 0.078125
0 0.703125 0.5757211538461539 0.016826923076923076 0.09254807692307693
0 0.7223557692307693 0.5721153846153846 0.020432692307692308 0.0985576923076923
0 0.7427884615384616 0.5697115384615384 0.021634615384615384 0.09134615384615384
0 0.7752403846153846 0.5697115384615384 0.030048076923076924 0.09254807692307693
0 0.40384615384615385 0.6418269230769231 0.020432692307692308 0.10096153846153846
0 0.42788461538461536 0.640625 0.027644230769230768 0.10096153846153846
0 0.6826923076923077 0.5817307692307693 0.026442307692307692 0.10096153846153846
0 0.7764423076923077 0.24879807692307693 0.020432692307692308 0.07932692307692307
0 0.9423076923076923 0.6394230769230769 0.026442307692307692 0.09014423076923077
0 0.8894230769230769 0.6490384615384616 0.025240384615384616 0.09495192307692307
0 0.8509615384615384 0.8653846153846154 0.019230769230769232 0.08173076923076923
0 0.8737980769230769 0.8581730769230769 0.026442307692307692 0.09735576923076923
0 0.8990384615384616 0.8485576923076923 0.02403846153846154 0.0829326923076923
0 0.5144230769230769 0.6165865384615384 0.027644230769230768 0.09615384615384616
0 0.4098557692307692 0.7740384615384616 0.03125 0.07932692307692307
0 0.5685096153846154 0.8557692307692307 0.027644230769230768 0.09134615384615384
0 0.9158653846153846 0.6430288461538461 0.027644230769230768 0.0829326923076923
0 0.5408653846153846 0.8605769230769231 0.026442307692307692 0.08052884615384616
0 0.49038461538461536 0.8725961538461539 0.027644230769230768 0.08173076923076923
0 0.9266826923076923 0.8425480769230769 0.028846153846153848 0.09254807692307693
0 0.8834134615384616 0.7512019230769231 0.03125 0.08052884615384616
0 0.9110576923076923 0.7439903846153846 0.021634615384615384 0.09375
0 0.9362980769230769 0.7403846153846154 0.027644230769230768 0.08653846153846154
0 0.8641826923076923 0.6514423076923077 0.02403846153846154 0.08774038461538461
0 0.515625 0.8689903846153846 0.02403846153846154 0.09014423076923077
0 0.7908653846153846 0.359375 0.02283653846153846 0.08653846153846154
0 0.7560096153846154 0.24759615384615385 0.020432692307692308 0.0829326923076923
0 0.7103365384615384 0.24879807692307693 0.02283653846153846 0.0829326923076923
0 0.9314903846153846 0.28725961538461536 0.02283653846153846 0.09975961538461539
0 0.9507211538461539 0.2848557692307692 0.015625 0.09495192307692307
0 0.15384615384615385 0.4026442307692308 0.06490384615384616 0.16466346153846154
0 0.9711538461538461 0.28725961538461536 0.025240384615384616 0.08774038461538461
0 0.3004807692307692 0.5673076923076923 0.06129807692307692 0.14903846153846154
0 0.23076923076923078 0.5709134615384616 0.07692307692307693 0.14423076923076922
0 0.9098557692307693 0.28966346153846156 0.019230769230769232 0.09495192307692307
0 0.15985576923076922 0.5805288461538461 0.06610576923076923 0.1622596153846154
0 0.10576923076923077 0.7608173076923077 0.06610576923076923 0.140625
0 0.17427884615384615 0.7487980769230769 0.0733173076923077 0.14543269230769232
0 0.39663461538461536 0.2283653846153846 0.027644230769230768 0.09495192307692307
0 0.4254807692307692 0.23076923076923078 0.025240384615384616 0.09375
0 0.4567307692307692 0.21995192307692307 0.03125 0.11177884615384616
0 0.48677884615384615 0.21995192307692307 0.027644230769230768 0.11538461538461539
0 0.09134615384615384 0.5901442307692307 0.06490384615384616 0.14903846153846154
0 0.8870192307692307 0.28966346153846156 0.027644230769230768 0.09495192307692307
0 0.23076923076923078 0.39663461538461536 0.08173076923076923 0.1502403846153846
0 0.30288461538461536 0.3954326923076923 0.06009615384615385 0.14423076923076922
0 0.4074519230769231 0.8954326923076923 0.025240384615384616 0.0889423076923077
0 0.3088942307692308 0.13581730769230768 0.037259615384615384 0.1201923076923077
0 0.27163461538461536 0.13581730769230768 0.030048076923076924 0.12139423076923077
0 0.23557692307692307 0.13701923076923078 0.040865384615384616 0.125
0 0.19591346153846154 0.14543269230769232 0.036057692307692304 0.09375
0 0.12259615384615384 0.12139423076923077 0.051682692307692304 0.13221153846153846
0 0.07692307692307693 0.12259615384615384 0.039663461538461536 0.13942307692307693
0 0.040865384615384616 0.12259615384615384 0.03365384615384615 0.13942307692307693
0 0.3004807692307692 0.27283653846153844 0.05889423076923077 0.03485576923076923
0 0.24639423076923078 0.24639423076923078 0.04807692307692308 0.03365384615384615
0 0.2439903846153846 0.27884615384615385 0.05048076923076923 0.028846153846153848
0 0.1971153846153846 0.2644230769230769 0.046875 0.05048076923076923
0 0.15264423076923078 0.2668269230769231 0.042067307692307696 0.04807692307692308
0 0.10216346153846154 0.2644230769230769 0.051682692307692304 0.04927884615384615
0 0.057692307692307696 0.26802884615384615 0.036057692307692304 0.042067307692307696
0 0.515625 0.21754807692307693 0.028846153846153848 0.1141826923076923
0 0.7331730769230769 0.24879807692307693 0.02283653846153846 0.0829326923076923
0 0.5444711538461539 0.21875 0.027644230769230768 0.1141826923076923
0 0.3112980769230769 0.7235576923076923 0.06610576923076923 0.14302884615384615
0 0.6790865384615384 0.8100961538461539 0.02283653846153846 0.09134615384615384
0 0.5745192307692307 0.21995192307692307 0.03245192307692308 0.11538461538461539
0 0.39903846153846156 0.09735576923076923 0.026442307692307692 0.09615384615384616
0 0.42908653846153844 0.09735576923076923 0.028846153846153848 0.0985576923076923
0 0.4338942307692308 0.8774038461538461 0.025240384615384616 0.0829326923076923
0 0.46033653846153844 0.8737980769230769 0.027644230769230768 0.09254807692307693
0 0.6574519230769231 0.8149038461538461 0.02283653846153846 0.09134615384615384
0 0.4567307692307692 0.09975961538461539 0.027644230769230768 0.09615384615384616
0 0.5120192307692307 0.09975961538461539 0.02283653846153846 0.09495192307692307
0 0.4567307692307692 0.6346153846153846 0.030048076923076924 0.0889423076923077
0 0.5360576923076923 0.0985576923076923 0.026442307692307692 0.09615384615384616
0 0.5625 0.11658653846153846 0.02403846153846154 0.05889423076923077
0 0.6670673076923077 0.2512019230769231 0.019230769230769232 0.08413461538461539
0 0.6875 0.25 0.02283653846153846 0.08533653846153846
0 0.4855769230769231 0.0985576923076923 0.030048076923076924 0.09615384615384616
0 0.7668269230769231 0.8882211538461539 0.030048076923076924 0.09134615384615384
0 0.7391826923076923 0.8894230769230769 0.019230769230769232 0.09615384615384616
0 0.7211538461538461 0.90625 0.019230769230769232 0.09254807692307693
0 0.3173076923076923 0.8701923076923077 0.06129807692307692 0.12620192307692307
0 0.25600961538461536 0.8737980769230769 0.06009615384615385 0.11899038461538461
0 0.19230769230769232 0.9098557692307693 0.0733173076923077 0.13942307692307693
0 0.4387019230769231 0.7728365384615384 0.025240384615384616 0.0829326923076923
0 0.4651442307692308 0.7668269230769231 0.026442307692307692 0.06850961538461539
0 0.4891826923076923 0.7608173076923077 0.02283653846153846 0.08052884615384616
0 0.5168269230769231 0.7487980769230769 0.027644230769230768 0.09735576923076923
0 0.5444711538461539 0.7367788461538461 0.027644230769230768 0.10216346153846154
0 0.5709134615384616 0.7319711538461539 0.02403846153846154 0.09134615384615384
0 0.5132211538461539 0.9627403846153846 0.027644230769230768 0.06370192307692307
0 0.5420673076923077 0.9603365384615384 0.03125 0.07451923076923077
0 0.5685096153846154 0.9543269230769231 0.027644230769230768 0.07692307692307693
0 0.65625 0.9230769230769231 0.021634615384615384 0.08173076923076923
0 0.6790865384615384 0.9182692307692307 0.02403846153846154 0.09254807692307693
0 0.7019230769230769 0.9110576923076923 0.020432692307692308 0.08173076923076923
0 0.2403846153846154 0.7235576923076923 0.052884615384615384 0.13341346153846154
0 0.08533653846153846 0.4014423076923077 0.07451923076923077 0.16706730769230768
0 0.4879807692307692 0.6225961538461539 0.026442307692307692 0.10697115384615384
0 0.5721153846153846 0.6081730769230769 0.02283653846153846 0.10096153846153846
0 0.5180288461538461 0.3545673076923077 0.027644230769230768 0.08774038461538461
0 0.5432692307692307 0.35096153846153844 0.02283653846153846 0.09134615384615384
0 0.5697115384615384 0.3485576923076923 0.030048076923076924 0.08774038461538461
0 0.6706730769230769 0.3629807692307692 0.02283653846153846 0.09375
0 0.6947115384615384 0.3629807692307692 0.025240384615384616 0.08653846153846154
0 0.7199519230769231 0.3629807692307692 0.02403846153846154 0.08774038461538461
0 0.7439903846153846 0.3605769230769231 0.026442307692307692 0.09134615384615384
0 0.4230769230769231 0.5072115384615384 0.025240384615384616 0.0985576923076923
0 0.9555288461538461 0.16346153846153846 0.020432692307692308 0.09254807692307693
0 0.5432692307692307 0.6117788461538461 0.028846153846153848 0.10576923076923077
0 0.7992788461538461 0.25 0.02283653846153846 0.08052884615384616
0 0.6706730769230769 0.13221153846153846 0.02283653846153846 0.0829326923076923
0 0.6923076923076923 0.13341346153846154 0.021634615384615384 0.08173076923076923
0 0.7163461538461539 0.1346153846153846 0.02283653846153846 0.08413461538461539
0 0.7379807692307693 0.13221153846153846 0.02283653846153846 0.08653846153846154
0 0.7596153846153846 0.13341346153846154 0.019230769230769232 0.0829326923076923
0 0.7800480769230769 0.1346153846153846 0.020432692307692308 0.08052884615384616
0 0.8016826923076923 0.13701923076923078 0.019230769230769232 0.08413461538461539
0 0.8882211538461539 0.16466346153846154 0.021634615384615384 0.09735576923076923
0 0.9098557692307693 0.16346153846153846 0.021634615384615384 0.09615384615384616
0 0.9326923076923077 0.16346153846153846 0.02403846153846154 0.09495192307692307
0 0.48677884615384615 0.35336538461538464 0.028846153846153848 0.09254807692307693
0 0.4567307692307692 0.3485576923076923 0.02403846153846154 0.10336538461538461
0 0.9771634615384616 0.16346153846153846 0.02403846153846154 0.09014423076923077
0 0.4495192307692308 0.5012019230769231 0.026442307692307692 0.0889423076923077
0 0.42908653846153844 0.35096153846153844 0.030048076923076924 0.10817307692307693
0 0.6887019230769231 0.4699519230769231 0.02403846153846154 0.08533653846153846
0 0.6646634615384616 0.47115384615384615 0.025240384615384616 0.09014423076923077
0 0.9495192307692307 0.5240384615384616 0.026442307692307692 0.09615384615384616
0 0.9254807692307693 0.5264423076923077 0.021634615384615384 0.09975961538461539
0 0.9026442307692307 0.5288461538461539 0.025240384615384616 0.09495192307692307
0 0.875 0.5336538461538461 0.028846153846153848 0.10216346153846154
0 0.5769230769230769 0.4879807692307692 0.026442307692307692 0.0985576923076923
0 0.5516826923076923 0.49399038461538464 0.026442307692307692 0.09134615384615384
0 0.5 0.49759615384615385 0.021634615384615384 0.09134615384615384
0 0.5228365384615384 0.4951923076923077 0.02403846153846154 0.09615384615384616
0 0.7139423076923077 0.4651442307692308 0.025240384615384616 0.09375
0 0.7379807692307693 0.4639423076923077 0.02283653846153846 0.0889423076923077
0 0.7620192307692307 0.46033653846153844 0.025240384615384616 0.09375
0 0.7848557692307693 0.4579326923076923 0.020432692307692308 0.08653846153846154
0 0.8834134615384616 0.41225961538461536 0.02403846153846154 0.09375
0 0.90625 0.4110576923076923 0.02283653846153846 0.09134615384615384
0 0.9290865384615384 0.4110576923076923 0.020432692307692308 0.09134615384615384
0 0.9471153846153846 0.4050480769230769 0.016826923076923076 0.09254807692307693
0 0.9651442307692307 0.40625 0.021634615384615384 0.09014423076923077
0 0.40024038461538464 0.35336538461538464 0.026442307692307692 0.10576923076923077
0 0.47475961538461536 0.4987980769230769 0.026442307692307692 0.09495192307692307