0 0.02283653846153846 0.7992788461538461 0.02283653846153846 0.07572115384615384
0 0.6550480769230769 0.4495192307692308 0.038461538461538464 0.17067307692307693
0 0.8173076923076923 0.25721153846153844 0.036057692307692304 0.14903846153846154
0 0.7740384615384616 0.23557692307692307 0.03245192307692308 0.19230769230769232
0 0.7331730769230769 0.2512019230769231 0.04567307692307692 0.18990384615384615
0 0.6730769230769231 0.24519230769230768 0.04447115384615385 0.1875
0 0.6201923076923077 0.23798076923076922 0.051682692307692304 0.16826923076923078
0 0.5252403846153846 0.23197115384615385 0.03245192307692308 0.1658653846153846
0 0.48677884615384615 0.2403846153846154 0.02283653846153846 0.1778846153846154
0 0.453125 0.23798076923076922 0.025240384615384616 0.15865384615384615
0 0.8581730769230769 0.2536057692307692 0.036057692307692304 0.15264423076923078
0 0.40024038461538464 0.23798076923076922 0.030048076923076924 0.16346153846153846
0 0.3076923076923077 0.234375 0.036057692307692304 0.18990384615384615
0 0.2704326923076923 0.23317307692307693 0.028846153846153848 0.15384615384615385
0 0.21875 0.23197115384615385 0.042067307692307696 0.16105769230769232
0 0.17668269230769232 0.23076923076923078 0.026442307692307692 0.19230769230769232
0 0.1201923076923077 0.2403846153846154 0.036057692307692304 0.1875
0 0.0673076923076923 0.23557692307692307 0.036057692307692304 0.18269230769230768
0 0.051682692307692304 0.039663461538461536 0.055288461538461536 0.07932692307692307
0 0.09615384615384616 0.040865384615384616 0.051682692307692304 0.08173076923076923
0 0.359375 0.23317307692307693 0.028846153846153848 0.17307692307692307
0 0.8942307692307693 0.25 0.03365384615384615 0.17307692307692307
0 0.9459134615384616 0.2512019230769231 0.04447115384615385 0.14903846153846154
0 0.9555288461538461 0.4519230769230769 0.028846153846153848 0.12860576923076922
0 0.13942307692307693 0.43509615384615385 0.04807692307692308 0.15865384615384615
0 0.21875 0.4519230769230769 0.042067307692307696 0.14903846153846154
0 0.26322115384615385 0.44591346153846156 0.03245192307692308 0.15745192307692307
0 0.30408653846153844 0.4411057692307692 0.025240384615384616 0.15144230769230768
0 0.34134615384615385 0.4495192307692308 0.039663461538461536 0.15865384615384615
0 0.3894230769230769 0.4423076923076923 0.028846153846153848 0.140625
0 0.014423076923076924 0.6598557692307693 0.028846153846153848 0.08774038461538461
0 0.42788461538461536 0.44471153846153844 0.03365384615384615 0.14903846153846154
0 0.46875 0.4483173076923077 0.037259615384615384 0.13581730769230768
0 0.5084134615384616 0.4483173076923077 0.03245192307692308 0.14302884615384615
0 0.5492788461538461 0.4699519230769231 0.04567307692307692 0.1502403846153846
0 0.6081730769230769 0.4579326923076923 0.039663461538461536 0.15384615384615385
0 0.6971153846153846 0.4423076923076923 0.028846153846153848 0.1310096153846154
0 0.7860576923076923 0.44350961538461536 0.030048076923076924 0.1466346153846154
0 0.75 0.44711538461538464 0.030048076923076924 0.1310096153846154
0 0.8209134615384616 0.4387019230769231 0.028846153846153848 0.14302884615384615
0 0.8677884615384616 0.46634615384615385 0.04447115384615385 0.15144230769230768
0 0.9194711538461539 0.46033653846153844 0.028846153846153848 0.1310096153846154
0 0.9891826923076923 0.4567307692307692 0.016826923076923076 0.14423076923076922
0 0.23557692307692307 0.04927884615384615 0.04326923076923077 0.0985576923076923
0 0.3329326923076923 0.039663461538461536 0.04447115384615385 0.07932692307692307
0 0.5673076923076923 0.23798076923076922 0.036057692307692304 0.17307692307692307
0 0.984375 0.06610576923076923 0.030048076923076924 0.13221153846153846
0 0.7896634615384616 0.6730769230769231 0.04447115384615385 0.13701923076923078
0 0.8401442307692307 0.6682692307692307 0.05048076923076923 0.13701923076923078
0 0.9170673076923077 0.6694711538461539 0.056490384615384616 0.13581730769230768
0 0.9723557692307693 0.6694711538461539 0.05048076923076923 0.12620192307692307
0 0.6887019230769231 0.8353365384615384 0.07451923076923077 0.06610576923076923
0 0.6274038461538461 0.796875 0.02283653846153846 0.1141826923076923
0 0.59375 0.7848557692307693 0.03245192307692308 0.09975961538461539
0 0.5540865384615384 0.7944711538461539 0.037259615384615384 0.13341346153846154
0 0.5036057692307693 0.7860576923076923 0.04807692307692308 0.1310096153846154
0 0.4495192307692308 0.7992788461538461 0.03245192307692308 0.11899038461538461
0 0.39663461538461536 0.8016826923076923 0.04567307692307692 0.15144230769230768
0 0.2848557692307692 0.04326923076923077 0.030048076923076924 0.08653846153846154
0 0.32572115384615385 0.6694711538461539 0.025240384615384616 0.12620192307692307
0 0.28365384615384615 0.6682692307692307 0.030048076923076924 0.12860576923076922
0 0.23197115384615385 0.671875 0.036057692307692304 0.140625
0 0.19230769230769232 0.6887019230769231 0.03365384615384615 0.14903846153846154
0 0.12980769230769232 0.6971153846153846 0.06610576923076923 0.14302884615384615
0 0.17427884615384615 0.8461538461538461 0.15865384615384615 0.0829326923076923
0 0.06610576923076923 0.7932692307692307 0.040865384615384616 0.06370192307692307
0 0.7439903846153846 0.6850961538461539 0.04326923076923077 0.13341346153846154
0 0.7067307692307693 0.6622596153846154 0.028846153846153848 0.13581730769230768
0 0.359375 0.6778846153846154 0.037259615384615384 0.12860576923076922
0 0.6274038461538461 0.6682692307692307 0.039663461538461536 0.14783653846153846
0 0.5805288461538461 0.054086538461538464 0.055288461538461536 0.10817307692307693
0 0.6430288461538461 0.051682692307692304 0.055288461538461536 0.10336538461538461
0 0.6995192307692307 0.04927884615384615 0.05889423076923077 0.0985576923076923
0 0.8317307692307693 0.0625 0.040865384615384616 0.125
0 0.6670673076923077 0.6694711538461539 0.03245192307692308 0.1310096153846154
0 0.8810096153846154 0.06610576923076923 0.04927884615384615 0.13221153846153846
0 0.9387019230769231 0.05889423076923077 0.03365384615384615 0.11778846153846154
0 0.4951923076923077 0.05048076923076923 0.030048076923076924 0.10096153846153846
0 0.46274038461538464 0.05048076923076923 0.030048076923076924 0.09495192307692307
0 0.41466346153846156 0.054086538461538464 0.05048076923076923 0.10817307692307693
0 0.5384615384615384 0.05048076923076923 0.03245192307692308 0.10096153846153846
0 0.01201923076923077 0.4963942307692308 0.02403846153846154 0.11177884615384616
0 0.5925480769230769 0.6610576923076923 0.03245192307692308 0.13701923076923078
0 0.056490384615384616 0.6610576923076923 0.026442307692307692 0.09975961538461539
0 0.5552884615384616 0.65625 0.030048076923076924 0.13822115384615385
0 0.5204326923076923 0.6538461538461539 0.026442307692307692 0.13341346153846154
0 0.49158653846153844 0.6706730769230769 0.03365384615384615 0.1622596153846154
0 0.4387019230769231 0.6766826923076923 0.040865384615384616 0.140625
0 0.40024038461538464 0.6610576923076923 0.030048076923076924 0.109375
0 0.06009615384615385 0.4230769230769231 0.06009615384615385 0.18269230769230768