0 0.3605769230769231 0.29927884615384615 0.12139423076923077 0.026442307692307692
0 0.3581730769230769 0.3233173076923077 0.12379807692307693 0.02403846153846154
0 0.08774038461538461 0.2620192307692308 0.1346153846153846 0.025240384615384616
0 0.21875 0.3137019230769231 0.1502403846153846 0.025240384615384616
0 0.22115384615384615 0.28966346153846156 0.1502403846153846 0.021634615384615384
0 0.07692307692307693 0.3088942307692308 0.12379807692307693 0.02403846153846154
0 0.08173076923076923 0.2860576923076923 0.12980769230769232 0.020432692307692308
0 0.9399038461538461 0.26802884615384615 0.03125 0.014423076923076924
0 0.6466346153846154 0.25721153846153844 0.025240384615384616 0.014423076923076924
0 0.9435096153846154 0.22115384615384615 0.02403846153846154 0.025240384615384616
0 0.8617788461538461 0.2668269230769231 0.12379807692307693 0.019230769230769232
0 0.8617788461538461 0.24519230769230768 0.12740384615384615 0.02283653846153846
0 0.8653846153846154 0.21875 0.125 0.027644230769230768
0 0.7283653846153846 0.2608173076923077 0.12980769230769232 0.020432692307692308
0 0.7283653846153846 0.23677884615384615 0.125 0.021634615384615384
0 0.35697115384615385 0.34134615384615385 0.12740384615384615 0.01201923076923077
0 0.7307692307692307 0.21033653846153846 0.12860576923076922 0.030048076923076924
0 0.9435096153846154 0.24759615384615385 0.028846153846153848 0.02403846153846154
0 0.4855769230769231 0.2956730769230769 0.12379807692307693 0.028846153846153848
0 0.2848557692307692 0.41225961538461536 0.026442307692307692 0.021634615384615384
0 0.484375 0.34375 0.12740384615384615 0.01201923076923077
0 0.359375 0.37740384615384615 0.1201923076923077 0.019230769230769232
0 0.2848557692307692 0.43509615384615385 0.02283653846153846 0.020432692307692308
0 0.2848557692307692 0.390625 0.026442307692307692 0.02283653846153846
0 0.20673076923076922 0.4074519230769231 0.12980769230769232 0.02403846153846154
0 0.20793269230769232 0.38341346153846156 0.12620192307692307 0.025240384615384616
0 0.07572115384615384 0.39783653846153844 0.12860576923076922 0.027644230769230768
0 0.07692307692307693 0.3713942307692308 0.1310096153846154 0.02403846153846154
0 0.4855769230769231 0.3233173076923077 0.12620192307692307 0.026442307692307692
0 0.875 0.359375 0.13341346153846154 0.020432692307692308
0 0.8798076923076923 0.31009615384615385 0.13221153846153846 0.027644230769230768
0 0.7439903846153846 0.3557692307692308 0.12620192307692307 0.018028846153846152
0 0.7463942307692307 0.33413461538461536 0.12980769230769232 0.027644230769230768
0 0.7463942307692307 0.3076923076923077 0.1310096153846154 0.02403846153846154
0 0.6129807692307693 0.3473557692307692 0.12740384615384615 0.018028846153846152
0 0.6117788461538461 0.3269230769230769 0.12860576923076922 0.020432692307692308
0 0.6141826923076923 0.30288461538461536 0.1310096153846154 0.027644230769230768
0 0.8774038461538461 0.33653846153846156 0.13581730769230768 0.026442307692307692
0 0.6478365384615384 0.2403846153846154 0.02283653846153846 0.021634615384615384
0 0.8425480769230769 0.6899038461538461 0.10817307692307693 0.020432692307692308
0 0.5829326923076923 0.2548076923076923 0.10336538461538461 0.019230769230769232
0 0.7644230769230769 0.13822115384615385 0.12620192307692307 0.021634615384615384
0 0.765625 0.1141826923076923 0.12379807692307693 0.030048076923076924
0 0.6274038461538461 0.15865384615384615 0.13581730769230768 0.025240384615384616
0 0.6298076923076923 0.13701923076923078 0.140625 0.021634615384615384
0 0.6298076923076923 0.10576923076923077 0.14182692307692307 0.03485576923076923
0 0.4879807692307692 0.15264423076923078 0.13822115384615385 0.025240384615384616
0 0.48677884615384615 0.12740384615384615 0.13822115384615385 0.02283653846153846
0 0.4879807692307692 0.09735576923076923 0.13581730769230768 0.03245192307692308
0 0.3581730769230769 0.14302884615384615 0.11057692307692307 0.020432692307692308
0 0.359375 0.09615384615384616 0.11057692307692307 0.026442307692307692
0 0.2247596153846154 0.13581730769230768 0.1310096153846154 0.021634615384615384
0 0.22716346153846154 0.1141826923076923 0.13221153846153846 0.021634615384615384
0 0.2283653846153846 0.09014423076923077 0.12980769230769232 0.025240384615384616
0 0.09254807692307693 0.12620192307692307 0.12740384615384615 0.026442307692307692
0 0.09254807692307693 0.1045673076923077 0.12740384615384615 0.019230769230769232
0 0.09495192307692307 0.078125 0.12860576923076922 0.030048076923076924
0 0.3581730769230769 0.39663461538461536 0.11538461538461539 0.018028846153846152
0 0.7620192307692307 0.1622596153846154 0.13221153846153846 0.02403846153846154
0 0.6502403846153846 0.21634615384615385 0.02283653846153846 0.02403846153846154
0 0.8930288461538461 0.12259615384615384 0.12740384615384615 0.027644230769230768
0 0.8930288461538461 0.171875 0.12740384615384615 0.019230769230769232
0 0.5841346153846154 0.234375 0.10096153846153846 0.020432692307692308
0 0.5841346153846154 0.21153846153846154 0.09975961538461539 0.027644230769230768
0 0.47115384615384615 0.25 0.11899038461538461 0.02283653846153846
0 0.4735576923076923 0.22716346153846154 0.1141826923076923 0.02283653846153846
0 0.47475961538461536 0.20432692307692307 0.11658653846153846 0.021634615384615384
0 0.3545673076923077 0.2439903846153846 0.10817307692307693 0.019230769230769232
0 0.35697115384615385 0.22596153846153846 0.10336538461538461 0.020432692307692308
0 0.3605769230769231 0.20432692307692307 0.10216346153846154 0.021634615384615384
0 0.3641826923076923 0.1875 0.09735576923076923 0.013221153846153846
0 0.2620192307692308 0.21995192307692307 0.02403846153846154 0.02403846153846154
0 0.28846153846153844 0.22115384615384615 0.021634615384615384 0.02283653846153846
0 0.2932692307692308 0.1971153846153846 0.02283653846153846 0.025240384615384616
0 0.2668269230769231 0.19471153846153846 0.02283653846153846 0.02403846153846154
0 0.18509615384615385 0.21754807692307693 0.12259615384615384 0.026442307692307692
0 0.18990384615384615 0.18990384615384615 0.12379807692307693 0.03125
0 0.06370192307692307 0.21754807692307693 0.11658653846153846 0.02403846153846154
0 0.06490384615384616 0.19110576923076922 0.1201923076923077 0.025240384615384616
0 0.8930288461538461 0.14783653846153846 0.12620192307692307 0.02403846153846154
0 0.3581730769230769 0.41586538461538464 0.12139423076923077 0.020432692307692308
0 0.3557692307692308 0.12139423076923077 0.109375 0.02283653846153846
0 0.4831730769230769 0.3942307692307692 0.12740384615384615 0.02283653846153846
0 0.8088942307692307 0.7908653846153846 0.10576923076923077 0.016826923076923076
0 0.8125 0.7728365384615384 0.09975961538461539 0.018028846153846152
0 0.8112980769230769 0.75 0.10576923076923077 0.026442307692307692
0 0.9206730769230769 0.7920673076923077 0.09975961538461539 0.015625
0 0.9194711538461539 0.7716346153846154 0.10576923076923077 0.025240384615384616
0 0.9170673076923077 0.7487980769230769 0.08533653846153846 0.02283653846153846
0 0.9591346153846154 0.7079326923076923 0.08052884615384616 0.019230769230769232
0 0.9603365384615384 0.6862980769230769 0.07451923076923077 0.021634615384615384
0 0.9603365384615384 0.6658653846153846 0.078125 0.018028846153846152
0 0.9086538461538461 0.7115384615384616 0.018028846153846152 0.016826923076923076
0 0.9098557692307693 0.6935096153846154 0.020432692307692308 0.018028846153846152
0 0.9110576923076923 0.671875 0.020432692307692308 0.02283653846153846
0 0.84375 0.7091346153846154 0.11057692307692307 0.018028846153846152
0 0.9278846153846154 0.8978365384615384 0.07572115384615384 0.014423076923076924
0 0.8449519230769231 0.6694711538461539 0.10817307692307693 0.021634615384615384
0 0.7247596153846154 0.7067307692307693 0.11177884615384616 0.018028846153846152
0 0.7271634615384616 0.6838942307692307 0.11177884615384616 0.026442307692307692
0 0.22596153846153846 0.6754807692307693 0.11899038461538461 0.020432692307692308
0 0.3473557692307692 0.6610576923076923 0.10697115384615384 0.02283653846153846
0 0.3449519230769231 0.6838942307692307 0.11177884615384616 0.019230769230769232
0 0.3449519230769231 0.7007211538461539 0.109375 0.016826923076923076
0 0.4795673076923077 0.6550480769230769 0.12379807692307693 0.026442307692307692
0 0.47716346153846156 0.6790865384615384 0.11778846153846154 0.020432692307692308
0 0.6995192307692307 0.75 0.09014423076923077 0.016826923076923076
0 0.4735576923076923 0.6995192307692307 0.11899038461538461 0.020432692307692308
0 0.41346153846153844 0.8581730769230769 0.052884615384615384 0.01201923076923077
0 0.41346153846153844 0.8365384615384616 0.0673076923076923 0.025240384615384616
0 0.6069711538461539 0.6598557692307693 0.11778846153846154 0.025240384615384616
0 0.6045673076923077 0.6826923076923077 0.1201923076923077 0.02283653846153846
0 0.5985576923076923 0.7043269230769231 0.12379807692307693 0.018028846153846152
0 0.7259615384615384 0.6598557692307693 0.11057692307692307 0.02283653846153846
0 0.41466346153846156 0.8786057692307693 0.06009615384615385 0.025240384615384616
0 0.7007211538461539 0.7704326923076923 0.11057692307692307 0.021634615384615384
0 0.6995192307692307 0.7908653846153846 0.1045673076923077 0.019230769230769232
0 0.5865384615384616 0.7439903846153846 0.12980769230769232 0.021634615384615384
0 0.13221153846153846 0.8545673076923077 0.1141826923076923 0.02283653846153846
0 0.037259615384615384 0.8858173076923077 0.0733173076923077 0.013221153846153846
0 0.03485576923076923 0.8713942307692307 0.06850961538461539 0.013221153846153846
0 0.036057692307692304 0.8533653846153846 0.07091346153846154 0.020432692307692308
0 0.09495192307692307 0.7668269230769231 0.0985576923076923 0.014423076923076924
0 0.09735576923076923 0.7463942307692307 0.1045673076923077 0.019230769230769232
0 0.13341346153846154 0.875 0.1141826923076923 0.018028846153846152
0 0.20793269230769232 0.7620192307692307 0.11177884615384616 0.018028846153846152
0 0.3293269230769231 0.7848557692307693 0.11658653846153846 0.013221153846153846
0 0.33052884615384615 0.7668269230769231 0.11298076923076923 0.018028846153846152
0 0.3233173076923077 0.7415865384615384 0.1141826923076923 0.021634615384615384
0 0.4567307692307692 0.7668269230769231 0.12259615384615384 0.018028846153846152
0 0.4543269230769231 0.7439903846153846 0.11778846153846154 0.02283653846153846
0 0.3581730769230769 0.43509615384615385 0.1201923076923077 0.019230769230769232
0 0.2091346153846154 0.7379807692307693 0.10336538461538461 0.02403846153846154
0 0.2283653846153846 0.6526442307692307 0.1141826923076923 0.020432692307692308
0 0.13701923076923078 0.8918269230769231 0.11298076923076923 0.014423076923076924
0 0.20552884615384615 0.8737980769230769 0.025240384615384616 0.016826923076923076
0 0.5817307692307693 0.765625 0.12379807692307693 0.020432692307692308
0 0.5817307692307693 0.7872596153846154 0.1201923076923077 0.018028846153846152
0 0.9278846153846154 0.8762019230769231 0.07451923076923077 0.02283653846153846
0 0.8377403846153846 0.9002403846153846 0.09014423076923077 0.013221153846153846
0 0.8413461538461539 0.8786057692307693 0.09254807692307693 0.02283653846153846
0 0.7403846153846154 0.8978365384615384 0.0985576923076923 0.014423076923076924
0 0.2091346153846154 0.8545673076923077 0.026442307692307692 0.021634615384615384
0 0.7415865384615384 0.8810096153846154 0.09975961538461539 0.019230769230769232
0 0.5528846153846154 0.8461538461538461 0.057692307692307696 0.03485576923076923
0 0.5985576923076923 0.8870192307692307 0.13581730769230768 0.030048076923076924
0 0.6274038461538461 0.8509615384615384 0.08413461538461539 0.038461538461538464
0 0.3125 0.890625 0.13701923076923078 0.016826923076923076
0 0.3137019230769231 0.8653846153846154 0.1346153846153846 0.028846153846153848
0 0.20793269230769232 0.890625 0.025240384615384616 0.016826923076923076
0 0.7415865384615384 0.8581730769230769 0.10096153846153846 0.026442307692307692
0 0.10817307692307693 0.6754807692307693 0.1045673076923077 0.015625
0 0.45552884615384615 0.7872596153846154 0.12139423076923077 0.019230769230769232
0 0.9543269230769231 0.6262019230769231 0.09014423076923077 0.016826923076923076
0 0.47836538461538464 0.4807692307692308 0.11298076923076923 0.03125
0 0.47716346153846156 0.5060096153846154 0.11778846153846154 0.021634615384615384
0 0.47716346153846156 0.5276442307692307 0.12259615384615384 0.019230769230769232
0 0.6009615384615384 0.484375 0.12980769230769232 0.028846153846153848
0 0.6033653846153846 0.5096153846153846 0.12980769230769232 0.025240384615384616
0 0.6033653846153846 0.53125 0.12620192307692307 0.016826923076923076
0 0.7367788461538461 0.4891826923076923 0.12740384615384615 0.025240384615384616
0 0.7319711538461539 0.5132211538461539 0.12620192307692307 0.027644230769230768
0 0.7307692307692307 0.5348557692307693 0.12379807692307693 0.014423076923076924
0 0.8617788461538461 0.49399038461538464 0.11658653846153846 0.025240384615384616
0 0.8545673076923077 0.5168269230769231 0.11658653846153846 0.021634615384615384
0 0.8557692307692307 0.5360576923076923 0.11658653846153846 0.016826923076923076
0 0.9603365384615384 0.4951923076923077 0.078125 0.02403846153846154
0 0.9591346153846154 0.5192307692307693 0.08052884615384616 0.02283653846153846
0 0.9615384615384616 0.5396634615384616 0.07572115384615384 0.015625
0 0.046875 0.5504807692307693 0.09014423076923077 0.015625
0 0.04567307692307692 0.5697115384615384 0.09134615384615384 0.02403846153846154
0 0.04326923076923077 0.5913461538461539 0.08533653846153846 0.021634615384615384
0 0.15504807692307693 0.5661057692307693 0.12139423076923077 0.026442307692307692
0 0.35697115384615385 0.5252403846153846 0.11778846153846154 0.014423076923076924
0 0.15144230769230768 0.5889423076923077 0.12620192307692307 0.020432692307692308
0 0.3581730769230769 0.5072115384615384 0.11899038461538461 0.019230769230769232
0 0.25721153846153844 0.5048076923076923 0.021634615384615384 0.020432692307692308
0 0.48197115384615385 0.4182692307692308 0.12379807692307693 0.02283653846153846
0 0.11298076923076923 0.6550480769230769 0.10817307692307693 0.02283653846153846
0 0.48197115384615385 0.4387019230769231 0.12379807692307693 0.018028846153846152
0 0.6045673076923077 0.3870192307692308 0.11538461538461539 0.021634615384615384
0 0.6057692307692307 0.40625 0.11899038461538461 0.018028846153846152
0 0.6069711538461539 0.4254807692307692 0.1201923076923077 0.020432692307692308
0 0.6009615384615384 0.4423076923076923 0.1141826923076923 0.013221153846153846
0 0.7355769230769231 0.39663461538461536 0.13341346153846154 0.026442307692307692
0 0.7355769230769231 0.4230769230769231 0.13221153846153846 0.027644230769230768
0 0.734375 0.44591346153846156 0.12980769230769232 0.013221153846153846
0 0.8762019230769231 0.40625 0.12980769230769232 0.030048076923076924
0 0.8713942307692307 0.42908653846153844 0.13341346153846154 0.019230769230769232
0 0.8665865384615384 0.44711538461538464 0.12980769230769232 0.019230769230769232
0 0.0625 0.4951923076923077 0.11778846153846154 0.02283653846153846
0 0.18990384615384615 0.47596153846153844 0.11899038461538461 0.028846153846153848
0 0.18509615384615385 0.5060096153846154 0.1201923076923077 0.028846153846153848
0 0.25841346153846156 0.4807692307692308 0.021634615384615384 0.025240384615384616
0 0.28365384615384615 0.4807692307692308 0.027644230769230768 0.026442307692307692
0 0.2824519230769231 0.5036057692307693 0.026442307692307692 0.019230769230769232
0 0.359375 0.48677884615384615 0.11899038461538461 0.021634615384615384
0 0.22596153846153846 0.5889423076923077 0.020432692307692308 0.020432692307692308
0 0.06490384615384616 0.4699519230769231 0.12740384615384615 0.026442307692307692
0 0.24639423076923078 0.5709134615384616 0.020432692307692308 0.021634615384615384
0 0.7223557692307693 0.6201923076923077 0.11298076923076923 0.014423076923076924
0 0.7259615384615384 0.6033653846153846 0.1141826923076923 0.016826923076923076
0 0.8461538461538461 0.625 0.11899038461538461 0.019230769230769232
0 0.9603365384615384 0.5817307692307693 0.078125 0.02283653846153846
0 0.9555288461538461 0.6057692307692307 0.08413461538461539 0.02403846153846154
0 0.22596153846153846 0.5649038461538461 0.015625 0.02403846153846154
0 0.8533653846153846 0.5829326923076923 0.11658653846153846 0.02403846153846154
0 0.7307692307692307 0.5805288461538461 0.11899038461538461 0.02403846153846154
0 0.5997596153846154 0.6177884615384616 0.125 0.014423076923076924
0 0.6033653846153846 0.5973557692307693 0.12620192307692307 0.02403846153846154
0 0.8485576923076923 0.6045673076923077 0.12379807692307693 0.018028846153846152
0 0.47836538461538464 0.6177884615384616 0.11658653846153846 0.01201923076923077
0 0.6057692307692307 0.5733173076923077 0.12620192307692307 0.021634615384615384
0 0.3485576923076923 0.5925480769230769 0.12620192307692307 0.020432692307692308
0 0.34975961538461536 0.6117788461538461 0.125 0.019230769230769232
0 0.3473557692307692 0.5661057692307693 0.12379807692307693 0.030048076923076924
0 0.24759615384615385 0.5913461538461539 0.019230769230769232 0.020432692307692308
0 0.48197115384615385 0.5625 0.11177884615384616 0.016826923076923076
0 0.2692307692307692 0.5925480769230769 0.027644230769230768 0.019230769230769232
0 0.2692307692307692 0.5709134615384616 0.020432692307692308 0.02283653846153846
0 0.4807692307692308 0.5817307692307693 0.1141826923076923 0.021634615384615384
0 0.47716346153846156 0.6021634615384616 0.1141826923076923 0.018028846153846152