0 0.7055288461538461 0.5336538461538461 0.05048076923076923 0.018028846153846152
0 0.7127403846153846 0.5096153846153846 0.04447115384615385 0.020432692307692308
0 0.31850961538461536 0.38100961538461536 0.030048076923076924 0.020432692307692308
0 0.4639423076923077 0.4014423076923077 0.021634615384615384 0.026442307692307692
0 0.5072115384615384 0.4014423076923077 0.036057692307692304 0.028846153846153848
0 0.5504807692307693 0.39663461538461536 0.040865384615384616 0.026442307692307692
0 0.5504807692307693 0.36538461538461536 0.04447115384615385 0.03245192307692308
0 0.6105769230769231 0.3629807692307692 0.057692307692307696 0.026442307692307692
0 0.6730769230769231 0.3605769230769231 0.056490384615384616 0.026442307692307692
0 0.7307692307692307 0.359375 0.052884615384615384 0.026442307692307692
0 0.6081730769230769 0.39663461538461536 0.051682692307692304 0.030048076923076924
0 0.6490384615384616 0.5564903846153846 0.04326923076923077 0.018028846153846152
0 0.6490384615384616 0.5336538461538461 0.04807692307692308 0.02403846153846154
0 0.6033653846153846 0.5516826923076923 0.037259615384615384 0.02283653846153846
0 0.5685096153846154 0.5516826923076923 0.025240384615384616 0.02403846153846154
0 0.5276442307692307 0.5528846153846154 0.038461538461538464 0.02283653846153846
0 0.6021634615384616 0.5240384615384616 0.03485576923076923 0.027644230769230768
0 0.7271634615384616 0.3954326923076923 0.06009615384615385 0.03485576923076923
0 0.8137019230769231 0.3894230769230769 0.021634615384615384 0.040865384615384616
0 0.8413461538461539 0.38341346153846156 0.03365384615384615 0.052884615384615384
0 0.8762019230769231 0.3870192307692308 0.026442307692307692 0.042067307692307696
0 0.9146634615384616 0.3858173076923077 0.04326923076923077 0.057692307692307696
0 0.9555288461538461 0.3858173076923077 0.03365384615384615 0.055288461538461536
0 0.4879807692307692 0.37740384615384615 0.03365384615384615 0.015625
0 0.453125 0.375 0.030048076923076924 0.013221153846153846
0 0.41947115384615385 0.3762019230769231 0.03365384615384615 0.010817307692307692
0 0.43028846153846156 0.39783653846153844 0.037259615384615384 0.03125
0 0.03125 0.49038461538461536 0.03365384615384615 0.026442307692307692
0 0.38822115384615385 0.39663461538461536 0.030048076923076924 0.028846153846153848
0 0.32211538461538464 0.40384615384615385 0.03125 0.025240384615384616
0 0.19951923076923078 0.4110576923076923 0.04447115384615385 0.010817307692307692
0 0.24278846153846154 0.4110576923076923 0.03485576923076923 0.010817307692307692
0 0.2860576923076923 0.38100961538461536 0.030048076923076924 0.019230769230769232
0 0.5084134615384616 0.7800480769230769 0.027644230769230768 0.057692307692307696
0 0.5348557692307693 0.7776442307692307 0.026442307692307692 0.054086538461538464
0 0.5661057692307693 0.78125 0.036057692307692304 0.04567307692307692
0 0.59375 0.7836538461538461 0.019230769230769232 0.052884615384615384
0 0.6177884615384616 0.7908653846153846 0.027644230769230768 0.039663461538461536
0 0.6418269230769231 0.7896634615384616 0.018028846153846152 0.04807692307692308
0 0.6658653846153846 0.7872596153846154 0.025240384615384616 0.04927884615384615
0 0.7043269230769231 0.7860576923076923 0.03365384615384615 0.05889423076923077
0 0.7379807692307693 0.7884615384615384 0.02403846153846154 0.046875
0 0.7908653846153846 0.8040865384615384 0.020432692307692308 0.04447115384615385
0 0.8125 0.8149038461538461 0.020432692307692308 0.02283653846153846
0 0.8125 0.7884615384615384 0.018028846153846152 0.03245192307692308
0 0.8425480769230769 0.8149038461538461 0.018028846153846152 0.04447115384615385
0 0.8725961538461539 0.8088942307692307 0.03365384615384615 0.051682692307692304
0 0.9050480769230769 0.8052884615384616 0.03245192307692308 0.04567307692307692
0 0.9399038461538461 0.8076923076923077 0.030048076923076924 0.04567307692307692
0 0.9771634615384616 0.8112980769230769 0.042067307692307696 0.04807692307692308
0 0.859375 0.7596153846153846 0.03125 0.036057692307692304
0 0.8894230769230769 0.7596153846153846 0.026442307692307692 0.03245192307692308
0 0.9206730769230769 0.7608173076923077 0.03365384615384615 0.03365384615384615
0 0.3557692307692308 0.39903846153846156 0.03125 0.028846153846153848
0 0.08533653846153846 0.47475961538461536 0.05889423076923077 0.057692307692307696
0 0.15504807692307693 0.46033653846153844 0.06009615384615385 0.015625
0 0.15625 0.4807692307692308 0.046875 0.015625
0 0.5673076923076923 0.5228365384615384 0.03245192307692308 0.03245192307692308
0 0.5264423076923077 0.5216346153846154 0.036057692307692304 0.03245192307692308
0 0.484375 0.5492788461538461 0.03365384615384615 0.02403846153846154
0 0.4831730769230769 0.5240384615384616 0.03245192307692308 0.025240384615384616
0 0.44471153846153844 0.5228365384615384 0.036057692307692304 0.021634615384615384
0 0.44591346153846156 0.5528846153846154 0.028846153846153848 0.02283653846153846
0 0.40865384615384615 0.5528846153846154 0.027644230769230768 0.026442307692307692
0 0.40865384615384615 0.5228365384615384 0.036057692307692304 0.021634615384615384
0 0.36658653846153844 0.5564903846153846 0.04447115384615385 0.015625
0 0.3641826923076923 0.5336538461538461 0.04807692307692308 0.018028846153846152
0 0.328125 0.5444711538461539 0.02403846153846154 0.03245192307692308
0 0.30408653846153844 0.5444711538461539 0.02283653846153846 0.03125
0 0.27283653846153844 0.5444711538461539 0.03125 0.03125
0 0.24278846153846154 0.5432692307692307 0.026442307692307692 0.036057692307692304
0 0.953125 0.7608173076923077 0.026442307692307692 0.030048076923076924
0 0.9831730769230769 0.765625 0.03125 0.03485576923076923
0 0.7608173076923077 0.7560096153846154 0.021634615384615384 0.019230769230769232
0 0.7860576923076923 0.7560096153846154 0.019230769230769232 0.027644230769230768
0 0.8100961538461539 0.7584134615384616 0.014423076923076924 0.019230769230769232
0 0.8317307692307693 0.7596153846153846 0.019230769230769232 0.026442307692307692
0 0.2512019230769231 0.734375 0.0673076923076923 0.03245192307692308
0 0.3449519230769231 0.7355769230769231 0.07692307692307693 0.020432692307692308
0 0.42788461538461536 0.7403846153846154 0.06971153846153846 0.028846153846153848
0 0.2127403846153846 0.5516826923076923 0.014423076923076924 0.025240384615384616
0 0.2127403846153846 0.5228365384615384 0.02403846153846154 0.026442307692307692
0 0.19110576923076922 0.5408653846153846 0.021634615384615384 0.037259615384615384
0 0.15264423076923078 0.5552884615384616 0.040865384615384616 0.015625
0 0.21875 0.4807692307692308 0.052884615384615384 0.018028846153846152
0 0.2800480769230769 0.4807692307692308 0.057692307692307696 0.015625
0 0.2776442307692308 0.4579326923076923 0.05889423076923077 0.018028846153846152
0 0.3425480769230769 0.4795673076923077 0.057692307692307696 0.016826923076923076
0 0.4050480769230769 0.47596153846153844 0.04927884615384615 0.015625
0 0.4026442307692308 0.4567307692307692 0.057692307692307696 0.018028846153846152
0 0.4675480769230769 0.4795673076923077 0.06129807692307692 0.021634615384615384
0 0.48677884615384615 0.45072115384615385 0.0625 0.018028846153846152
0 0.546875 0.4519230769230769 0.05048076923076923 0.019230769230769232
0 0.5985576923076923 0.4519230769230769 0.042067307692307696 0.018028846153846152
0 0.6526442307692307 0.4519230769230769 0.06009615384615385 0.016826923076923076
0 0.48197115384615385 0.7860576923076923 0.02403846153846154 0.038461538461538464
0 0.5300480769230769 0.4807692307692308 0.0625 0.02283653846153846
0 0.6526442307692307 0.48197115384615385 0.054086538461538464 0.020432692307692308
0 0.7163461538461539 0.4807692307692308 0.052884615384615384 0.02283653846153846
0 0.7235576923076923 0.4519230769230769 0.057692307692307696 0.016826923076923076
0 0.7764423076923077 0.4735576923076923 0.042067307692307696 0.03365384615384615
0 0.8197115384615384 0.4855769230769231 0.039663461538461536 0.009615384615384616
0 0.8209134615384616 0.4675480769230769 0.039663461538461536 0.018028846153846152
0 0.8798076923076923 0.4831730769230769 0.055288461538461536 0.013221153846153846
0 0.8725961538461539 0.4543269230769231 0.04807692307692308 0.019230769230769232
0 0.9435096153846154 0.4795673076923077 0.051682692307692304 0.026442307692307692
0 0.9399038461538461 0.4519230769230769 0.04567307692307692 0.02403846153846154
0 0.15144230769230768 0.5396634615384616 0.038461538461538464 0.013221153846153846
0 0.59375 0.4795673076923077 0.052884615384615384 0.021634615384615384
0 0.43509615384615385 0.7860576923076923 0.06129807692307692 0.036057692307692304
0 0.6658653846153846 0.39663461538461536 0.051682692307692304 0.03365384615384615
0 0.28846153846153844 0.7788461538461539 0.07211538461538461 0.039663461538461536
0 0.6490384615384616 0.6286057692307693 0.037259615384615384 0.028846153846153848
0 0.6610576923076923 0.59375 0.037259615384615384 0.025240384615384616
0 0.6189903846153846 0.5925480769230769 0.03485576923076923 0.02403846153846154
0 0.3629807692307692 0.7788461538461539 0.06971153846153846 0.036057692307692304
0 0.609375 0.6262019230769231 0.03365384615384615 0.027644230769230768
0 0.5757211538461539 0.6274038461538461 0.02403846153846154 0.02283653846153846
0 0.7019230769230769 0.6298076923076923 0.04326923076923077 0.028846153846153848
0 0.5372596153846154 0.6286057692307693 0.03245192307692308 0.014423076923076924
0 0.5060096153846154 0.59375 0.019230769230769232 0.018028846153846152
0 0.46033653846153844 0.5901442307692307 0.03485576923076923 0.021634615384615384
0 0.4254807692307692 0.5889423076923077 0.030048076923076924 0.020432692307692308
0 0.3870192307692308 0.5889423076923077 0.036057692307692304 0.02403846153846154
0 0.5060096153846154 0.6286057692307693 0.016826923076923076 0.02403846153846154
0 0.4879807692307692 0.6225961538461539 0.019230769230769232 0.02403846153846154
0 0.5372596153846154 0.609375 0.030048076923076924 0.016826923076923076
0 0.46274038461538464 0.6237980769230769 0.030048076923076924 0.025240384615384616
0 0.7127403846153846 0.59375 0.042067307692307696 0.02283653846153846
0 0.7560096153846154 0.5925480769230769 0.018028846153846152 0.020432692307692308
0 0.234375 0.6778846153846154 0.027644230769230768 0.04326923076923077
0 0.20552884615384615 0.6778846153846154 0.02403846153846154 0.04927884615384615
0 0.18389423076923078 0.6766826923076923 0.021634615384615384 0.04807692307692308
0 0.15745192307692307 0.6766826923076923 0.02403846153846154 0.04927884615384615
0 0.9615384615384616 0.6358173076923077 0.055288461538461536 0.030048076923076924
0 0.921875 0.6346153846153846 0.018028846153846152 0.03485576923076923
0 0.7439903846153846 0.6286057692307693 0.026442307692307692 0.03365384615384615
0 0.8473557692307693 0.5985576923076923 0.02283653846153846 0.020432692307692308
0 0.8990384615384616 0.6310096153846154 0.021634615384615384 0.036057692307692304
0 0.8774038461538461 0.6322115384615384 0.019230769230769232 0.038461538461538464
0 0.8545673076923077 0.6298076923076923 0.019230769230769232 0.03485576923076923
0 0.8317307692307693 0.6322115384615384 0.019230769230769232 0.028846153846153848
0 0.8064903846153846 0.6298076923076923 0.021634615384615384 0.03125
0 0.7836538461538461 0.6298076923076923 0.02403846153846154 0.037259615384615384
0 0.8293269230769231 0.5985576923076923 0.010817307692307692 0.02283653846153846
0 0.25961538461538464 0.6802884615384616 0.016826923076923076 0.04447115384615385
0 0.43149038461538464 0.6201923076923077 0.028846153846153848 0.028846153846153848
0 0.3581730769230769 0.6225961538461539 0.026442307692307692 0.030048076923076924
0 0.2824519230769231 0.4050480769230769 0.03245192307692308 0.02283653846153846
0 0.027644230769230768 0.31490384615384615 0.05048076923076923 0.04447115384615385
0 0.09615384615384616 0.3161057692307692 0.052884615384615384 0.05048076923076923
0 0.2512019230769231 0.32091346153846156 0.051682692307692304 0.037259615384615384
0 0.9206730769230769 0.5625 0.04927884615384615 0.026442307692307692
0 0.859375 0.5588942307692307 0.05048076923076923 0.020432692307692308
0 0.3088942307692308 0.32211538461538464 0.06370192307692307 0.03365384615384615
0 0.8125 0.5588942307692307 0.04326923076923077 0.020432692307692308
0 0.921875 0.5144230769230769 0.052884615384615384 0.015625
0 0.8641826923076923 0.5324519230769231 0.04326923076923077 0.02403846153846154
0 0.8125 0.5336538461538461 0.04567307692307692 0.026442307692307692
0 0.7584134615384616 0.5588942307692307 0.04927884615384615 0.014423076923076924
0 0.7596153846153846 0.5336538461538461 0.05048076923076923 0.02283653846153846
0 0.7019230769230769 0.5576923076923077 0.042067307692307696 0.015625
0 0.921875 0.5360576923076923 0.052884615384615384 0.018028846153846152
0 0.390625 0.6225961538461539 0.03365384615384615 0.027644230769230768
0 0.32091346153846156 0.29086538461538464 0.04447115384615385 0.025240384615384616
0 0.421875 0.31971153846153844 0.03365384615384615 0.03125
0 0.328125 0.6117788461538461 0.015625 0.052884615384615384
0 0.3076923076923077 0.6105769230769231 0.016826923076923076 0.046875
0 0.28125 0.6237980769230769 0.03365384615384615 0.018028846153846152
0 0.24519230769230768 0.6237980769230769 0.03125 0.018028846153846152
0 0.25240384615384615 0.5997596153846154 0.04567307692307692 0.025240384615384616
0 0.21033653846153846 0.6165865384615384 0.021634615384615384 0.015625
0 0.36778846153846156 0.32091346153846156 0.05048076923076923 0.030048076923076924
0 0.17548076923076922 0.6177884615384616 0.040865384615384616 0.019230769230769232
0 0.9723557692307693 0.5552884615384616 0.038461538461538464 0.03365384615384615
0 0.5889423076923077 0.3173076923076923 0.06009615384615385 0.03365384615384615
0 0.53125 0.31850961538461536 0.038461538461538464 0.030048076923076924
0 0.4879807692307692 0.31971153846153844 0.026442307692307692 0.028846153846153848
0 0.4543269230769231 0.32211538461538464 0.027644230769230768 0.03125
0 0.3918269230769231 0.29447115384615385 0.055288461538461536 0.016826923076923076
0 0.19110576923076922 0.5913461538461539 0.042067307692307696 0.02283653846153846
0 0.27884615384615385 0.6790865384615384 0.015625 0.04567307692307692
0 0.5829326923076923 0.59375 0.03485576923076923 0.025240384615384616
0 0.6694711538461539 0.703125 0.0889423076923077 0.025240384615384616
0 0.4375 0.6826923076923077 0.026442307692307692 0.055288461538461536
0 0.4639423076923077 0.6730769230769231 0.027644230769230768 0.014423076923076924
0 0.6538461538461539 0.31490384615384615 0.0625 0.030048076923076924
0 0.7055288461538461 0.3137019230769231 0.036057692307692304 0.030048076923076924
0 0.46634615384615385 0.6887019230769231 0.026442307692307692 0.010817307692307692
0 0.4675480769230769 0.703125 0.02403846153846154 0.01201923076923077
0 0.4987980769230769 0.6935096153846154 0.025240384615384616 0.038461538461538464
0 0.5396634615384616 0.6850961538461539 0.021634615384615384 0.05048076923076923
0 0.5661057692307693 0.6899038461538461 0.025240384615384616 0.055288461538461536
0 0.6033653846153846 0.6875 0.03245192307692308 0.05889423076923077
0 0.17668269230769232 0.7776442307692307 0.05048076923076923 0.028846153846153848
0 0.7487980769230769 0.6947115384615384 0.055288461538461536 0.06129807692307692
0 0.8064903846153846 0.6995192307692307 0.042067307692307696 0.05048076923076923
0 0.8461538461538461 0.7019230769230769 0.03125 0.055288461538461536
0 0.8870192307692307 0.703125 0.04326923076923077 0.051682692307692304
0 0.7475961538461539 0.31490384615384615 0.046875 0.03245192307692308
0 0.9338942307692307 0.3004807692307692 0.036057692307692304 0.04447115384615385
0 0.9747596153846154 0.2980769230769231 0.037259615384615384 0.04807692307692308
0 0.046875 0.40384615384615385 0.04567307692307692 0.02283653846153846
0 0.08413461538461539 0.4050480769230769 0.02403846153846154 0.026442307692307692
0 0.11057692307692307 0.4050480769230769 0.020432692307692308 0.025240384615384616
0 0.15144230769230768 0.39903846153846156 0.054086538461538464 0.013221153846153846
0 0.1502403846153846 0.41225961538461536 0.04567307692307692 0.013221153846153846
0 0.20072115384615385 0.39302884615384615 0.04807692307692308 0.015625
0 0.24759615384615385 0.3942307692307692 0.03485576923076923 0.013221153846153846
0 0.921875 0.7019230769230769 0.028846153846153848 0.05048076923076923
0 0.9603365384615384 0.703125 0.037259615384615384 0.056490384615384616
0 0.10096153846153846 0.7427884615384616 0.06850961538461539 0.027644230769230768
0 0.10336538461538461 0.7752403846153846 0.06850961538461539 0.027644230769230768
0 0.4098557692307692 0.6862980769230769 0.02403846153846154 0.046875
0 0.38100961538461536 0.6814903846153846 0.028846153846153848 0.051682692307692304
0 0.22716346153846154 0.7776442307692307 0.036057692307692304 0.03125
0 0.3245192307692308 0.6814903846153846 0.030048076923076924 0.051682692307692304
0 0.3545673076923077 0.6826923076923077 0.027644230769230768 0.051682692307692304
0 0.2980769230769231 0.6838942307692307 0.020432692307692308 0.040865384615384616