0 0.5132211538461539 0.2403846153846154 0.02283653846153846 0.051682692307692304
0 0.7752403846153846 0.3473557692307692 0.019230769230769232 0.06850961538461539
0 0.7956730769230769 0.34975961538461536 0.020432692307692308 0.06370192307692307
0 0.8197115384615384 0.35336538461538464 0.026442307692307692 0.0673076923076923
0 0.8858173076923077 0.24278846153846154 0.038461538461538464 0.0889423076923077
0 0.8473557692307693 0.24158653846153846 0.037259615384615384 0.08653846153846154
0 0.8112980769230769 0.2403846153846154 0.03245192307692308 0.09014423076923077
0 0.7752403846153846 0.23918269230769232 0.038461538461538464 0.0889423076923077
0 0.7403846153846154 0.24278846153846154 0.02403846153846154 0.07692307692307693
0 0.7536057692307693 0.34375 0.021634615384615384 0.06490384615384616
0 0.7151442307692307 0.24278846153846154 0.02283653846153846 0.06850961538461539
0 0.7163461538461539 0.5096153846153846 0.013221153846153846 0.06370192307692307
0 0.703125 0.5060096153846154 0.01201923076923077 0.07211538461538461
0 0.6911057692307693 0.5024038461538461 0.01201923076923077 0.07451923076923077
0 0.6766826923076923 0.49759615384615385 0.01201923076923077 0.06490384615384616
0 0.6634615384615384 0.49278846153846156 0.01201923076923077 0.0673076923076923
0 0.5300480769230769 0.24158653846153846 0.010817307692307692 0.054086538461538464
0 0.5048076923076923 0.3125 0.01201923076923077 0.046875
0 0.8197115384615384 0.4483173076923077 0.020432692307692308 0.06971153846153846
0 0.7307692307692307 0.5144230769230769 0.014423076923076924 0.06610576923076923
0 0.7331730769230769 0.34134615384615385 0.014423076923076924 0.0625
0 0.7151442307692307 0.3401442307692308 0.018028846153846152 0.06129807692307692
0 0.08173076923076923 0.23798076923076922 0.018028846153846152 0.015625
0 0.5877403846153846 0.32091346153846156 0.01201923076923077 0.056490384615384616
0 0.5745192307692307 0.3161057692307692 0.013221153846153846 0.051682692307692304
0 0.5612980769230769 0.31490384615384615 0.013221153846153846 0.052884615384615384
0 0.5444711538461539 0.3112980769230769 0.018028846153846152 0.051682692307692304
0 0.5300480769230769 0.3125 0.01201923076923077 0.054086538461538464
0 0.5168269230769231 0.3137019230769231 0.01201923076923077 0.04927884615384615
0 0.6045673076923077 0.3245192307692308 0.018028846153846152 0.057692307692307696
0 0.6189903846153846 0.3245192307692308 0.014423076923076924 0.057692307692307696
0 0.6358173076923077 0.32572115384615385 0.016826923076923076 0.06370192307692307
0 0.6574519230769231 0.328125 0.018028846153846152 0.06129807692307692
0 0.6766826923076923 0.33533653846153844 0.015625 0.06129807692307692
0 0.4879807692307692 0.2403846153846154 0.01201923076923077 0.04807692307692308
0 0.4699519230769231 0.23918269230769232 0.019230769230769232 0.046875
0 0.6935096153846154 0.3329326923076923 0.015625 0.06490384615384616
0 0.4338942307692308 0.3786057692307692 0.04326923076923077 0.03125
0 0.421875 0.24278846153846154 0.015625 0.030048076923076924
0 0.40384615384615385 0.24158653846153846 0.015625 0.03365384615384615
0 0.0829326923076923 0.25600961538461536 0.019230769230769232 0.013221153846153846
0 0.10336538461538461 0.2403846153846154 0.019230769230769232 0.016826923076923076
0 0.7439903846153846 0.5192307692307693 0.013221153846153846 0.06971153846153846
0 0.7584134615384616 0.5240384615384616 0.013221153846153846 0.07451923076923077
0 0.1045673076923077 0.25841346153846156 0.016826923076923076 0.014423076923076924
0 0.5997596153846154 0.39783653846153844 0.01201923076923077 0.055288461538461536
0 0.7127403846153846 0.4230769230769231 0.020432692307692308 0.078125
0 0.7295673076923077 0.4254807692307692 0.015625 0.0733173076923077
0 0.7439903846153846 0.43149038461538464 0.014423076923076924 0.0829326923076923
0 0.5564903846153846 0.4567307692307692 0.014423076923076924 0.06129807692307692
0 0.5745192307692307 0.46153846153846156 0.016826923076923076 0.06370192307692307
0 0.5877403846153846 0.4639423076923077 0.01201923076923077 0.06370192307692307
0 0.6033653846153846 0.4699519230769231 0.014423076923076924 0.06009615384615385
0 0.6189903846153846 0.47596153846153844 0.015625 0.05889423076923077
0 0.6875 0.41586538461538464 0.02403846153846154 0.07572115384615384
0 0.6502403846153846 0.4879807692307692 0.01201923076923077 0.06129807692307692
0 0.6682692307692307 0.24278846153846154 0.021634615384615384 0.056490384615384616
0 0.6466346153846154 0.24278846153846154 0.018028846153846152 0.05889423076923077
0 0.6286057692307693 0.24158653846153846 0.014423076923076924 0.057692307692307696
0 0.6069711538461539 0.24158653846153846 0.019230769230769232 0.055288461538461536
0 0.5841346153846154 0.24158653846153846 0.019230769230769232 0.057692307692307696
0 0.5649038461538461 0.2403846153846154 0.016826923076923076 0.056490384615384616
0 0.7728365384615384 0.5264423076923077 0.015625 0.078125
0 0.5480769230769231 0.2403846153846154 0.019230769230769232 0.055288461538461536
0 0.6887019230769231 0.2403846153846154 0.020432692307692308 0.06610576923076923
0 0.6658653846153846 0.41225961538461536 0.02403846153846154 0.07451923076923077
0 0.6346153846153846 0.4795673076923077 0.014423076923076924 0.06490384615384616
0 0.8016826923076923 0.44591346153846156 0.014423076923076924 0.07091346153846154
0 0.6298076923076923 0.4050480769230769 0.013221153846153846 0.057692307692307696
0 0.6442307692307693 0.4074519230769231 0.014423076923076924 0.06009615384615385
0 0.7896634615384616 0.5300480769230769 0.015625 0.07572115384615384
0 0.8100961538461539 0.5480769230769231 0.015625 0.051682692307692304
0 0.9350961538461539 0.4639423076923077 0.02283653846153846 0.042067307692307696
0 0.9278846153846154 0.5012019230769231 0.03125 0.030048076923076924
0 0.6141826923076923 0.40024038461538464 0.014423076923076924 0.06129807692307692
0 0.9194711538461539 0.5649038461538461 0.03245192307692308 0.03245192307692308
0 0.9146634615384616 0.5997596153846154 0.03245192307692308 0.03125
0 0.8521634615384616 0.5769230769230769 0.042067307692307696 0.028846153846153848
0 0.8641826923076923 0.4831730769230769 0.04326923076923077 0.037259615384615384
0 0.8557692307692307 0.5420673076923077 0.04447115384615385 0.036057692307692304
0 0.9050480769230769 0.6550480769230769 0.038461538461538464 0.040865384615384616
0 0.8365384615384616 0.625 0.042067307692307696 0.037259615384615384
0 0.8317307692307693 0.6646634615384616 0.05048076923076923 0.03485576923076923
0 0.9002403846153846 0.6971153846153846 0.040865384615384616 0.03485576923076923
0 0.8798076923076923 0.7788461538461539 0.042067307692307696 0.04927884615384615
0 0.8197115384615384 0.7439903846153846 0.040865384615384616 0.055288461538461536
0 0.7692307692307693 0.4387019230769231 0.016826923076923076 0.06490384615384616
0 0.7848557692307693 0.4423076923076923 0.016826923076923076 0.0673076923076923