0 0.6382211538461539 0.07451923076923077 0.04927884615384615 0.10096153846153846
0 0.625 0.4110576923076923 0.03125 0.06009615384615385
0 0.59375 0.4074519230769231 0.027644230769230768 0.06370192307692307
0 0.5637019230769231 0.40625 0.03245192307692308 0.0625
0 0.5288461538461539 0.40865384615384615 0.037259615384615384 0.057692307692307696
0 0.49399038461538464 0.4074519230769231 0.030048076923076924 0.054086538461538464
0 0.4639423076923077 0.4050480769230769 0.03245192307692308 0.05889423076923077
0 0.4326923076923077 0.40625 0.027644230769230768 0.06129807692307692
0 0.40384615384615385 0.40625 0.03125 0.0625
0 0.36899038461538464 0.40625 0.03245192307692308 0.06370192307692307
0 0.33653846153846156 0.40865384615384615 0.03245192307692308 0.057692307692307696
0 0.3016826923076923 0.4074519230769231 0.03125 0.06009615384615385
0 0.2704326923076923 0.40865384615384615 0.03125 0.06009615384615385
0 0.23798076923076922 0.4098557692307692 0.03365384615384615 0.05889423076923077
0 0.20552884615384615 0.40865384615384615 0.03125 0.056490384615384616
0 0.17067307692307693 0.40625 0.03365384615384615 0.06009615384615385
0 0.1201923076923077 0.3557692307692308 0.04326923076923077 0.054086538461538464
0 0.07572115384615384 0.3581730769230769 0.04326923076923077 0.056490384615384616
0 0.027644230769230768 0.35697115384615385 0.046875 0.04927884615384615
0 0.07091346153846154 0.29447115384615385 0.04447115384615385 0.055288461538461536
0 0.11177884615384616 0.2932692307692308 0.037259615384615384 0.055288461538461536
0 0.6574519230769231 0.40865384615384615 0.03365384615384615 0.05889423076923077
0 0.6899038461538461 0.40625 0.03125 0.06370192307692307
0 0.7211538461538461 0.4050480769230769 0.03125 0.057692307692307696
0 0.7524038461538461 0.40625 0.028846153846153848 0.054086538461538464
0 0.47596153846153844 0.5 0.036057692307692304 0.06370192307692307
0 0.43990384615384615 0.4963942307692308 0.036057692307692304 0.06971153846153846
0 0.4050480769230769 0.4963942307692308 0.03365384615384615 0.06850961538461539
0 0.37259615384615385 0.5 0.03245192307692308 0.06129807692307692
0 0.3401442307692308 0.5 0.03125 0.06370192307692307
0 0.3076923076923077 0.5012019230769231 0.03245192307692308 0.06129807692307692
0 0.27403846153846156 0.5012019230769231 0.03245192307692308 0.05889423076923077
0 0.24158653846153846 0.5012019230769231 0.03245192307692308 0.05889423076923077
0 0.2091346153846154 0.5012019230769231 0.03245192307692308 0.06009615384615385
0 0.17668269230769232 0.4987980769230769 0.03245192307692308 0.0673076923076923
0 0.1310096153846154 0.49399038461538464 0.04447115384615385 0.055288461538461536
0 0.0829326923076923 0.49038461538461536 0.039663461538461536 0.056490384615384616
0 0.03485576923076923 0.484375 0.052884615384615384 0.04807692307692308
0 0.026442307692307692 0.4266826923076923 0.036057692307692304 0.05889423076923077
0 0.0733173076923077 0.42908653846153844 0.046875 0.06129807692307692
0 0.12860576923076922 0.43028846153846156 0.040865384615384616 0.056490384615384616
0 0.9867788461538461 0.4182692307692308 0.021634615384615384 0.038461538461538464
0 0.9459134615384616 0.4182692307692308 0.06009615384615385 0.03365384615384615
0 0.8894230769230769 0.4170673076923077 0.051682692307692304 0.03365384615384615
0 0.8341346153846154 0.4170673076923077 0.05889423076923077 0.03365384615384615
0 0.7860576923076923 0.40625 0.03245192307692308 0.055288461538461536
0 0.9759615384615384 0.34375 0.046875 0.036057692307692304
0 0.9242788461538461 0.3425480769230769 0.057692307692307696 0.03245192307692308
0 0.8653846153846154 0.3401442307692308 0.056490384615384616 0.036057692307692304
0 0.8064903846153846 0.34134615384615385 0.06009615384615385 0.036057692307692304
0 0.30649038461538464 0.23677884615384615 0.04927884615384615 0.0625
0 0.25721153846153844 0.23798076923076922 0.04807692307692308 0.0625
0 0.2091346153846154 0.23798076923076922 0.04807692307692308 0.0625
0 0.6694711538461539 0.6502403846153846 0.03485576923076923 0.036057692307692304
0 0.7007211538461539 0.6478365384615384 0.025240384615384616 0.030048076923076924
0 0.12139423076923077 0.028846153846153848 0.17548076923076922 0.055288461538461536
0 0.2956730769230769 0.030048076923076924 0.17307692307692307 0.054086538461538464
0 0.47115384615384615 0.030048076923076924 0.17668269230769232 0.057692307692307696
0 0.03125 0.09254807692307693 0.06009615384615385 0.06610576923076923
0 0.13701923076923078 0.09254807692307693 0.15144230769230768 0.06610576923076923
0 0.2980769230769231 0.09254807692307693 0.17067307692307693 0.06610576923076923
0 0.47115384615384615 0.09495192307692307 0.17427884615384615 0.06850961538461539
0 0.5889423076923077 0.0733173076923077 0.04807692307692308 0.10336538461538461
0 0.1622596153846154 0.23798076923076922 0.046875 0.06370192307692307
0 0.6862980769230769 0.07692307692307693 0.046875 0.10576923076923077
0 0.7427884615384616 0.07932692307692307 0.06490384615384616 0.1045673076923077
0 0.8197115384615384 0.0829326923076923 0.07451923076923077 0.09254807692307693
0 0.8882211538461539 0.078125 0.0625 0.10096153846153846
0 0.9639423076923077 0.0829326923076923 0.06129807692307692 0.10096153846153846
0 0.8846153846153846 0.2127403846153846 0.06009615384615385 0.036057692307692304
0 0.9302884615384616 0.21394230769230768 0.028846153846153848 0.037259615384615384
0 0.3557692307692308 0.23798076923076922 0.046875 0.06370192307692307
0 0.4014423076923077 0.23677884615384615 0.046875 0.06490384615384616
0 0.4567307692307692 0.23918269230769232 0.06490384615384616 0.06610576923076923
0 0.5180288461538461 0.23798076923076922 0.05889423076923077 0.0673076923076923
0 0.7475961538461539 0.328125 0.057692307692307696 0.0625
0 0.6899038461538461 0.328125 0.05889423076923077 0.06129807692307692
0 0.6286057692307693 0.3269230769230769 0.0625 0.06129807692307692
0 0.5697115384615384 0.328125 0.056490384615384616 0.0625
0 0.5108173076923077 0.328125 0.05889423076923077 0.0625
0 0.4519230769230769 0.3293269230769231 0.05889423076923077 0.06370192307692307
0 0.3894230769230769 0.32572115384615385 0.06490384615384616 0.06971153846153846
0 0.33052884615384615 0.32572115384615385 0.054086538461538464 0.07091346153846154
0 0.2704326923076923 0.3269230769230769 0.06490384615384616 0.06971153846153846
0 0.21394230769230768 0.3245192307692308 0.04927884615384615 0.06610576923076923
0 0.5072115384615384 0.4987980769230769 0.028846153846153848 0.06129807692307692
0 0.16466346153846154 0.328125 0.04927884615384615 0.056490384615384616
0 0.9759615384615384 0.30649038461538464 0.046875 0.03485576923076923
0 0.9855769230769231 0.2512019230769231 0.02403846153846154 0.036057692307692304
0 0.9591346153846154 0.2512019230769231 0.030048076923076924 0.03485576923076923
0 0.9290865384615384 0.25 0.030048076923076924 0.03485576923076923
0 0.8822115384615384 0.25 0.0625 0.03365384615384615
0 0.8233173076923077 0.24879807692307693 0.055288461538461536 0.036057692307692304
0 0.7644230769230769 0.25 0.0625 0.037259615384615384
0 0.7007211538461539 0.23918269230769232 0.06129807692307692 0.06009615384615385
0 0.640625 0.2403846153846154 0.05889423076923077 0.06129807692307692
0 0.5793269230769231 0.23798076923076922 0.0625 0.06610576923076923
0 0.9242788461538461 0.3076923076923077 0.057692307692307696 0.037259615384615384
0 0.5396634615384616 0.4987980769230769 0.03485576923076923 0.06129807692307692
0 0.5721153846153846 0.49759615384615385 0.030048076923076924 0.05889423076923077
0 0.6033653846153846 0.4987980769230769 0.03485576923076923 0.05889423076923077
0 0.056490384615384616 0.7860576923076923 0.039663461538461536 0.042067307692307696
0 0.018028846153846152 0.7848557692307693 0.03365384615384615 0.04326923076923077
0 0.5769230769230769 0.7512019230769231 0.039663461538461536 0.036057692307692304
0 0.5084134615384616 0.7403846153846154 0.0733173076923077 0.03125
0 0.9879807692307693 0.6658653846153846 0.02283653846153846 0.057692307692307696
0 0.9651442307692307 0.6670673076923077 0.02403846153846154 0.0625
0 0.9399038461538461 0.6670673076923077 0.026442307692307692 0.0625
0 0.9122596153846154 0.6670673076923077 0.028846153846153848 0.0625
0 0.8810096153846154 0.6634615384615384 0.03125 0.06850961538461539
0 0.8485576923076923 0.6634615384615384 0.03365384615384615 0.06850961538461539
0 0.8173076923076923 0.6646634615384616 0.027644230769230768 0.0673076923076923
0 0.7884615384615384 0.6646634615384616 0.027644230769230768 0.0673076923076923
0 0.7620192307692307 0.6658653846153846 0.027644230769230768 0.06610576923076923
0 0.7319711538461539 0.6850961538461539 0.03365384615384615 0.030048076923076924
0 0.6983173076923077 0.6838942307692307 0.03245192307692308 0.03125
0 0.6658653846153846 0.6862980769230769 0.03485576923076923 0.028846153846153848
0 0.6213942307692307 0.6862980769230769 0.051682692307692304 0.028846153846153848
0 0.5709134615384616 0.6862980769230769 0.04807692307692308 0.027644230769230768
0 0.5192307692307693 0.6862980769230769 0.054086538461538464 0.027644230769230768
0 0.46875 0.6862980769230769 0.046875 0.028846153846153848
0 0.4182692307692308 0.6778846153846154 0.05048076923076923 0.04326923076923077
0 0.09615384615384616 0.7872596153846154 0.037259615384615384 0.046875
0 0.36778846153846156 0.6790865384615384 0.051682692307692304 0.04447115384615385
0 0.13341346153846154 0.7896634615384616 0.036057692307692304 0.042067307692307696
0 0.24158653846153846 0.7920673076923077 0.06009615384615385 0.03365384615384615
0 0.9819711538461539 0.7668269230769231 0.03125 0.0673076923076923
0 0.9519230769230769 0.7680288461538461 0.027644230769230768 0.06850961538461539
0 0.9242788461538461 0.7692307692307693 0.027644230769230768 0.0673076923076923
0 0.8930288461538461 0.7692307692307693 0.03485576923076923 0.06971153846153846
0 0.859375 0.7668269230769231 0.03245192307692308 0.07572115384615384
0 0.8245192307692307 0.7668269230769231 0.03485576923076923 0.07451923076923077
0 0.7932692307692307 0.7692307692307693 0.028846153846153848 0.06850961538461539
0 0.7632211538461539 0.7704326923076923 0.028846153846153848 0.06971153846153846
0 0.7355769230769231 0.7704326923076923 0.028846153846153848 0.06971153846153846
0 0.7067307692307693 0.7704326923076923 0.028846153846153848 0.07091346153846154
0 0.6742788461538461 0.7896634615384616 0.036057692307692304 0.03365384615384615
0 0.6382211538461539 0.7884615384615384 0.038461538461538464 0.03245192307692308
0 0.6021634615384616 0.7872596153846154 0.03125 0.03365384615384615
0 0.5709134615384616 0.7872596153846154 0.03125 0.03365384615384615
0 0.5360576923076923 0.7872596153846154 0.03485576923076923 0.03365384615384615
0 0.4987980769230769 0.7884615384615384 0.038461538461538464 0.036057692307692304
0 0.45913461538461536 0.7848557692307693 0.036057692307692304 0.042067307692307696
0 0.41586538461538464 0.7860576923076923 0.05048076923076923 0.042067307692307696
0 0.37259615384615385 0.7836538461538461 0.036057692307692304 0.04447115384615385
0 0.33653846153846156 0.7848557692307693 0.03485576923076923 0.04567307692307692
0 0.29447115384615385 0.7920673076923077 0.04567307692307692 0.03125
0 0.18269230769230768 0.7920673076923077 0.056490384615384616 0.03485576923076923
0 0.9591346153846154 0.21394230769230768 0.028846153846153848 0.037259615384615384
0 0.3161057692307692 0.6790865384615384 0.05048076923076923 0.04567307692307692
0 0.23197115384615385 0.6802884615384616 0.039663461538461536 0.046875
0 0.4254807692307692 0.5901442307692307 0.038461538461538464 0.054086538461538464
0 0.3870192307692308 0.5913461538461539 0.040865384615384616 0.055288461538461536
0 0.34615384615384615 0.5925480769230769 0.040865384615384616 0.051682692307692304
0 0.30649038461538464 0.59375 0.038461538461538464 0.055288461538461536
0 0.2668269230769231 0.5961538461538461 0.040865384615384616 0.05048076923076923
0 0.22596153846153846 0.5961538461538461 0.040865384615384616 0.04927884615384615
0 0.18629807692307693 0.5961538461538461 0.038461538461538464 0.04807692307692308
0 0.14182692307692307 0.5649038461538461 0.04447115384615385 0.057692307692307696
0 0.09134615384615384 0.5649038461538461 0.04326923076923077 0.051682692307692304
0 0.04326923076923077 0.5637019230769231 0.04567307692307692 0.054086538461538464
0 0.9855769230769231 0.49158653846153844 0.02403846153846154 0.06971153846153846
0 0.9579326923076923 0.49399038461538464 0.028846153846153848 0.07091346153846154
0 0.9266826923076923 0.49278846153846156 0.03485576923076923 0.0733173076923077
0 0.890625 0.49158653846153844 0.03485576923076923 0.07211538461538461
0 0.8569711538461539 0.49278846153846156 0.028846153846153848 0.06971153846153846
0 0.8257211538461539 0.49278846153846156 0.03245192307692308 0.06971153846153846
0 0.7944711538461539 0.4987980769230769 0.03125 0.05889423076923077
0 0.7632211538461539 0.5 0.030048076923076924 0.06009615384615385
0 0.7319711538461539 0.5012019230769231 0.03245192307692308 0.057692307692307696
0 0.7007211538461539 0.5 0.03125 0.055288461538461536
0 0.640625 0.5 0.038461538461538464 0.05889423076923077
0 0.4675480769230769 0.59375 0.04447115384615385 0.04567307692307692
0 0.27163461538461536 0.6802884615384616 0.038461538461538464 0.04807692307692308
0 0.5240384615384616 0.5877403846153846 0.06850961538461539 0.056490384615384616
0 0.6466346153846154 0.5841346153846154 0.03485576923076923 0.06009615384615385
0 0.19110576923076922 0.6802884615384616 0.039663461538461536 0.046875
0 0.15144230769230768 0.7067307692307693 0.036057692307692304 0.037259615384615384
0 0.10697115384615384 0.7007211538461539 0.036057692307692304 0.04326923076923077
0 0.06971153846153846 0.7019230769230769 0.038461538461538464 0.04807692307692308
0 0.037259615384615384 0.7079326923076923 0.027644230769230768 0.036057692307692304
0 0.01201923076923077 0.7067307692307693 0.02403846153846154 0.03245192307692308
0 0.15865384615384615 0.6502403846153846 0.025240384615384616 0.036057692307692304
0 0.1310096153846154 0.6514423076923077 0.028846153846153848 0.037259615384615384
0 0.09975961538461539 0.6502403846153846 0.03245192307692308 0.037259615384615384
0 0.06370192307692307 0.6538461538461539 0.040865384615384616 0.042067307692307696
0 0.021634615384615384 0.6538461538461539 0.042067307692307696 0.039663461538461536
0 0.9927884615384616 0.5793269230769231 0.013221153846153846 0.07211538461538461
0 0.9711538461538461 0.5805288461538461 0.03245192307692308 0.0673076923076923
0 0.9399038461538461 0.5829326923076923 0.030048076923076924 0.07211538461538461
0 0.9098557692307693 0.5805288461538461 0.030048076923076924 0.07572115384615384
0 0.8774038461538461 0.5805288461538461 0.03125 0.0733173076923077
0 0.8449519230769231 0.5793269230769231 0.03365384615384615 0.07572115384615384
0 0.8125 0.5793269230769231 0.03365384615384615 0.07451923076923077
0 0.78125 0.5805288461538461 0.027644230769230768 0.07091346153846154
0 0.7403846153846154 0.5985576923076923 0.052884615384615384 0.03245192307692308
0 0.6887019230769231 0.5913461538461539 0.04807692307692308 0.046875
0 0.59375 0.5841346153846154 0.07211538461538461 0.06129807692307692
0 0.9867788461538461 0.21394230769230768 0.025240384615384616 0.036057692307692304