0 0.3233173076923077 0.47475961538461536 0.04447115384615385 0.10216346153846154
0 0.7860576923076923 0.4651442307692308 0.028846153846153848 0.09254807692307693
0 0.06009615384615385 0.47836538461538464 0.04807692307692308 0.10096153846153846
0 0.1141826923076923 0.47836538461538464 0.04927884615384615 0.1045673076923077
0 0.17427884615384615 0.47836538461538464 0.046875 0.10216346153846154
0 0.22716346153846154 0.47716346153846156 0.038461538461538464 0.10576923076923077
0 0.2704326923076923 0.47475961538461536 0.042067307692307696 0.10216346153846154
0 0.25240384615384615 0.6021634615384616 0.039663461538461536 0.10576923076923077
0 0.4230769230769231 0.4735576923076923 0.042067307692307696 0.10576923076923077
0 0.9399038461538461 0.5973557692307693 0.04807692307692308 0.10336538461538461
0 0.8870192307692307 0.5961538461538461 0.04447115384615385 0.10096153846153846
0 0.8317307692307693 0.5949519230769231 0.055288461538461536 0.10817307692307693
0 0.7764423076923077 0.5961538461538461 0.046875 0.11057692307692307
0 0.7235576923076923 0.5949519230769231 0.04567307692307692 0.10817307692307693
0 0.6706730769230769 0.5949519230769231 0.04927884615384615 0.10697115384615384
0 0.6153846153846154 0.5985576923076923 0.046875 0.10697115384615384
0 0.5637019230769231 0.5985576923076923 0.04567307692307692 0.10817307692307693
0 0.375 0.47475961538461536 0.04567307692307692 0.10576923076923077
0 0.5108173076923077 0.5973557692307693 0.04807692307692308 0.10576923076923077
0 0.41346153846153844 0.5997596153846154 0.04447115384615385 0.1045673076923077
0 0.36538461538461536 0.5949519230769231 0.040865384615384616 0.09615384615384616
0 0.3161057692307692 0.59375 0.042067307692307696 0.09735576923076923
0 0.20192307692307693 0.5985576923076923 0.039663461538461536 0.09975961538461539
0 0.14543269230769232 0.6033653846153846 0.04567307692307692 0.10576923076923077
0 0.09254807692307693 0.6045673076923077 0.04447115384615385 0.10216346153846154
0 0.038461538461538464 0.6045673076923077 0.046875 0.10096153846153846
0 0.4795673076923077 0.47115384615384615 0.051682692307692304 0.109375
0 0.46153846153846156 0.5985576923076923 0.04447115384615385 0.10576923076923077
0 0.9675480769230769 0.7163461538461539 0.0625 0.08173076923076923
0 0.8533653846153846 0.3401442307692308 0.04567307692307692 0.11177884615384616
0 0.5288461538461539 0.4735576923076923 0.039663461538461536 0.09615384615384616
0 0.7692307692307693 0.20432692307692307 0.052884615384615384 0.11298076923076923
0 0.7175480769230769 0.2091346153846154 0.040865384615384616 0.10216346153846154
0 0.6610576923076923 0.23557692307692307 0.055288461538461536 0.054086538461538464
0 0.59375 0.234375 0.06490384615384616 0.052884615384615384
0 0.5901442307692307 0.17668269230769232 0.07451923076923077 0.052884615384615384
0 0.5084134615384616 0.21875 0.04807692307692308 0.10336538461538461
0 0.45913461538461536 0.21153846153846154 0.042067307692307696 0.10817307692307693
0 0.41466346153846156 0.2127403846153846 0.042067307692307696 0.10817307692307693
0 0.3701923076923077 0.21394230769230768 0.042067307692307696 0.10697115384615384
0 0.328125 0.21514423076923078 0.036057692307692304 0.10817307692307693
0 0.28725961538461536 0.21153846153846154 0.040865384615384616 0.109375
0 0.2403846153846154 0.2127403846153846 0.04447115384615385 0.11177884615384616
0 0.1875 0.20793269230769232 0.04927884615384615 0.11658653846153846
0 0.13701923076923078 0.21153846153846154 0.040865384615384616 0.10576923076923077
0 0.0889423076923077 0.21153846153846154 0.04567307692307692 0.10697115384615384
0 0.04447115384615385 0.21634615384615385 0.036057692307692304 0.0985576923076923
0 0.07932692307692307 0.7247596153846154 0.06850961538461539 0.08052884615384616
0 0.8341346153846154 0.20072115384615385 0.06370192307692307 0.11899038461538461
0 0.9002403846153846 0.20192307692307693 0.057692307692307696 0.11057692307692307
0 0.9639423076923077 0.1971153846153846 0.06009615384615385 0.11778846153846154
0 0.9651442307692307 0.33413461538461536 0.052884615384615384 0.11298076923076923
0 0.6334134615384616 0.4723557692307692 0.04927884615384615 0.10336538461538461
0 0.7127403846153846 0.4723557692307692 0.09014423076923077 0.09975961538461539
0 0.9711538461538461 0.46875 0.052884615384615384 0.1045673076923077
0 0.9098557692307693 0.4675480769230769 0.06370192307692307 0.1141826923076923
0 0.84375 0.46875 0.06610576923076923 0.1045673076923077
0 0.6045673076923077 0.3449519230769231 0.04567307692307692 0.10336538461538461
0 0.5504807692307693 0.34615384615384615 0.054086538461538464 0.10336538461538461
0 0.49278846153846156 0.3473557692307692 0.052884615384615384 0.10697115384615384
0 0.5769230769230769 0.47596153846153844 0.04326923076923077 0.09615384615384616
0 0.4411057692307692 0.3473557692307692 0.037259615384615384 0.10576923076923077
0 0.24639423076923078 0.34975961538461536 0.036057692307692304 0.09735576923076923
0 0.19951923076923078 0.3485576923076923 0.05048076923076923 0.10576923076923077
0 0.13822115384615385 0.34975961538461536 0.051682692307692304 0.10096153846153846
0 0.0829326923076923 0.34975961538461536 0.046875 0.09735576923076923
0 0.6598557692307693 0.3425480769230769 0.06009615384615385 0.10336538461538461
0 0.7355769230769231 0.3389423076923077 0.06370192307692307 0.11298076923076923
0 0.7992788461538461 0.33774038461538464 0.04927884615384615 0.11057692307692307
0 0.9110576923076923 0.33533653846153844 0.04807692307692308 0.11177884615384616
0 0.3425480769230769 0.34615384615384615 0.140625 0.11057692307692307
0 0.17548076923076922 0.7271634615384616 0.109375 0.078125
0 0.9026442307692307 0.7175480769230769 0.06129807692307692 0.078125
0 0.33413461538461536 0.7211538461538461 0.06129807692307692 0.08533653846153846
0 0.7415865384615384 0.96875 0.055288461538461536 0.020432692307692308
0 0.8016826923076923 0.9675480769230769 0.057692307692307696 0.02283653846153846
0 0.796875 0.9242788461538461 0.04326923076923077 0.02403846153846154
0 0.7427884615384616 0.9411057692307693 0.055288461538461536 0.028846153846153848
0 0.6177884615384616 0.9675480769230769 0.054086538461538464 0.027644230769230768
0 0.6766826923076923 0.9675480769230769 0.056490384615384616 0.02403846153846154
0 0.6754807692307693 0.9387019230769231 0.055288461538461536 0.027644230769230768
0 0.6165865384615384 0.9375 0.057692307692307696 0.025240384615384616
0 0.5420673076923077 0.9350961538461539 0.055288461538461536 0.04447115384615385
0 0.4807692307692308 0.9723557692307693 0.055288461538461536 0.02283653846153846
0 0.8581730769230769 0.9314903846153846 0.056490384615384616 0.027644230769230768
0 0.42427884615384615 0.9627403846153846 0.05048076923076923 0.04326923076923077
0 0.31850961538461536 0.96875 0.052884615384615384 0.020432692307692308
0 0.31490384615384615 0.9447115384615384 0.05048076923076923 0.015625
0 0.2620192307692308 0.9711538461538461 0.052884615384615384 0.02403846153846154
0 0.25961538461538464 0.9459134615384616 0.051682692307692304 0.018028846153846152
0 0.1875 0.9399038461538461 0.0829326923076923 0.078125
0 0.12139423076923077 0.9639423076923077 0.042067307692307696 0.026442307692307692
0 0.11658653846153846 0.9314903846153846 0.04326923076923077 0.03125
0 0.07211538461538461 0.9651442307692307 0.046875 0.03245192307692308
0 0.02403846153846154 0.9447115384615384 0.046875 0.06971153846153846
0 0.265625 0.7271634615384616 0.0673076923076923 0.0889423076923077
0 0.37259615384615385 0.9627403846153846 0.04927884615384615 0.04447115384615385
0 0.9182692307692307 0.9326923076923077 0.054086538461538464 0.030048076923076924
0 0.47836538461538464 0.9471153846153846 0.051682692307692304 0.02403846153846154
0 0.9711538461538461 0.9543269230769231 0.04927884615384615 0.037259615384615384
0 0.41947115384615385 0.7199519230769231 0.1045673076923077 0.08173076923076923
0 0.9699519230769231 0.9134615384615384 0.04447115384615385 0.038461538461538464
0 0.5324519230769231 0.71875 0.11057692307692307 0.08653846153846154
0 0.6225961538461539 0.7175480769230769 0.06610576923076923 0.09134615384615384
0 0.6935096153846154 0.71875 0.07091346153846154 0.09134615384615384
0 0.765625 0.7175480769230769 0.06490384615384616 0.08774038461538461
0 0.8353365384615384 0.7163461538461539 0.06850961538461539 0.09254807692307693
0 0.8798076923076923 0.828125 0.0673076923076923 0.08774038461538461
0 0.8076923076923077 0.8293269230769231 0.06610576923076923 0.0889423076923077
0 0.6634615384615384 0.8293269230769231 0.06971153846153846 0.0889423076923077
0 0.7367788461538461 0.8317307692307693 0.0673076923076923 0.09134615384615384
0 0.9543269230769231 0.8341346153846154 0.06490384615384616 0.07932692307692307
0 0.8617788461538461 0.9627403846153846 0.055288461538461536 0.026442307692307692
0 0.12379807692307693 0.8365384615384616 0.0625 0.078125
0 0.19230769230769232 0.8341346153846154 0.06129807692307692 0.078125
0 0.2548076923076923 0.8413461538461539 0.056490384615384616 0.06971153846153846
0 0.31850961538461536 0.8413461538461539 0.056490384615384616 0.06971153846153846
0 0.38822115384615385 0.8329326923076923 0.0625 0.08413461538461539
0 0.4567307692307692 0.8329326923076923 0.06490384615384616 0.08533653846153846
0 0.5252403846153846 0.8317307692307693 0.0625 0.08533653846153846
0 0.59375 0.8341346153846154 0.0673076923076923 0.0829326923076923
0 0.03365384615384615 0.8365384615384616 0.0673076923076923 0.0829326923076923
0 0.9182692307692307 0.9639423076923077 0.05048076923076923 0.025240384615384616