0 0.2512019230769231 0.6899038461538461 0.038461538461538464 0.028846153846153848
0 0.02283653846153846 0.6586538461538461 0.04567307692307692 0.014423076923076924
0 0.19110576923076922 0.5552884615384616 0.014423076923076924 0.04326923076923077
0 0.171875 0.5516826923076923 0.016826923076923076 0.04567307692307692
0 0.14783653846153846 0.5540865384615384 0.013221153846153846 0.04567307692307692
0 0.12379807692307693 0.5528846153846154 0.018028846153846152 0.04447115384615385
0 0.8341346153846154 0.484375 0.019230769230769232 0.0733173076923077
0 0.8088942307692307 0.4855769230769231 0.02403846153846154 0.08052884615384616
0 0.7800480769230769 0.4879807692307692 0.02403846153846154 0.07692307692307693
0 0.7524038461538461 0.48677884615384615 0.018028846153846152 0.07451923076923077
0 0.7295673076923077 0.4879807692307692 0.021634615384615384 0.07572115384615384
0 0.7067307692307693 0.4879807692307692 0.02283653846153846 0.07692307692307693
0 0.6790865384615384 0.48677884615384615 0.026442307692307692 0.07932692307692307
0 0.6538461538461539 0.48677884615384615 0.02283653846153846 0.07932692307692307
0 0.6274038461538461 0.484375 0.026442307692307692 0.07932692307692307
0 0.6009615384615384 0.4855769230769231 0.02403846153846154 0.08173076923076923
0 0.5697115384615384 0.4855769230769231 0.028846153846153848 0.07451923076923077
0 0.5348557692307693 0.49278846153846156 0.037259615384615384 0.07211538461538461
0 0.49759615384615385 0.4891826923076923 0.020432692307692308 0.06610576923076923
0 0.4795673076923077 0.49158653846153844 0.019230769230769232 0.0625
0 0.4579326923076923 0.49158653846153844 0.016826923076923076 0.07091346153846154
0 0.21394230769230768 0.5528846153846154 0.014423076923076924 0.04326923076923077
0 0.23557692307692307 0.5540865384615384 0.013221153846153846 0.046875
0 0.2548076923076923 0.5552884615384616 0.01201923076923077 0.04326923076923077
0 0.27403846153846156 0.5540865384615384 0.01201923076923077 0.038461538461538464
0 0.875 0.6177884615384616 0.0889423076923077 0.03125
0 0.8882211538461539 0.5588942307692307 0.04326923076923077 0.05048076923076923
0 0.8329326923076923 0.5612980769230769 0.06129807692307692 0.05048076923076923
0 0.9002403846153846 0.4831730769230769 0.03125 0.08173076923076923
0 0.7716346153846154 0.5612980769230769 0.052884615384615384 0.057692307692307696
0 0.7103365384615384 0.5600961538461539 0.06009615384615385 0.04927884615384615
0 0.6502403846153846 0.5600961538461539 0.05048076923076923 0.05048076923076923
0 0.5913461538461539 0.5625 0.04927884615384615 0.05889423076923077
0 0.5516826923076923 0.5637019230769231 0.025240384615384616 0.046875
0 0.43509615384615385 0.49038461538461536 0.019230769230769232 0.06009615384615385
0 0.5228365384615384 0.5625 0.013221153846153846 0.04927884615384615
0 0.47716346153846156 0.5637019230769231 0.019230769230769232 0.046875
0 0.4519230769230769 0.5552884615384616 0.019230769230769232 0.04567307692307692
0 0.43028846153846156 0.5540865384615384 0.015625 0.04326923076923077
0 0.4074519230769231 0.5552884615384616 0.013221153846153846 0.04807692307692308
0 0.38822115384615385 0.5564903846153846 0.014423076923076924 0.04567307692307692
0 0.3557692307692308 0.5612980769230769 0.016826923076923076 0.04447115384615385
0 0.33774038461538464 0.5564903846153846 0.016826923076923076 0.04567307692307692
0 0.3125 0.5576923076923077 0.015625 0.04447115384615385
0 0.2920673076923077 0.5600961538461539 0.016826923076923076 0.04807692307692308
0 0.5012019230769231 0.5588942307692307 0.021634615384615384 0.04927884615384615
0 0.8713942307692307 0.6526442307692307 0.08413461538461539 0.026442307692307692
0 0.41225961538461536 0.4879807692307692 0.02283653846153846 0.07211538461538461
0 0.3605769230769231 0.49399038461538464 0.025240384615384616 0.06129807692307692
0 0.14783653846153846 0.3942307692307692 0.03245192307692308 0.0889423076923077
0 0.19230769230769232 0.390625 0.040865384615384616 0.09254807692307693
0 0.23557692307692307 0.39302884615384615 0.03485576923076923 0.09375
0 0.27403846153846156 0.39302884615384615 0.03365384615384615 0.08533653846153846
0 0.3112980769230769 0.3942307692307692 0.037259615384615384 0.08774038461538461
0 0.3581730769230769 0.39302884615384615 0.040865384615384616 0.09495192307692307
0 0.4026442307692308 0.39302884615384615 0.03365384615384615 0.09014423076923077
0 0.4411057692307692 0.3918269230769231 0.040865384615384616 0.09615384615384616
0 0.4855769230769231 0.3918269230769231 0.037259615384615384 0.09254807692307693
0 0.5288461538461539 0.39302884615384615 0.042067307692307696 0.09134615384615384
0 0.5721153846153846 0.39302884615384615 0.03485576923076923 0.09134615384615384
0 0.6165865384615384 0.3918269230769231 0.036057692307692304 0.09254807692307693
0 0.6526442307692307 0.3942307692307692 0.03365384615384615 0.09014423076923077
0 0.6935096153846154 0.3942307692307692 0.028846153846153848 0.08653846153846154
0 0.734375 0.3954326923076923 0.03485576923076923 0.08774038461538461
0 0.7740384615384616 0.3954326923076923 0.03485576923076923 0.08653846153846154
0 0.8137019230769231 0.3918269230769231 0.038461538461538464 0.09014423076923077
0 0.8581730769230769 0.39302884615384615 0.03485576923076923 0.08653846153846154
0 0.9014423076923077 0.3894230769230769 0.038461538461538464 0.0889423076923077
0 0.10817307692307693 0.390625 0.039663461538461536 0.09134615384615384
0 0.02403846153846154 0.390625 0.04447115384615385 0.09375
0 0.45913461538461536 0.2247596153846154 0.12980769230769232 0.051682692307692304
0 0.33052884615384615 0.22355769230769232 0.12259615384615384 0.054086538461538464
0 0.33653846153846156 0.49038461538461536 0.020432692307692308 0.06850961538461539
0 0.31490384615384615 0.49038461538461536 0.020432692307692308 0.06490384615384616
0 0.2920673076923077 0.4879807692307692 0.016826923076923076 0.057692307692307696
0 0.2704326923076923 0.4879807692307692 0.020432692307692308 0.06129807692307692
0 0.24879807692307693 0.49038461538461536 0.019230769230769232 0.06009615384615385
0 0.21754807692307693 0.49038461538461536 0.020432692307692308 0.06009615384615385
0 0.18870192307692307 0.49158653846153844 0.021634615384615384 0.06490384615384616
0 0.16947115384615385 0.49278846153846156 0.019230769230769232 0.06490384615384616
0 0.14543269230769232 0.49038461538461536 0.020432692307692308 0.06129807692307692
0 0.3894230769230769 0.4891826923076923 0.021634615384615384 0.06129807692307692
0 0.11899038461538461 0.49158653846153844 0.02283653846153846 0.06129807692307692
0 0.8677884615384616 0.48197115384615385 0.03485576923076923 0.07211538461538461
0 0.3269230769230769 0.16346153846153846 0.12139423076923077 0.0625
0 0.45552884615384615 0.16706730769230768 0.12139423076923077 0.06370192307692307
0 0.6346153846153846 0.16466346153846154 0.14903846153846154 0.057692307692307696
0 0.8245192307692307 0.16466346153846154 0.13942307692307693 0.056490384615384616
0 0.8509615384615384 0.22115384615384615 0.12259615384615384 0.054086538461538464
0 0.7295673076923077 0.22235576923076922 0.10697115384615384 0.051682692307692304
0 0.609375 0.22235576923076922 0.12860576923076922 0.054086538461538464
0 0.203125 0.22235576923076922 0.125 0.055288461538461536
0 0.09375 0.49038461538461536 0.02283653846153846 0.06490384615384616
0 0.8737980769230769 0.6838942307692307 0.09134615384615384 0.02283653846153846
0 0.026442307692307692 0.640625 0.04927884615384615 0.014423076923076924
0 0.8677884615384616 0.7872596153846154 0.09134615384615384 0.026442307692307692
0 0.15985576923076922 0.6213942307692307 0.042067307692307696 0.030048076923076924
0 0.1141826923076923 0.6237980769230769 0.04326923076923077 0.03125
0 0.11298076923076923 0.6550480769230769 0.04807692307692308 0.026442307692307692
0 0.11538461538461539 0.6899038461538461 0.04447115384615385 0.030048076923076924
0 0.042067307692307696 0.6862980769230769 0.038461538461538464 0.03125
0 0.44471153846153844 0.8233173076923077 0.036057692307692304 0.025240384615384616
0 0.20552884615384615 0.6262019230769231 0.037259615384615384 0.03245192307692308
0 0.39903846153846156 0.8257211538461539 0.04567307692307692 0.027644230769230768
0 0.30528846153846156 0.8257211538461539 0.038461538461538464 0.027644230769230768
0 0.2620192307692308 0.8269230769230769 0.039663461538461536 0.025240384615384616
0 0.21514423076923078 0.828125 0.04567307692307692 0.027644230769230768
0 0.16826923076923078 0.828125 0.040865384615384616 0.02403846153846154
0 0.484375 0.8233173076923077 0.04807692307692308 0.027644230769230768
0 0.48677884615384615 0.7908653846153846 0.039663461538461536 0.027644230769230768
0 0.35096153846153844 0.8269230769230769 0.04326923076923077 0.027644230769230768
0 0.25240384615384615 0.6237980769230769 0.04326923076923077 0.037259615384615384
0 0.2956730769230769 0.6201923076923077 0.04326923076923077 0.03365384615384615
0 0.16105769230769232 0.65625 0.04447115384615385 0.026442307692307692
0 0.4879807692307692 0.6526442307692307 0.046875 0.025240384615384616
0 0.44350961538461536 0.6526442307692307 0.037259615384615384 0.028846153846153848
0 0.5024038461538461 0.6189903846153846 0.039663461538461536 0.036057692307692304
0 0.4579326923076923 0.6201923076923077 0.039663461538461536 0.03365384615384615
0 0.41225961538461536 0.6177884615384616 0.04567307692307692 0.03245192307692308
0 0.39903846153846156 0.6526442307692307 0.04567307692307692 0.03125
0 0.39663461538461536 0.6862980769230769 0.04567307692307692 0.03245192307692308
0 0.3449519230769231 0.6887019230769231 0.04326923076923077 0.030048076923076924
0 0.3473557692307692 0.6538461538461539 0.042067307692307696 0.026442307692307692
0 0.2980769230769231 0.65625 0.038461538461538464 0.025240384615384616
0 0.3004807692307692 0.6887019230769231 0.037259615384615384 0.030048076923076924
0 0.25240384615384615 0.6574519230769231 0.039663461538461536 0.021634615384615384
0 0.20673076923076922 0.6586538461538461 0.042067307692307696 0.02403846153846154
0 0.20552884615384615 0.6911057692307693 0.038461538461538464 0.030048076923076924
0 0.1622596153846154 0.6887019230769231 0.040865384615384616 0.028846153846153848
0 0.4423076923076923 0.7956730769230769 0.036057692307692304 0.026442307692307692
0 0.39663461538461536 0.7944711538461539 0.040865384615384616 0.030048076923076924
0 0.35216346153846156 0.7956730769230769 0.040865384615384616 0.027644230769230768
0 0.30408653846153844 0.7956730769230769 0.042067307692307696 0.02403846153846154
0 0.5757211538461539 0.7896634615384616 0.13341346153846154 0.026442307692307692
0 0.5733173076923077 0.8221153846153846 0.12740384615384615 0.028846153846153848
0 0.6838942307692307 0.8233173076923077 0.08653846153846154 0.027644230769230768
0 0.046875 0.7307692307692307 0.02403846153846154 0.030048076923076924
0 0.04326923076923077 0.7980769230769231 0.04326923076923077 0.03485576923076923
0 0.04447115384615385 0.8341346153846154 0.046875 0.028846153846153848
0 0.009615384615384616 0.796875 0.019230769230769232 0.03245192307692308
0 0.009615384615384616 0.8329326923076923 0.018028846153846152 0.026442307692307692
0 0.1201923076923077 0.8293269230769231 0.042067307692307696 0.026442307692307692
0 0.12259615384615384 0.796875 0.04447115384615385 0.025240384615384616
0 0.125 0.7668269230769231 0.052884615384615384 0.025240384615384616
0 0.12139423076923077 0.7355769230769231 0.042067307692307696 0.03125
0 0.16947115384615385 0.734375 0.04567307692307692 0.030048076923076924
0 0.21514423076923078 0.7331730769230769 0.040865384615384616 0.03365384615384615
0 0.25841346153846156 0.7331730769230769 0.042067307692307696 0.03245192307692308
0 0.6862980769230769 0.7908653846153846 0.09134615384615384 0.028846153846153848
0 0.44350961538461536 0.6850961538461539 0.039663461538461536 0.03125
0 0.6899038461538461 0.7596153846153846 0.08413461538461539 0.027644230769230768
0 0.5709134615384616 0.7115384615384616 0.12620192307692307 0.01201923076923077
0 0.25961538461538464 0.7980769230769231 0.042067307692307696 0.02403846153846154
0 0.21634615384615385 0.796875 0.04326923076923077 0.026442307692307692
0 0.16947115384615385 0.7980769230769231 0.04447115384615385 0.025240384615384616
0 0.4879807692307692 0.7608173076923077 0.03365384615384615 0.028846153846153848
0 0.44350961538461536 0.7632211538461539 0.046875 0.030048076923076924
0 0.39663461538461536 0.765625 0.040865384615384616 0.027644230769230768
0 0.34975961538461536 0.7644230769230769 0.04326923076923077 0.027644230769230768
0 0.30649038461538464 0.7668269230769231 0.037259615384615384 0.027644230769230768
0 0.21514423076923078 0.7668269230769231 0.039663461538461536 0.026442307692307692
0 0.17427884615384615 0.7668269230769231 0.039663461538461536 0.03125
0 0.39903846153846156 0.7307692307692307 0.042067307692307696 0.036057692307692304
0 0.35096153846153844 0.734375 0.04326923076923077 0.03245192307692308
0 0.30528846153846156 0.7331730769230769 0.040865384615384616 0.03125
0 0.8713942307692307 0.7560096153846154 0.0829326923076923 0.03245192307692308
0 0.7512019230769231 0.7199519230769231 0.055288461538461536 0.025240384615384616
0 0.5721153846153846 0.7596153846153846 0.125 0.030048076923076924
0 0.4879807692307692 0.6838942307692307 0.038461538461538464 0.027644230769230768
0 0.2620192307692308 0.7668269230769231 0.042067307692307696 0.028846153846153848
0 0.5769230769230769 0.6334134615384616 0.10216346153846154 0.026442307692307692
0 0.7728365384615384 0.8221153846153846 0.08533653846153846 0.027644230769230768
0 0.8629807692307693 0.8197115384615384 0.08533653846153846 0.030048076923076924
0 0.578125 0.6790865384615384 0.12860576923076922 0.030048076923076924
0 0.02403846153846154 0.6141826923076923 0.04447115384615385 0.018028846153846152
0 0.025240384615384616 0.5853365384615384 0.04927884615384615 0.025240384615384616
0 0.7752403846153846 0.7872596153846154 0.08052884615384616 0.03245192307692308
0 0.021634615384615384 0.5612980769230769 0.042067307692307696 0.01201923076923077
0 0.019230769230769232 0.5420673076923077 0.038461538461538464 0.015625
0 0.78125 0.6538461538461539 0.08774038461538461 0.030048076923076924
0 0.7824519230769231 0.6850961538461539 0.08774038461538461 0.025240384615384616
0 0.6887019230769231 0.6814903846153846 0.0889423076923077 0.02403846153846154
0 0.6899038461538461 0.6514423076923077 0.08052884615384616 0.030048076923076924
0 0.6887019230769231 0.6201923076923077 0.078125 0.025240384615384616
0 0.7800480769230769 0.6189903846153846 0.09375 0.028846153846153848
0 0.5757211538461539 0.6045673076923077 0.09735576923076923 0.021634615384615384
0 0.016826923076923076 0.5060096153846154 0.03245192307692308 0.04567307692307692