0 0.27524038461538464 0.5528846153846154 0.06610576923076923 0.09615384615384616
0 0.20432692307692307 0.5913461538461539 0.04447115384615385 0.11298076923076923
0 0.15384615384615385 0.5913461538461539 0.039663461538461536 0.109375
0 0.0625 0.5901442307692307 0.04326923076923077 0.11298076923076923
0 0.020432692307692308 0.5913461538461539 0.03125 0.11298076923076923
0 0.9519230769230769 0.4495192307692308 0.052884615384615384 0.08052884615384616
0 0.8894230769230769 0.45072115384615385 0.05048076923076923 0.078125
0 0.7752403846153846 0.44591346153846156 0.052884615384615384 0.0829326923076923
0 0.7211538461538461 0.44711538461538464 0.039663461538461536 0.08052884615384616
0 0.6850961538461539 0.4423076923076923 0.026442307692307692 0.08052884615384616
0 0.6346153846153846 0.4495192307692308 0.057692307692307696 0.07091346153846154
0 0.5516826923076923 0.4567307692307692 0.06009615384615385 0.056490384615384616
0 0.43990384615384615 0.43990384615384615 0.056490384615384616 0.07932692307692307
0 0.3786057692307692 0.43990384615384615 0.06009615384615385 0.08052884615384616
0 0.35697115384615385 0.5552884615384616 0.09014423076923077 0.09375
0 0.4387019230769231 0.5540865384615384 0.0625 0.09975961538461539
0 0.9254807692307693 0.6935096153846154 0.03245192307692308 0.0625
0 0.6045673076923077 0.5576923076923077 0.06610576923076923 0.09735576923076923
0 0.5588942307692307 0.6923076923076923 0.038461538461538464 0.054086538461538464
0 0.3942307692307692 0.6899038461538461 0.038461538461538464 0.054086538461538464
0 0.1971153846153846 0.7271634615384616 0.04326923076923077 0.10817307692307693
0 0.14783653846153846 0.7283653846153846 0.04447115384615385 0.109375
0 0.10096153846153846 0.7295673076923077 0.040865384615384616 0.10697115384615384
0 0.051682692307692304 0.7331730769230769 0.03485576923076923 0.10096153846153846
0 0.5324519230769231 0.5576923076923077 0.06370192307692307 0.10096153846153846
0 0.015625 0.7403846153846154 0.03125 0.0889423076923077
0 0.8329326923076923 0.5913461538461539 0.06370192307692307 0.027644230769230768
0 0.8894230769230769 0.6971153846153846 0.030048076923076924 0.06129807692307692
0 0.8425480769230769 0.5360576923076923 0.0733173076923077 0.025240384615384616
0 0.7608173076923077 0.5612980769230769 0.06610576923076923 0.09014423076923077
0 0.32091346153846156 0.43990384615384615 0.04807692307692308 0.08413461538461539
0 0.671875 0.5600961538461539 0.06009615384615385 0.09134615384615384
0 0.9675480769230769 0.5612980769230769 0.06009615384615385 0.10336538461538461
0 0.6009615384615384 0.6923076923076923 0.03365384615384615 0.055288461538461536
0 0.2620192307692308 0.4387019230769231 0.06009615384615385 0.0829326923076923
0 0.13701923076923078 0.453125 0.040865384615384616 0.10216346153846154
0 0.16466346153846154 0.18629807692307693 0.06129807692307692 0.078125
0 0.09975961538461539 0.18509615384615385 0.04447115384615385 0.07451923076923077
0 0.042067307692307696 0.18269230769230768 0.06370192307692307 0.07932692307692307
0 0.9759615384615384 0.06971153846153846 0.046875 0.09975961538461539
0 0.9134615384615384 0.0673076923076923 0.06009615384615385 0.09975961538461539
0 0.8521634615384616 0.08052884615384616 0.04927884615384615 0.07091346153846154
0 0.7920673076923077 0.0733173076923077 0.056490384615384616 0.0733173076923077
0 0.7307692307692307 0.07692307692307693 0.05048076923076923 0.05889423076923077
0 0.6778846153846154 0.06129807692307692 0.039663461538461536 0.09375
0 0.6310096153846154 0.06370192307692307 0.040865384615384616 0.0889423076923077
0 0.5829326923076923 0.06129807692307692 0.04807692307692308 0.09134615384615384
0 0.5240384615384616 0.06490384615384616 0.051682692307692304 0.07932692307692307
0 0.48197115384615385 0.06490384615384616 0.02283653846153846 0.07692307692307693
0 0.4206730769230769 0.06129807692307692 0.08774038461538461 0.0829326923076923
0 0.3329326923076923 0.055288461538461536 0.08533653846153846 0.09134615384615384
0 0.23918269230769232 0.057692307692307696 0.06370192307692307 0.03365384615384615
0 0.10576923076923077 0.04807692307692308 0.171875 0.09014423076923077
0 0.27163461538461536 0.19471153846153846 0.1141826923076923 0.06009615384615385
0 0.4098557692307692 0.1971153846153846 0.1310096153846154 0.06370192307692307
0 0.5564903846153846 0.20072115384615385 0.12620192307692307 0.057692307692307696
0 0.6887019230769231 0.19831730769230768 0.12139423076923077 0.06850961538461539
0 0.08413461538461539 0.45072115384615385 0.046875 0.10096153846153846
0 0.03125 0.4543269230769231 0.052884615384615384 0.09975961538461539
0 0.9663461538461539 0.3317307692307692 0.056490384615384616 0.1045673076923077
0 0.9038461538461539 0.33052884615384615 0.057692307692307696 0.10697115384615384
0 0.5288461538461539 0.33052884615384615 0.052884615384615384 0.026442307692307692
0 0.4699519230769231 0.33052884615384615 0.046875 0.028846153846153848
0 0.5925480769230769 0.3004807692307692 0.042067307692307696 0.030048076923076924
0 0.5372596153846154 0.3004807692307692 0.056490384615384616 0.030048076923076924
0 0.1875 0.4543269230769231 0.051682692307692304 0.09975961538461539
0 0.4807692307692308 0.30288461538461536 0.06009615384615385 0.027644230769230768
0 0.6081730769230769 0.2692307692307692 0.056490384615384616 0.03125
0 0.5396634615384616 0.26802884615384615 0.0625 0.030048076923076924
0 0.47596153846153844 0.2668269230769231 0.051682692307692304 0.03125
0 0.4182692307692308 0.2644230769230769 0.056490384615384616 0.027644230769230768
0 0.10096153846153846 0.30649038461538464 0.07211538461538461 0.0733173076923077
0 0.10697115384615384 0.2548076923076923 0.08052884615384616 0.026442307692307692
0 0.9411057692307693 0.21153846153846154 0.11658653846153846 0.05889423076923077
0 0.8112980769230769 0.2091346153846154 0.10817307692307693 0.046875
0 0.4206730769230769 0.296875 0.052884615384615384 0.03245192307692308
0 0.6418269230769231 0.6923076923076923 0.040865384615384616 0.054086538461538464
0 0.8365384615384616 0.5637019230769231 0.06971153846153846 0.020432692307692308
0 0.4831730769230769 0.8774038461538461 0.039663461538461536 0.07091346153846154
0 0.3798076923076923 0.8822115384615384 0.04807692307692308 0.06610576923076923
0 0.43028846153846156 0.8822115384615384 0.046875 0.0673076923076923
0 0.5336538461538461 0.8786057692307693 0.052884615384615384 0.06610576923076923
0 0.5901442307692307 0.8762019230769231 0.04567307692307692 0.07451923076923077
0 0.6466346153846154 0.8846153846153846 0.055288461538461536 0.06370192307692307
0 0.7103365384615384 0.8822115384615384 0.06009615384615385 0.06971153846153846
0 0.3293269230769231 0.8846153846153846 0.04326923076923077 0.06850961538461539
0 0.7680288461538461 0.8822115384615384 0.046875 0.0625
0 0.8701923076923077 0.8834134615384616 0.036057692307692304 0.0625
0 0.9086538461538461 0.8870192307692307 0.036057692307692304 0.04927884615384615
0 0.9543269230769231 0.8834134615384616 0.046875 0.057692307692307696
0 0.8557692307692307 0.6947115384615384 0.03125 0.06129807692307692
0 0.8185096153846154 0.6923076923076923 0.03365384615384615 0.06009615384615385
0 0.7740384615384616 0.6971153846153846 0.03365384615384615 0.06129807692307692
0 0.8173076923076923 0.8822115384615384 0.04807692307692308 0.06370192307692307
0 0.27283653846153844 0.8798076923076923 0.046875 0.06490384615384616
0 0.9651442307692307 0.7908653846153846 0.037259615384615384 0.0829326923076923
0 0.9242788461538461 0.7884615384615384 0.03365384615384615 0.08533653846153846
0 0.9783653846153846 0.6971153846153846 0.040865384615384616 0.05889423076923077
0 0.016826923076923076 0.8629807692307693 0.03245192307692308 0.10336538461538461
0 0.054086538461538464 0.8629807692307693 0.039663461538461536 0.10216346153846154
0 0.0985576923076923 0.8641826923076923 0.04326923076923077 0.10576923076923077
0 0.14783653846153846 0.8629807692307693 0.036057692307692304 0.10697115384615384
0 0.1935096153846154 0.8641826923076923 0.040865384615384616 0.10817307692307693
0 0.29447115384615385 0.7836538461538461 0.06971153846153846 0.08533653846153846
0 0.38221153846153844 0.7836538461538461 0.09254807692307693 0.08533653846153846
0 0.4891826923076923 0.7836538461538461 0.10817307692307693 0.0829326923076923
0 0.5661057692307693 0.7836538461538461 0.04567307692307692 0.0829326923076923
0 0.6153846153846154 0.7836538461538461 0.04447115384615385 0.07451923076923077
0 0.7439903846153846 0.7872596153846154 0.06850961538461539 0.08413461538461539
0 0.8028846153846154 0.7896634615384616 0.038461538461538464 0.078125
0 0.8401442307692307 0.7896634615384616 0.036057692307692304 0.08052884615384616
0 0.8858173076923077 0.7872596153846154 0.038461538461538464 0.07692307692307693
0 0.7307692307692307 0.6923076923076923 0.03245192307692308 0.05048076923076923
0 0.6850961538461539 0.6935096153846154 0.037259615384615384 0.052884615384615384
0 0.3545673076923077 0.6887019230769231 0.03485576923076923 0.055288461538461536