0 0.4362980769230769 0.5228365384615384 0.07451923076923077 0.014423076923076924
0 0.22355769230769232 0.39302884615384615 0.06610576923076923 0.03245192307692308
0 0.15625 0.3942307692307692 0.057692307692307696 0.03365384615384615
0 0.7139423076923077 0.46274038461538464 0.055288461538461536 0.040865384615384616
0 0.7668269230769231 0.4639423076923077 0.046875 0.040865384615384616
0 0.8245192307692307 0.4735576923076923 0.04567307692307692 0.040865384615384616
0 0.8377403846153846 0.43509615384615385 0.025240384615384616 0.030048076923076924
0 0.8088942307692307 0.4362980769230769 0.028846153846153848 0.028846153846153848
0 0.9747596153846154 0.4519230769230769 0.04927884615384615 0.06009615384615385
0 0.28966346153846156 0.39302884615384615 0.06490384615384616 0.030048076923076924
0 0.9362980769230769 0.4519230769230769 0.02403846153846154 0.055288461538461536
0 0.8858173076923077 0.4543269230769231 0.02283653846153846 0.051682692307692304
0 0.9447115384615384 0.40024038461538464 0.06129807692307692 0.009615384615384616
0 0.9459134615384616 0.3870192307692308 0.057692307692307696 0.009615384615384616
0 0.9459134615384616 0.37740384615384615 0.057692307692307696 0.009615384615384616
0 0.8774038461538461 0.4014423076923077 0.05889423076923077 0.01201923076923077
0 0.8822115384615384 0.3894230769230769 0.055288461538461536 0.009615384615384616
0 0.8810096153846154 0.37740384615384615 0.052884615384615384 0.009615384615384616
0 0.9483173076923077 0.328125 0.04447115384615385 0.038461538461538464
0 0.9086538461538461 0.45552884615384615 0.02283653846153846 0.051682692307692304
0 0.4375 0.546875 0.07451923076923077 0.03125
0 0.3557692307692308 0.3942307692307692 0.06009615384615385 0.030048076923076924
0 0.4170673076923077 0.3894230769230769 0.056490384615384616 0.042067307692307696
0 0.3605769230769231 0.5444711538461539 0.0733173076923077 0.03485576923076923
0 0.2824519230769231 0.5432692307692307 0.07211538461538461 0.042067307692307696
0 0.20072115384615385 0.5384615384615384 0.0889423076923077 0.057692307692307696
0 0.10576923076923077 0.5793269230769231 0.0625 0.09014423076923077
0 0.039663461538461536 0.5793269230769231 0.0625 0.09254807692307693
0 0.6598557692307693 0.4639423076923077 0.04326923076923077 0.037259615384615384
0 0.5600961538461539 0.47115384615384615 0.06850961538461539 0.030048076923076924
0 0.47836538461538464 0.46875 0.0889423076923077 0.03245192307692308
0 0.9014423076923077 0.328125 0.042067307692307696 0.037259615384615384
0 0.38822115384615385 0.46875 0.08653846153846154 0.036057692307692304
0 0.23557692307692307 0.4699519230769231 0.0673076923076923 0.038461538461538464
0 0.16706730769230768 0.4699519230769231 0.06009615384615385 0.039663461538461536
0 0.02403846153846154 0.46153846153846156 0.04807692307692308 0.109375
0 0.765625 0.3894230769230769 0.04927884615384615 0.039663461538461536
0 0.7079326923076923 0.39302884615384615 0.06009615384615385 0.03365384615384615
0 0.6394230769230769 0.38822115384615385 0.06009615384615385 0.04326923076923077
0 0.53125 0.38822115384615385 0.05889423076923077 0.040865384615384616
0 0.4735576923076923 0.3894230769230769 0.051682692307692304 0.042067307692307696
0 0.30649038461538464 0.46875 0.0673076923076923 0.038461538461538464
0 0.515625 0.5228365384615384 0.07091346153846154 0.019230769230769232
0 0.8413461538461539 0.36538461538461536 0.025240384615384616 0.04326923076923077
0 0.8245192307692307 0.30528846153846156 0.042067307692307696 0.021634615384615384
0 0.7415865384615384 0.2091346153846154 0.038461538461538464 0.02403846153846154
0 0.6935096153846154 0.23798076923076922 0.04807692307692308 0.05889423076923077
0 0.6466346153846154 0.23918269230769232 0.040865384615384616 0.05889423076923077
0 0.6045673076923077 0.2403846153846154 0.038461538461538464 0.05889423076923077
0 0.5637019230769231 0.23918269230769232 0.03485576923076923 0.057692307692307696
0 0.5661057692307693 0.1971153846153846 0.042067307692307696 0.021634615384615384
0 0.5576923076923077 0.17548076923076922 0.04927884615384615 0.016826923076923076
0 0.5228365384615384 0.23557692307692307 0.038461538461538464 0.06370192307692307
0 0.47836538461538464 0.234375 0.04447115384615385 0.0673076923076923
0 0.43028846153846156 0.23317307692307693 0.04567307692307692 0.0673076923076923
0 0.38461538461538464 0.22956730769230768 0.040865384615384616 0.07572115384615384
0 0.3425480769230769 0.22956730769230768 0.040865384615384616 0.07451923076923077
0 0.2980769230769231 0.234375 0.042067307692307696 0.06370192307692307
0 0.2536057692307692 0.234375 0.040865384615384616 0.06370192307692307
0 0.20673076923076922 0.23197115384615385 0.04326923076923077 0.06490384615384616
0 0.1622596153846154 0.23197115384615385 0.04447115384615385 0.0625
0 0.11778846153846154 0.23197115384615385 0.04326923076923077 0.06129807692307692
0 0.046875 0.24759615384615385 0.09254807692307693 0.03245192307692308
0 0.04567307692307692 0.21875 0.09134615384615384 0.02403846153846154
0 0.7403846153846154 0.2439903846153846 0.039663461538461536 0.04567307692307692
0 0.8125 0.36538461538461536 0.026442307692307692 0.042067307692307696
0 0.7848557692307693 0.2403846153846154 0.039663461538461536 0.056490384615384616
0 0.8930288461538461 0.23557692307692307 0.0733173076923077 0.021634615384615384
0 0.7860576923076923 0.3245192307692308 0.02403846153846154 0.04927884615384615
0 0.7572115384615384 0.3245192307692308 0.026442307692307692 0.04927884615384615
0 0.7307692307692307 0.3245192307692308 0.020432692307692308 0.04927884615384615
0 0.7067307692307693 0.3245192307692308 0.02403846153846154 0.05048076923076923
0 0.6634615384615384 0.3245192307692308 0.04927884615384615 0.051682692307692304
0 0.6274038461538461 0.3317307692307692 0.021634615384615384 0.03485576923076923
0 0.6009615384615384 0.33052884615384615 0.02283653846153846 0.039663461538461536
0 0.5588942307692307 0.3293269230769231 0.052884615384615384 0.040865384615384616
0 0.5180288461538461 0.3245192307692308 0.02403846153846154 0.04807692307692308
0 0.49038461538461536 0.32572115384615385 0.025240384615384616 0.04927884615384615
0 0.40865384615384615 0.33413461538461536 0.06971153846153846 0.03245192307692308
0 0.3401442307692308 0.3076923076923077 0.06009615384615385 0.02403846153846154
0 0.3401442307692308 0.33653846153846156 0.0625 0.026442307692307692
0 0.2764423076923077 0.33413461538461536 0.0625 0.03125
0 0.21033653846153846 0.328125 0.05889423076923077 0.042067307692307696
0 0.1502403846153846 0.3425480769230769 0.055288461538461536 0.016826923076923076
0 0.14543269230769232 0.3245192307692308 0.055288461538461536 0.014423076923076924
0 0.14302884615384615 0.3088942307692308 0.06610576923076923 0.016826923076923076
0 0.8930288461538461 0.25721153846153844 0.06850961538461539 0.020432692307692308
0 0.8305288461538461 0.2283653846153846 0.04447115384615385 0.078125
0 0.29086538461538464 0.8161057692307693 0.036057692307692304 0.042067307692307696
0 0.3485576923076923 0.7980769230769231 0.06850961538461539 0.010817307692307692
0 0.5901442307692307 0.5480769230769231 0.07091346153846154 0.02283653846153846
0 0.578125 0.7439903846153846 0.04927884615384615 0.051682692307692304
0 0.6189903846153846 0.7403846153846154 0.028846153846153848 0.051682692307692304
0 0.6490384615384616 0.7403846153846154 0.021634615384615384 0.05048076923076923
0 0.6802884615384616 0.7403846153846154 0.025240384615384616 0.042067307692307696
0 0.7151442307692307 0.7403846153846154 0.038461538461538464 0.04447115384615385
0 0.7692307692307693 0.7403846153846154 0.06009615384615385 0.042067307692307696
0 0.8341346153846154 0.7367788461538461 0.051682692307692304 0.052884615384615384
0 0.8894230769230769 0.7355769230769231 0.05048076923076923 0.052884615384615384
0 0.9459134615384616 0.7319711538461539 0.057692307692307696 0.04807692307692308
0 0.019230769230769232 0.3389423076923077 0.038461538461538464 0.1045673076923077
0 0.9663461538461539 0.234375 0.06610576923076923 0.021634615384615384
0 0.9651442307692307 0.25721153846153844 0.06850961538461539 0.020432692307692308
0 0.2608173076923077 0.8161057692307693 0.021634615384615384 0.042067307692307696
0 0.234375 0.8161057692307693 0.026442307692307692 0.042067307692307696
0 0.20552884615384615 0.8173076923076923 0.025240384615384616 0.046875
0 0.17427884615384615 0.8173076923076923 0.03125 0.04567307692307692
0 0.11298076923076923 0.8016826923076923 0.06370192307692307 0.08533653846153846
0 0.051682692307692304 0.8004807692307693 0.055288461538461536 0.08413461538461539
0 0.9579326923076923 0.6682692307692307 0.054086538461538464 0.04326923076923077
0 0.5264423076923077 0.7427884615384616 0.04927884615384615 0.054086538461538464
0 0.90625 0.671875 0.036057692307692304 0.038461538461538464
0 0.47475961538461536 0.7463942307692307 0.04567307692307692 0.052884615384615384
0 0.36177884615384615 0.7512019230769231 0.052884615384615384 0.05048076923076923
0 0.35096153846153844 0.8125 0.07692307692307693 0.014423076923076924
0 0.34975961538461536 0.8293269230769231 0.0733173076923077 0.014423076923076924
0 0.41466346153846156 0.8137019230769231 0.04807692307692308 0.038461538461538464
0 0.46153846153846156 0.8100961538461539 0.040865384615384616 0.042067307692307696
0 0.5048076923076923 0.8076923076923077 0.039663461538461536 0.039663461538461536
0 0.5492788461538461 0.8052884615384616 0.04447115384615385 0.040865384615384616
0 0.6021634615384616 0.8028846153846154 0.038461538461538464 0.039663461538461536
0 0.6454326923076923 0.8016826923076923 0.042067307692307696 0.038461538461538464
0 0.6935096153846154 0.7992788461538461 0.04326923076923077 0.040865384615384616
0 0.7295673076923077 0.8004807692307693 0.025240384615384616 0.040865384615384616
0 0.7716346153846154 0.8004807692307693 0.03125 0.040865384615384616
0 0.8173076923076923 0.8004807692307693 0.04567307692307692 0.037259615384615384
0 0.8653846153846154 0.8004807692307693 0.046875 0.038461538461538464
0 0.9639423076923077 0.7956730769230769 0.028846153846153848 0.03125
0 0.9891826923076923 0.7956730769230769 0.016826923076923076 0.03365384615384615
0 0.171875 0.7608173076923077 0.04447115384615385 0.042067307692307696
0 0.22115384615384615 0.7560096153846154 0.04326923076923077 0.042067307692307696
0 0.26802884615384615 0.7572115384615384 0.04326923076923077 0.04326923076923077
0 0.3137019230769231 0.7560096153846154 0.040865384615384616 0.040865384615384616
0 0.41947115384615385 0.75 0.04567307692307692 0.046875
0 0.515625 0.5480769230769231 0.07211538461538461 0.02403846153846154
0 0.8689903846153846 0.671875 0.03365384615384615 0.039663461538461536
0 0.7824519230769231 0.6766826923076923 0.03365384615384615 0.03365384615384615
0 0.8485576923076923 0.6141826923076923 0.03245192307692308 0.027644230769230768
0 0.8125 0.6129807692307693 0.03245192307692308 0.030048076923076924
0 0.8149038461538461 0.5889423076923077 0.037259615384615384 0.018028846153846152
0 0.7620192307692307 0.6129807692307693 0.06129807692307692 0.027644230769230768
0 0.6899038461538461 0.6153846153846154 0.07451923076923077 0.025240384615384616
0 0.6153846153846154 0.6153846153846154 0.06971153846153846 0.026442307692307692
0 0.5420673076923077 0.6189903846153846 0.0673076923076923 0.02283653846153846
0 0.5420673076923077 0.5985576923076923 0.0673076923076923 0.015625
0 0.49278846153846156 0.6081730769230769 0.030048076923076924 0.04927884615384615
0 0.46153846153846156 0.6045673076923077 0.020432692307692308 0.04807692307692308
0 0.43149038461538464 0.609375 0.03125 0.054086538461538464
0 0.38461538461538464 0.6165865384615384 0.056490384615384616 0.03485576923076923
0 0.31850961538461536 0.6225961538461539 0.06971153846153846 0.026442307692307692
0 0.24278846153846154 0.625 0.0733173076923077 0.027644230769230768
0 0.17307692307692307 0.625 0.0625 0.027644230769230768
0 0.9411057692307693 0.5384615384615384 0.07211538461538461 0.03245192307692308
0 0.8713942307692307 0.5396634615384616 0.04326923076923077 0.027644230769230768
0 0.7475961538461539 0.5408653846153846 0.0889423076923077 0.038461538461538464
0 0.6622596153846154 0.5348557692307693 0.0673076923076923 0.046875
0 0.8966346153846154 0.6105769230769231 0.06129807692307692 0.028846153846153848
0 0.8269230769230769 0.6694711538461539 0.04447115384615385 0.04567307692307692
0 0.9627403846153846 0.6081730769230769 0.06370192307692307 0.026442307692307692
0 0.11177884615384616 0.6899038461538461 0.06370192307692307 0.08533653846153846
0 0.7439903846153846 0.6778846153846154 0.03365384615384615 0.03245192307692308
0 0.7139423076923077 0.6706730769230769 0.02403846153846154 0.052884615384615384
0 0.6875 0.6706730769230769 0.02283653846153846 0.054086538461538464
0 0.6658653846153846 0.671875 0.020432692307692308 0.055288461538461536
0 0.6442307692307693 0.671875 0.020432692307692308 0.055288461538461536
0 0.6237980769230769 0.6706730769230769 0.019230769230769232 0.054086538461538464
0 0.5997596153846154 0.671875 0.019230769230769232 0.052884615384615384
0 0.5576923076923077 0.6850961538461539 0.06009615384615385 0.027644230769230768
0 0.5072115384615384 0.6802884615384616 0.03485576923076923 0.038461538461538464
0 0.46875 0.6754807692307693 0.036057692307692304 0.05048076923076923
0 0.42908653846153844 0.6706730769230769 0.037259615384615384 0.038461538461538464
0 0.39903846153846156 0.6790865384615384 0.016826923076923076 0.037259615384615384
0 0.37740384615384615 0.6899038461538461 0.020432692307692308 0.025240384615384616
0 0.3557692307692308 0.6850961538461539 0.016826923076923076 0.037259615384615384
0 0.33533653846153844 0.6862980769230769 0.019230769230769232 0.038461538461538464
0 0.3076923076923077 0.6850961538461539 0.028846153846153848 0.042067307692307696
0 0.23677884615384615 0.6862980769230769 0.03125 0.04807692307692308
0 0.203125 0.6838942307692307 0.027644230769230768 0.054086538461538464
0 0.16826923076923078 0.6850961538461539 0.036057692307692304 0.05048076923076923
0 0.039663461538461536 0.6875 0.0733173076923077 0.09014423076923077
0 0.5889423076923077 0.5228365384615384 0.07091346153846154 0.021634615384615384
0 0.6165865384615384 0.4675480769230769 0.037259615384615384 0.037259615384615384