0 0.6778846153846154 0.6045673076923077 0.04447115384615385 0.09735576923076923
0 0.29086538461538464 0.7463942307692307 0.03365384615384615 0.0829326923076923
0 0.31850961538461536 0.7439903846153846 0.020432692307692308 0.0829326923076923
0 0.35096153846153844 0.7427884615384616 0.03125 0.08653846153846154
0 0.38822115384615385 0.7451923076923077 0.03245192307692308 0.09134615384615384
0 0.43028846153846156 0.7403846153846154 0.028846153846153848 0.08052884615384616
0 0.5060096153846154 0.7391826923076923 0.037259615384615384 0.0829326923076923
0 0.25600961538461536 0.7451923076923077 0.028846153846153848 0.08413461538461539
0 0.5456730769230769 0.7379807692307693 0.03365384615384615 0.08052884615384616
0 0.5841346153846154 0.734375 0.03245192307692308 0.078125
0 0.6213942307692307 0.7319711538461539 0.027644230769230768 0.0733173076923077
0 0.4639423076923077 0.7403846153846154 0.030048076923076924 0.08173076923076923
0 0.22235576923076922 0.7439903846153846 0.037259615384615384 0.0829326923076923
0 0.9074519230769231 0.5997596153846154 0.03365384615384615 0.09975961538461539
0 0.953125 0.6009615384615384 0.037259615384615384 0.09615384615384616
0 0.6574519230769231 0.7307692307692307 0.021634615384615384 0.08052884615384616
0 0.8665865384615384 0.6033653846153846 0.039663461538461536 0.09254807692307693
0 0.8257211538461539 0.6057692307692307 0.03365384615384615 0.0985576923076923
0 0.7884615384615384 0.6069711538461539 0.036057692307692304 0.09375
0 0.7487980769230769 0.6045673076923077 0.03125 0.09134615384615384
0 0.7175480769230769 0.609375 0.027644230769230768 0.0889423076923077
0 0.6334134615384616 0.6057692307692307 0.042067307692307696 0.0985576923076923
0 0.5805288461538461 0.6033653846153846 0.04807692307692308 0.10697115384615384
0 0.5300480769230769 0.6057692307692307 0.04927884615384615 0.10216346153846154
0 0.48197115384615385 0.6069711538461539 0.04326923076923077 0.109375
0 0.36177884615384615 0.6105769230769231 0.052884615384615384 0.10576923076923077
0 0.1778846153846154 0.7463942307692307 0.040865384615384616 0.07692307692307693
0 0.6802884615384616 0.7295673076923077 0.025240384615384616 0.07932692307692307
0 0.7403846153846154 0.7247596153846154 0.025240384615384616 0.08052884615384616
0 0.2932692307692308 0.6129807692307693 0.051682692307692304 0.11177884615384616
0 0.9771634615384616 0.8629807692307693 0.02283653846153846 0.078125
0 0.9362980769230769 0.8846153846153846 0.04567307692307692 0.03245192307692308
0 0.9338942307692307 0.8509615384615384 0.039663461538461536 0.03485576923076923
0 0.8930288461538461 0.8882211538461539 0.037259615384615384 0.030048076923076924
0 0.8509615384615384 0.8930288461538461 0.04447115384615385 0.03485576923076923
0 0.8004807692307693 0.8882211538461539 0.04447115384615385 0.037259615384615384
0 0.7644230769230769 0.8641826923076923 0.02283653846153846 0.07451923076923077
0 0.7367788461538461 0.8653846153846154 0.025240384615384616 0.07451923076923077
0 0.7067307692307693 0.8701923076923077 0.02283653846153846 0.07211538461538461
0 0.6454326923076923 0.8641826923076923 0.09254807692307693 0.08533653846153846
0 0.5336538461538461 0.8725961538461539 0.09975961538461539 0.09014423076923077
0 0.4387019230769231 0.8846153846153846 0.036057692307692304 0.08774038461538461
0 0.39903846153846156 0.890625 0.03485576923076923 0.08774038461538461
0 0.34975961538461536 0.8942307692307693 0.028846153846153848 0.08653846153846154
0 0.31971153846153844 0.8966346153846154 0.025240384615384616 0.0829326923076923
0 0.28846153846153844 0.8966346153846154 0.03125 0.08052884615384616
0 0.24879807692307693 0.9026442307692307 0.036057692307692304 0.0829326923076923
0 0.2127403846153846 0.9002403846153846 0.028846153846153848 0.0889423076923077
0 0.17668269230769232 0.9050480769230769 0.037259615384615384 0.08413461538461539
0 0.9879807692307693 0.7307692307692307 0.019230769230769232 0.09615384615384616
0 0.9483173076923077 0.7283653846153846 0.040865384615384616 0.09615384615384616
0 0.9074519230769231 0.7283653846153846 0.03245192307692308 0.10576923076923077
0 0.8557692307692307 0.7283653846153846 0.037259615384615384 0.09375
0 0.8040865384615384 0.7271634615384616 0.03485576923076923 0.09735576923076923
0 0.7668269230769231 0.7259615384615384 0.02283653846153846 0.07692307692307693
0 0.7091346153846154 0.7295673076923077 0.021634615384615384 0.0733173076923077
0 0.23677884615384615 0.609375 0.052884615384615384 0.11057692307692307
0 0.4182692307692308 0.6057692307692307 0.046875 0.10697115384615384
0 0.9591346153846154 0.4735576923076923 0.036057692307692304 0.09975961538461539
0 0.17668269230769232 0.6081730769230769 0.052884615384615384 0.1141826923076923
0 0.17548076923076922 0.3125 0.055288461538461536 0.11899038461538461
0 0.17067307692307693 0.17548076923076922 0.040865384615384616 0.09735576923076923
0 0.21514423076923078 0.18269230769230768 0.040865384615384616 0.09254807692307693
0 0.2848557692307692 0.18870192307692307 0.030048076923076924 0.09375
0 0.31850961538461536 0.18870192307692307 0.020432692307692308 0.09254807692307693
0 0.3449519230769231 0.1875 0.03125 0.08413461538461539
0 0.4362980769230769 0.1971153846153846 0.021634615384615384 0.07932692307692307
0 0.46634615384615385 0.1971153846153846 0.018028846153846152 0.08173076923076923
0 0.48677884615384615 0.19951923076923078 0.021634615384615384 0.07932692307692307
0 0.5108173076923077 0.19951923076923078 0.02403846153846154 0.07932692307692307
0 0.5300480769230769 0.19831730769230768 0.015625 0.08052884615384616
0 0.5576923076923077 0.19951923076923078 0.021634615384615384 0.078125
0 0.2800480769230769 0.31971153846153844 0.046875 0.125
0 0.578125 0.20192307692307693 0.015625 0.07692307692307693
0 0.6322115384615384 0.20673076923076922 0.018028846153846152 0.08173076923076923
0 0.6610576923076923 0.19591346153846154 0.02283653846153846 0.10336538461538461
0 0.6923076923076923 0.19591346153846154 0.026442307692307692 0.10216346153846154
0 0.7235576923076923 0.19831730769230768 0.02403846153846154 0.09975961538461539
0 0.7524038461538461 0.19831730769230768 0.026442307692307692 0.10096153846153846
0 0.7992788461538461 0.23076923076923078 0.040865384615384616 0.04447115384615385
0 0.7956730769230769 0.18990384615384615 0.03365384615384615 0.03365384615384615
0 0.8509615384615384 0.234375 0.04567307692307692 0.038461538461538464
0 0.8449519230769231 0.19230769230769232 0.04807692307692308 0.039663461538461536
0 0.8966346153846154 0.234375 0.040865384615384616 0.039663461538461536
0 0.9399038461538461 0.234375 0.03485576923076923 0.03485576923076923
0 0.9387019230769231 0.1971153846153846 0.042067307692307696 0.036057692307692304
0 0.9783653846153846 0.21394230769230768 0.026442307692307692 0.08533653846153846
0 0.6021634615384616 0.20192307692307693 0.015625 0.0829326923076923
0 0.3317307692307692 0.32211538461538464 0.04807692307692308 0.1201923076923077
0 0.23076923076923078 0.3112980769230769 0.04807692307692308 0.12860576923076922
0 0.44471153846153844 0.3245192307692308 0.051682692307692304 0.11778846153846154
0 0.9122596153846154 0.4699519230769231 0.039663461538461536 0.10216346153846154
0 0.8665865384615384 0.47115384615384615 0.03485576923076923 0.10216346153846154
0 0.8257211538461539 0.4723557692307692 0.039663461538461536 0.09735576923076923
0 0.78125 0.4723557692307692 0.03365384615384615 0.10096153846153846
0 0.7295673076923077 0.4651442307692308 0.042067307692307696 0.11057692307692307
0 0.6911057692307693 0.47716346153846156 0.02403846153846154 0.08533653846153846
0 0.6622596153846154 0.4723557692307692 0.025240384615384616 0.08774038461538461
0 0.6177884615384616 0.46153846153846156 0.042067307692307696 0.11177884615384616
0 0.5637019230769231 0.46153846153846156 0.04807692307692308 0.12259615384615384
0 0.38461538461538464 0.3245192307692308 0.04447115384615385 0.11899038461538461
0 0.45072115384615385 0.46033653846153844 0.046875 0.1141826923076923
0 0.4026442307692308 0.46153846153846156 0.046875 0.11658653846153846
0 0.3473557692307692 0.4567307692307692 0.057692307692307696 0.1201923076923077
0 0.5072115384615384 0.46153846153846156 0.04927884615384615 0.11778846153846154
0 0.23076923076923078 0.4579326923076923 0.05048076923076923 0.125
0 0.4987980769230769 0.33052884615384615 0.051682692307692304 0.1141826923076923
0 0.5528846153846154 0.328125 0.04447115384615385 0.11899038461538461
0 0.6021634615384616 0.3269230769230769 0.039663461538461536 0.1141826923076923
0 0.28846153846153844 0.45552884615384615 0.051682692307692304 0.11778846153846154
0 0.6983173076923077 0.3317307692307692 0.042067307692307696 0.109375
0 0.7572115384615384 0.3317307692307692 0.057692307692307696 0.10576923076923077
0 0.6478365384615384 0.33052884615384615 0.042067307692307696 0.11658653846153846
0 0.8112980769230769 0.33774038461538464 0.037259615384615384 0.0985576923076923
0 0.8533653846153846 0.33653846153846156 0.03365384615384615 0.09735576923076923
0 0.8990384615384616 0.3401442307692308 0.03245192307692308 0.09495192307692307
0 0.9399038461538461 0.34134615384615385 0.037259615384615384 0.09254807692307693
0 0.9807692307692307 0.34615384615384615 0.03365384615384615 0.09134615384615384
0 0.16466346153846154 0.4567307692307692 0.0673076923076923 0.12860576923076922