0 0.5456730769230769 0.5528846153846154 0.02403846153846154 0.056490384615384616
0 0.6237980769230769 0.5564903846153846 0.1346153846153846 0.016826923076923076
0 0.6286057692307693 0.5180288461538461 0.1346153846153846 0.018028846153846152
0 0.7668269230769231 0.5168269230769231 0.12139423076923077 0.016826923076923076
0 0.765625 0.5372596153846154 0.13341346153846154 0.013221153846153846
0 0.7692307692307693 0.5564903846153846 0.13701923076923078 0.016826923076923076
0 0.515625 0.5528846153846154 0.026442307692307692 0.06009615384615385
0 0.7620192307692307 0.5757211538461539 0.1310096153846154 0.014423076923076924
0 0.9086538461538461 0.5769230769230769 0.109375 0.019230769230769232
0 0.9038461538461539 0.5576923076923077 0.10697115384615384 0.013221153846153846
0 0.6286057692307693 0.5396634615384616 0.13221153846153846 0.015625
0 0.6262019230769231 0.5757211538461539 0.13221153846153846 0.018028846153846152
0 0.8918269230769231 0.48197115384615385 0.15745192307692307 0.019230769230769232
0 0.9014423076923077 0.5180288461538461 0.12620192307692307 0.015625
0 0.48677884615384615 0.5552884615384616 0.028846153846153848 0.05889423076923077
0 0.2283653846153846 0.4567307692307692 0.021634615384615384 0.014423076923076924
0 0.23076923076923078 0.4362980769230769 0.025240384615384616 0.016826923076923076
0 0.25961538461538464 0.4362980769230769 0.021634615384615384 0.015625
0 0.2848557692307692 0.4362980769230769 0.02403846153846154 0.016826923076923076
0 0.3942307692307692 0.4855769230769231 0.12860576923076922 0.013221153846153846
0 0.3942307692307692 0.4675480769230769 0.12620192307692307 0.014423076923076924
0 0.3918269230769231 0.45072115384615385 0.13221153846153846 0.013221153846153846
0 0.3942307692307692 0.4326923076923077 0.1310096153846154 0.015625
0 0.4795673076923077 0.45913461538461536 0.03365384615384615 0.0673076923076923
0 0.9014423076923077 0.5420673076923077 0.11298076923076923 0.016826923076923076
0 0.5180288461538461 0.46033653846153844 0.03485576923076923 0.06129807692307692
0 0.6057692307692307 0.46875 0.12860576923076922 0.014423076923076924
0 0.6033653846153846 0.4519230769230769 0.125 0.016826923076923076
0 0.5997596153846154 0.43149038461538464 0.12259615384615384 0.015625
0 0.7427884615384616 0.4831730769230769 0.13581730769230768 0.016826923076923076
0 0.7427884615384616 0.4651442307692308 0.13942307692307693 0.018028846153846152
0 0.7415865384615384 0.44591346153846156 0.1310096153846154 0.016826923076923076
0 0.7403846153846154 0.4254807692307692 0.13942307692307693 0.019230769230769232
0 0.8918269230769231 0.45913461538461536 0.15264423076923078 0.020432692307692308
0 0.8942307692307693 0.4387019230769231 0.15384615384615385 0.019230769230769232
0 0.8918269230769231 0.41947115384615385 0.15625 0.015625
0 0.6081730769230769 0.4855769230769231 0.12259615384615384 0.018028846153846152
0 0.39302884615384615 0.5180288461538461 0.14302884615384615 0.014423076923076924
0 0.8942307692307693 0.6141826923076923 0.14423076923076922 0.01201923076923077
0 0.3942307692307692 0.5516826923076923 0.13942307692307693 0.010817307692307692
0 0.9338942307692307 0.8894230769230769 0.1310096153846154 0.016826923076923076
0 0.9350961538461539 0.90625 0.12860576923076922 0.016826923076923076
0 0.9098557692307693 0.8016826923076923 0.11298076923076923 0.014423076923076924
0 0.9086538461538461 0.7836538461538461 0.11899038461538461 0.015625
0 0.9134615384615384 0.7668269230769231 0.1201923076923077 0.014423076923076924
0 0.7860576923076923 0.765625 0.10697115384615384 0.009615384615384616
0 0.7920673076923077 0.7836538461538461 0.11177884615384616 0.014423076923076924
0 0.7884615384615384 0.8040865384615384 0.11298076923076923 0.015625
0 0.6502403846153846 0.8004807692307693 0.1466346153846154 0.020432692307692308
0 0.6538461538461539 0.7764423076923077 0.14903846153846154 0.02283653846153846
0 0.5444711538461539 0.7836538461538461 0.028846153846153848 0.052884615384615384
0 0.5144230769230769 0.78125 0.025240384615384616 0.04927884615384615
0 0.4266826923076923 0.8040865384615384 0.13701923076923078 0.014423076923076924
0 0.4266826923076923 0.7860576923076923 0.13701923076923078 0.018028846153846152
0 0.4230769230769231 0.7680288461538461 0.13701923076923078 0.016826923076923076
0 0.28125 0.7692307692307693 0.1346153846153846 0.015625
0 0.2824519230769231 0.7860576923076923 0.14543269230769232 0.014423076923076924
0 0.2824519230769231 0.8040865384615384 0.13221153846153846 0.015625
0 0.14302884615384615 0.8076923076923077 0.12620192307692307 0.018028846153846152
0 0.14302884615384615 0.7920673076923077 0.13341346153846154 0.013221153846153846
0 0.13942307692307693 0.7728365384615384 0.13221153846153846 0.019230769230769232
0 0.9362980769230769 0.8713942307692307 0.12620192307692307 0.016826923076923076
0 0.9326923076923077 0.8521634615384616 0.13341346153846154 0.019230769230769232
0 0.7980769230769231 0.8353365384615384 0.11778846153846154 0.01201923076923077
0 0.09375 0.8521634615384616 0.14543269230769232 0.026442307692307692
0 0.8004807692307693 0.8509615384615384 0.12139423076923077 0.013221153846153846
0 0.8004807692307693 0.8737980769230769 0.11899038461538461 0.018028846153846152
0 0.8052884615384616 0.8918269230769231 0.12259615384615384 0.014423076923076924
0 0.8004807692307693 0.9074519230769231 0.12620192307692307 0.014423076923076924
0 0.6610576923076923 0.90625 0.14783653846153846 0.018028846153846152
0 0.6622596153846154 0.8882211538461539 0.14543269230769232 0.018028846153846152
0 0.6610576923076923 0.8665865384615384 0.1466346153846154 0.016826923076923076
0 0.65625 0.8401442307692307 0.14182692307692307 0.025240384615384616
0 0.5661057692307693 0.8762019230769231 0.030048076923076924 0.07692307692307693
0 0.5336538461538461 0.8918269230769231 0.02283653846153846 0.054086538461538464
0 0.10216346153846154 0.7379807692307693 0.12980769230769232 0.015625
0 0.5012019230769231 0.8858173076923077 0.036057692307692304 0.07211538461538461
0 0.39302884615384615 0.8713942307692307 0.14182692307692307 0.016826923076923076
0 0.39302884615384615 0.890625 0.14302884615384615 0.014423076923076924
0 0.3954326923076923 0.9086538461538461 0.14423076923076922 0.014423076923076924
0 0.2403846153846154 0.8509615384615384 0.14182692307692307 0.020432692307692308
0 0.24158653846153846 0.8737980769230769 0.14543269230769232 0.019230769230769232
0 0.2439903846153846 0.8930288461538461 0.14423076923076922 0.016826923076923076
0 0.24879807692307693 0.9122596153846154 0.13822115384615385 0.015625
0 0.09495192307692307 0.9122596153846154 0.1502403846153846 0.016826923076923076
0 0.09735576923076923 0.8942307692307693 0.13942307692307693 0.015625
0 0.09375 0.8737980769230769 0.14543269230769232 0.018028846153846152
0 0.38822115384615385 0.8509615384615384 0.14302884615384615 0.021634615384615384
0 0.09975961538461539 0.7235576923076923 0.1346153846153846 0.01201923076923077
0 0.09254807692307693 0.7043269230769231 0.13581730769230768 0.020432692307692308
0 0.2403846153846154 0.6959134615384616 0.13822115384615385 0.013221153846153846
0 0.4891826923076923 0.6370192307692307 0.028846153846153848 0.0673076923076923
0 0.39903846153846156 0.6081730769230769 0.13942307692307693 0.015625
0 0.39783653846153844 0.6262019230769231 0.13581730769230768 0.013221153846153846
0 0.40024038461538464 0.6442307692307693 0.13822115384615385 0.020432692307692308
0 0.4014423076923077 0.6646634615384616 0.13822115384615385 0.018028846153846152
0 0.25240384615384615 0.6141826923076923 0.13942307692307693 0.018028846153846152
0 0.25721153846153844 0.6334134615384616 0.1310096153846154 0.016826923076923076
0 0.2548076923076923 0.6478365384615384 0.13701923076923078 0.01201923076923077
0 0.2608173076923077 0.6646634615384616 0.12980769230769232 0.015625
0 0.1201923076923077 0.6670673076923077 0.13221153846153846 0.013221153846153846
0 0.5264423076923077 0.6394230769230769 0.028846153846153848 0.06850961538461539
0 0.11538461538461539 0.6538461538461539 0.13701923076923078 0.009615384615384616
0 0.11177884615384616 0.6177884615384616 0.13581730769230768 0.015625
0 0.10576923076923077 0.5216346153846154 0.13701923076923078 0.014423076923076924
0 0.10576923076923077 0.5420673076923077 0.14302884615384615 0.018028846153846152
0 0.10697115384615384 0.5600961538461539 0.13942307692307693 0.018028846153846152
0 0.10576923076923077 0.5793269230769231 0.125 0.016826923076923076
0 0.2512019230769231 0.5805288461538461 0.14423076923076922 0.020432692307692308
0 0.25 0.5612980769230769 0.14783653846153846 0.018028846153846152
0 0.25600961538461536 0.5420673076923077 0.13581730769230768 0.019230769230769232
0 0.24759615384615385 0.5204326923076923 0.13221153846153846 0.018028846153846152
0 0.39903846153846156 0.5733173076923077 0.12259615384615384 0.019230769230769232
0 0.1141826923076923 0.6382211538461539 0.13701923076923078 0.016826923076923076
0 0.3942307692307692 0.5348557692307693 0.13581730769230768 0.014423076923076924
0 0.6225961538461539 0.6201923076923077 0.13341346153846154 0.025240384615384616
0 0.6177884615384616 0.6634615384615384 0.1346153846153846 0.015625
0 0.24278846153846154 0.7139423076923077 0.14543269230769232 0.018028846153846152
0 0.2403846153846154 0.7331730769230769 0.13701923076923078 0.018028846153846152
0 0.3870192307692308 0.7331730769230769 0.13822115384615385 0.016826923076923076
0 0.3870192307692308 0.7151442307692307 0.13822115384615385 0.013221153846153846
0 0.3798076923076923 0.6971153846153846 0.13942307692307693 0.019230769230769232
0 0.4807692307692308 0.7151442307692307 0.03245192307692308 0.05048076923076923
0 0.5168269230769231 0.7151442307692307 0.03245192307692308 0.054086538461538464
0 0.6045673076923077 0.7331730769230769 0.14302884615384615 0.026442307692307692
0 0.6009615384615384 0.6995192307692307 0.14302884615384615 0.014423076923076924
0 0.7487980769230769 0.6971153846153846 0.13221153846153846 0.014423076923076924
0 0.6201923076923077 0.6430288461538461 0.1466346153846154 0.016826923076923076
0 0.7487980769230769 0.7127403846153846 0.13701923076923078 0.01201923076923077
0 0.890625 0.7307692307692307 0.1502403846153846 0.018028846153846152
0 0.8966346153846154 0.7091346153846154 0.14783653846153846 0.015625
0 0.8966346153846154 0.6923076923076923 0.14783653846153846 0.013221153846153846
0 0.8954326923076923 0.6274038461538461 0.1310096153846154 0.009615384615384616
0 0.8954326923076923 0.6442307692307693 0.125 0.015625
0 0.8954326923076923 0.6622596153846154 0.12740384615384615 0.015625
0 0.7560096153846154 0.609375 0.12259615384615384 0.016826923076923076
0 0.7584134615384616 0.625 0.11658653846153846 0.010817307692307692
0 0.7584134615384616 0.6442307692307693 0.12139423076923077 0.015625
0 0.7608173076923077 0.6610576923076923 0.12379807692307693 0.014423076923076924
0 0.7487980769230769 0.7307692307692307 0.13221153846153846 0.014423076923076924
0 0.3137019230769231 0.47596153846153844 0.020432692307692308 0.016826923076923076
0 0.2548076923076923 0.45552884615384615 0.021634615384615384 0.013221153846153846
0 0.9050480769230769 0.3894230769230769 0.12740384615384615 0.013221153846153846
0 0.765625 0.328125 0.13341346153846154 0.014423076923076924
0 0.7620192307692307 0.3485576923076923 0.140625 0.020432692307692308
0 0.765625 0.36899038461538464 0.14302884615384615 0.019230769230769232
0 0.6057692307692307 0.3425480769230769 0.140625 0.018028846153846152
0 0.2860576923076923 0.4567307692307692 0.02403846153846154 0.019230769230769232
0 0.4723557692307692 0.26802884615384615 0.02403846153846154 0.06850961538461539
0 0.3870192307692308 0.23317307692307693 0.12980769230769232 0.018028846153846152
0 0.40024038461538464 0.25240384615384615 0.1201923076923077 0.014423076923076924
0 0.3870192307692308 0.27283653846153844 0.13341346153846154 0.014423076923076924
0 0.5144230769230769 0.36177884615384615 0.030048076923076924 0.07091346153846154
0 0.3918269230769231 0.2932692307692308 0.11778846153846154 0.018028846153846152
0 0.2512019230769231 0.25600961538461536 0.15144230769230768 0.018028846153846152
0 0.24759615384615385 0.27403846153846156 0.140625 0.016826923076923076
0 0.25240384615384615 0.29447115384615385 0.13701923076923078 0.015625
0 0.10096153846153846 0.2932692307692308 0.1310096153846154 0.018028846153846152
0 0.10096153846153846 0.27283653846153844 0.1346153846153846 0.014423076923076924
0 0.09735576923076923 0.2548076923076923 0.13942307692307693 0.016826923076923076
0 0.09495192307692307 0.234375 0.1310096153846154 0.015625
0 0.07091346153846154 0.12860576923076922 0.13822115384615385 0.018028846153846152
0 0.07091346153846154 0.1502403846153846 0.13942307692307693 0.016826923076923076
0 0.24278846153846154 0.234375 0.14423076923076922 0.020432692307692308
0 0.9086538461538461 0.3557692307692308 0.12620192307692307 0.018028846153846152
0 0.47836538461538464 0.3641826923076923 0.036057692307692304 0.06971153846153846
0 0.3088942307692308 0.43509615384615385 0.025240384615384616 0.019230769230769232
0 0.9074519230769231 0.33653846153846156 0.1310096153846154 0.019230769230769232
0 0.38100961538461536 0.18870192307692307 0.14182692307692307 0.020432692307692308
0 0.4795673076923077 0.16105769230769232 0.036057692307692304 0.07932692307692307
0 0.5168269230769231 0.15745192307692307 0.03125 0.08052884615384616
0 0.6081730769230769 0.18870192307692307 0.14783653846153846 0.018028846153846152
0 0.6069711538461539 0.16826923076923078 0.14302884615384615 0.018028846153846152
0 0.6105769230769231 0.14783653846153846 0.14423076923076922 0.016826923076923076
0 0.609375 0.12379807692307693 0.1346153846153846 0.02283653846153846
0 0.9002403846153846 0.12980769230769232 0.11899038461538461 0.019230769230769232
0 0.28966346153846156 0.47475961538461536 0.019230769230769232 0.016826923076923076
0 0.9074519230769231 0.1502403846153846 0.11057692307692307 0.01201923076923077
0 0.9026442307692307 0.1875 0.12259615384615384 0.02283653846153846
0 0.9230769230769231 0.2536057692307692 0.12980769230769232 0.015625
0 0.3798076923076923 0.16706730769230768 0.140625 0.018028846153846152
0 0.37259615384615385 0.14423076923076922 0.14543269230769232 0.018028846153846152
0 0.3737980769230769 0.1201923076923077 0.1466346153846154 0.021634615384615384
0 0.22115384615384615 0.12379807692307693 0.1466346153846154 0.018028846153846152
0 0.22716346153846154 0.1466346153846154 0.13701923076923078 0.019230769230769232
0 0.2247596153846154 0.16826923076923078 0.1466346153846154 0.015625
0 0.31490384615384615 0.4543269230769231 0.019230769230769232 0.013221153846153846
0 0.9038461538461539 0.16706730769230768 0.11778846153846154 0.015625
0 0.9026442307692307 0.375 0.1346153846153846 0.015625
0 0.921875 0.2704326923076923 0.13942307692307693 0.014423076923076924
0 0.765625 0.38822115384615385 0.13341346153846154 0.014423076923076924
0 0.2620192307692308 0.3918269230769231 0.11778846153846154 0.020432692307692308
0 0.3942307692307692 0.39302884615384615 0.11778846153846154 0.01201923076923077
0 0.9182692307692307 0.28966346153846156 0.12980769230769232 0.013221153846153846
0 0.39302884615384615 0.35697115384615385 0.125 0.021634615384615384
0 0.39302884615384615 0.33653846153846156 0.125 0.018028846153846152
0 0.5048076923076923 0.26802884615384615 0.03245192307692308 0.06370192307692307
0 0.5384615384615384 0.2704326923076923 0.027644230769230768 0.06610576923076923
0 0.6358173076923077 0.2403846153846154 0.15144230769230768 0.021634615384615384
0 0.6358173076923077 0.2668269230769231 0.15504807692307693 0.02283653846153846
0 0.6322115384615384 0.28966346153846156 0.15384615384615385 0.015625
0 0.7848557692307693 0.28846153846153844 0.12740384615384615 0.019230769230769232
0 0.7884615384615384 0.26802884615384615 0.1141826923076923 0.013221153846153846
0 0.8064903846153846 0.2536057692307692 0.09375 0.015625
0 0.7920673076923077 0.234375 0.1141826923076923 0.014423076923076924
0 0.9254807692307693 0.23317307692307693 0.12259615384615384 0.018028846153846152
0 0.26322115384615385 0.3713942307692308 0.1201923076923077 0.01201923076923077
0 0.2668269230769231 0.35697115384615385 0.12980769230769232 0.014423076923076924
0 0.3954326923076923 0.3786057692307692 0.1201923076923077 0.013221153846153846
0 0.1814903846153846 0.3629807692307692 0.020432692307692308 0.0733173076923077
0 0.6105769230769231 0.390625 0.15144230769230768 0.019230769230769232
0 0.6105769230769231 0.36658653846153844 0.15504807692307693 0.019230769230769232
0 0.07451923076923077 0.16826923076923078 0.140625 0.013221153846153846
0 0.07211538461538461 0.19230769230769232 0.14423076923076922 0.015625
0 0.22956730769230768 0.19110576923076922 0.14783653846153846 0.02283653846153846
0 0.2644230769230769 0.47475961538461536 0.021634615384615384 0.019230769230769232
0 0.234375 0.47475961538461536 0.020432692307692308 0.018028846153846152
0 0.2620192307692308 0.33653846153846156 0.12860576923076922 0.015625
0 0.1045673076923077 0.4651442307692308 0.1502403846153846 0.015625
0 0.10096153846153846 0.44711538461538464 0.15264423076923078 0.016826923076923076
0 0.10576923076923077 0.48677884615384615 0.1466346153846154 0.021634615384615384
0 0.06009615384615385 0.34134615384615385 0.11778846153846154 0.018028846153846152
0 0.09975961538461539 0.4266826923076923 0.15504807692307693 0.018028846153846152
0 0.07091346153846154 0.3942307692307692 0.11057692307692307 0.021634615384615384
0 0.06850961538461539 0.375 0.11899038461538461 0.013221153846153846
0 0.06610576923076923 0.359375 0.11899038461538461 0.015625
0 0.15264423076923078 0.36778846153846156 0.02403846153846154 0.07211538461538461