0 0.8557692307692307 0.7331730769230769 0.016826923076923076 0.06610576923076923
0 0.8737980769230769 0.7259615384615384 0.018028846153846152 0.06490384615384616
0 0.8629807692307693 0.6586538461538461 0.015625 0.056490384615384616
0 0.84375 0.6646634615384616 0.021634615384615384 0.06129807692307692
0 0.8233173076923077 0.6670673076923077 0.016826923076923076 0.05889423076923077
0 0.8028846153846154 0.6742788461538461 0.021634615384615384 0.052884615384615384
0 0.7824519230769231 0.6802884615384616 0.016826923076923076 0.055288461538461536
0 0.7608173076923077 0.6887019230769231 0.02403846153846154 0.0625
0 0.7355769230769231 0.6971153846153846 0.025240384615384616 0.06370192307692307
0 0.7115384615384616 0.7079326923076923 0.02403846153846154 0.07211538461538461
0 0.6814903846153846 0.7175480769230769 0.030048076923076924 0.07572115384615384
0 0.6502403846153846 0.7283653846153846 0.027644230769230768 0.08173076923076923
0 0.5384615384615384 0.7584134615384616 0.03125 0.09975961538461539
0 0.5685096153846154 0.7512019230769231 0.03125 0.08653846153846154
0 0.8353365384615384 0.7403846153846154 0.02403846153846154 0.0733173076923077
0 0.8173076923076923 0.7475961538461539 0.016826923076923076 0.06129807692307692
0 0.7956730769230769 0.7548076923076923 0.02283653846153846 0.06490384615384616
0 0.7728365384615384 0.7692307692307693 0.025240384615384616 0.05889423076923077
0 0.8882211538461539 0.8149038461538461 0.020432692307692308 0.052884615384615384
0 0.8689903846153846 0.8269230769230769 0.018028846153846152 0.05889423076923077
0 0.8473557692307693 0.8377403846153846 0.02283653846153846 0.06610576923076923
0 0.8257211538461539 0.84375 0.020432692307692308 0.06490384615384616
0 0.8040865384615384 0.8581730769230769 0.021634615384615384 0.0733173076923077
0 0.7800480769230769 0.8713942307692307 0.025240384615384616 0.07091346153846154
0 0.7391826923076923 0.8930288461538461 0.02403846153846154 0.07572115384615384
0 0.7103365384615384 0.9170673076923077 0.03365384615384615 0.08774038461538461
0 0.6778846153846154 0.9314903846153846 0.025240384615384616 0.08052884615384616
0 0.6466346153846154 0.9471153846153846 0.030048076923076924 0.08413461538461539
0 0.5805288461538461 0.9663461538461539 0.03125 0.0625
0 0.6153846153846154 0.9579326923076923 0.03125 0.078125
0 0.23317307692307693 0.9675480769230769 0.05048076923076923 0.0625
0 0.2860576923076923 0.9567307692307693 0.046875 0.08173076923076923
0 0.33533653846153844 0.9495192307692307 0.04326923076923077 0.09615384615384616
0 0.3798076923076923 0.9338942307692307 0.037259615384615384 0.10096153846153846
0 0.4254807692307692 0.9110576923076923 0.04326923076923077 0.10096153846153846
0 0.46875 0.8942307692307693 0.036057692307692304 0.10096153846153846
0 0.5060096153846154 0.8822115384615384 0.03125 0.09375
0 0.5420673076923077 0.8665865384615384 0.03485576923076923 0.08173076923076923
0 0.5793269230769231 0.8557692307692307 0.03365384615384615 0.08653846153846154
0 0.6117788461538461 0.8401442307692307 0.03125 0.0889423076923077
0 0.6418269230769231 0.828125 0.03485576923076923 0.07091346153846154
0 0.671875 0.8137019230769231 0.028846153846153848 0.07091346153846154
0 0.7007211538461539 0.8028846153846154 0.025240384615384616 0.0733173076923077
0 0.7283653846153846 0.7848557692307693 0.025240384615384616 0.06971153846153846
0 0.7487980769230769 0.78125 0.016826923076923076 0.06850961538461539
0 0.6237980769230769 0.7331730769230769 0.018028846153846152 0.07932692307692307
0 0.6021634615384616 0.7427884615384616 0.021634615384615384 0.08533653846153846
0 0.8016826923076923 0.33653846153846156 0.02403846153846154 0.06490384615384616
0 0.0889423076923077 0.25721153846153844 0.07091346153846154 0.10817307692307693
0 0.6021634615384616 0.6358173076923077 0.03125 0.08533653846153846
0 0.5276442307692307 0.6490384615384616 0.037259615384615384 0.08653846153846154
0 0.49038461538461536 0.6598557692307693 0.03125 0.09495192307692307
0 0.453125 0.6670673076923077 0.040865384615384616 0.09375
0 0.4110576923076923 0.6766826923076923 0.04326923076923077 0.0985576923076923
0 0.36778846153846156 0.6887019230769231 0.04447115384615385 0.10336538461538461
0 0.31971153846153844 0.6947115384615384 0.05048076923076923 0.10336538461538461
0 0.2620192307692308 0.7103365384615384 0.06370192307692307 0.11538461538461539
0 0.1971153846153846 0.7211538461538461 0.06490384615384616 0.11778846153846154
0 0.12860576923076922 0.7379807692307693 0.06971153846153846 0.12139423076923077
0 0.051682692307692304 0.7524038461538461 0.07451923076923077 0.12379807692307693
0 0.15384615384615385 0.8786057692307693 0.0673076923076923 0.12980769230769232
0 0.22115384615384615 0.8509615384615384 0.055288461538461536 0.1201923076923077
0 0.28125 0.8413461538461539 0.04807692307692308 0.1141826923076923
0 0.3329326923076923 0.8257211538461539 0.04807692307692308 0.109375
0 0.42427884615384615 0.7932692307692307 0.039663461538461536 0.10697115384615384
0 0.4675480769230769 0.7848557692307693 0.037259615384615384 0.0985576923076923
0 0.6358173076923077 0.6274038461538461 0.042067307692307696 0.07451923076923077
0 0.5048076923076923 0.7728365384615384 0.03125 0.09735576923076923
0 0.671875 0.6141826923076923 0.03125 0.0673076923076923
0 0.7331730769230769 0.6081730769230769 0.030048076923076924 0.07091346153846154
0 0.36778846153846156 0.5540865384615384 0.04567307692307692 0.10096153846153846
0 0.41225961538461536 0.5516826923076923 0.042067307692307696 0.10096153846153846
0 0.4543269230769231 0.5480769230769231 0.040865384615384616 0.09014423076923077
0 0.5324519230769231 0.5360576923076923 0.10576923076923077 0.0985576923076923
0 0.6069711538461539 0.5300480769230769 0.030048076923076924 0.07572115384615384
0 0.6418269230769231 0.5240384615384616 0.03245192307692308 0.07091346153846154
0 0.671875 0.5216346153846154 0.028846153846153848 0.07211538461538461
0 0.7019230769230769 0.5192307692307693 0.03365384615384615 0.06971153846153846
0 0.7319711538461539 0.515625 0.026442307692307692 0.06610576923076923
0 0.7560096153846154 0.515625 0.028846153846153848 0.06610576923076923
0 0.78125 0.5132211538461539 0.02403846153846154 0.056490384615384616
0 0.8064903846153846 0.5120192307692307 0.02283653846153846 0.055288461538461536
0 0.8293269230769231 0.5072115384615384 0.02403846153846154 0.055288461538461536
0 0.8413461538461539 0.5841346153846154 0.02403846153846154 0.056490384615384616
0 0.8173076923076923 0.5877403846153846 0.020432692307692308 0.057692307692307696
0 0.7944711538461539 0.59375 0.025240384615384616 0.0673076923076923
0 0.7692307692307693 0.5949519230769231 0.028846153846153848 0.06610576923076923
0 0.7019230769230769 0.6141826923076923 0.028846153846153848 0.06971153846153846
0 0.026442307692307692 0.24759615384615385 0.051682692307692304 0.11538461538461539
0 0.31850961538461536 0.5576923076923077 0.054086538461538464 0.11057692307692307
0 0.19110576923076922 0.5745192307692307 0.05889423076923077 0.11538461538461539
0 0.8245192307692307 0.3401442307692308 0.02283653846153846 0.06129807692307692
0 0.7716346153846154 0.33533653846153844 0.028846153846153848 0.0673076923076923
0 0.7463942307692307 0.3329326923076923 0.02283653846153846 0.06850961538461539
0 0.7271634615384616 0.3317307692307692 0.02403846153846154 0.06850961538461539
0 0.6995192307692307 0.3293269230769231 0.027644230769230768 0.07091346153846154
0 0.6682692307692307 0.3269230769230769 0.03365384615384615 0.07932692307692307
0 0.6334134615384616 0.31971153846153844 0.037259615384615384 0.07572115384615384
0 0.59375 0.3112980769230769 0.036057692307692304 0.078125
0 0.5588942307692307 0.3112980769230769 0.027644230769230768 0.08173076923076923
0 0.5204326923076923 0.30649038461538464 0.037259615384615384 0.078125
0 0.48197115384615385 0.30408653846153844 0.03125 0.0889423076923077
0 0.44591346153846156 0.2980769230769231 0.042067307692307696 0.0889423076923077
0 0.40024038461538464 0.2932692307692308 0.046875 0.09495192307692307
0 0.35216346153846156 0.28966346153846156 0.046875 0.10216346153846154
0 0.29927884615384615 0.2824519230769231 0.056490384615384616 0.10096153846153846
0 0.23798076923076922 0.28125 0.055288461538461536 0.11298076923076923
0 0.15865384615384615 0.265625 0.06850961538461539 0.11778846153846154
0 0.026442307692307692 0.4230769230769231 0.04927884615384615 0.11778846153846154
0 0.25841346153846156 0.5685096153846154 0.06490384615384616 0.12379807692307693
0 0.09014423076923077 0.4230769230769231 0.07451923076923077 0.11538461538461539
0 0.234375 0.4230769230769231 0.06610576923076923 0.0985576923076923
0 0.12139423076923077 0.5853365384615384 0.07692307692307693 0.11899038461538461
0 0.04447115384615385 0.5901442307692307 0.078125 0.11538461538461539
0 0.8197115384615384 0.4254807692307692 0.02403846153846154 0.05889423076923077
0 0.796875 0.4230769230769231 0.02283653846153846 0.05889423076923077
0 0.75 0.42427884615384615 0.030048076923076924 0.06850961538461539
0 0.7223557692307693 0.42427884615384615 0.026442307692307692 0.07211538461538461
0 0.6935096153846154 0.42427884615384615 0.027644230769230768 0.06971153846153846
0 0.6598557692307693 0.4254807692307692 0.03125 0.07932692307692307
0 0.6286057692307693 0.42427884615384615 0.03485576923076923 0.078125
0 0.5925480769230769 0.4206730769230769 0.03245192307692308 0.08173076923076923
0 0.5540865384615384 0.421875 0.03245192307692308 0.07932692307692307
0 0.5204326923076923 0.4254807692307692 0.03245192307692308 0.078125
0 0.48197115384615385 0.4266826923076923 0.04326923076923077 0.08173076923076923
0 0.4423076923076923 0.42427884615384615 0.037259615384615384 0.08653846153846154
0 0.39663461538461536 0.42427884615384615 0.042067307692307696 0.0889423076923077
0 0.3485576923076923 0.4206730769230769 0.04807692307692308 0.09014423076923077
0 0.296875 0.4230769230769231 0.055288461538461536 0.09134615384615384
0 0.1658653846153846 0.421875 0.06971153846153846 0.11177884615384616
0 0.5661057692307693 0.6358173076923077 0.036057692307692304 0.08774038461538461