0 0.7896634615384616 0.5853365384615384 0.04807692307692308 0.109375
0 0.171875 0.24278846153846154 0.038461538461538464 0.07091346153846154
0 0.12740384615384615 0.22596153846153846 0.046875 0.09615384615384616
0 0.08173076923076923 0.23557692307692307 0.036057692307692304 0.08413461538461539
0 0.037259615384615384 0.23557692307692307 0.051682692307692304 0.08653846153846154
0 0.042067307692307696 0.36177884615384615 0.052884615384615384 0.09735576923076923
0 0.08774038461538461 0.36177884615384615 0.03365384615384615 0.07932692307692307
0 0.12620192307692307 0.3581730769230769 0.04567307692307692 0.08173076923076923
0 0.17067307692307693 0.35336538461538464 0.040865384615384616 0.09134615384615384
0 0.24519230769230768 0.3545673076923077 0.0673076923076923 0.08173076923076923
0 0.32211538461538464 0.3581730769230769 0.056490384615384616 0.08173076923076923
0 0.38461538461538464 0.3581730769230769 0.05889423076923077 0.078125
0 0.453125 0.3605769230769231 0.0625 0.08533653846153846
0 0.25 0.2403846153846154 0.07211538461538461 0.10576923076923077
0 0.5228365384615384 0.3581730769230769 0.06009615384615385 0.0829326923076923
0 0.6490384615384616 0.35336538461538464 0.054086538461538464 0.07091346153846154
0 0.6983173076923077 0.35216346153846156 0.042067307692307696 0.0733173076923077
0 0.7548076923076923 0.35096153846153844 0.04807692307692308 0.07091346153846154
0 0.8137019230769231 0.35096153846153844 0.055288461538461536 0.07211538461538461
0 0.8737980769230769 0.35216346153846156 0.057692307692307696 0.0733173076923077
0 0.9423076923076923 0.3485576923076923 0.05048076923076923 0.05889423076923077
0 0.9855769230769231 0.34975961538461536 0.027644230769230768 0.06610576923076923
0 0.9795673076923077 0.44711538461538464 0.030048076923076924 0.054086538461538464
0 0.9350961538461539 0.4519230769230769 0.05889423076923077 0.0625
0 0.8822115384615384 0.4483173076923077 0.037259615384615384 0.04807692307692308
0 0.8341346153846154 0.4639423076923077 0.057692307692307696 0.07451923076923077
0 0.7668269230769231 0.4543269230769231 0.054086538461538464 0.05889423076923077
0 0.5817307692307693 0.35336538461538464 0.055288461538461536 0.0733173076923077
0 0.7151442307692307 0.45552884615384615 0.046875 0.055288461538461536
0 0.3401442307692308 0.2403846153846154 0.06971153846153846 0.09254807692307693
0 0.48677884615384615 0.2512019230769231 0.06009615384615385 0.09735576923076923
0 0.25961538461538464 0.07692307692307693 0.11658653846153846 0.1310096153846154
0 0.36658653846153844 0.0985576923076923 0.06490384615384616 0.09615384615384616
0 0.42908653846153844 0.09975961538461539 0.038461538461538464 0.09375
0 0.47475961538461536 0.09014423076923077 0.038461538461538464 0.1201923076923077
0 0.125 0.09975961538461539 0.06129807692307692 0.10096153846153846
0 0.5192307692307693 0.09014423076923077 0.037259615384615384 0.11298076923076923
0 0.5600961538461539 0.0889423076923077 0.038461538461538464 0.11658653846153846
0 0.6009615384615384 0.0889423076923077 0.038461538461538464 0.11778846153846154
0 0.6418269230769231 0.09254807692307693 0.036057692307692304 0.11778846153846154
0 0.6814903846153846 0.09254807692307693 0.042067307692307696 0.12259615384615384
0 0.7175480769230769 0.10216346153846154 0.027644230769230768 0.10336538461538461
0 0.75 0.10216346153846154 0.027644230769230768 0.09975961538461539
0 0.4170673076923077 0.234375 0.0673076923076923 0.078125
0 0.7824519230769231 0.1045673076923077 0.027644230769230768 0.1045673076923077
0 0.859375 0.09735576923076923 0.03245192307692308 0.10216346153846154
0 0.8846153846153846 0.10336538461538461 0.020432692307692308 0.09615384615384616
0 0.9182692307692307 0.10096153846153846 0.037259615384615384 0.10817307692307693
0 0.9711538461538461 0.09495192307692307 0.052884615384615384 0.0985576923076923
0 0.9519230769230769 0.23798076923076922 0.042067307692307696 0.07091346153846154
0 0.9879807692307693 0.2403846153846154 0.02283653846153846 0.06370192307692307
0 0.8713942307692307 0.25600961538461536 0.039663461538461536 0.07692307692307693
0 0.8209134615384616 0.2536057692307692 0.056490384615384616 0.07692307692307693
0 0.7548076923076923 0.2512019230769231 0.054086538461538464 0.08413461538461539
0 0.6899038461538461 0.23918269230769232 0.06610576923076923 0.08653846153846154
0 0.6213942307692307 0.2403846153846154 0.05889423076923077 0.08533653846153846
0 0.5588942307692307 0.24519230769230768 0.06009615384615385 0.10216346153846154
0 0.8209134615384616 0.10336538461538461 0.039663461538461536 0.10817307692307693
0 0.7367788461538461 0.5865384615384616 0.04807692307692308 0.11298076923076923
0 0.6574519230769231 0.45552884615384615 0.055288461538461536 0.055288461538461536
0 0.5288461538461539 0.46875 0.06009615384615385 0.07091346153846154
0 0.7872596153846154 0.8545673076923077 0.07451923076923077 0.109375
0 0.7163461538461539 0.8641826923076923 0.057692307692307696 0.10817307692307693
0 0.6382211538461539 0.8701923076923077 0.0889423076923077 0.11899038461538461
0 0.5625 0.8725961538461539 0.054086538461538464 0.11057692307692307
0 0.4855769230769231 0.8822115384615384 0.09134615384615384 0.11899038461538461
0 0.3918269230769231 0.8858173076923077 0.08173076923076923 0.11298076923076923
0 0.3125 0.9002403846153846 0.0625 0.1141826923076923
0 0.33052884615384615 0.7920673076923077 0.0625 0.009615384615384616
0 0.2956730769230769 0.7319711538461539 0.03485576923076923 0.09735576923076923
0 0.35697115384615385 0.7403846153846154 0.03485576923076923 0.07211538461538461
0 0.4110576923076923 0.7295673076923077 0.052884615384615384 0.10096153846153846
0 0.4699519230769231 0.7223557692307693 0.06009615384615385 0.11538461538461539
0 0.859375 0.8461538461538461 0.06490384615384616 0.1045673076923077
0 0.6850961538461539 0.5949519230769231 0.039663461538461536 0.11899038461538461
0 0.6298076923076923 0.7199519230769231 0.06971153846153846 0.11177884615384616
0 0.6947115384615384 0.7367788461538461 0.054086538461538464 0.06971153846153846
0 0.7548076923076923 0.7367788461538461 0.055288461538461536 0.056490384615384616
0 0.703125 0.6742788461538461 0.057692307692307696 0.03245192307692308
0 0.8221153846153846 0.7283653846153846 0.078125 0.09014423076923077
0 0.9903846153846154 0.7283653846153846 0.014423076923076924 0.057692307692307696
0 0.9507211538461539 0.7367788461538461 0.04326923076923077 0.04447115384615385
0 0.9038461538461539 0.7463942307692307 0.051682692307692304 0.055288461538461536
0 0.9278846153846154 0.6105769230769231 0.06009615384615385 0.04927884615384615
0 0.9771634615384616 0.5384615384615384 0.04326923076923077 0.03125
0 0.921875 0.5444711538461539 0.04447115384615385 0.052884615384615384
0 0.8581730769230769 0.5733173076923077 0.057692307692307696 0.09735576923076923
0 0.5721153846153846 0.7211538461538461 0.05048076923076923 0.11658653846153846
0 0.5949519230769231 0.45913461538461536 0.06129807692307692 0.056490384615384616
0 0.9230769230769231 0.8449519230769231 0.055288461538461536 0.11658653846153846
0 0.6298076923076923 0.5949519230769231 0.051682692307692304 0.12139423076923077
0 0.4651442307692308 0.46875 0.06129807692307692 0.07211538461538461
0 0.40024038461538464 0.46875 0.0625 0.07091346153846154
0 0.33774038461538464 0.4735576923076923 0.05889423076923077 0.0733173076923077
0 0.27283653846153844 0.47475961538461536 0.0625 0.07091346153846154
0 0.19471153846153846 0.4891826923076923 0.040865384615384616 0.06490384615384616
0 0.1502403846153846 0.4735576923076923 0.042067307692307696 0.09375
0 0.11057692307692307 0.4735576923076923 0.03485576923076923 0.09615384615384616
0 0.06971153846153846 0.47475961538461536 0.04326923076923077 0.09254807692307693
0 0.02403846153846154 0.47716346153846156 0.046875 0.09975961538461539
0 0.21514423076923078 0.9050480769230769 0.0829326923076923 0.10817307692307693
0 0.1310096153846154 0.8942307692307693 0.0673076923076923 0.0733173076923077
0 0.0673076923076923 0.9158653846153846 0.04807692307692308 0.1045673076923077
0 0.9747596153846154 0.8112980769230769 0.04927884615384615 0.08774038461538461
0 0.020432692307692308 0.9122596153846154 0.038461538461538464 0.07091346153846154
0 0.02403846153846154 0.7716346153846154 0.04567307692307692 0.10697115384615384
0 0.15865384615384615 0.7668269230769231 0.07211538461538461 0.04807692307692308
0 0.234375 0.7596153846153846 0.07692307692307693 0.0829326923076923
0 0.20673076923076922 0.7019230769230769 0.11057692307692307 0.028846153846153848
0 0.028846153846153848 0.6310096153846154 0.057692307692307696 0.1466346153846154
0 0.09975961538461539 0.6346153846153846 0.08173076923076923 0.15144230769230768
0 0.18389423076923078 0.6045673076923077 0.078125 0.10216346153846154
0 0.28846153846153844 0.6009615384615384 0.06490384615384616 0.109375
0 0.36177884615384615 0.5961538461538461 0.07572115384615384 0.1045673076923077
0 0.4362980769230769 0.5829326923076923 0.0673076923076923 0.0829326923076923
0 0.5 0.5973557692307693 0.05889423076923077 0.11658653846153846
0 0.5649038461538461 0.5997596153846154 0.04927884615384615 0.12379807692307693
0 0.078125 0.7728365384615384 0.046875 0.1141826923076923
0 0.5228365384615384 0.7548076923076923 0.03485576923076923 0.04447115384615385
0 0.055288461538461536 0.09495192307692307 0.06009615384615385 0.09495192307692307