0 0.6454326923076923 0.5348557692307693 0.038461538461538464 0.026442307692307692
0 0.5997596153846154 0.5600961538461539 0.04326923076923077 0.025240384615384616
0 0.6442307692307693 0.5625 0.037259615384615384 0.025240384615384616
0 0.33052884615384615 0.546875 0.02403846153846154 0.051682692307692304
0 0.6045673076923077 0.5348557692307693 0.039663461538461536 0.02403846153846154
0 0.7295673076923077 0.5600961538461539 0.040865384615384616 0.025240384615384616
0 0.7764423076923077 0.5516826923076923 0.039663461538461536 0.04326923076923077
0 0.9699519230769231 0.375 0.051682692307692304 0.03485576923076923
0 0.020432692307692308 0.43149038461538464 0.039663461538461536 0.038461538461538464
0 0.6862980769230769 0.5612980769230769 0.040865384615384616 0.025240384615384616
0 0.5564903846153846 0.5492788461538461 0.03365384615384615 0.04447115384615385
0 0.4362980769230769 0.5480769230769231 0.02403846153846154 0.051682692307692304
0 0.4891826923076923 0.5480769230769231 0.021634615384615384 0.051682692307692304
0 0.46153846153846156 0.5480769230769231 0.02283653846153846 0.052884615384615384
0 0.3557692307692308 0.5480769230769231 0.02403846153846154 0.051682692307692304
0 0.40865384615384615 0.5480769230769231 0.02403846153846154 0.051682692307692304
0 0.38221153846153844 0.5480769230769231 0.02403846153846154 0.051682692307692304
0 0.21995192307692307 0.5480769230769231 0.026442307692307692 0.051682692307692304
0 0.0889423076923077 0.7451923076923077 0.037259615384615384 0.052884615384615384
0 0.24759615384615385 0.5480769230769231 0.026442307692307692 0.051682692307692304
0 0.2764423076923077 0.5480769230769231 0.026442307692307692 0.051682692307692304
0 0.30528846153846156 0.5492788461538461 0.02403846153846154 0.052884615384615384
0 0.5192307692307693 0.5504807692307693 0.027644230769230768 0.04447115384615385
0 0.020432692307692308 0.4723557692307692 0.040865384615384616 0.03365384615384615
0 0.5024038461538461 0.4266826923076923 0.06129807692307692 0.007211538461538462
0 0.15745192307692307 0.4338942307692308 0.05889423076923077 0.039663461538461536
0 0.6322115384615384 0.8377403846153846 0.0889423076923077 0.01201923076923077
0 0.6334134615384616 0.8497596153846154 0.08653846153846154 0.009615384615384616
0 0.7079326923076923 0.8353365384615384 0.052884615384615384 0.04567307692307692
0 0.7632211538461539 0.8245192307692307 0.052884615384615384 0.046875
0 0.8197115384615384 0.8197115384615384 0.055288461538461536 0.07211538461538461
0 0.9002403846153846 0.8173076923076923 0.08533653846153846 0.0733173076923077
0 0.5396634615384616 0.7920673076923077 0.04927884615384615 0.027644230769230768
0 0.3269230769230769 0.8028846153846154 0.04807692307692308 0.037259615384615384
0 0.11778846153846154 0.7980769230769231 0.06009615384615385 0.020432692307692308
0 0.18028846153846154 0.7944711538461539 0.052884615384615384 0.016826923076923076
0 0.4987980769230769 0.7908653846153846 0.028846153846153848 0.020432692307692308
0 0.640625 0.7932692307692307 0.03125 0.03365384615384615
0 0.5012019230769231 0.40865384615384615 0.06610576923076923 0.008413461538461538
0 0.5036057692307693 0.4182692307692308 0.06370192307692307 0.008413461538461538
0 0.19230769230769232 0.5480769230769231 0.026442307692307692 0.051682692307692304
0 0.5637019230769231 0.4182692307692308 0.04567307692307692 0.026442307692307692
0 0.41947115384615385 0.43990384615384615 0.026442307692307692 0.016826923076923076
0 0.734375 0.4411057692307692 0.05048076923076923 0.010817307692307692
0 0.38100961538461536 0.36658653846153844 0.014423076923076924 0.019230769230769232
0 0.15625 0.4735576923076923 0.04807692307692308 0.037259615384615384
0 0.10697115384615384 0.4723557692307692 0.04807692307692308 0.037259615384615384
0 0.06971153846153846 0.4735576923076923 0.015625 0.036057692307692304
0 0.05048076923076923 0.47115384615384615 0.016826923076923076 0.036057692307692304
0 0.09375 0.4326923076923077 0.05889423076923077 0.039663461538461536
0 0.16466346153846154 0.5504807692307693 0.026442307692307692 0.051682692307692304
0 0.4098557692307692 0.47596153846153844 0.06370192307692307 0.03485576923076923
0 0.9579326923076923 0.48197115384615385 0.06009615384615385 0.028846153846153848
0 0.042067307692307696 0.3485576923076923 0.05048076923076923 0.06490384615384616
0 0.9855769230769231 0.26802884615384615 0.026442307692307692 0.06850961538461539
0 0.9495192307692307 0.26802884615384615 0.04447115384615385 0.06490384615384616
0 0.9026442307692307 0.26802884615384615 0.037259615384615384 0.06490384615384616
0 0.8581730769230769 0.265625 0.04567307692307692 0.06610576923076923
0 0.8028846153846154 0.2608173076923077 0.04326923076923077 0.078125
0 0.7055288461538461 0.2608173076923077 0.04447115384615385 0.08052884615384616
0 0.6538461538461539 0.25961538461538464 0.04447115384615385 0.07932692307692307
0 0.609375 0.25841346153846156 0.042067307692307696 0.08052884615384616
0 0.5625 0.25841346153846156 0.04326923076923077 0.078125
0 0.09495192307692307 0.35096153846153844 0.04807692307692308 0.06610576923076923
0 0.5192307692307693 0.25721153846153844 0.03365384615384615 0.078125
0 0.42427884615384615 0.2548076923076923 0.042067307692307696 0.08052884615384616
0 0.5384615384615384 0.8509615384615384 0.08653846153846154 0.01201923076923077
0 0.375 0.2548076923076923 0.04567307692307692 0.08413461538461539
0 0.3269230769230769 0.2536057692307692 0.04326923076923077 0.08052884615384616
0 0.025240384615384616 0.2439903846153846 0.05048076923076923 0.09375
0 0.07451923076923077 0.25 0.05048076923076923 0.08173076923076923
0 0.12620192307692307 0.2512019230769231 0.04447115384615385 0.08413461538461539
0 0.17908653846153846 0.25 0.04567307692307692 0.08173076923076923
0 0.22716346153846154 0.24759615384615385 0.04927884615384615 0.07932692307692307
0 0.27884615384615385 0.25240384615384615 0.04447115384615385 0.078125
0 0.47475961538461536 0.25600961538461536 0.04807692307692308 0.08052884615384616
0 0.140625 0.34975961538461536 0.04326923076923077 0.06610576923076923
0 0.18870192307692307 0.35096153846153844 0.04567307692307692 0.06370192307692307
0 0.23798076923076922 0.35216346153846156 0.04567307692307692 0.0625
0 0.9603365384615384 0.4519230769230769 0.0625 0.027644230769230768
0 0.8954326923076923 0.47836538461538464 0.056490384615384616 0.03125
0 0.8293269230769231 0.47836538461538464 0.06009615384615385 0.03125
0 0.7572115384615384 0.47596153846153844 0.06129807692307692 0.03365384615384615
0 0.6947115384615384 0.4699519230769231 0.051682692307692304 0.040865384615384616
0 0.6430288461538461 0.46875 0.04567307692307692 0.04447115384615385
0 0.5877403846153846 0.47115384615384615 0.05048076923076923 0.04447115384615385
0 0.5336538461538461 0.47115384615384615 0.056490384615384616 0.04567307692307692
0 0.4795673076923077 0.47115384615384615 0.04927884615384615 0.046875
0 0.3401442307692308 0.47716346153846156 0.06490384615384616 0.03245192307692308
0 0.2692307692307692 0.47716346153846156 0.06850961538461539 0.03125
0 0.21033653846153846 0.47115384615384615 0.04807692307692308 0.037259615384615384
0 0.027644230769230768 0.14783653846153846 0.055288461538461536 0.10216346153846154
0 0.9074519230769231 0.3737980769230769 0.055288461538461536 0.03245192307692308
0 0.828125 0.3737980769230769 0.06009615384615385 0.03365384615384615
0 0.7632211538461539 0.375 0.06129807692307692 0.03485576923076923
0 0.6826923076923077 0.3713942307692308 0.08774038461538461 0.028846153846153848
0 0.5889423076923077 0.37259615384615385 0.08533653846153846 0.03245192307692308
0 0.5204326923076923 0.3557692307692308 0.04326923076923077 0.06129807692307692
0 0.4735576923076923 0.35697115384615385 0.04326923076923077 0.06129807692307692
0 0.41466346153846156 0.3545673076923077 0.04927884615384615 0.06370192307692307
0 0.3485576923076923 0.35216346153846156 0.04567307692307692 0.06490384615384616
0 0.28725961538461536 0.35216346153846156 0.05048076923076923 0.0625
0 0.03245192307692308 0.546875 0.04326923076923077 0.05048076923076923
0 0.5396634615384616 0.8365384615384616 0.09014423076923077 0.014423076923076924
0 0.13221153846153846 0.7439903846153846 0.038461538461538464 0.052884615384615384
0 0.9723557692307693 0.8076923076923077 0.040865384615384616 0.08533653846153846
0 0.20072115384615385 0.6057692307692307 0.08173076923076923 0.021634615384615384
0 0.2824519230769231 0.6057692307692307 0.07692307692307693 0.027644230769230768
0 0.19591346153846154 0.6274038461538461 0.07932692307692307 0.014423076923076924
0 0.19230769230769232 0.6538461538461539 0.08173076923076923 0.03245192307692308
0 0.27884615384615385 0.6514423076923077 0.078125 0.037259615384615384
0 0.36778846153846156 0.6021634615384616 0.09254807692307693 0.01201923076923077
0 0.36778846153846156 0.6141826923076923 0.09014423076923077 0.009615384615384616
0 0.3713942307692308 0.625 0.0889423076923077 0.01201923076923077
0 0.36658653846153844 0.640625 0.09254807692307693 0.01201923076923077
0 0.36899038461538464 0.6598557692307693 0.09375 0.02283653846153846
0 0.4675480769230769 0.640625 0.07692307692307693 0.05889423076923077
0 0.5492788461538461 0.6394230769230769 0.07692307692307693 0.05889423076923077
0 0.6165865384615384 0.6478365384615384 0.054086538461538464 0.04447115384615385
0 0.6862980769230769 0.6394230769230769 0.078125 0.06009615384615385
0 0.7584134615384616 0.6346153846153846 0.06370192307692307 0.04927884615384615
0 0.8221153846153846 0.6262019230769231 0.05889423076923077 0.018028846153846152
0 0.8341346153846154 0.6466346153846154 0.07451923076923077 0.015625
0 0.9098557692307693 0.6189903846153846 0.06971153846153846 0.03365384615384615
0 0.9170673076923077 0.6478365384615384 0.06971153846153846 0.021634615384615384
0 0.9819711538461539 0.5961538461538461 0.03365384615384615 0.06850961538461539
0 0.9759615384615384 0.6923076923076923 0.04447115384615385 0.08653846153846154
0 0.6237980769230769 0.6947115384615384 0.030048076923076924 0.018028846153846152
0 0.039663461538461536 0.75 0.054086538461538464 0.04447115384615385
0 0.4675480769230769 0.7331730769230769 0.039663461538461536 0.0625
0 0.4266826923076923 0.7319711538461539 0.040865384615384616 0.06370192307692307
0 0.38341346153846156 0.7331730769230769 0.037259615384615384 0.0625
0 0.3401442307692308 0.7355769230769231 0.040865384615384616 0.06370192307692307
0 0.2980769230769231 0.7415865384615384 0.042067307692307696 0.055288461538461536
0 0.25841346153846156 0.7427884615384616 0.038461538461538464 0.052884615384615384
0 0.10336538461538461 0.65625 0.0733173076923077 0.039663461538461536
0 0.1141826923076923 0.6117788461538461 0.07932692307692307 0.03365384615384615
0 0.030048076923076924 0.6622596153846154 0.055288461538461536 0.02283653846153846
0 0.030048076923076924 0.6370192307692307 0.06009615384615385 0.025240384615384616
0 0.65625 0.6947115384615384 0.030048076923076924 0.018028846153846152
0 0.6850961538461539 0.6947115384615384 0.026442307692307692 0.018028846153846152
0 0.7632211538461539 0.6995192307692307 0.11658653846153846 0.01201923076923077
0 0.734375 0.7391826923076923 0.027644230769230768 0.04447115384615385
0 0.7644230769230769 0.7379807692307693 0.027644230769230768 0.04447115384615385
0 0.7956730769230769 0.7379807692307693 0.027644230769230768 0.04447115384615385
0 0.8786057692307693 0.7223557692307693 0.1310096153846154 0.02403846153846154
0 0.8798076923076923 0.7487980769230769 0.125 0.021634615384615384
0 0.03365384615384615 0.8293269230769231 0.0625 0.026442307692307692
0 0.037259615384615384 0.8557692307692307 0.0625 0.018028846153846152
0 0.10336538461538461 0.8305288461538461 0.06129807692307692 0.02283653846153846
0 0.09975961538461539 0.8545673076923077 0.055288461538461536 0.019230769230769232
0 0.17067307692307693 0.8269230769230769 0.055288461538461536 0.02403846153846154
0 0.16466346153846154 0.8533653846153846 0.06370192307692307 0.016826923076923076
0 0.21754807692307693 0.7415865384615384 0.038461538461538464 0.052884615384615384
0 0.23918269230769232 0.8377403846153846 0.05048076923076923 0.04567307692307692
0 0.3641826923076923 0.8293269230769231 0.014423076923076924 0.03245192307692308
0 0.38341346153846156 0.828125 0.018028846153846152 0.03245192307692308
0 0.3629807692307692 0.8509615384615384 0.018028846153846152 0.007211538461538462
0 0.38341346153846156 0.8509615384615384 0.018028846153846152 0.007211538461538462
0 0.4423076923076923 0.8365384615384616 0.09014423076923077 0.018028846153846152
0 0.6610576923076923 0.7451923076923077 0.03485576923076923 0.03245192307692308
0 0.625 0.7463942307692307 0.03125 0.03125
0 0.5925480769230769 0.7475961538461539 0.027644230769230768 0.03125
0 0.44350961538461536 0.8533653846153846 0.09134615384615384 0.009615384615384616
0 0.5552884615384616 0.7319711538461539 0.039663461538461536 0.0625
0 0.5108173076923077 0.7307692307692307 0.039663461538461536 0.0625
0 0.8209134615384616 0.5504807692307693 0.039663461538461536 0.04326923076923077
0 0.8774038461538461 0.5456730769230769 0.051682692307692304 0.055288461538461536
0 0.9362980769230769 0.5432692307692307 0.051682692307692304 0.055288461538461536
0 0.3137019230769231 0.84375 0.07692307692307693 0.02403846153846154
0 0.17427884615384615 0.7439903846153846 0.038461538461538464 0.052884615384615384
0 0.7019230769230769 0.7403846153846154 0.030048076923076924 0.042067307692307696