0 0.2848557692307692 0.27283653846153844 0.038461538461538464 0.018028846153846152
0 0.6995192307692307 0.2860576923076923 0.03245192307692308 0.02283653846153846
0 0.7439903846153846 0.2848557692307692 0.04807692307692308 0.02403846153846154
0 0.8209134615384616 0.2608173076923077 0.03125 0.021634615384615384
0 0.8173076923076923 0.28846153846153844 0.037259615384615384 0.02283653846153846
0 0.7776442307692307 0.31009615384615385 0.03125 0.025240384615384616
0 0.8161057692307693 0.3112980769230769 0.03485576923076923 0.02403846153846154
0 0.8509615384615384 0.33774038461538464 0.03245192307692308 0.025240384615384616
0 0.5564903846153846 0.3125 0.030048076923076924 0.021634615384615384
0 0.5925480769230769 0.3112980769230769 0.025240384615384616 0.021634615384615384
0 0.6286057692307693 0.3112980769230769 0.030048076923076924 0.018028846153846152
0 0.6646634615384616 0.3125 0.030048076923076924 0.021634615384615384
0 0.6995192307692307 0.3112980769230769 0.03245192307692308 0.020432692307692308
0 0.7379807692307693 0.31009615384615385 0.030048076923076924 0.018028846153846152
0 0.5576923076923077 0.33653846153846156 0.028846153846153848 0.025240384615384616
0 0.5913461538461539 0.33533653846153844 0.030048076923076924 0.02283653846153846
0 0.6262019230769231 0.33653846153846156 0.03245192307692308 0.025240384615384616
0 0.6634615384615384 0.33533653846153844 0.027644230769230768 0.021634615384615384
0 0.703125 0.33533653846153844 0.03365384615384615 0.02283653846153846
0 0.7391826923076923 0.33533653846153844 0.03245192307692308 0.026442307692307692
0 0.7800480769230769 0.33774038461538464 0.04326923076923077 0.026442307692307692
0 0.8185096153846154 0.33774038461538464 0.025240384615384616 0.02403846153846154
0 0.9615384615384616 0.38221153846153844 0.036057692307692304 0.019230769230769232
0 0.9591346153846154 0.36177884615384615 0.030048076923076924 0.014423076923076924
0 0.4266826923076923 0.7247596153846154 0.042067307692307696 0.03125
0 0.42788461538461536 0.6875 0.04326923076923077 0.028846153846153848
0 0.36538461538461536 0.7584134615384616 0.06971153846153846 0.009615384615384616
0 0.3629807692307692 0.7692307692307693 0.07211538461538461 0.01201923076923077
0 0.6646634615384616 0.2860576923076923 0.02403846153846154 0.02403846153846154
0 0.6430288461538461 0.25841346153846156 0.027644230769230768 0.021634615384615384
0 0.6274038461538461 0.2848557692307692 0.03245192307692308 0.025240384615384616
0 0.36658653846153844 0.7800480769230769 0.0733173076923077 0.010817307692307692
0 0.2403846153846154 0.27163461538461536 0.038461538461538464 0.020432692307692308
0 0.19471153846153846 0.3329326923076923 0.042067307692307696 0.021634615384615384
0 0.14783653846153846 0.33052884615384615 0.040865384615384616 0.018028846153846152
0 0.09375 0.3329326923076923 0.06129807692307692 0.019230769230769232
0 0.03125 0.3329326923076923 0.052884615384615384 0.015625
0 0.0985576923076923 0.3137019230769231 0.0673076923076923 0.013221153846153846
0 0.03365384615384615 0.31490384615384615 0.056490384615384616 0.014423076923076924
0 0.09975961538461539 0.296875 0.07091346153846154 0.018028846153846152
0 0.03245192307692308 0.2956730769230769 0.055288461538461536 0.018028846153846152
0 0.0985576923076923 0.2776442307692308 0.0625 0.014423076923076924
0 0.28725961538461536 0.2920673076923077 0.039663461538461536 0.018028846153846152
0 0.24879807692307693 0.33413461538461536 0.04567307692307692 0.021634615384615384
0 0.296875 0.3329326923076923 0.042067307692307696 0.019230769230769232
0 0.24278846153846154 0.2920673076923077 0.038461538461538464 0.018028846153846152
0 0.421875 0.25600961538461536 0.027644230769230768 0.02283653846153846
0 0.4230769230769231 0.2824519230769231 0.03485576923076923 0.02283653846153846
0 0.45913461538461536 0.28365384615384615 0.03365384615384615 0.02403846153846154
0 0.421875 0.3088942307692308 0.038461538461538464 0.027644230769230768
0 0.45913461538461536 0.31009615384615385 0.030048076923076924 0.02283653846153846
0 0.41947115384615385 0.33653846153846156 0.03365384615384615 0.02403846153846154
0 0.4543269230769231 0.33653846153846156 0.03125 0.02403846153846154
0 0.4951923076923077 0.28125 0.027644230769230768 0.02403846153846154
0 0.5240384615384616 0.2824519230769231 0.030048076923076924 0.028846153846153848
0 0.49158653846153844 0.3076923076923077 0.026442307692307692 0.025240384615384616
0 0.5204326923076923 0.3088942307692308 0.026442307692307692 0.026442307692307692
0 0.4891826923076923 0.33533653846153844 0.027644230769230768 0.026442307692307692
0 0.5204326923076923 0.33533653846153844 0.026442307692307692 0.02283653846153846
0 0.5576923076923077 0.2860576923076923 0.028846153846153848 0.027644230769230768
0 0.45913461538461536 0.25721153846153844 0.038461538461538464 0.02403846153846154
0 0.5901442307692307 0.2860576923076923 0.026442307692307692 0.02403846153846154
0 0.36658653846153844 0.7908653846153846 0.06610576923076923 0.01201923076923077
0 0.30288461538461536 0.7764423076923077 0.018028846153846152 0.038461538461538464
0 0.15865384615384615 0.5793269230769231 0.04326923076923077 0.021634615384615384
0 0.109375 0.5805288461538461 0.051682692307692304 0.018028846153846152
0 0.06129807692307692 0.5793269230769231 0.04447115384615385 0.019230769230769232
0 0.4230769230769231 0.7548076923076923 0.03485576923076923 0.026442307692307692
0 0.421875 0.7836538461538461 0.037259615384615384 0.028846153846153848
0 0.4807692307692308 0.7692307692307693 0.06610576923076923 0.02403846153846154
0 0.47475961538461536 0.7920673076923077 0.07451923076923077 0.015625
0 0.5228365384615384 0.7764423076923077 0.016826923076923076 0.037259615384615384
0 0.5396634615384616 0.7764423076923077 0.01201923076923077 0.038461538461538464
0 0.5552884615384616 0.7752403846153846 0.019230769230769232 0.038461538461538464
0 0.5769230769230769 0.7704326923076923 0.016826923076923076 0.020432692307692308
0 0.59375 0.7704326923076923 0.019230769230769232 0.020432692307692308
0 0.6141826923076923 0.7704326923076923 0.018028846153846152 0.019230769230769232
0 0.20552884615384615 0.5793269230769231 0.037259615384615384 0.019230769230769232
0 0.65625 0.7740384615384616 0.054086538461538464 0.046875
0 0.7560096153846154 0.7367788461538461 0.030048076923076924 0.038461538461538464
0 0.7043269230769231 0.78125 0.021634615384615384 0.03485576923076923
0 0.7295673076923077 0.7788461538461539 0.019230769230769232 0.038461538461538464
0 0.7548076923076923 0.7788461538461539 0.02283653846153846 0.038461538461538464
0 0.7872596153846154 0.7764423076923077 0.025240384615384616 0.036057692307692304
0 0.8100961538461539 0.7752403846153846 0.019230769230769232 0.036057692307692304
0 0.8353365384615384 0.7752403846153846 0.028846153846153848 0.036057692307692304
0 0.7824519230769231 0.7355769230769231 0.020432692307692308 0.037259615384615384
0 0.8028846153846154 0.7355769230769231 0.020432692307692308 0.038461538461538464
0 0.8293269230769231 0.734375 0.03245192307692308 0.039663461538461536
0 0.8425480769230769 0.5793269230769231 0.0625 0.009615384615384616
0 0.8485576923076923 0.5877403846153846 0.0625 0.009615384615384616
0 0.8449519230769231 0.5961538461538461 0.0625 0.009615384615384616
0 0.6983173076923077 0.7391826923076923 0.019230769230769232 0.039663461538461536
0 0.3233173076923077 0.7764423076923077 0.018028846153846152 0.040865384615384616
0 0.06129807692307692 0.6021634615384616 0.04447115384615385 0.019230769230769232
0 0.15985576923076922 0.6021634615384616 0.038461538461538464 0.019230769230769232
0 0.2824519230769231 0.7752403846153846 0.020432692307692308 0.039663461538461536
0 0.17307692307692307 0.7800480769230769 0.04927884615384615 0.015625
0 0.17668269230769232 0.7644230769230769 0.052884615384615384 0.010817307692307692
0 0.17427884615384615 0.7512019230769231 0.04807692307692308 0.013221153846153846
0 0.1778846153846154 0.7283653846153846 0.05889423076923077 0.02403846153846154
0 0.11538461538461539 0.7692307692307693 0.05048076923076923 0.038461538461538464
0 0.0625 0.7704326923076923 0.05048076923076923 0.03125
0 0.0625 0.7355769230769231 0.046875 0.036057692307692304
0 0.021634615384615384 0.7668269230769231 0.018028846153846152 0.039663461538461536
0 0.021634615384615384 0.7331730769230769 0.018028846153846152 0.025240384615384616
0 0.6971153846153846 0.6262019230769231 0.08052884615384616 0.020432692307692308
0 0.6983173076923077 0.6033653846153846 0.08173076923076923 0.02283653846153846
0 0.6057692307692307 0.6237980769230769 0.07692307692307693 0.025240384615384616
0 0.11298076923076923 0.6009615384615384 0.04447115384615385 0.019230769230769232
0 0.33413461538461536 0.6165865384615384 0.08533653846153846 0.028846153846153848
0 0.49399038461538464 0.6165865384615384 0.0673076923076923 0.03485576923076923
0 0.4987980769230769 0.5793269230769231 0.07692307692307693 0.036057692307692304
0 0.41586538461538464 0.5793269230769231 0.0889423076923077 0.037259615384615384
0 0.33533653846153844 0.5793269230769231 0.07211538461538461 0.037259615384615384
0 0.2644230769230769 0.6225961538461539 0.054086538461538464 0.026442307692307692
0 0.2608173076923077 0.5997596153846154 0.051682692307692304 0.020432692307692308
0 0.25961538461538464 0.5769230769230769 0.052884615384615384 0.02283653846153846
0 0.265625 0.5552884615384616 0.052884615384615384 0.016826923076923076
0 0.20192307692307693 0.6225961538461539 0.039663461538461536 0.019230769230769232
0 0.15625 0.6213942307692307 0.04927884615384615 0.019230769230769232
0 0.10817307692307693 0.6225961538461539 0.04447115384615385 0.020432692307692308
0 0.06129807692307692 0.6225961538461539 0.04447115384615385 0.018028846153846152
0 0.20192307692307693 0.6021634615384616 0.039663461538461536 0.018028846153846152
0 0.41947115384615385 0.6165865384615384 0.08173076923076923 0.037259615384615384
0 0.7271634615384616 0.7403846153846154 0.025240384615384616 0.040865384615384616
0 0.9423076923076923 0.7716346153846154 0.05889423076923077 0.0625
0 0.78125 0.6081730769230769 0.0625 0.009615384615384616
0 0.9591346153846154 0.32211538461538464 0.030048076923076924 0.016826923076923076
0 0.9651442307692307 0.29927884615384615 0.03245192307692308 0.021634615384615384
0 0.013221153846153846 0.3894230769230769 0.025240384615384616 0.018028846153846152
0 0.04807692307692308 0.390625 0.03365384615384615 0.016826923076923076
0 0.08413461538461539 0.39302884615384615 0.039663461538461536 0.019230769230769232
0 0.125 0.3954326923076923 0.037259615384615384 0.021634615384615384
0 0.015625 0.40865384615384615 0.026442307692307692 0.018028846153846152
0 0.04807692307692308 0.4098557692307692 0.026442307692307692 0.018028846153846152
0 0.08533653846153846 0.41225961538461536 0.036057692307692304 0.014423076923076924
0 0.12139423076923077 0.4110576923076923 0.036057692307692304 0.014423076923076924
0 0.052884615384615384 0.43028846153846156 0.036057692307692304 0.014423076923076924
0 0.08413461538461539 0.42908653846153844 0.036057692307692304 0.014423076923076924
0 0.8401442307692307 0.6213942307692307 0.0625 0.009615384615384616
0 0.84375 0.6129807692307693 0.0625 0.009615384615384616
0 0.7788461538461539 0.6334134615384616 0.0625 0.009615384615384616
0 0.7776442307692307 0.6262019230769231 0.06009615384615385 0.009615384615384616
0 0.7776442307692307 0.6189903846153846 0.054086538461538464 0.009615384615384616
0 0.12379807692307693 0.42908653846153844 0.036057692307692304 0.014423076923076924
0 0.051682692307692304 0.44350961538461536 0.036057692307692304 0.014423076923076924
0 0.08774038461538461 0.44591346153846156 0.036057692307692304 0.014423076923076924
0 0.12620192307692307 0.44591346153846156 0.036057692307692304 0.014423076923076924
0 0.052884615384615384 0.46153846153846156 0.028846153846153848 0.014423076923076924
0 0.08774038461538461 0.46274038461538464 0.028846153846153848 0.014423076923076924
0 0.9591346153846154 0.3401442307692308 0.03245192307692308 0.014423076923076924
0 0.8389423076923077 0.6274038461538461 0.0625 0.006009615384615385
0 0.8365384615384616 0.6358173076923077 0.05048076923076923 0.008413461538461538
0 0.7704326923076923 0.5745192307692307 0.054086538461538464 0.008413461538461538
0 0.9447115384615384 0.6478365384615384 0.054086538461538464 0.020432692307692308
0 0.1658653846153846 0.13221153846153846 0.019230769230769232 0.03125
0 0.14182692307692307 0.13221153846153846 0.02283653846153846 0.026442307692307692
0 0.11177884615384616 0.13341346153846154 0.020432692307692308 0.026442307692307692
0 0.09014423076923077 0.1310096153846154 0.02403846153846154 0.028846153846153848
0 0.16346153846153846 0.10336538461538461 0.02403846153846154 0.027644230769230768
0 0.13822115384615385 0.10096153846153846 0.026442307692307692 0.030048076923076924
0 0.10697115384615384 0.1045673076923077 0.018028846153846152 0.027644230769230768
0 0.08653846153846154 0.1045673076923077 0.021634615384615384 0.027644230769230768
0 0.7584134615384616 0.14543269230769232 0.042067307692307696 0.027644230769230768
0 0.7596153846153846 0.11778846153846154 0.046875 0.02283653846153846
0 0.12379807692307693 0.4639423076923077 0.027644230769230768 0.014423076923076924
0 0.7079326923076923 0.13942307692307693 0.02283653846153846 0.037259615384615384
0 0.47596153846153844 0.14182692307692307 0.052884615384615384 0.030048076923076924
0 0.4723557692307692 0.11298076923076923 0.05048076923076923 0.02403846153846154
0 0.41466346153846156 0.14182692307692307 0.056490384615384616 0.030048076923076924
0 0.4170673076923077 0.11538461538461539 0.05048076923076923 0.019230769230769232
0 0.3545673076923077 0.1201923076923077 0.051682692307692304 0.018028846153846152
0 0.3545673076923077 0.14302884615384615 0.054086538461538464 0.02283653846153846
0 0.2920673076923077 0.14182692307692307 0.05889423076923077 0.02283653846153846
0 0.7716346153846154 0.6009615384615384 0.051682692307692304 0.007211538461538462
0 0.84375 0.6033653846153846 0.0625 0.009615384615384616
0 0.7728365384615384 0.5913461538461539 0.054086538461538464 0.008413461538461538
0 0.7692307692307693 0.5817307692307693 0.052884615384615384 0.006009615384615385
0 0.6754807692307693 0.140625 0.03485576923076923 0.036057692307692304
0 0.054086538461538464 0.4795673076923077 0.028846153846153848 0.014423076923076924
0 0.2956730769230769 0.3112980769230769 0.04927884615384615 0.018028846153846152
0 0.12259615384615384 0.4795673076923077 0.027644230769230768 0.014423076923076924
0 0.11057692307692307 0.5588942307692307 0.055288461538461536 0.020432692307692308
0 0.06129807692307692 0.5588942307692307 0.04567307692307692 0.018028846153846152
0 0.021634615384615384 0.6189903846153846 0.03245192307692308 0.03245192307692308
0 0.016826923076923076 0.5841346153846154 0.02403846153846154 0.03125
0 0.016826923076923076 0.5540865384615384 0.02403846153846154 0.028846153846153848
0 0.7175480769230769 0.48677884615384615 0.052884615384615384 0.021634615384615384
0 0.71875 0.4675480769230769 0.06009615384615385 0.019230769230769232
0 0.6430288461538461 0.47836538461538464 0.08533653846153846 0.03365384615384615
0 0.6418269230769231 0.44471153846153844 0.0829326923076923 0.03365384615384615
0 0.5228365384615384 0.4230769230769231 0.038461538461538464 0.028846153846153848
0 0.24879807692307693 0.3125 0.039663461538461536 0.018028846153846152
0 0.5228365384615384 0.45072115384615385 0.03125 0.02283653846153846
0 0.5588942307692307 0.45072115384615385 0.030048076923076924 0.027644230769230768
0 0.5564903846153846 0.4795673076923077 0.030048076923076924 0.026442307692307692
0 0.5192307692307693 0.47836538461538464 0.040865384615384616 0.03245192307692308
0 0.47475961538461536 0.47836538461538464 0.03485576923076923 0.027644230769230768
0 0.34975961538461536 0.4567307692307692 0.042067307692307696 0.020432692307692308
0 0.35336538461538464 0.4807692307692308 0.040865384615384616 0.019230769230769232
0 0.4387019230769231 0.4182692307692308 0.030048076923076924 0.027644230769230768
0 0.47836538461538464 0.421875 0.036057692307692304 0.02403846153846154
0 0.4362980769230769 0.4483173076923077 0.03485576923076923 0.027644230769230768
0 0.47475961538461536 0.4483173076923077 0.04447115384615385 0.026442307692307692
0 0.09134615384615384 0.4795673076923077 0.028846153846153848 0.014423076923076924
0 0.16105769230769232 0.5588942307692307 0.042067307692307696 0.016826923076923076
0 0.20793269230769232 0.5588942307692307 0.046875 0.016826923076923076
0 0.4375 0.47716346153846156 0.03365384615384615 0.03125
0 0.15504807692307693 0.5384615384615384 0.04447115384615385 0.020432692307692308
0 0.015625 0.4266826923076923 0.025240384615384616 0.014423076923076924
0 0.203125 0.5384615384615384 0.051682692307692304 0.020432692307692308
0 0.013221153846153846 0.4423076923076923 0.025240384615384616 0.014423076923076924
0 0.015625 0.46153846153846156 0.025240384615384616 0.014423076923076924
0 0.9459134615384616 0.6706730769230769 0.052884615384615384 0.02403846153846154
0 0.014423076923076924 0.47836538461538464 0.025240384615384616 0.014423076923076924
0 0.19951923076923078 0.40384615384615385 0.028846153846153848 0.025240384615384616
0 0.16105769230769232 0.4266826923076923 0.03125 0.021634615384615384
0 0.19591346153846154 0.42788461538461536 0.03125 0.021634615384615384
0 0.1622596153846154 0.4495192307692308 0.03125 0.021634615384615384
0 0.19831730769230768 0.45072115384615385 0.03125 0.021634615384615384
0 0.15985576923076922 0.47596153846153844 0.03125 0.021634615384615384
0 0.1971153846153846 0.47716346153846156 0.03125 0.021634615384615384
0 0.16466346153846154 0.40384615384615385 0.027644230769230768 0.025240384615384616
0 0.21634615384615385 0.3798076923076923 0.03245192307692308 0.019230769230769232
0 0.18389423076923078 0.3786057692307692 0.025240384615384616 0.019230769230769232
0 0.3954326923076923 0.4795673076923077 0.042067307692307696 0.030048076923076924
0 0.39663461538461536 0.4206730769230769 0.028846153846153848 0.03125
0 0.25721153846153844 0.47836538461538464 0.07211538461538461 0.025240384615384616
0 0.3942307692307692 0.4495192307692308 0.03245192307692308 0.027644230769230768
0 0.234375 0.4519230769230769 0.03245192307692308 0.026442307692307692
0 0.3088942307692308 0.4795673076923077 0.036057692307692304 0.02403846153846154
0 0.3088942307692308 0.453125 0.030048076923076924 0.02403846153846154
0 0.30408653846153844 0.42908653846153844 0.036057692307692304 0.02403846153846154
0 0.2692307692307692 0.453125 0.03245192307692308 0.026442307692307692