0 0.2932692307692308 0.13221153846153846 0.016826923076923076 0.10096153846153846
0 0.5168269230769231 0.2668269230769231 0.010817307692307692 0.08653846153846154
0 0.09975961538461539 0.140625 0.016826923076923076 0.10336538461538461
0 0.0829326923076923 0.13942307692307693 0.016826923076923076 0.10336538461538461
0 0.04807692307692308 0.13942307692307693 0.016826923076923076 0.10336538461538461
0 0.0625 0.14182692307692307 0.010817307692307692 0.10216346153846154
0 0.12740384615384615 0.13942307692307693 0.010817307692307692 0.10096153846153846
0 0.13942307692307693 0.13942307692307693 0.010817307692307692 0.10216346153846154
0 0.17548076923076922 0.13942307692307693 0.01201923076923077 0.0985576923076923
0 0.18870192307692307 0.13822115384615385 0.01201923076923077 0.0985576923076923
0 0.21394230769230768 0.13701923076923078 0.01201923076923077 0.09014423076923077
0 0.2283653846153846 0.13822115384615385 0.01201923076923077 0.0889423076923077
0 0.2644230769230769 0.1310096153846154 0.015625 0.09375
0 0.3112980769230769 0.1310096153846154 0.013221153846153846 0.09615384615384616
0 0.3401442307692308 0.13341346153846154 0.013221153846153846 0.09495192307692307
0 0.35697115384615385 0.13341346153846154 0.014423076923076924 0.09615384615384616
0 0.390625 0.1346153846153846 0.015625 0.10096153846153846
0 0.4266826923076923 0.14302884615384615 0.010817307692307692 0.10216346153846154
0 0.4387019230769231 0.14423076923076922 0.010817307692307692 0.10216346153846154
0 0.4831730769230769 0.14182692307692307 0.010817307692307692 0.09134615384615384
0 0.47115384615384615 0.13942307692307693 0.010817307692307692 0.09134615384615384
0 0.5240384615384616 0.12860576923076922 0.01201923076923077 0.09134615384615384
0 0.5372596153846154 0.12860576923076922 0.015625 0.09375
0 0.5600961538461539 0.1346153846153846 0.014423076923076924 0.09014423076923077
0 0.5745192307692307 0.13341346153846154 0.01201923076923077 0.09134615384615384
0 0.625 0.13341346153846154 0.01201923076923077 0.09134615384615384
0 0.6382211538461539 0.13341346153846154 0.01201923076923077 0.09134615384615384
0 0.6742788461538461 0.13341346153846154 0.01201923076923077 0.09134615384615384
0 0.6862980769230769 0.13221153846153846 0.01201923076923077 0.09134615384615384
0 0.7259615384615384 0.1310096153846154 0.01201923076923077 0.09134615384615384
0 0.7091346153846154 0.13221153846153846 0.01201923076923077 0.0889423076923077
0 0.9867788461538461 0.3713942307692308 0.02283653846153846 0.08774038461538461
0 0.9290865384615384 0.4807692307692308 0.021634615384615384 0.0829326923076923
0 0.8846153846153846 0.484375 0.016826923076923076 0.08173076923076923
0 0.84375 0.48197115384615385 0.02283653846153846 0.0829326923076923
0 0.1346153846153846 0.59375 0.020432692307692308 0.07572115384615384
0 0.09134615384615384 0.578125 0.016826923076923076 0.04326923076923077
0 0.0733173076923077 0.578125 0.016826923076923076 0.04326923076923077
0 0.039663461538461536 0.5877403846153846 0.016826923076923076 0.04326923076923077
0 0.021634615384615384 0.5889423076923077 0.016826923076923076 0.04326923076923077
0 0.015625 0.48197115384615385 0.03125 0.08413461538461539
0 0.055288461538461536 0.49038461538461536 0.03245192307692308 0.08413461538461539
0 0.1141826923076923 0.4891826923076923 0.016826923076923076 0.07572115384615384
0 0.15625 0.49399038461538464 0.01201923076923077 0.078125
0 0.16947115384615385 0.49038461538461536 0.01201923076923077 0.07692307692307693
0 0.21634615384615385 0.4855769230769231 0.013221153846153846 0.078125
0 0.24879807692307693 0.49399038461538464 0.01201923076923077 0.07692307692307693
0 0.2620192307692308 0.49158653846153844 0.01201923076923077 0.07692307692307693
0 0.30288461538461536 0.484375 0.013221153846153846 0.07572115384615384
0 0.7644230769230769 0.1310096153846154 0.025240384615384616 0.09254807692307693
0 0.34975961538461536 0.48677884615384615 0.01201923076923077 0.07572115384615384
0 0.37740384615384615 0.48197115384615385 0.013221153846153846 0.07572115384615384
0 0.39302884615384615 0.48197115384615385 0.013221153846153846 0.07572115384615384
0 0.48197115384615385 0.48677884615384615 0.010817307692307692 0.07211538461538461
0 0.4951923076923077 0.4855769230769231 0.010817307692307692 0.0733173076923077
0 0.4254807692307692 0.4855769230769231 0.013221153846153846 0.07692307692307693
0 0.4387019230769231 0.4879807692307692 0.013221153846153846 0.07572115384615384
0 0.9771634615384616 0.49278846153846156 0.02403846153846154 0.07692307692307693
0 0.5408653846153846 0.4831730769230769 0.03485576923076923 0.07211538461538461
0 0.5853365384615384 0.4831730769230769 0.03485576923076923 0.0733173076923077
0 0.6262019230769231 0.4855769230769231 0.03365384615384615 0.07451923076923077
0 0.6706730769230769 0.4855769230769231 0.03245192307692308 0.078125
0 0.7139423076923077 0.49038461538461536 0.02283653846153846 0.078125
0 0.7536057692307693 0.484375 0.021634615384615384 0.0829326923076923
0 0.7980769230769231 0.48197115384615385 0.021634615384615384 0.0829326923076923
0 0.3329326923076923 0.4855769230769231 0.013221153846153846 0.07572115384615384
0 0.18629807692307693 0.5865384615384616 0.010817307692307692 0.07692307692307693
0 0.8233173076923077 0.1310096153846154 0.025240384615384616 0.09254807692307693
0 0.9326923076923077 0.12740384615384615 0.013221153846153846 0.09375
0 0.15985576923076922 0.27524038461538464 0.01201923076923077 0.0829326923076923
0 0.09975961538461539 0.2860576923076923 0.02403846153846154 0.051682692307692304
0 0.054086538461538464 0.2704326923076923 0.01201923076923077 0.08774038461538461
0 0.040865384615384616 0.27163461538461536 0.010817307692307692 0.08653846153846154
0 0.028846153846153848 0.26802884615384615 0.010817307692307692 0.08653846153846154
0 0.009615384615384616 0.28846153846153844 0.019230769230769232 0.057692307692307696
0 0.01201923076923077 0.38221153846153844 0.02403846153846154 0.09254807692307693
0 0.06009615384615385 0.38461538461538464 0.046875 0.08173076923076923
0 0.11899038461538461 0.38100961538461536 0.019230769230769232 0.0889423076923077
0 0.15745192307692307 0.38341346153846156 0.010817307692307692 0.08533653846153846
0 0.16947115384615385 0.38221153846153844 0.010817307692307692 0.08653846153846154
0 0.19831730769230768 0.38221153846153844 0.015625 0.08533653846153846
0 0.24639423076923078 0.38221153846153844 0.02283653846153846 0.08413461538461539
0 0.29447115384615385 0.3786057692307692 0.021634615384615384 0.08413461538461539
0 0.33653846153846156 0.38221153846153844 0.01201923076923077 0.08533653846153846
0 0.32091346153846156 0.38100961538461536 0.014423076923076924 0.08533653846153846
0 0.3605769230769231 0.3762019230769231 0.015625 0.08413461538461539
0 0.37740384615384615 0.3762019230769231 0.015625 0.08413461538461539
0 0.4050480769230769 0.38100961538461536 0.019230769230769232 0.08413461538461539
0 0.44350961538461536 0.38221153846153844 0.028846153846153848 0.0829326923076923
0 0.4855769230769231 0.38100961538461536 0.027644230769230768 0.08052884615384616
0 0.6153846153846154 0.3786057692307692 0.036057692307692304 0.08653846153846154
0 0.6754807692307693 0.3798076923076923 0.04326923076923077 0.09014423076923077
0 0.7223557692307693 0.37740384615384615 0.027644230769230768 0.08413461538461539
0 0.7536057692307693 0.37740384615384615 0.02403846153846154 0.08653846153846154
0 0.5757211538461539 0.38221153846153844 0.019230769230769232 0.0829326923076923
0 0.5288461538461539 0.37740384615384615 0.010817307692307692 0.08052884615384616
0 0.5408653846153846 0.37740384615384615 0.010817307692307692 0.08052884615384616
0 0.8125 0.3737980769230769 0.02403846153846154 0.09375
0 0.14423076923076922 0.27884615384615385 0.01201923076923077 0.08533653846153846
0 0.18269230769230768 0.27283653846153844 0.01201923076923077 0.08774038461538461
0 0.1971153846153846 0.27163461538461536 0.013221153846153846 0.09014423076923077
0 0.23677884615384615 0.2692307692307692 0.026442307692307692 0.09134615384615384
0 0.9459134615384616 0.12740384615384615 0.010817307692307692 0.09615384615384616
0 0.9086538461538461 0.13341346153846154 0.014423076923076924 0.09375
0 0.9771634615384616 0.125 0.015625 0.10096153846153846
0 0.9879807692307693 0.27524038461538464 0.019230769230769232 0.0985576923076923
0 0.9471153846153846 0.2692307692307692 0.019230769230769232 0.08052884615384616
0 0.8629807692307693 0.2644230769230769 0.019230769230769232 0.08052884615384616
0 0.9050480769230769 0.265625 0.019230769230769232 0.08052884615384616
0 0.828125 0.26322115384615385 0.02403846153846154 0.08533653846153846
0 0.7704326923076923 0.26322115384615385 0.014423076923076924 0.08653846153846154
0 0.7548076923076923 0.265625 0.013221153846153846 0.08653846153846154
0 0.71875 0.2692307692307692 0.01201923076923077 0.08413461538461539
0 0.7055288461538461 0.26802884615384615 0.01201923076923077 0.08413461538461539
0 0.6634615384615384 0.26802884615384615 0.01201923076923077 0.08413461538461539
0 0.6766826923076923 0.26802884615384615 0.01201923076923077 0.08413461538461539
0 0.8701923076923077 0.12860576923076922 0.025240384615384616 0.09254807692307693
0 0.6274038461538461 0.2644230769230769 0.014423076923076924 0.07932692307692307
0 0.5600961538461539 0.26802884615384615 0.010817307692307692 0.08653846153846154
0 0.5721153846153846 0.26802884615384615 0.010817307692307692 0.08653846153846154
0 0.5288461538461539 0.2668269230769231 0.010817307692307692 0.08653846153846154
0 0.9302884615384616 0.375 0.02283653846153846 0.08774038461538461
0 0.47836538461538464 0.27403846153846156 0.010817307692307692 0.08653846153846154
0 0.49038461538461536 0.27403846153846156 0.010817307692307692 0.08533653846153846
0 0.45072115384615385 0.27524038461538464 0.010817307692307692 0.08533653846153846
0 0.43990384615384615 0.27403846153846156 0.010817307692307692 0.08533653846153846
0 0.4026442307692308 0.27163461538461536 0.021634615384615384 0.08774038461538461
0 0.3737980769230769 0.265625 0.015625 0.09014423076923077
0 0.35697115384615385 0.265625 0.015625 0.09014423076923077
0 0.328125 0.2704326923076923 0.014423076923076924 0.09014423076923077
0 0.3112980769230769 0.27163461538461536 0.016826923076923076 0.08774038461538461
0 0.28125 0.2692307692307692 0.019230769230769232 0.0889423076923077
0 0.6117788461538461 0.2668269230769231 0.013221153846153846 0.07932692307692307
0 0.8497596153846154 0.3737980769230769 0.020432692307692308 0.09254807692307693
0 0.17427884615384615 0.5865384615384616 0.010817307692307692 0.07692307692307693
0 0.30408653846153844 0.5817307692307693 0.021634615384615384 0.0733173076923077
0 0.6538461538461539 0.7271634615384616 0.013221153846153846 0.06610576923076923
0 0.6358173076923077 0.7259615384615384 0.013221153846153846 0.06610576923076923
0 0.6153846153846154 0.7259615384615384 0.016826923076923076 0.06971153846153846
0 0.4387019230769231 0.7139423076923077 0.016826923076923076 0.052884615384615384
0 0.47475961538461536 0.7079326923076923 0.014423076923076924 0.06009615384615385
0 0.4026442307692308 0.7127403846153846 0.016826923076923076 0.052884615384615384
0 0.421875 0.7127403846153846 0.016826923076923076 0.052884615384615384
0 0.5132211538461539 0.7079326923076923 0.019230769230769232 0.055288461538461536
0 0.49158653846153844 0.7067307692307693 0.018028846153846152 0.055288461538461536
0 0.5492788461538461 0.7259615384615384 0.015625 0.05889423076923077
0 0.5841346153846154 0.7259615384615384 0.015625 0.05889423076923077
0 0.7572115384615384 0.7223557692307693 0.01201923076923077 0.06610576923076923
0 0.7800480769230769 0.7235576923076923 0.014423076923076924 0.0625
0 0.6875 0.7247596153846154 0.013221153846153846 0.06610576923076923
0 0.8004807692307693 0.7223557692307693 0.014423076923076924 0.0625
0 0.8425480769230769 0.71875 0.014423076923076924 0.0625
0 0.8653846153846154 0.7163461538461539 0.014423076923076924 0.0625
0 0.8846153846153846 0.7175480769230769 0.014423076923076924 0.0625
0 0.9026442307692307 0.7199519230769231 0.014423076923076924 0.06129807692307692
0 0.9591346153846154 0.7536057692307693 0.015625 0.0673076923076923
0 0.9795673076923077 0.7512019230769231 0.015625 0.0673076923076923
0 0.22115384615384615 0.5853365384615384 0.021634615384615384 0.07211538461538461
0 0.02403846153846154 0.7199519230769231 0.046875 0.08173076923076923
0 0.11778846153846154 0.7223557692307693 0.10697115384615384 0.08653846153846154
0 0.2403846153846154 0.7115384615384616 0.10096153846153846 0.09014423076923077
0 0.3293269230769231 0.7091346153846154 0.019230769230769232 0.06129807692307692
0 0.36778846153846156 0.7175480769230769 0.019230769230769232 0.06129807692307692
0 0.34975961538461536 0.7115384615384616 0.018028846153846152 0.06129807692307692
0 0.8209134615384616 0.7235576923076923 0.014423076923076924 0.0625
0 0.7055288461538461 0.7247596153846154 0.013221153846153846 0.06610576923076923
0 0.8930288461538461 0.3786057692307692 0.02283653846153846 0.08774038461538461
0 0.9735576923076923 0.5853365384615384 0.018028846153846152 0.07692307692307693
0 0.7235576923076923 0.7247596153846154 0.013221153846153846 0.06610576923076923
0 0.25841346153846156 0.5853365384615384 0.010817307692307692 0.0733173076923077
0 0.2692307692307692 0.5841346153846154 0.010817307692307692 0.078125
0 0.4362980769230769 0.5793269230769231 0.01201923076923077 0.06971153846153846
0 0.35096153846153844 0.5805288461538461 0.010817307692307692 0.07091346153846154
0 0.33533653846153844 0.5829326923076923 0.01201923076923077 0.07211538461538461
0 0.3762019230769231 0.5817307692307693 0.013221153846153846 0.07091346153846154
0 0.45072115384615385 0.5805288461538461 0.01201923076923077 0.06971153846153846
0 0.47836538461538464 0.5889423076923077 0.01201923076923077 0.06850961538461539
0 0.49038461538461536 0.5877403846153846 0.01201923076923077 0.06971153846153846
0 0.5288461538461539 0.59375 0.013221153846153846 0.07572115384615384
0 0.5721153846153846 0.5949519230769231 0.013221153846153846 0.07572115384615384
0 0.5432692307692307 0.6081730769230769 0.010817307692307692 0.039663461538461536
0 0.5853365384615384 0.6069711538461539 0.013221153846153846 0.039663461538461536
0 0.39302884615384615 0.5793269230769231 0.01201923076923077 0.06971153846153846
0 0.7487980769230769 0.6057692307692307 0.01201923076923077 0.04447115384615385
0 0.8377403846153846 0.5829326923076923 0.01201923076923077 0.06971153846153846
0 0.9555288461538461 0.5829326923076923 0.016826923076923076 0.06971153846153846
0 0.8834134615384616 0.5793269230769231 0.01201923076923077 0.06971153846153846
0 0.9230769230769231 0.5829326923076923 0.010817307692307692 0.07692307692307693
0 0.9362980769230769 0.5817307692307693 0.010817307692307692 0.07211538461538461
0 0.6442307692307693 0.5877403846153846 0.028846153846153848 0.08533653846153846
0 0.8497596153846154 0.5817307692307693 0.01201923076923077 0.06971153846153846
0 0.8942307692307693 0.5805288461538461 0.01201923076923077 0.06971153846153846
0 0.8040865384615384 0.5853365384615384 0.01201923076923077 0.06971153846153846
0 0.7908653846153846 0.5865384615384616 0.01201923076923077 0.06971153846153846
0 0.7367788461538461 0.59375 0.01201923076923077 0.06971153846153846
0 0.6911057692307693 0.5973557692307693 0.01201923076923077 0.07572115384615384
0 0.7055288461538461 0.6069711538461539 0.01201923076923077 0.04447115384615385