0 0.8305288461538461 0.7223557692307693 0.036057692307692304 0.06009615384615385
0 0.5228365384615384 0.47596153846153844 0.039663461538461536 0.0889423076923077
0 0.5612980769230769 0.47475961538461536 0.03365384615384615 0.09014423076923077
0 0.5949519230769231 0.47596153846153844 0.03125 0.08533653846153846
0 0.6298076923076923 0.47475961538461536 0.036057692307692304 0.0829326923076923
0 0.6646634615384616 0.47596153846153844 0.028846153846153848 0.0829326923076923
0 0.6947115384615384 0.47716346153846156 0.028846153846153848 0.08533653846153846
0 0.7247596153846154 0.47596153846153844 0.026442307692307692 0.08413461538461539
0 0.4362980769230769 0.47836538461538464 0.04326923076923077 0.09375
0 0.4795673076923077 0.47596153846153844 0.039663461538461536 0.09014423076923077
0 0.8846153846153846 0.3870192307692308 0.02403846153846154 0.0889423076923077
0 0.8737980769230769 0.7163461538461539 0.037259615384615384 0.057692307692307696
0 0.2548076923076923 0.4831730769230769 0.04447115384615385 0.10096153846153846
0 0.30408653846153844 0.4831730769230769 0.04326923076923077 0.09735576923076923
0 0.3473557692307692 0.48197115384615385 0.039663461538461536 0.09254807692307693
0 0.1814903846153846 0.3798076923076923 0.05889423076923077 0.1045673076923077
0 0.23557692307692307 0.3798076923076923 0.051682692307692304 0.10817307692307693
0 0.28846153846153844 0.37740384615384615 0.04807692307692308 0.10697115384615384
0 0.33052884615384615 0.3786057692307692 0.038461538461538464 0.10697115384615384
0 0.3762019230769231 0.38100961538461536 0.04807692307692308 0.1045673076923077
0 0.4230769230769231 0.37740384615384615 0.042067307692307696 0.10096153846153846
0 0.4699519230769231 0.37740384615384615 0.04567307692307692 0.0985576923076923
0 0.5168269230769231 0.3786057692307692 0.040865384615384616 0.09495192307692307
0 0.5612980769230769 0.37740384615384615 0.040865384615384616 0.0985576923076923
0 0.6009615384615384 0.3798076923076923 0.030048076923076924 0.08653846153846154
0 0.6322115384615384 0.3786057692307692 0.03245192307692308 0.09014423076923077
0 0.6658653846153846 0.38100961538461536 0.03245192307692308 0.09014423076923077
0 0.7007211538461539 0.38221153846153844 0.03245192307692308 0.08533653846153846
0 0.734375 0.38461538461538464 0.030048076923076924 0.09134615384615384
0 0.7668269230769231 0.38221153846153844 0.030048076923076924 0.0889423076923077
0 0.7980769230769231 0.38461538461538464 0.027644230769230768 0.08533653846153846
0 0.8269230769230769 0.38461538461538464 0.027644230769230768 0.08413461538461539
0 0.8569711538461539 0.3858173076923077 0.026442307692307692 0.08774038461538461
0 0.7572115384615384 0.47596153846153844 0.036057692307692304 0.08413461538461539
0 0.9110576923076923 0.3858173076923077 0.020432692307692308 0.0829326923076923
0 0.9350961538461539 0.38461538461538464 0.021634615384615384 0.08052884615384616
0 0.20192307692307693 0.48197115384615385 0.056490384615384616 0.09975961538461539
0 0.3918269230769231 0.4807692307692308 0.04447115384615385 0.09254807692307693
0 0.7896634615384616 0.47475961538461536 0.025240384615384616 0.0829326923076923
0 0.4411057692307692 0.5793269230769231 0.056490384615384616 0.09134615384615384
0 0.8461538461538461 0.4735576923076923 0.025240384615384616 0.07932692307692307
0 0.203125 0.7127403846153846 0.05048076923076923 0.07091346153846154
0 0.8185096153846154 0.4723557692307692 0.027644230769230768 0.08052884615384616
0 0.32572115384615385 0.6995192307692307 0.05048076923076923 0.06610576923076923
0 0.38341346153846156 0.6983173076923077 0.040865384615384616 0.0625
0 0.43990384615384615 0.6899038461538461 0.04567307692307692 0.06490384615384616
0 0.4891826923076923 0.6838942307692307 0.038461538461538464 0.06490384615384616
0 0.5456730769230769 0.6838942307692307 0.036057692307692304 0.06370192307692307
0 0.6045673076923077 0.6766826923076923 0.04447115384615385 0.06370192307692307
0 0.6538461538461539 0.6742788461538461 0.039663461538461536 0.06129807692307692
0 0.6983173076923077 0.6682692307692307 0.03365384615384615 0.06009615384615385
0 0.7487980769230769 0.6682692307692307 0.038461538461538464 0.054086538461538464
0 0.7896634615384616 0.6658653846153846 0.036057692307692304 0.055288461538461536
0 0.8942307692307693 0.6141826923076923 0.040865384615384616 0.026442307692307692
0 0.8377403846153846 0.6610576923076923 0.037259615384615384 0.05889423076923077
0 0.20673076923076922 0.7872596153846154 0.057692307692307696 0.0673076923076923
0 0.2704326923076923 0.78125 0.05048076923076923 0.07211538461538461
0 0.32572115384615385 0.7692307692307693 0.057692307692307696 0.06490384615384616
0 0.38341346153846156 0.765625 0.04807692307692308 0.06370192307692307
0 0.43509615384615385 0.7608173076923077 0.05048076923076923 0.06490384615384616
0 0.4891826923076923 0.7548076923076923 0.046875 0.06009615384615385
0 0.5420673076923077 0.7463942307692307 0.040865384615384616 0.06129807692307692
0 0.5973557692307693 0.7415865384615384 0.039663461538461536 0.056490384615384616
0 0.6478365384615384 0.7379807692307693 0.038461538461538464 0.056490384615384616
0 0.6935096153846154 0.734375 0.039663461538461536 0.06009615384615385
0 0.7415865384615384 0.7295673076923077 0.040865384615384616 0.05889423076923077
0 0.7848557692307693 0.7247596153846154 0.036057692307692304 0.056490384615384616
0 0.8846153846153846 0.6574519230769231 0.037259615384615384 0.055288461538461536
0 0.8413461538461539 0.6165865384615384 0.037259615384615384 0.026442307692307692
0 0.265625 0.7055288461538461 0.04927884615384615 0.06490384615384616
0 0.7572115384615384 0.6225961538461539 0.038461538461538464 0.027644230769230768
0 0.8725961538461539 0.4735576923076923 0.026442307692307692 0.078125
0 0.8954326923076923 0.4723557692307692 0.018028846153846152 0.078125
0 0.9158653846153846 0.4699519230769231 0.015625 0.08173076923076923
0 0.19591346153846154 0.5913461538461539 0.07451923076923077 0.10216346153846154
0 0.26322115384615385 0.5865384615384616 0.05048076923076923 0.0985576923076923
0 0.3269230769230769 0.5841346153846154 0.06850961538461539 0.0985576923076923
0 0.49399038461538464 0.5769230769230769 0.05048076923076923 0.08653846153846154
0 0.5480769230769231 0.5757211538461539 0.051682692307692304 0.08653846153846154
0 0.6069711538461539 0.5745192307692307 0.054086538461538464 0.08653846153846154
0 0.7992788461538461 0.6201923076923077 0.03485576923076923 0.026442307692307692
0 0.7103365384615384 0.5673076923076923 0.05048076923076923 0.0829326923076923
0 0.7608173076923077 0.5661057692307693 0.046875 0.0829326923076923
0 0.65625 0.5733173076923077 0.042067307692307696 0.08413461538461539
0 0.8509615384615384 0.5625 0.040865384615384616 0.07932692307692307
0 0.7115384615384616 0.6237980769230769 0.040865384615384616 0.028846153846153848
0 0.6538461538461539 0.6298076923076923 0.042067307692307696 0.026442307692307692
0 0.6069711538461539 0.6322115384615384 0.04567307692307692 0.025240384615384616
0 0.8064903846153846 0.5637019230769231 0.042067307692307696 0.07932692307692307
0 0.4963942307692308 0.6382211538461539 0.04807692307692308 0.027644230769230768
0 0.4387019230769231 0.6418269230769231 0.04927884615384615 0.030048076923076924
0 0.5480769230769231 0.6370192307692307 0.04807692307692308 0.028846153846153848
0 0.3245192307692308 0.6514423076923077 0.06009615384615385 0.030048076923076924
0 0.2644230769230769 0.6538461538461539 0.05889423076923077 0.03365384615384615
0 0.19471153846153846 0.6598557692307693 0.0733173076923077 0.03245192307692308
0 0.8966346153846154 0.5612980769230769 0.04447115384615385 0.07572115384615384
0 0.3858173076923077 0.6213942307692307 0.04447115384615385 0.08774038461538461