0 0.7067307692307693 0.6165865384615384 0.028846153846153848 0.09495192307692307
0 0.8040865384615384 0.31971153846153844 0.030048076923076924 0.1310096153846154
0 0.14182692307692307 0.22596153846153846 0.06129807692307692 0.15144230769230768
0 0.016826923076923076 0.38461538461538464 0.03365384615384615 0.125
0 0.06850961538461539 0.38461538461538464 0.0625 0.12620192307692307
0 0.028846153846153848 0.6646634615384616 0.057692307692307696 0.1466346153846154
0 0.038461538461538464 0.5384615384615384 0.055288461538461536 0.09735576923076923
0 0.09975961538461539 0.5252403846153846 0.06009615384615385 0.11778846153846154
0 0.8425480769230769 0.27283653846153844 0.040865384615384616 0.16947115384615385
0 0.0889423076923077 0.6634615384615384 0.055288461538461536 0.14903846153846154
0 0.15144230769230768 0.6658653846153846 0.06490384615384616 0.15745192307692307
0 0.14903846153846154 0.40024038461538464 0.078125 0.10576923076923077
0 0.8774038461538461 0.28966346153846156 0.025240384615384616 0.1346153846153846
0 0.9867788461538461 0.28846153846153844 0.02403846153846154 0.13942307692307693
0 0.9338942307692307 0.2848557692307692 0.025240384615384616 0.140625
0 0.9603365384615384 0.28846153846153844 0.026442307692307692 0.13581730769230768
0 0.036057692307692304 0.8185096153846154 0.0673076923076923 0.13822115384615385
0 0.984375 0.45913461538461536 0.026442307692307692 0.15384615384615385
0 0.9471153846153846 0.5072115384615384 0.040865384615384616 0.054086538461538464
0 0.9086538461538461 0.484375 0.03125 0.0985576923076923
0 0.8737980769230769 0.47475961538461536 0.03365384615384615 0.11899038461538461
0 0.8389423076923077 0.47836538461538464 0.03365384615384615 0.11298076923076923
0 0.7992788461538461 0.47115384615384615 0.036057692307692304 0.1045673076923077
0 0.765625 0.47115384615384615 0.027644230769230768 0.09975961538461539
0 0.7355769230769231 0.4699519230769231 0.030048076923076924 0.10096153846153846
0 0.703125 0.47115384615384615 0.030048076923076924 0.0985576923076923
0 0.9050480769230769 0.29086538461538464 0.028846153846153848 0.1346153846153846
0 0.10096153846153846 0.8088942307692307 0.04567307692307692 0.12259615384615384
0 0.11778846153846154 0.9435096153846154 0.05889423076923077 0.11177884615384616
0 0.013221153846153846 0.9543269230769231 0.026442307692307692 0.08653846153846154
0 0.07692307692307693 0.2283653846153846 0.05889423076923077 0.14783653846153846
0 0.021634615384615384 0.22596153846153846 0.04326923076923077 0.15144230769230768
0 0.6346153846153846 0.47115384615384615 0.02283653846153846 0.10096153846153846
0 0.6045673076923077 0.47475961538461536 0.03245192307692308 0.09375
0 0.5721153846153846 0.4723557692307692 0.028846153846153848 0.0985576923076923
0 0.5384615384615384 0.4735576923076923 0.03485576923076923 0.09615384615384616
0 0.7223557692307693 0.3173076923076923 0.02403846153846154 0.13221153846153846
0 0.6959134615384616 0.31850961538461536 0.030048076923076924 0.13221153846153846
0 0.6694711538461539 0.31850961538461536 0.02283653846153846 0.13221153846153846
0 0.6430288461538461 0.31850961538461536 0.027644230769230768 0.13221153846153846
0 0.6117788461538461 0.3161057692307692 0.030048076923076924 0.1346153846153846
0 0.5793269230769231 0.31850961538461536 0.028846153846153848 0.13221153846153846
0 0.16346153846153846 0.8125 0.057692307692307696 0.12379807692307693
0 0.5504807692307693 0.3245192307692308 0.02283653846153846 0.12139423076923077
0 0.5012019230769231 0.32572115384615385 0.025240384615384616 0.11778846153846154
0 0.4699519230769231 0.3425480769230769 0.03365384615384615 0.0889423076923077
0 0.4338942307692308 0.34134615384615385 0.03365384615384615 0.0889423076923077
0 0.39903846153846156 0.34134615384615385 0.036057692307692304 0.09014423076923077
0 0.36177884615384615 0.33653846153846156 0.03485576923076923 0.09975961538461539
0 0.32572115384615385 0.33533653846153844 0.036057692307692304 0.10216346153846154
0 0.28725961538461536 0.34134615384615385 0.036057692307692304 0.09254807692307693
0 0.24879807692307693 0.34134615384615385 0.03485576923076923 0.08774038461538461
0 0.21033653846153846 0.3401442307692308 0.036057692307692304 0.09014423076923077
0 0.171875 0.9459134615384616 0.042067307692307696 0.10576923076923077
0 0.6634615384615384 0.4699519230769231 0.03485576923076923 0.1045673076923077
0 0.057692307692307696 0.9519230769230769 0.05889423076923077 0.09495192307692307
0 0.5264423076923077 0.3245192307692308 0.02283653846153846 0.12139423076923077
0 0.5036057692307693 0.4807692307692308 0.03365384615384615 0.08774038461538461
0 0.46875 0.4807692307692308 0.03365384615384615 0.0889423076923077
0 0.4326923076923077 0.47596153846153844 0.036057692307692304 0.09134615384615384
0 0.2439903846153846 0.7716346153846154 0.030048076923076924 0.09254807692307693
0 0.27524038461538464 0.7728365384615384 0.025240384615384616 0.09375
0 0.30649038461538464 0.7716346153846154 0.036057692307692304 0.09375
0 0.3473557692307692 0.7704326923076923 0.03125 0.09975961538461539
0 0.3798076923076923 0.7692307692307693 0.03125 0.09735576923076923
0 0.41346153846153844 0.7716346153846154 0.028846153846153848 0.09134615384615384
0 0.44350961538461536 0.7704326923076923 0.027644230769230768 0.09735576923076923
0 0.4735576923076923 0.7704326923076923 0.025240384615384616 0.10336538461538461
0 0.5036057692307693 0.7668269230769231 0.030048076923076924 0.09975961538461539
0 0.5384615384615384 0.7668269230769231 0.03485576923076923 0.09735576923076923
0 0.5757211538461539 0.7668269230769231 0.028846153846153848 0.0985576923076923
0 0.609375 0.7704326923076923 0.03125 0.09735576923076923
0 0.640625 0.7620192307692307 0.026442307692307692 0.10697115384615384
0 0.671875 0.7632211538461539 0.028846153846153848 0.10336538461538461
0 0.7067307692307693 0.7632211538461539 0.027644230769230768 0.109375
0 0.7367788461538461 0.7608173076923077 0.028846153846153848 0.10817307692307693
0 0.7680288461538461 0.7644230769230769 0.027644230769230768 0.1045673076923077
0 0.8004807692307693 0.7632211538461539 0.028846153846153848 0.10336538461538461
0 0.8353365384615384 0.8221153846153846 0.03365384615384615 0.11298076923076923
0 0.8798076923076923 0.8497596153846154 0.042067307692307696 0.06129807692307692
0 0.9290865384615384 0.8461538461538461 0.04927884615384615 0.06129807692307692
0 0.9771634615384616 0.8209134615384616 0.040865384615384616 0.11778846153846154
0 0.8353365384615384 0.6646634615384616 0.03365384615384615 0.1141826923076923
0 0.8725961538461539 0.6610576923076923 0.038461538461538464 0.12259615384615384
0 0.9182692307692307 0.6947115384615384 0.04567307692307692 0.06009615384615385
0 0.9651442307692307 0.6478365384615384 0.042067307692307696 0.15384615384615385
0 0.8016826923076923 0.6117788461538461 0.03125 0.09735576923076923
0 0.7704326923076923 0.6117788461538461 0.027644230769230768 0.09975961538461539
0 0.7403846153846154 0.6129807692307693 0.030048076923076924 0.0985576923076923
0 0.21153846153846154 0.7668269230769231 0.03125 0.10096153846153846
0 0.6742788461538461 0.6129807692307693 0.03245192307692308 0.09975961538461539
0 0.2091346153846154 0.90625 0.03125 0.09735576923076923
0 0.27283653846153844 0.9122596153846154 0.030048076923076924 0.08173076923076923
0 0.3954326923076923 0.47836538461538464 0.03485576923076923 0.09014423076923077
0 0.359375 0.47716346153846156 0.03365384615384615 0.0889423076923077
0 0.3233173076923077 0.47475961538461536 0.03365384615384615 0.09375
0 0.28725961538461536 0.47716346153846156 0.03485576923076923 0.09014423076923077
0 0.25 0.4795673076923077 0.03485576923076923 0.08774038461538461
0 0.203125 0.4723557692307692 0.03125 0.09975961538461539
0 0.21033653846153846 0.6129807692307693 0.03245192307692308 0.09975961538461539
0 0.24759615384615385 0.6153846153846154 0.03125 0.09495192307692307
0 0.2824519230769231 0.6153846153846154 0.030048076923076924 0.10096153846153846
0 0.31490384615384615 0.6177884615384616 0.028846153846153848 0.09014423076923077
0 0.3485576923076923 0.6153846153846154 0.027644230769230768 0.09495192307692307
0 0.3798076923076923 0.6165865384615384 0.03125 0.0985576923076923
0 0.41346153846153844 0.6153846153846154 0.027644230769230768 0.09375
0 0.44591346153846156 0.6177884615384616 0.025240384615384616 0.0985576923076923
0 0.4795673076923077 0.6165865384615384 0.030048076923076924 0.0889423076923077
0 0.5120192307692307 0.6141826923076923 0.026442307692307692 0.09615384615384616
0 0.5444711538461539 0.6177884615384616 0.03365384615384615 0.09014423076923077
0 0.578125 0.609375 0.028846153846153848 0.1045673076923077
0 0.6418269230769231 0.6105769230769231 0.028846153846153848 0.10697115384615384
0 0.5817307692307693 0.9038461538461539 0.027644230769230768 0.09735576923076923
0 0.5504807692307693 0.9050480769230769 0.030048076923076924 0.10336538461538461
0 0.5180288461538461 0.90625 0.03125 0.09735576923076923
0 0.48677884615384615 0.9050480769230769 0.027644230769230768 0.09615384615384616
0 0.4567307692307692 0.9050480769230769 0.028846153846153848 0.10096153846153846
0 0.4266826923076923 0.90625 0.027644230769230768 0.10096153846153846
0 0.39663461538461536 0.9074519230769231 0.028846153846153848 0.09975961538461539
0 0.36658653846153844 0.9122596153846154 0.027644230769230768 0.08653846153846154
0 0.33653846153846156 0.9086538461538461 0.03125 0.09134615384615384
0 0.30408653846153844 0.9098557692307693 0.028846153846153848 0.09014423076923077
0 0.24278846153846154 0.90625 0.03125 0.09975961538461539
0 0.609375 0.6105769230769231 0.030048076923076924 0.10697115384615384
0 0.7740384615384616 0.3173076923076923 0.025240384615384616 0.13221153846153846
0 0.6117788461538461 0.9038461538461539 0.028846153846153848 0.0985576923076923
0 0.9663461538461539 0.9603365384615384 0.054086538461538464 0.07211538461538461
0 0.9182692307692307 0.9675480769230769 0.03485576923076923 0.057692307692307696
0 0.8798076923076923 0.96875 0.039663461538461536 0.05048076923076923
0 0.8377403846153846 0.9675480769230769 0.039663461538461536 0.052884615384615384
0 0.7980769230769231 0.9026442307692307 0.027644230769230768 0.09735576923076923
0 0.7668269230769231 0.9038461538461539 0.027644230769230768 0.09735576923076923
0 0.7355769230769231 0.9026442307692307 0.027644230769230768 0.09735576923076923
0 0.7055288461538461 0.9026442307692307 0.028846153846153848 0.09975961538461539
0 0.6754807692307693 0.9038461538461539 0.030048076923076924 0.0985576923076923
0 0.6442307692307693 0.9038461538461539 0.030048076923076924 0.1045673076923077
0 0.7475961538461539 0.3161057692307692 0.02403846153846154 0.1310096153846154