0 0.17427884615384615 0.1045673076923077 0.09014423076923077 0.051682692307692304
0 0.2548076923076923 0.06610576923076923 0.0625 0.12379807692307693
0 0.4170673076923077 0.0673076923076923 0.08173076923076923 0.12379807692307693
0 0.4951923076923077 0.0733173076923077 0.04447115384615385 0.12620192307692307
0 0.5649038461538461 0.09615384615384616 0.05889423076923077 0.06971153846153846
0 0.6237980769230769 0.0985576923076923 0.057692307692307696 0.055288461538461536
0 0.6742788461538461 0.0673076923076923 0.042067307692307696 0.12259615384615384
0 0.6850961538461539 0.6033653846153846 0.055288461538461536 0.056490384615384616
0 0.7824519230769231 0.06971153846153846 0.051682692307692304 0.1201923076923077
0 0.4879807692307692 0.734375 0.042067307692307696 0.0829326923076923
0 0.4495192307692308 0.7331730769230769 0.03485576923076923 0.0625
0 0.5408653846153846 0.7379807692307693 0.057692307692307696 0.055288461538461536
0 0.5961538461538461 0.7247596153846154 0.05048076923076923 0.06129807692307692
0 0.6838942307692307 0.7163461538461539 0.037259615384615384 0.05889423076923077
0 0.6442307692307693 0.7199519230769231 0.036057692307692304 0.05889423076923077
0 0.7463942307692307 0.6899038461538461 0.03365384615384615 0.055288461538461536
0 0.7163461538461539 0.6947115384615384 0.025240384615384616 0.052884615384615384
0 0.8377403846153846 0.6923076923076923 0.040865384615384616 0.06490384615384616
0 0.7980769230769231 0.6995192307692307 0.03245192307692308 0.06490384615384616
0 0.9134615384615384 0.6923076923076923 0.037259615384615384 0.04567307692307692
0 0.8774038461538461 0.6826923076923077 0.03245192307692308 0.06610576923076923
0 0.9002403846153846 0.5841346153846154 0.040865384615384616 0.040865384615384616
0 0.8617788461538461 0.5805288461538461 0.03365384615384615 0.05889423076923077
0 0.40625 0.7427884615384616 0.04567307692307692 0.07451923076923077
0 0.8209134615384616 0.5829326923076923 0.04326923076923077 0.0625
0 0.7331730769230769 0.6081730769230769 0.02283653846153846 0.030048076923076924
0 0.7331730769230769 0.5733173076923077 0.026442307692307692 0.03365384615384615
0 0.6201923076923077 0.6105769230769231 0.06370192307692307 0.04567307692307692
0 0.5516826923076923 0.6141826923076923 0.06610576923076923 0.0625
0 0.48677884615384615 0.6141826923076923 0.054086538461538464 0.07572115384615384
0 0.43509615384615385 0.6237980769230769 0.04447115384615385 0.07091346153846154
0 0.38100961538461536 0.6346153846153846 0.055288461538461536 0.06129807692307692
0 0.3173076923076923 0.6237980769230769 0.0625 0.06850961538461539
0 0.25 0.6766826923076923 0.042067307692307696 0.06009615384615385
0 0.2127403846153846 0.6658653846153846 0.03245192307692308 0.054086538461538464
0 0.15865384615384615 0.7007211538461539 0.06971153846153846 0.04927884615384615
0 0.09735576923076923 0.6983173076923077 0.04326923076923077 0.054086538461538464
0 0.037259615384615384 0.7055288461538461 0.057692307692307696 0.056490384615384616
0 0.18629807692307693 0.5865384615384616 0.05048076923076923 0.07211538461538461
0 0.7704326923076923 0.5817307692307693 0.04326923076923077 0.0733173076923077
0 0.3641826923076923 0.7560096153846154 0.03125 0.06129807692307692
0 0.32572115384615385 0.7560096153846154 0.03485576923076923 0.07692307692307693
0 0.23076923076923078 0.796875 0.038461538461538464 0.04567307692307692
0 0.9086538461538461 0.7920673076923077 0.030048076923076924 0.09375
0 0.8798076923076923 0.7944711538461539 0.018028846153846152 0.0985576923076923
0 0.8569711538461539 0.8052884615384616 0.025240384615384616 0.09014423076923077
0 0.8293269230769231 0.8100961538461539 0.021634615384615384 0.09615384615384616
0 0.8040865384615384 0.8161057692307693 0.026442307692307692 0.09375
0 0.7740384615384616 0.8317307692307693 0.03245192307692308 0.07211538461538461
0 0.7379807692307693 0.8365384615384616 0.030048076923076924 0.07211538461538461
0 0.703125 0.8257211538461539 0.038461538461538464 0.09615384615384616
0 0.6730769230769231 0.8269230769230769 0.019230769230769232 0.09615384615384616
0 0.6418269230769231 0.8521634615384616 0.042067307692307696 0.06971153846153846
0 0.6057692307692307 0.8521634615384616 0.030048076923076924 0.08052884615384616
0 0.5673076923076923 0.859375 0.03485576923076923 0.08052884615384616
0 0.5 0.8581730769230769 0.037259615384615384 0.10576923076923077
0 0.4639423076923077 0.8653846153846154 0.03245192307692308 0.09254807692307693
0 0.4326923076923077 0.8677884615384616 0.025240384615384616 0.10336538461538461
0 0.4026442307692308 0.8737980769230769 0.027644230769230768 0.10096153846153846
0 0.36899038461538464 0.8822115384615384 0.037259615384615384 0.10336538461538461
0 0.2776442307692308 0.7956730769230769 0.04447115384615385 0.04326923076923077
0 0.12139423076923077 0.796875 0.04807692307692308 0.08052884615384616
0 0.17668269230769232 0.7920673076923077 0.055288461538461536 0.07692307692307693
0 0.06850961538461539 0.8004807692307693 0.056490384615384616 0.0829326923076923
0 0.09615384615384616 0.8966346153846154 0.08774038461538461 0.04927884615384615
0 0.09254807692307693 0.9362980769230769 0.09975961538461539 0.030048076923076924
0 0.2512019230769231 0.6009615384615384 0.04807692307692308 0.057692307692307696
0 0.1935096153846154 0.9435096153846154 0.07692307692307693 0.021634615384615384
0 0.25600961538461536 0.8737980769230769 0.03365384615384615 0.046875
0 0.25841346153846156 0.921875 0.04326923076923077 0.04807692307692308
0 0.28966346153846156 0.8509615384615384 0.03245192307692308 0.030048076923076924
0 0.296875 0.8810096153846154 0.027644230769230768 0.027644230769230768
0 0.2980769230769231 0.9194711538461539 0.036057692307692304 0.039663461538461536
0 0.3329326923076923 0.8846153846153846 0.03365384615384615 0.09975961538461539
0 0.19230769230769232 0.8954326923076923 0.06490384615384616 0.06129807692307692
0 0.11899038461538461 0.5961538461538461 0.06850961538461539 0.07932692307692307
0 0.0625 0.5985576923076923 0.038461538461538464 0.0673076923076923
0 0.019230769230769232 0.6009615384615384 0.038461538461538464 0.07692307692307693
0 0.5120192307692307 0.3786057692307692 0.051682692307692304 0.07932692307692307
0 0.4651442307692308 0.3786057692307692 0.038461538461538464 0.07572115384615384
0 0.4254807692307692 0.3786057692307692 0.037259615384615384 0.07451923076923077
0 0.3894230769230769 0.3858173076923077 0.030048076923076924 0.07451923076923077
0 0.3425480769230769 0.37259615384615385 0.06129807692307692 0.1045673076923077
0 0.27524038461538464 0.37259615384615385 0.06490384615384616 0.10576923076923077
0 0.22235576923076922 0.39663461538461536 0.03245192307692308 0.06610576923076923
0 0.18629807692307693 0.39663461538461536 0.03245192307692308 0.07091346153846154
0 0.1466346153846154 0.40024038461538464 0.03365384615384615 0.07451923076923077
0 0.10096153846153846 0.39783653846153844 0.04927884615384615 0.08173076923076923
0 0.036057692307692304 0.4074519230769231 0.07091346153846154 0.06370192307692307
0 0.19230769230769232 0.3125 0.06971153846153846 0.030048076923076924
0 0.09975961538461539 0.3016826923076923 0.10096153846153846 0.056490384615384616
0 0.2548076923076923 0.2536057692307692 0.046875 0.08052884615384616
0 0.3088942307692308 0.24879807692307693 0.04447115384615385 0.07211538461538461
0 0.359375 0.25240384615384615 0.05048076923076923 0.07451923076923077
0 0.5216346153846154 0.24879807692307693 0.037259615384615384 0.07091346153846154
0 0.859375 0.07091346153846154 0.03125 0.12860576923076922
0 0.890625 0.0733173076923077 0.021634615384615384 0.11778846153846154
0 0.9242788461538461 0.07451923076923077 0.04447115384615385 0.11057692307692307
0 0.9170673076923077 0.23197115384615385 0.018028846153846152 0.07932692307692307
0 0.9483173076923077 0.23076923076923078 0.039663461538461536 0.08052884615384616
0 0.6646634615384616 0.2403846153846154 0.046875 0.07572115384615384
0 0.5600961538461539 0.3786057692307692 0.042067307692307696 0.06971153846153846
0 0.7115384615384616 0.23798076923076922 0.042067307692307696 0.07932692307692307
0 0.8016826923076923 0.23918269230769232 0.04567307692307692 0.08052884615384616
0 0.8389423076923077 0.17908653846153846 0.06971153846153846 0.030048076923076924
0 0.8665865384615384 0.23317307692307693 0.07451923076923077 0.07211538461538461
0 0.5925480769230769 0.22956730769230768 0.09134615384615384 0.1045673076923077
0 0.4338942307692308 0.25240384615384615 0.04567307692307692 0.078125
0 0.4807692307692308 0.24879807692307693 0.037259615384615384 0.07091346153846154
0 0.7548076923076923 0.23918269230769232 0.039663461538461536 0.07932692307692307
0 0.7259615384615384 0.0733173076923077 0.04567307692307692 0.11778846153846154
0 0.6081730769230769 0.375 0.039663461538461536 0.0673076923076923
0 0.6935096153846154 0.36899038461538464 0.03485576923076923 0.06009615384615385
0 0.24158653846153846 0.4891826923076923 0.040865384615384616 0.0829326923076923
0 0.20552884615384615 0.4963942307692308 0.025240384615384616 0.07211538461538461
0 0.17307692307692307 0.5 0.030048076923076924 0.06850961538461539
0 0.14182692307692307 0.5072115384615384 0.027644230769230768 0.056490384615384616
0 0.10697115384615384 0.5120192307692307 0.037259615384615384 0.051682692307692304
0 0.06370192307692307 0.5180288461538461 0.04447115384615385 0.052884615384615384
0 0.026442307692307692 0.5204326923076923 0.027644230769230768 0.057692307692307696
0 0.3401442307692308 0.515625 0.04326923076923077 0.07211538461538461
0 0.29447115384615385 0.5180288461538461 0.039663461538461536 0.07451923076923077
0 0.40384615384615385 0.5192307692307693 0.021634615384615384 0.046875
0 0.37740384615384615 0.5204326923076923 0.025240384615384616 0.046875
0 0.6033653846153846 0.5060096153846154 0.02403846153846154 0.042067307692307696
0 0.5769230769230769 0.5072115384615384 0.021634615384615384 0.04447115384615385
0 0.5540865384615384 0.5060096153846154 0.021634615384615384 0.046875
0 0.5288461538461539 0.5048076923076923 0.021634615384615384 0.04447115384615385
0 0.5060096153846154 0.5132211538461539 0.02283653846153846 0.042067307692307696
0 0.48197115384615385 0.5132211538461539 0.019230769230769232 0.04447115384615385
0 0.7295673076923077 0.36538461538461536 0.036057692307692304 0.0625
0 0.765625 0.3605769230769231 0.03245192307692308 0.06370192307692307
0 0.8317307692307693 0.33413461538461536 0.042067307692307696 0.07211538461538461
0 0.8713942307692307 0.35336538461538464 0.03365384615384615 0.06971153846153846
0 0.9194711538461539 0.3557692307692308 0.054086538461538464 0.06971153846153846
0 0.7548076923076923 0.49278846153846156 0.037259615384615384 0.038461538461538464
0 0.6490384615384616 0.3737980769230769 0.036057692307692304 0.06850961538461539
0 0.7932692307692307 0.49038461538461536 0.02403846153846154 0.042067307692307696
0 0.8786057692307693 0.4735576923076923 0.030048076923076924 0.06370192307692307
0 0.9194711538461539 0.46634615384615385 0.04927884615384615 0.06370192307692307
0 0.6983173076923077 0.48197115384615385 0.06610576923076923 0.07091346153846154
0 0.6370192307692307 0.484375 0.038461538461538464 0.07091346153846154
0 0.43028846153846156 0.5180288461538461 0.020432692307692308 0.040865384615384616
0 0.453125 0.5132211538461539 0.02283653846153846 0.04326923076923077
0 0.8341346153846154 0.47475961538461536 0.052884615384615384 0.06850961538461539
0 0.0733173076923077 0.10096153846153846 0.09495192307692307 0.05889423076923077