0 0.5456730769230769 0.45552884615384615 0.0889423076923077 0.030048076923076924
0 0.5408653846153846 0.4879807692307692 0.08533653846153846 0.030048076923076924
0 0.5384615384615384 0.5192307692307693 0.09254807692307693 0.030048076923076924
0 0.4411057692307692 0.5168269230769231 0.09014423076923077 0.03485576923076923
0 0.3473557692307692 0.44591346153846156 0.08533653846153846 0.037259615384615384
0 0.44350961538461536 0.44591346153846156 0.09375 0.036057692307692304
0 0.3485576923076923 0.4807692307692308 0.09254807692307693 0.03365384615384615
0 0.3485576923076923 0.5168269230769231 0.0889423076923077 0.03485576923076923
0 0.8894230769230769 0.46634615384615385 0.08653846153846154 0.046875
0 0.2536057692307692 0.515625 0.09375 0.03485576923076923
0 0.4423076923076923 0.4807692307692308 0.09615384615384616 0.03245192307692308
0 0.890625 0.5132211538461539 0.08653846153846154 0.04567307692307692
0 0.6286057692307693 0.47596153846153844 0.07091346153846154 0.009615384615384616
0 0.7932692307692307 0.5132211538461539 0.09495192307692307 0.013221153846153846
0 0.7920673076923077 0.5 0.09615384615384616 0.01201923076923077
0 0.7920673076923077 0.48677884615384615 0.09134615384615384 0.01201923076923077
0 0.6298076923076923 0.45913461538461536 0.07451923076923077 0.009615384615384616
0 0.6298076923076923 0.46634615384615385 0.07451923076923077 0.007211538461538462
0 0.6298076923076923 0.48677884615384615 0.0733173076923077 0.007211538461538462
0 0.6286057692307693 0.49759615384615385 0.07091346153846154 0.009615384615384616
0 0.6262019230769231 0.5084134615384616 0.0733173076923077 0.008413461538461538
0 0.6286057692307693 0.5180288461538461 0.07572115384615384 0.008413461538461538
0 0.6286057692307693 0.5288461538461539 0.07572115384615384 0.009615384615384616
0 0.2548076923076923 0.4807692307692308 0.09495192307692307 0.03245192307692308
0 0.7944711538461539 0.5276442307692307 0.09495192307692307 0.014423076923076924
0 0.25240384615384615 0.44591346153846156 0.09615384615384616 0.036057692307692304
0 0.421875 0.34615384615384615 0.06610576923076923 0.027644230769230768
0 0.07211538461538461 0.5012019230769231 0.030048076923076924 0.06490384615384616
0 0.7704326923076923 0.3762019230769231 0.07091346153846154 0.03365384615384615
0 0.703125 0.375 0.06490384615384616 0.03125
0 0.6322115384615384 0.30649038461538464 0.06610576923076923 0.03365384615384615
0 0.5661057692307693 0.3076923076923077 0.06490384615384616 0.03485576923076923
0 0.5637019230769231 0.3425480769230769 0.0625 0.03485576923076923
0 0.6322115384615384 0.34375 0.06971153846153846 0.03245192307692308
0 0.6298076923076923 0.3762019230769231 0.06610576923076923 0.030048076923076924
0 0.5637019230769231 0.3762019230769231 0.06610576923076923 0.030048076923076924
0 0.4254807692307692 0.3161057692307692 0.06610576923076923 0.030048076923076924
0 0.49278846153846156 0.3173076923076923 0.06370192307692307 0.028846153846153848
0 0.48677884615384615 0.34615384615384615 0.06129807692307692 0.026442307692307692
0 0.7055288461538461 0.4579326923076923 0.07211538461538461 0.009615384615384616
0 0.4831730769230769 0.37740384615384615 0.06971153846153846 0.026442307692307692
0 0.41466346153846156 0.3786057692307692 0.0625 0.030048076923076924
0 0.3473557692307692 0.3786057692307692 0.06850961538461539 0.027644230769230768
0 0.27884615384615385 0.3762019230769231 0.06009615384615385 0.025240384615384616
0 0.27884615384615385 0.3473557692307692 0.06850961538461539 0.028846153846153848
0 0.34975961538461536 0.3485576923076923 0.06370192307692307 0.028846153846153848
0 0.3581730769230769 0.3161057692307692 0.05889423076923077 0.030048076923076924
0 0.2920673076923077 0.3161057692307692 0.07211538461538461 0.030048076923076924
0 0.07451923076923077 0.359375 0.015625 0.054086538461538464
0 0.054086538461538464 0.3629807692307692 0.018028846153846152 0.056490384615384616
0 0.03125 0.36177884615384615 0.014423076923076924 0.051682692307692304
0 0.01201923076923077 0.3629807692307692 0.009615384615384616 0.057692307692307696
0 0.042067307692307696 0.5 0.020432692307692308 0.06610576923076923
0 0.1141826923076923 0.5 0.03125 0.0625
0 0.7055288461538461 0.46875 0.07572115384615384 0.006009615384615385
0 0.6682692307692307 0.6394230769230769 0.08173076923076923 0.009615384615384616
0 0.7043269230769231 0.4879807692307692 0.0733173076923077 0.008413461538461538
0 0.11177884615384616 0.6670673076923077 0.0829326923076923 0.010817307692307692
0 0.1141826923076923 0.65625 0.0829326923076923 0.007211538461538462
0 0.11177884615384616 0.6466346153846154 0.08413461538461539 0.008413461538461538
0 0.1141826923076923 0.6358173076923077 0.08052884615384616 0.006009615384615385
0 0.11177884615384616 0.6262019230769231 0.07451923076923077 0.008413461538461538
0 0.11177884615384616 0.6165865384615384 0.07451923076923077 0.009615384615384616
0 0.9050480769230769 0.7163461538461539 0.0985576923076923 0.038461538461538464
0 0.9134615384615384 0.7644230769230769 0.09014423076923077 0.04447115384615385
0 0.7572115384615384 0.7596153846153846 0.07091346153846154 0.04807692307692308
0 0.7439903846153846 0.7079326923076923 0.051682692307692304 0.030048076923076924
0 0.6778846153846154 0.7175480769230769 0.0673076923076923 0.038461538461538464
0 0.6778846153846154 0.7620192307692307 0.07211538461538461 0.04927884615384615
0 0.5973557692307693 0.7572115384615384 0.0889423076923077 0.0625
0 0.4987980769230769 0.7560096153846154 0.09375 0.06009615384615385
0 0.3954326923076923 0.7584134615384616 0.09254807692307693 0.06129807692307692
0 0.2932692307692308 0.7584134615384616 0.09254807692307693 0.05889423076923077
0 0.140625 0.7584134615384616 0.028846153846153848 0.05889423076923077
0 0.10576923076923077 0.7596153846153846 0.040865384615384616 0.055288461538461536
0 0.0625 0.7596153846153846 0.040865384615384616 0.056490384615384616
0 0.020432692307692308 0.7620192307692307 0.037259615384615384 0.06129807692307692
0 0.9002403846153846 0.1466346153846154 0.018028846153846152 0.036057692307692304
0 0.9206730769230769 0.14903846153846154 0.016826923076923076 0.03245192307692308
0 0.9423076923076923 0.14783653846153846 0.021634615384615384 0.03365384615384615
0 0.9603365384615384 0.14783653846153846 0.01201923076923077 0.03125
0 0.9783653846153846 0.1466346153846154 0.02283653846153846 0.03125
0 0.036057692307692304 0.6490384615384616 0.0625 0.046875
0 0.25 0.6514423076923077 0.07932692307692307 0.039663461538461536
0 0.3293269230769231 0.6526442307692307 0.07451923076923077 0.037259615384615384
0 0.328125 0.6117788461538461 0.07692307692307693 0.04326923076923077
0 0.7055288461538461 0.49759615384615385 0.07211538461538461 0.008413461538461538
0 0.7043269230769231 0.5084134615384616 0.07451923076923077 0.008413461538461538
0 0.7055288461538461 0.5180288461538461 0.07211538461538461 0.008413461538461538
0 0.7043269230769231 0.5288461538461539 0.078125 0.008413461538461538
0 0.9230769230769231 0.6478365384615384 0.0889423076923077 0.046875
0 0.8377403846153846 0.6478365384615384 0.08052884615384616 0.04447115384615385
0 0.7475961538461539 0.6117788461538461 0.06850961538461539 0.008413461538461538
0 0.75 0.6225961538461539 0.06490384615384616 0.008413461538461538
0 0.75 0.6334134615384616 0.06370192307692307 0.009615384615384616
0 0.7524038461538461 0.6442307692307693 0.06370192307692307 0.010817307692307692
0 0.7536057692307693 0.65625 0.06610576923076923 0.009615384615384616
0 0.6694711538461539 0.6274038461538461 0.08533653846153846 0.01201923076923077
0 0.7055288461538461 0.47716346153846156 0.07572115384615384 0.009615384615384616
0 0.8461538461538461 0.3762019230769231 0.06971153846153846 0.03125
0 0.5853365384615384 0.6610576923076923 0.0829326923076923 0.008413461538461538
0 0.5841346153846154 0.6502403846153846 0.08173076923076923 0.010817307692307692
0 0.5853365384615384 0.6394230769230769 0.0829326923076923 0.010817307692307692
0 0.5853365384615384 0.6274038461538461 0.0829326923076923 0.013221153846153846
0 0.5865384615384616 0.6129807692307693 0.0829326923076923 0.010817307692307692
0 0.5853365384615384 0.6021634615384616 0.0829326923076923 0.009615384615384616
0 0.5841346153846154 0.5901442307692307 0.08413461538461539 0.01201923076923077
0 0.5841346153846154 0.5769230769230769 0.08052884615384616 0.010817307692307692
0 0.5036057692307693 0.5961538461538461 0.08052884615384616 0.04326923076923077
0 0.5048076923076923 0.640625 0.078125 0.046875
0 0.41586538461538464 0.6502403846153846 0.09495192307692307 0.040865384615384616
0 0.41225961538461536 0.6081730769230769 0.09254807692307693 0.042067307692307696
0 0.6682692307692307 0.6526442307692307 0.0829326923076923 0.015625
0 0.9134615384615384 0.3762019230769231 0.0625 0.03125
0 0.9735576923076923 0.34134615384615385 0.05048076923076923 0.03245192307692308
0 0.8413461538461539 0.34134615384615385 0.06490384615384616 0.036057692307692304
0 0.7668269230769231 0.34134615384615385 0.06610576923076923 0.03365384615384615
0 0.7007211538461539 0.34134615384615385 0.0625 0.03365384615384615
0 0.7019230769230769 0.30649038461538464 0.06610576923076923 0.03485576923076923
0 0.7716346153846154 0.30649038461538464 0.07211538461538461 0.03365384615384615
0 0.9110576923076923 0.3425480769230769 0.07091346153846154 0.03485576923076923
0 0.9723557692307693 0.3762019230769231 0.052884615384615384 0.03485576923076923
0 0.9783653846153846 0.18629807692307693 0.042067307692307696 0.046875
0 0.9350961538461539 0.1875 0.040865384615384616 0.04567307692307692
0 0.8918269230769231 0.18629807692307693 0.039663461538461536 0.042067307692307696
0 0.28125 0.18028846153846154 0.026442307692307692 0.06129807692307692
0 0.30528846153846156 0.1814903846153846 0.020432692307692308 0.057692307692307696
0 0.32211538461538464 0.18269230769230768 0.015625 0.0625
0 0.25 0.18028846153846154 0.028846153846153848 0.06009615384615385
0 0.3701923076923077 0.16826923076923078 0.03245192307692308 0.04807692307692308
0 0.5024038461538461 0.11658653846153846 0.03245192307692308 0.06009615384615385
0 0.5360576923076923 0.11538461538461539 0.027644230769230768 0.06129807692307692
0 0.5745192307692307 0.11298076923076923 0.02283653846153846 0.051682692307692304
0 0.34375 0.18389423076923078 0.025240384615384616 0.057692307692307696
0 0.6081730769230769 0.17548076923076922 0.027644230769230768 0.054086538461538464
0 0.578125 0.17548076923076922 0.028846153846153848 0.055288461538461536
0 0.6057692307692307 0.11298076923076923 0.030048076923076924 0.056490384615384616
0 0.5084134615384616 0.17427884615384615 0.02403846153846154 0.05889423076923077
0 0.46875 0.16826923076923078 0.028846153846153848 0.04567307692307692
0 0.4362980769230769 0.16826923076923078 0.036057692307692304 0.04567307692307692
0 0.39903846153846156 0.16826923076923078 0.025240384615384616 0.04927884615384615
0 0.5384615384615384 0.17548076923076922 0.03125 0.052884615384615384