0 0.5540865384615384 0.3557692307692308 0.04807692307692308 0.039663461538461536
0 0.5 0.34615384615384615 0.04447115384615385 0.039663461538461536
0 0.9002403846153846 0.8665865384615384 0.07211538461538461 0.02283653846153846
0 0.6947115384615384 0.3942307692307692 0.057692307692307696 0.06971153846153846
0 0.6899038461538461 0.47596153846153844 0.051682692307692304 0.04326923076923077
0 0.7427884615384616 0.46875 0.042067307692307696 0.037259615384615384
0 0.7427884615384616 0.5108173076923077 0.042067307692307696 0.036057692307692304
0 0.7524038461538461 0.5661057692307693 0.051682692307692304 0.054086538461538464
0 0.8161057692307693 0.5733173076923077 0.06370192307692307 0.051682692307692304
0 0.8161057692307693 0.5192307692307693 0.0625 0.04567307692307692
0 0.7956730769230769 0.46274038461538464 0.052884615384615384 0.03125
0 0.8810096153846154 0.5168269230769231 0.04326923076923077 0.040865384615384616
0 0.8617788461538461 0.5673076923076923 0.021634615384615384 0.054086538461538464
0 0.9747596153846154 0.8545673076923077 0.04927884615384615 0.12259615384615384
0 0.890625 0.8064903846153846 0.07692307692307693 0.07692307692307693
0 0.9002403846153846 0.8942307692307693 0.07572115384615384 0.02403846153846154
0 0.8978365384615384 0.5709134615384616 0.042067307692307696 0.056490384615384616
0 0.8076923076923077 0.8485576923076923 0.07572115384615384 0.125
0 0.6165865384615384 0.3317307692307692 0.046875 0.037259615384615384
0 0.6274038461538461 0.3954326923076923 0.0625 0.07091346153846154
0 0.5588942307692307 0.40625 0.05048076923076923 0.04447115384615385
0 0.6875 0.5240384615384616 0.054086538461538464 0.05048076923076923
0 0.8485576923076923 0.24639423076923078 0.039663461538461536 0.08533653846153846
0 0.9050480769230769 0.24158653846153846 0.051682692307692304 0.08774038461538461
0 0.96875 0.24278846153846154 0.06129807692307692 0.09375
0 0.9747596153846154 0.38461538461538464 0.03245192307692308 0.03485576923076923
0 0.9314903846153846 0.3870192307692308 0.04447115384615385 0.08533653846153846
0 0.8858173076923077 0.38341346153846156 0.038461538461538464 0.08533653846153846
0 0.8377403846153846 0.38341346153846156 0.04326923076923077 0.0889423076923077
0 0.703125 0.8052884615384616 0.0673076923076923 0.057692307692307696
0 0.7932692307692307 0.3858173076923077 0.039663461538461536 0.08533653846153846
0 0.5060096153846154 0.5108173076923077 0.052884615384615384 0.04447115384615385
0 0.5072115384615384 0.5625 0.055288461538461536 0.04807692307692308
0 0.5697115384615384 0.5697115384615384 0.054086538461538464 0.046875
0 0.5709134615384616 0.5108173076923077 0.05048076923076923 0.04927884615384615
0 0.6237980769230769 0.5012019230769231 0.04447115384615385 0.04927884615384615
0 0.6310096153846154 0.5733173076923077 0.05048076923076923 0.056490384615384616
0 0.6935096153846154 0.5757211538461539 0.055288461538461536 0.04567307692307692
0 0.7475961538461539 0.3870192307692308 0.040865384615384616 0.08774038461538461
0 0.7211538461538461 0.875 0.07451923076923077 0.07211538461538461
0 0.625 0.8233173076923077 0.06490384615384616 0.06850961538461539
0 0.5516826923076923 0.8617788461538461 0.07211538461538461 0.09134615384615384
0 0.40024038461538464 0.65625 0.06610576923076923 0.028846153846153848
0 0.40384615384615385 0.6862980769230769 0.06971153846153846 0.021634615384615384
0 0.4014423076923077 0.7199519230769231 0.06971153846153846 0.040865384615384616
0 0.47716346153846156 0.7103365384615384 0.07451923076923077 0.020432692307692308
0 0.4795673076923077 0.7355769230769231 0.07572115384615384 0.026442307692307692
0 0.4723557692307692 0.640625 0.06971153846153846 0.027644230769230768
0 0.484375 0.6766826923076923 0.07451923076923077 0.039663461538461536
0 0.3317307692307692 0.6742788461538461 0.06490384615384616 0.020432692307692308
0 0.5612980769230769 0.7115384615384616 0.06610576923076923 0.054086538461538464
0 0.7247596153846154 0.7139423076923077 0.078125 0.052884615384615384
0 0.8161057692307693 0.7115384615384616 0.07932692307692307 0.057692307692307696
0 0.9591346153846154 0.7235576923076923 0.08052884615384616 0.013221153846153846
0 0.96875 0.7439903846153846 0.057692307692307696 0.016826923076923076
0 0.9759615384615384 0.6009615384615384 0.046875 0.021634615384615384
0 0.9591346153846154 0.46033653846153844 0.07932692307692307 0.019230769230769232
0 0.9663461538461539 0.4831730769230769 0.0625 0.019230769230769232
0 0.6442307692307693 0.7115384615384616 0.06971153846153846 0.051682692307692304
0 0.7992788461538461 0.24519230769230768 0.052884615384615384 0.09134615384615384
0 0.33052884615384615 0.6502403846153846 0.0733173076923077 0.025240384615384616
0 0.11778846153846154 0.6778846153846154 0.052884615384615384 0.06490384615384616
0 0.46033653846153844 0.8834134615384616 0.07692307692307693 0.05889423076923077
0 0.37740384615384615 0.8870192307692307 0.07572115384615384 0.054086538461538464
0 0.46033653846153844 0.8221153846153846 0.0733173076923077 0.05048076923076923
0 0.3798076923076923 0.8269230769230769 0.07572115384615384 0.055288461538461536
0 0.26322115384615385 0.8942307692307693 0.125 0.03485576923076923
0 0.2692307692307692 0.8353365384615384 0.12740384615384615 0.07692307692307693
0 0.12980769230769232 0.8954326923076923 0.11298076923076923 0.027644230769230768
0 0.32211538461538464 0.7163461538461539 0.08173076923076923 0.05048076923076923
0 0.1310096153846154 0.8689903846153846 0.1141826923076923 0.021634615384615384
0 0.03245192307692308 0.8810096153846154 0.06370192307692307 0.08052884615384616
0 0.006009615384615385 0.6911057692307693 0.010817307692307692 0.0625
0 0.040865384615384616 0.7007211538461539 0.05048076923076923 0.04807692307692308
0 0.25721153846153844 0.6742788461538461 0.039663461538461536 0.06009615384615385
0 0.22235576923076922 0.6778846153846154 0.026442307692307692 0.055288461538461536
0 0.18990384615384615 0.6826923076923077 0.03485576923076923 0.052884615384615384
0 0.15745192307692307 0.6802884615384616 0.025240384615384616 0.06009615384615385
0 0.1346153846153846 0.8161057692307693 0.13221153846153846 0.08052884615384616
0 0.7427884615384616 0.24519230769230768 0.05048076923076923 0.09134615384615384
0 0.5480769230769231 0.18990384615384615 0.0733173076923077 0.038461538461538464
0 0.6213942307692307 0.2512019230769231 0.0625 0.08533653846153846
0 0.3918269230769231 0.5360576923076923 0.052884615384615384 0.046875
0 0.3112980769230769 0.5757211538461539 0.0673076923076923 0.039663461538461536
0 0.23798076923076922 0.5865384615384616 0.06009615384615385 0.039663461538461536
0 0.23798076923076922 0.5384615384615384 0.06490384615384616 0.046875
0 0.19471153846153846 0.5324519230769231 0.014423076923076924 0.020432692307692308
0 0.19591346153846154 0.5673076923076923 0.02283653846153846 0.04567307692307692
0 0.15144230769230768 0.5709134615384616 0.040865384615384616 0.08413461538461539
0 0.11538461538461539 0.5625 0.027644230769230768 0.0733173076923077
0 0.07572115384615384 0.5504807692307693 0.04447115384615385 0.09014423076923077
0 0.9723557692307693 0.5048076923076923 0.05048076923076923 0.02403846153846154
0 0.016826923076923076 0.5060096153846154 0.03365384615384615 0.04326923076923077
0 0.3918269230769231 0.5829326923076923 0.04927884615384615 0.038461538461538464
0 0.04326923076923077 0.3389423076923077 0.03245192307692308 0.021634615384615384
0 0.040865384615384616 0.3701923076923077 0.036057692307692304 0.028846153846153848
0 0.038461538461538464 0.4110576923076923 0.038461538461538464 0.036057692307692304
0 0.08413461538461539 0.4074519230769231 0.040865384615384616 0.06129807692307692
0 0.14302884615384615 0.4182692307692308 0.057692307692307696 0.04326923076923077
0 0.20793269230769232 0.4170673076923077 0.06009615384615385 0.04326923076923077
0 0.265625 0.36778846153846156 0.056490384615384616 0.046875
0 0.26802884615384615 0.4110576923076923 0.046875 0.039663461538461536
0 0.3245192307692308 0.39903846153846156 0.04807692307692308 0.0625
0 0.38822115384615385 0.39903846153846156 0.056490384615384616 0.0625
0 0.45072115384615385 0.41346153846153844 0.04927884615384615 0.04567307692307692
0 0.5024038461538461 0.4050480769230769 0.04927884615384615 0.04927884615384615
0 0.13701923076923078 0.34375 0.056490384615384616 0.026442307692307692
0 0.4483173076923077 0.5757211538461539 0.052884615384615384 0.054086538461538464
0 0.026442307692307692 0.5649038461538461 0.052884615384615384 0.0673076923076923
0 0.015625 0.10697115384615384 0.030048076923076924 0.0985576923076923
0 0.4483173076923077 0.4891826923076923 0.042067307692307696 0.06490384615384616
0 0.47836538461538464 0.2548076923076923 0.06490384615384616 0.07451923076923077
0 0.40865384615384615 0.2512019230769231 0.0625 0.09254807692307693
0 0.34615384615384615 0.2536057692307692 0.054086538461538464 0.0889423076923077
0 0.2620192307692308 0.2536057692307692 0.0985576923076923 0.10216346153846154
0 0.16105769230769232 0.2668269230769231 0.08774038461538461 0.06971153846153846
0 0.09134615384615384 0.27163461538461536 0.04927884615384615 0.06610576923076923
0 0.042067307692307696 0.2548076923076923 0.04807692307692308 0.1045673076923077
0 0.009615384615384616 0.25961538461538464 0.019230769230769232 0.09134615384615384
0 0.9627403846153846 0.06850961538461539 0.07211538461538461 0.13581730769230768
0 0.890625 0.06850961538461539 0.052884615384615384 0.13701923076923078
0 0.8341346153846154 0.06971153846153846 0.052884615384615384 0.13701923076923078
0 0.5528846153846154 0.2548076923076923 0.07091346153846154 0.08653846153846154
0 0.7139423076923077 0.07211538461538461 0.057692307692307696 0.14423076923076922
0 0.7752403846153846 0.06971153846153846 0.055288461538461536 0.13942307692307693
0 0.05889423076923077 0.07572115384615384 0.046875 0.1502403846153846
0 0.11899038461538461 0.07572115384615384 0.05889423076923077 0.15144230769230768
0 0.18028846153846154 0.08173076923076923 0.04567307692307692 0.14302884615384615
0 0.23677884615384615 0.07572115384615384 0.055288461538461536 0.14903846153846154
0 0.296875 0.07572115384615384 0.056490384615384616 0.14903846153846154
0 0.9302884615384616 0.5649038461538461 0.018028846153846152 0.056490384615384616
0 0.421875 0.07451923076923077 0.06370192307692307 0.14903846153846154
0 0.49759615384615385 0.07451923076923077 0.06850961538461539 0.14783653846153846
0 0.5697115384615384 0.0733173076923077 0.051682692307692304 0.1466346153846154
0 0.6274038461538461 0.07451923076923077 0.038461538461538464 0.14903846153846154
0 0.6622596153846154 0.07451923076923077 0.028846153846153848 0.14783653846153846
0 0.3545673076923077 0.07572115384615384 0.054086538461538464 0.1502403846153846