0 0.4423076923076923 0.7512019230769231 0.036057692307692304 0.05889423076923077
0 0.4014423076923077 0.7451923076923077 0.039663461538461536 0.055288461538461536
0 0.12259615384615384 0.6850961538461539 0.04927884615384615 0.052884615384615384
0 0.17548076923076922 0.6947115384615384 0.051682692307692304 0.056490384615384616
0 0.2283653846153846 0.7079326923076923 0.05048076923076923 0.055288461538461536
0 0.28846153846153844 0.71875 0.05889423076923077 0.057692307692307696
0 0.3485576923076923 0.7283653846153846 0.06129807692307692 0.05889423076923077
0 0.31850961538461536 0.6646634615384616 0.05889423076923077 0.04807692307692308
0 0.25841346153846156 0.6514423076923077 0.06009615384615385 0.046875
0 0.021634615384615384 0.7379807692307693 0.038461538461538464 0.046875
0 0.057692307692307696 0.7572115384615384 0.03485576923076923 0.056490384615384616
0 0.057692307692307696 0.6826923076923077 0.03485576923076923 0.055288461538461536
0 0.019230769230769232 0.6754807692307693 0.038461538461538464 0.057692307692307696
0 0.018028846153846152 0.5973557692307693 0.03245192307692308 0.06009615384615385
0 0.4807692307692308 0.7572115384615384 0.039663461538461536 0.06009615384615385
0 0.40384615384615385 0.6862980769230769 0.04447115384615385 0.057692307692307696
0 0.5240384615384616 0.7668269230769231 0.04567307692307692 0.06370192307692307
0 0.6862980769230769 0.38822115384615385 0.109375 0.07091346153846154
0 0.6658653846153846 0.8197115384615384 0.08413461538461539 0.09254807692307693
0 0.055288461538461536 0.5997596153846154 0.028846153846153848 0.06490384615384616
0 0.12860576923076922 0.7427884615384616 0.06850961538461539 0.04927884615384615
0 0.12980769230769232 0.7956730769230769 0.07091346153846154 0.04807692307692308
0 0.21754807692307693 0.7728365384615384 0.051682692307692304 0.052884615384615384
0 0.21875 0.8245192307692307 0.055288461538461536 0.046875
0 0.3125 0.7932692307692307 0.1310096153846154 0.037259615384615384
0 0.421875 0.8185096153846154 0.0733173076923077 0.05889423076923077
0 0.3076923076923077 0.8425480769230769 0.11778846153846154 0.055288461538461536
0 0.40865384615384615 0.8762019230769231 0.0829326923076923 0.051682692307692304
0 0.578125 0.9146634615384616 0.07211538461538461 0.08653846153846154
0 0.6574519230769231 0.9362980769230769 0.078125 0.09375
0 0.7451923076923077 0.9555288461538461 0.08774038461538461 0.08774038461538461
0 0.9483173076923077 0.8822115384615384 0.10216346153846154 0.1045673076923077
0 0.8473557692307693 0.8617788461538461 0.09254807692307693 0.10817307692307693
0 0.7536057692307693 0.8353365384615384 0.0889423076923077 0.09014423076923077
0 0.5853365384615384 0.8052884615384616 0.07451923076923077 0.08653846153846154
0 0.11298076923076923 0.5252403846153846 0.03365384615384615 0.04807692307692308
0 0.2932692307692308 0.5444711538461539 0.027644230769230768 0.04927884615384615
0 0.13581730769230768 0.5769230769230769 0.027644230769230768 0.04807692307692308
0 0.4855769230769231 0.48197115384615385 0.037259615384615384 0.05889423076923077
0 0.53125 0.48197115384615385 0.046875 0.057692307692307696
0 0.016826923076923076 0.32572115384615385 0.03365384615384615 0.08052884615384616
0 0.04927884615384615 0.3269230769230769 0.027644230769230768 0.078125
0 0.15504807692307693 0.34375 0.057692307692307696 0.04807692307692308
0 0.7199519230769231 0.45552884615384615 0.0829326923076923 0.015625
0 0.2824519230769231 0.3401442307692308 0.05889423076923077 0.052884615384615384
0 0.33413461538461536 0.3389423076923077 0.03485576923076923 0.05889423076923077
0 0.36899038461538464 0.33774038461538464 0.037259615384615384 0.056490384615384616
0 0.4074519230769231 0.33533653846153844 0.039663461538461536 0.0625
0 0.44350961538461536 0.47836538461538464 0.04326923076923077 0.056490384615384616
0 0.4495192307692308 0.33533653846153844 0.04326923076923077 0.06129807692307692
0 0.5336538461538461 0.3329326923076923 0.04326923076923077 0.0625
0 0.33413461538461536 0.27884615384615385 0.039663461538461536 0.06009615384615385
0 0.21875 0.28365384615384615 0.06971153846153846 0.056490384615384616
0 0.9038461538461539 0.27403846153846156 0.10697115384615384 0.07211538461538461
0 0.796875 0.2800480769230769 0.09735576923076923 0.07091346153846154
0 0.6971153846153846 0.2848557692307692 0.10336538461538461 0.07572115384615384
0 0.6021634615384616 0.29086538461538464 0.08533653846153846 0.06370192307692307
0 0.9627403846153846 0.12740384615384615 0.06971153846153846 0.14423076923076922
0 0.8870192307692307 0.13701923076923078 0.08173076923076923 0.13341346153846154
0 0.8112980769230769 0.1466346153846154 0.06850961538461539 0.11658653846153846
0 0.49278846153846156 0.3329326923076923 0.038461538461538464 0.06490384615384616
0 0.7403846153846154 0.15504807692307693 0.07091346153846154 0.12259615384615384
0 0.40384615384615385 0.47836538461538464 0.03125 0.056490384615384616
0 0.328125 0.47475961538461536 0.03365384615384615 0.054086538461538464
0 0.015625 0.5096153846153846 0.03125 0.07692307692307693
0 0.055288461538461536 0.5096153846153846 0.025240384615384616 0.07932692307692307
0 0.014423076923076924 0.4182692307692308 0.028846153846153848 0.08052884615384616
0 0.05048076923076923 0.41947115384615385 0.03125 0.078125
0 0.10336538461538461 0.41225961538461536 0.026442307692307692 0.051682692307692304
0 0.12980769230769232 0.41346153846153844 0.02403846153846154 0.051682692307692304
0 0.15865384615384615 0.41466346153846156 0.03245192307692308 0.055288461538461536
0 0.19110576923076922 0.41346153846153844 0.027644230769230768 0.052884615384615384
0 0.21995192307692307 0.41466346153846156 0.028846153846153848 0.054086538461538464
0 0.2548076923076923 0.41466346153846156 0.037259615384615384 0.054086538461538464
0 0.36538461538461536 0.47596153846153844 0.038461538461538464 0.055288461538461536
0 0.328125 0.4182692307692308 0.037259615384615384 0.055288461538461536
0 0.44471153846153844 0.41947115384615385 0.042067307692307696 0.057692307692307696
0 0.484375 0.4206730769230769 0.036057692307692304 0.06129807692307692
0 0.5288461538461539 0.41947115384615385 0.05048076923076923 0.0625
0 0.10576923076923077 0.46274038461538464 0.02403846153846154 0.04807692307692308
0 0.13221153846153846 0.4639423076923077 0.027644230769230768 0.04447115384615385
0 0.16105769230769232 0.46634615384615385 0.03245192307692308 0.04807692307692308
0 0.19230769230769232 0.46634615384615385 0.030048076923076924 0.05048076923076923
0 0.22235576923076922 0.4675480769230769 0.028846153846153848 0.055288461538461536
0 0.2536057692307692 0.46875 0.03125 0.054086538461538464
0 0.28966346153846156 0.47115384615384615 0.037259615384615384 0.052884615384615384
0 0.4050480769230769 0.41947115384615385 0.038461538461538464 0.05889423076923077
0 0.109375 0.5745192307692307 0.026442307692307692 0.04807692307692308
0 0.671875 0.1622596153846154 0.0625 0.11057692307692307
0 0.10096153846153846 0.21033653846153846 0.046875 0.06490384615384616
0 0.5757211538461539 0.6971153846153846 0.05889423076923077 0.07572115384615384
0 0.6322115384615384 0.7055288461538461 0.054086538461538464 0.07692307692307693
0 0.7103365384615384 0.7163461538461539 0.09615384615384616 0.078125
0 0.8125 0.734375 0.10576923076923077 0.08533653846153846
0 0.9254807692307693 0.7524038461538461 0.11298076923076923 0.08413461538461539
0 0.4423076923076923 0.5576923076923077 0.037259615384615384 0.055288461538461536
0 0.4050480769230769 0.5564903846153846 0.03485576923076923 0.057692307692307696
0 0.36658653846153844 0.5516826923076923 0.037259615384615384 0.054086538461538464
0 0.33052884615384615 0.5480769230769231 0.03365384615384615 0.052884615384615384
0 0.8798076923076923 0.3858173076923077 0.109375 0.078125
0 0.9447115384615384 0.6394230769230769 0.10817307692307693 0.0829326923076923
0 0.2620192307692308 0.5432692307692307 0.027644230769230768 0.051682692307692304
0 0.1935096153846154 0.5336538461538461 0.03245192307692308 0.05048076923076923
0 0.44711538461538464 0.6177884615384616 0.04326923076923077 0.06009615384615385
0 0.4050480769230769 0.6117788461538461 0.039663461538461536 0.052884615384615384
0 0.36658653846153844 0.6081730769230769 0.037259615384615384 0.056490384615384616
0 0.3293269230769231 0.6033653846153846 0.03485576923076923 0.05048076923076923
0 0.2932692307692308 0.5961538461538461 0.036057692307692304 0.052884615384615384
0 0.2608173076923077 0.5925480769230769 0.03245192307692308 0.04807692307692308
0 0.2283653846153846 0.5889423076923077 0.03245192307692308 0.054086538461538464
0 0.19471153846153846 0.5865384615384616 0.03125 0.04807692307692308
0 0.16466346153846154 0.5805288461538461 0.027644230769230768 0.051682692307692304
0 0.22956730769230768 0.5348557692307693 0.03125 0.04807692307692308
0 0.6081730769230769 0.171875 0.0625 0.11298076923076923
0 0.8377403846153846 0.6286057692307693 0.10216346153846154 0.07692307692307693
0 0.6694711538461539 0.609375 0.08653846153846154 0.0733173076923077
0 0.15144230769230768 0.20192307692307693 0.054086538461538464 0.078125
0 0.21033653846153846 0.1935096153846154 0.05889423076923077 0.06971153846153846
0 0.32211538461538464 0.17908653846153846 0.06129807692307692 0.0733173076923077
0 0.38822115384615385 0.17307692307692307 0.0625 0.08173076923076923
0 0.44591346153846156 0.17067307692307693 0.039663461538461536 0.06370192307692307
0 0.49038461538461536 0.16706730769230768 0.042067307692307696 0.06971153846153846
0 0.5408653846153846 0.16346153846153846 0.054086538461538464 0.0625
0 0.44591346153846156 0.10697115384615384 0.04447115384615385 0.06370192307692307
0 0.021634615384615384 0.234375 0.026442307692307692 0.05048076923076923
0 0.046875 0.234375 0.021634615384615384 0.046875
0 0.75 0.6165865384615384 0.07211538461538461 0.07211538461538461
0 0.05048076923076923 0.18028846153846154 0.019230769230769232 0.040865384615384616
0 0.8401442307692307 0.9675480769230769 0.09254807692307693 0.0625
0 0.5961538461538461 0.49399038461538464 0.07932692307692307 0.06610576923076923
0 0.6814903846153846 0.5 0.08653846153846154 0.06971153846153846
0 0.7728365384615384 0.5048076923076923 0.09735576923076923 0.078125
0 0.8846153846153846 0.5084134615384616 0.12139423076923077 0.08173076923076923
0 0.5132211538461539 0.6177884615384616 0.04326923076923077 0.057692307692307696
0 0.6694711538461539 0.5612980769230769 0.078125 0.016826923076923076
0 0.7524038461538461 0.5697115384615384 0.08052884615384616 0.021634615384615384
0 0.8533653846153846 0.5769230769230769 0.08052884615384616 0.02403846153846154
0 0.5901442307692307 0.5997596153846154 0.07091346153846154 0.06971153846153846
0 0.02403846153846154 0.18269230769230768 0.03485576923076923 0.051682692307692304
0 0.21754807692307693 0.34134615384615385 0.06490384615384616 0.057692307692307696
0 0.96875 0.3870192307692308 0.06129807692307692 0.07932692307692307