0 0.5673076923076923 0.36177884615384615 0.02403846153846154 0.026442307692307692
0 0.8858173076923077 0.3317307692307692 0.1502403846153846 0.026442307692307692
0 0.5949519230769231 0.3605769230769231 0.025240384615384616 0.027644230769230768
0 0.6213942307692307 0.3605769230769231 0.026442307692307692 0.02403846153846154
0 0.7163461538461539 0.33413461538461536 0.15504807692307693 0.02283653846153846
0 0.7151442307692307 0.36177884615384615 0.15144230769230768 0.02283653846153846
0 0.8846153846153846 0.359375 0.13822115384615385 0.02403846153846154
0 0.6177884615384616 0.30528846153846156 0.025240384615384616 0.026442307692307692
0 0.08533653846153846 0.45552884615384615 0.15384615384615385 0.025240384615384616
0 0.08774038461538461 0.4807692307692308 0.15144230769230768 0.02283653846153846
0 0.24879807692307693 0.44711538461538464 0.17067307692307693 0.028846153846153848
0 0.24879807692307693 0.47716346153846156 0.16826923076923078 0.028846153846153848
0 0.41225961538461536 0.45072115384615385 0.14783653846153846 0.026442307692307692
0 0.5673076923076923 0.44471153846153844 0.15504807692307693 0.027644230769230768
0 0.8894230769230769 0.19831730769230768 0.14182692307692307 0.03485576923076923
0 0.0889423076923077 0.42908653846153844 0.14302884615384615 0.02283653846153846
0 0.7403846153846154 0.23557692307692307 0.14543269230769232 0.02283653846153846
0 0.7367788461538461 0.21153846153846154 0.14783653846153846 0.02403846153846154
0 0.578125 0.23557692307692307 0.15504807692307693 0.02283653846153846
0 0.28365384615384615 0.04326923076923077 0.04326923076923077 0.08173076923076923
0 0.20793269230769232 0.06850961538461539 0.06490384615384616 0.09735576923076923
0 0.039663461538461536 0.08774038461538461 0.046875 0.06490384615384616
0 0.09735576923076923 0.0733173076923077 0.06129807692307692 0.10576923076923077
0 0.036057692307692304 0.027644230769230768 0.04326923076923077 0.05048076923076923
0 0.07451923076923077 0.31009615384615385 0.1466346153846154 0.027644230769230768
0 0.07451923076923077 0.33653846153846156 0.14543269230769232 0.02403846153846154
0 0.07451923076923077 0.36177884615384615 0.14182692307692307 0.02283653846153846
0 0.33774038461538464 0.06129807692307692 0.055288461538461536 0.054086538461538464
0 0.23076923076923078 0.33533653846153844 0.15384615384615385 0.026442307692307692
0 0.359375 0.3076923076923077 0.1045673076923077 0.016826923076923076
0 0.36658653846153844 0.32572115384615385 0.11177884615384616 0.019230769230769232
0 0.3629807692307692 0.34615384615384615 0.1045673076923077 0.020432692307692308
0 0.36177884615384615 0.3641826923076923 0.10817307692307693 0.014423076923076924
0 0.4855769230769231 0.33413461538461536 0.1201923076923077 0.021634615384615384
0 0.4807692307692308 0.3605769230769231 0.12740384615384615 0.02283653846153846
0 0.5661057692307693 0.33413461538461536 0.026442307692307692 0.027644230769230768
0 0.5973557692307693 0.33413461538461536 0.025240384615384616 0.021634615384615384
0 0.22716346153846154 0.36177884615384615 0.15144230769230768 0.02403846153846154
0 0.7127403846153846 0.3088942307692308 0.14783653846153846 0.02403846153846154
0 0.8918269230769231 0.23317307692307693 0.1466346153846154 0.028846153846153848
0 0.4735576923076923 0.042067307692307696 0.09615384615384616 0.03245192307692308
0 0.5709134615384616 0.2091346153846154 0.15504807692307693 0.027644230769230768
0 0.4110576923076923 0.23918269230769232 0.14543269230769232 0.02403846153846154
0 0.4110576923076923 0.21153846153846154 0.1466346153846154 0.027644230769230768
0 0.3016826923076923 0.19591346153846154 0.046875 0.10216346153846154
0 0.25600961538461536 0.19591346153846154 0.039663461538461536 0.10336538461538461
0 0.21394230769230768 0.19471153846153846 0.040865384615384616 0.1045673076923077
0 0.17067307692307693 0.19591346153846154 0.038461538461538464 0.10096153846153846
0 0.12860576923076922 0.1971153846153846 0.038461538461538464 0.10336538461538461
0 0.6237980769230769 0.33533653846153844 0.026442307692307692 0.02403846153846154
0 0.08653846153846154 0.19831730769230768 0.038461538461538464 0.10096153846153846
0 0.9134615384615384 0.08413461538461539 0.07572115384615384 0.056490384615384616
0 0.7319711538461539 0.10576923076923077 0.18509615384615385 0.020432692307692308
0 0.6899038461538461 0.04447115384615385 0.04447115384615385 0.04567307692307692
0 0.609375 0.07692307692307693 0.10216346153846154 0.018028846153846152
0 0.5793269230769231 0.0985576923076923 0.08774038461538461 0.016826923076923076
0 0.4879807692307692 0.10336538461538461 0.07692307692307693 0.02403846153846154
0 0.6033653846153846 0.042067307692307696 0.08173076923076923 0.03365384615384615
0 0.5276442307692307 0.07451923076923077 0.039663461538461536 0.028846153846153848
0 0.042067307692307696 0.1971153846153846 0.04807692307692308 0.1045673076923077
0 0.3545673076923077 0.1045673076923077 0.17548076923076922 0.03125
0 0.8665865384615384 0.6682692307692307 0.13942307692307693 0.02403846153846154
0 0.2776442307692308 0.6646634615384616 0.16466346153846154 0.02403846153846154
0 0.11298076923076923 0.59375 0.13942307692307693 0.019230769230769232
0 0.11298076923076923 0.5697115384615384 0.13822115384615385 0.02283653846153846
0 0.11538461538461539 0.5432692307692307 0.13341346153846154 0.026442307692307692
0 0.8894230769230769 0.47836538461538464 0.14903846153846154 0.018028846153846152
0 0.890625 0.453125 0.15264423076923078 0.02403846153846154
0 0.8942307692307693 0.4266826923076923 0.15504807692307693 0.02403846153846154
0 0.8954326923076923 0.4014423076923077 0.16346153846153846 0.021634615384615384
0 0.7259615384615384 0.4699519230769231 0.14783653846153846 0.027644230769230768
0 0.5673076923076923 0.47475961538461536 0.15865384615384615 0.03125
0 0.41225961538461536 0.47716346153846156 0.14783653846153846 0.026442307692307692
0 0.5072115384615384 0.7668269230769231 0.14783653846153846 0.02283653846153846
0 0.27163461538461536 0.5588942307692307 0.16826923076923078 0.02403846153846154
0 0.515625 0.7944711538461539 0.14903846153846154 0.026442307692307692
0 0.9639423076923077 0.9002403846153846 0.06129807692307692 0.020432692307692308
0 0.9651442307692307 0.8762019230769231 0.06850961538461539 0.021634615384615384
0 0.9182692307692307 0.9266826923076923 0.0829326923076923 0.026442307692307692
0 0.8293269230769231 0.9254807692307693 0.08413461538461539 0.027644230769230768
0 0.20192307692307693 0.7956730769230769 0.14783653846153846 0.021634615384615384
0 0.8521634615384616 0.8653846153846154 0.12740384615384615 0.02403846153846154
0 0.7692307692307693 0.9230769230769231 0.026442307692307692 0.027644230769230768
0 0.7415865384615384 0.9242788461538461 0.025240384615384616 0.028846153846153848
0 0.7692307692307693 0.8942307692307693 0.028846153846153848 0.02403846153846154
0 0.7379807692307693 0.8966346153846154 0.028846153846153848 0.026442307692307692
0 0.7692307692307693 0.8689903846153846 0.027644230769230768 0.026442307692307692
0 0.6875 0.7487980769230769 0.13942307692307693 0.020432692307692308
0 0.2668269230769231 0.5865384615384616 0.1658653846153846 0.026442307692307692
0 0.4362980769230769 0.5588942307692307 0.15745192307692307 0.026442307692307692
0 0.4387019230769231 0.5865384615384616 0.1622596153846154 0.02403846153846154
0 0.1971153846153846 0.7692307692307693 0.15504807692307693 0.026442307692307692
0 0.19471153846153846 0.7403846153846154 0.1502403846153846 0.025240384615384616
0 0.06129807692307692 0.8016826923076923 0.12139423076923077 0.016826923076923076
0 0.056490384615384616 0.7752403846153846 0.11057692307692307 0.026442307692307692
0 0.8641826923076923 0.6923076923076923 0.1346153846153846 0.02403846153846154
0 0.35336538461538464 0.7668269230769231 0.14423076923076922 0.02283653846153846
0 0.8713942307692307 0.6430288461538461 0.13701923076923078 0.02403846153846154
0 0.7463942307692307 0.6382211538461539 0.030048076923076924 0.020432692307692308
0 0.43990384615384615 0.6887019230769231 0.14903846153846154 0.02403846153846154
0 0.27884615384615385 0.6911057692307693 0.1658653846153846 0.021634615384615384
0 0.6370192307692307 0.6838942307692307 0.06850961538461539 0.028846153846153848
0 0.6454326923076923 0.6526442307692307 0.14543269230769232 0.036057692307692304
0 0.4411057692307692 0.6634615384615384 0.15144230769230768 0.025240384615384616
0 0.3605769230769231 0.7920673076923077 0.15144230769230768 0.026442307692307692
0 0.4423076923076923 0.6346153846153846 0.15504807692307693 0.027644230769230768
0 0.27524038461538464 0.6370192307692307 0.171875 0.03125
0 0.1045673076923077 0.6911057692307693 0.15985576923076922 0.030048076923076924
0 0.9146634615384616 0.5853365384615384 0.14302884615384615 0.02403846153846154
0 0.9122596153846154 0.5600961538461539 0.14903846153846154 0.02403846153846154
0 0.9158653846153846 0.5324519230769231 0.15625 0.026442307692307692
0 0.7524038461538461 0.5853365384615384 0.15625 0.027644230769230768
0 0.5973557692307693 0.5865384615384616 0.14903846153846154 0.027644230769230768
0 0.7560096153846154 0.5540865384615384 0.15264423076923078 0.025240384615384616
0 0.578125 0.5216346153846154 0.11538461538461539 0.02403846153846154
0 0.5985576923076923 0.5564903846153846 0.15504807692307693 0.027644230769230768
0 0.7355769230769231 0.8713942307692307 0.030048076923076924 0.020432692307692308
0 0.7668269230769231 0.8449519230769231 0.037259615384615384 0.018028846153846152
0 0.8581730769230769 0.8990384615384616 0.13822115384615385 0.019230769230769232
0 0.6322115384615384 0.8725961538461539 0.15264423076923078 0.020432692307692308
0 0.48197115384615385 0.8798076923076923 0.13942307692307693 0.019230769230769232
0 0.34375 0.9278846153846154 0.1310096153846154 0.018028846153846152
0 0.34134615384615385 0.9074519230769231 0.13221153846153846 0.016826923076923076
0 0.3401442307692308 0.8870192307692307 0.13822115384615385 0.025240384615384616
0 0.21153846153846154 0.8725961538461539 0.11177884615384616 0.030048076923076924
0 0.20673076923076922 0.90625 0.12620192307692307 0.019230769230769232
0 0.7271634615384616 0.8473557692307693 0.038461538461538464 0.021634615384615384
0 0.20552884615384615 0.9290865384615384 0.12379807692307693 0.02403846153846154
0 0.08173076923076923 0.8954326923076923 0.11057692307692307 0.020432692307692308
0 0.0889423076923077 0.8677884615384616 0.12259615384615384 0.02403846153846154
0 0.8425480769230769 0.7932692307692307 0.14423076923076922 0.03125
0 0.8485576923076923 0.765625 0.15985576923076922 0.018028846153846152
0 0.6899038461538461 0.796875 0.15144230769230768 0.019230769230769232
0 0.6850961538461539 0.7740384615384616 0.15144230769230768 0.025240384615384616
0 0.07692307692307693 0.9302884615384616 0.12259615384615384 0.02403846153846154
0 0.484375 0.9026442307692307 0.13822115384615385 0.021634615384615384
0 0.35216346153846156 0.7415865384615384 0.14182692307692307 0.025240384615384616
0 0.6346153846153846 0.8990384615384616 0.15264423076923078 0.019230769230769232
0 0.6334134615384616 0.9230769230769231 0.15625 0.02403846153846154
0 0.4831730769230769 0.9254807692307693 0.1310096153846154 0.02283653846153846