0 0.5276442307692307 0.8221153846153846 0.027644230769230768 0.09735576923076923
0 0.15865384615384615 0.7079326923076923 0.030048076923076924 0.0673076923076923
0 0.3269230769230769 0.8221153846153846 0.03125 0.10576923076923077
0 0.2956730769230769 0.8221153846153846 0.028846153846153848 0.10096153846153846
0 0.26322115384615385 0.8257211538461539 0.03125 0.10096153846153846
0 0.23317307692307693 0.8245192307692307 0.026442307692307692 0.1045673076923077
0 0.203125 0.8233173076923077 0.030048076923076924 0.09975961538461539
0 0.16105769230769232 0.8305288461538461 0.04567307692307692 0.09375
0 0.11778846153846154 0.8293269230769231 0.040865384615384616 0.09375
0 0.07692307692307693 0.8293269230769231 0.03485576923076923 0.09134615384615384
0 0.03485576923076923 0.8353365384615384 0.04326923076923077 0.08173076923076923
0 0.5997596153846154 0.7007211538461539 0.04567307692307692 0.07091346153846154
0 0.5444711538461539 0.6995192307692307 0.04567307692307692 0.07091346153846154
0 0.49399038461538464 0.7007211538461539 0.05048076923076923 0.07091346153846154
0 0.43509615384615385 0.7007211538461539 0.046875 0.07211538461538461
0 0.3581730769230769 0.8233173076923077 0.027644230769230768 0.10096153846153846
0 0.38341346153846156 0.7019230769230769 0.046875 0.07211538461538461
0 0.265625 0.7055288461538461 0.057692307692307696 0.07451923076923077
0 0.20552884615384615 0.7079326923076923 0.06009615384615385 0.078125
0 0.5612980769230769 0.26322115384615385 0.06129807692307692 0.08052884615384616
0 0.12379807692307693 0.6959134615384616 0.03485576923076923 0.09735576923076923
0 0.08533653846153846 0.6875 0.039663461538461536 0.11658653846153846
0 0.04807692307692308 0.6911057692307693 0.030048076923076924 0.11177884615384616
0 0.015625 0.6899038461538461 0.030048076923076924 0.1141826923076923
0 0.6526442307692307 0.6610576923076923 0.051682692307692304 0.051682692307692304
0 0.6586538461538461 0.7223557692307693 0.06370192307692307 0.025240384615384616
0 0.7199519230769231 0.7223557692307693 0.046875 0.02403846153846154
0 0.7139423076923077 0.6598557692307693 0.05889423076923077 0.06370192307692307
0 0.7644230769230769 0.6826923076923077 0.03485576923076923 0.09975961538461539
0 0.8088942307692307 0.6826923076923077 0.04447115384615385 0.09975961538461539
0 0.33413461538461536 0.7043269230769231 0.05048076923076923 0.07451923076923077
0 0.3870192307692308 0.828125 0.02403846153846154 0.09134615384615384
0 0.4170673076923077 0.8197115384615384 0.03125 0.10216346153846154
0 0.4495192307692308 0.8197115384615384 0.030048076923076924 0.10216346153846154
0 0.10576923076923077 0.06610576923076923 0.036057692307692304 0.13221153846153846
0 0.14903846153846154 0.08173076923076923 0.04567307692307692 0.09975961538461539
0 0.19471153846153846 0.0829326923076923 0.042067307692307696 0.09735576923076923
0 0.23557692307692307 0.08533653846153846 0.038461538461538464 0.09375
0 0.27524038461538464 0.08413461538461539 0.040865384615384616 0.09375
0 0.32091346153846156 0.08173076923076923 0.042067307692307696 0.09615384615384616
0 0.3629807692307692 0.08052884615384616 0.042067307692307696 0.09615384615384616
0 0.40625 0.08173076923076923 0.042067307692307696 0.09615384615384616
0 0.4495192307692308 0.08173076923076923 0.039663461538461536 0.09615384615384616
0 0.49158653846153844 0.08173076923076923 0.042067307692307696 0.09615384615384616
0 0.5384615384615384 0.08052884615384616 0.042067307692307696 0.09615384615384616
0 0.5817307692307693 0.07932692307692307 0.042067307692307696 0.09615384615384616
0 0.6262019230769231 0.08052884615384616 0.042067307692307696 0.09615384615384616
0 0.6682692307692307 0.07932692307692307 0.039663461538461536 0.09615384615384616
0 0.9699519230769231 0.8125 0.037259615384615384 0.0985576923076923
0 0.9302884615384616 0.8112980769230769 0.036057692307692304 0.0985576923076923
0 0.8894230769230769 0.8137019230769231 0.039663461538461536 0.09975961538461539
0 0.8533653846153846 0.8353365384615384 0.02403846153846154 0.06370192307692307
0 0.8269230769230769 0.8365384615384616 0.02403846153846154 0.0625
0 0.7872596153846154 0.8100961538461539 0.037259615384615384 0.10817307692307693
0 0.7463942307692307 0.8100961538461539 0.03365384615384615 0.10576923076923077
0 0.7091346153846154 0.8125 0.03125 0.109375
0 0.6790865384615384 0.8040865384615384 0.02403846153846154 0.10096153846153846
0 0.6502403846153846 0.8173076923076923 0.026442307692307692 0.10096153846153846
0 0.6213942307692307 0.8185096153846154 0.027644230769230768 0.10096153846153846
0 0.5901442307692307 0.8221153846153846 0.026442307692307692 0.08774038461538461
0 0.5600961538461539 0.8233173076923077 0.030048076923076924 0.08774038461538461
0 0.7139423076923077 0.08052884615384616 0.039663461538461536 0.09615384615384616
0 0.4807692307692308 0.8173076923076923 0.03125 0.10336538461538461
0 0.9050480769230769 0.6826923076923077 0.04567307692307692 0.10096153846153846
0 0.0673076923076923 0.06610576923076923 0.036057692307692304 0.13221153846153846
0 0.9519230769230769 0.6850961538461539 0.040865384615384616 0.09014423076923077
0 0.9699519230769231 0.546875 0.046875 0.10096153846153846
0 0.06971153846153846 0.4567307692307692 0.04447115384615385 0.02283653846153846
0 0.02403846153846154 0.4579326923076923 0.037259615384615384 0.02403846153846154
0 0.9362980769230769 0.21754807692307693 0.02283653846153846 0.06610576923076923
0 0.9098557692307693 0.22115384615384615 0.027644230769230768 0.05889423076923077
0 0.8713942307692307 0.24158653846153846 0.040865384615384616 0.11057692307692307
0 0.828125 0.24278846153846154 0.038461538461538464 0.10697115384615384
0 0.7908653846153846 0.25721153846153844 0.03125 0.08413461538461539
0 0.7283653846153846 0.25721153846153844 0.04567307692307692 0.09014423076923077
0 0.6838942307692307 0.2608173076923077 0.039663461538461536 0.07932692307692307
0 0.7560096153846154 0.078125 0.038461538461538464 0.09615384615384616
0 0.7992788461538461 0.078125 0.040865384615384616 0.09615384615384616
0 0.8389423076923077 0.06370192307692307 0.03365384615384615 0.12740384615384615
0 0.875 0.06370192307692307 0.03365384615384615 0.12740384615384615
0 0.13221153846153846 0.4543269230769231 0.030048076923076924 0.021634615384615384
0 0.9098557692307693 0.06370192307692307 0.036057692307692304 0.12740384615384615
0 0.9819711538461539 0.06370192307692307 0.03125 0.12740384615384615
0 0.9459134615384616 0.27524038461538464 0.0673076923076923 0.04326923076923077
0 0.9507211538461539 0.328125 0.0829326923076923 0.055288461538461536
0 0.9615384615384616 0.4326923076923077 0.07211538461538461 0.0625
0 0.014423076923076924 0.26802884615384615 0.028846153846153848 0.07932692307692307
0 0.057692307692307696 0.265625 0.04927884615384615 0.0829326923076923
0 0.11298076923076923 0.2920673076923077 0.04326923076923077 0.027644230769230768
0 0.1658653846153846 0.26802884615384615 0.056490384615384616 0.07451923076923077
0 0.22956730769230768 0.26802884615384615 0.06009615384615385 0.07692307692307693
0 0.296875 0.2668269230769231 0.06490384615384616 0.078125
0 0.3605769230769231 0.2668269230769231 0.056490384615384616 0.07932692307692307
0 0.42908653846153844 0.2668269230769231 0.05889423076923077 0.0829326923076923
0 0.49399038461538464 0.265625 0.0625 0.0829326923076923
0 0.9471153846153846 0.06370192307692307 0.03365384615384615 0.12740384615384615
0 0.17908653846153846 0.43149038461538464 0.055288461538461536 0.07572115384615384
0 0.23798076923076922 0.43149038461538464 0.054086538461538464 0.07451923076923077
0 0.2980769230769231 0.43149038461538464 0.06129807692307692 0.07451923076923077
0 0.9230769230769231 0.5456730769230769 0.040865384615384616 0.0985576923076923
0 0.8798076923076923 0.5480769230769231 0.037259615384615384 0.10336538461538461
0 0.8293269230769231 0.5492788461538461 0.04447115384615385 0.10336538461538461
0 0.78125 0.5480769230769231 0.046875 0.10096153846153846
0 0.7379807692307693 0.5528846153846154 0.036057692307692304 0.09254807692307693
0 0.6622596153846154 0.5853365384615384 0.0625 0.030048076923076924
0 0.6021634615384616 0.5576923076923077 0.037259615384615384 0.09254807692307693
0 0.5588942307692307 0.5576923076923077 0.04326923076923077 0.09014423076923077
0 0.5036057692307693 0.5673076923076923 0.057692307692307696 0.07451923076923077
0 0.44350961538461536 0.5685096153846154 0.057692307692307696 0.07451923076923077
0 0.38221153846153844 0.5697115384615384 0.057692307692307696 0.07572115384615384
0 0.32211538461538464 0.5697115384615384 0.05889423076923077 0.07451923076923077
0 0.25961538461538464 0.5709134615384616 0.057692307692307696 0.07451923076923077
0 0.1971153846153846 0.5733173076923077 0.06370192307692307 0.07692307692307693
0 0.08533653846153846 0.5697115384615384 0.040865384615384616 0.08774038461538461
0 0.040865384615384616 0.5673076923076923 0.042067307692307696 0.08653846153846154
0 0.8870192307692307 0.4387019230769231 0.055288461538461536 0.039663461538461536
0 0.8377403846153846 0.4050480769230769 0.030048076923076924 0.10697115384615384
0 0.796875 0.40625 0.038461538461538464 0.10576923076923077
0 0.7596153846153846 0.40384615384615385 0.03125 0.11658653846153846
0 0.7223557692307693 0.4050480769230769 0.03485576923076923 0.1141826923076923
0 0.6850961538461539 0.40384615384615385 0.03125 0.1141826923076923
0 0.6490384615384616 0.4050480769230769 0.03485576923076923 0.1141826923076923
0 0.6141826923076923 0.4026442307692308 0.026442307692307692 0.12259615384615384
0 0.578125 0.4266826923076923 0.039663461538461536 0.07451923076923077
0 0.5384615384615384 0.4266826923076923 0.03365384615384615 0.07572115384615384
0 0.4891826923076923 0.4266826923076923 0.06009615384615385 0.07572115384615384
0 0.4266826923076923 0.42908653846153844 0.057692307692307696 0.07572115384615384
0 0.3629807692307692 0.43028846153846156 0.06129807692307692 0.07211538461538461
0 0.9879807692307693 0.6862980769230769 0.021634615384615384 0.09014423076923077
0 0.028846153846153848 0.06610576923076923 0.036057692307692304 0.1310096153846154
0 0.6298076923076923 0.2608173076923077 0.06129807692307692 0.08173076923076923