0 0.21634615384615385 0.38822115384615385 0.04927884615384615 0.08413461538461539
0 0.15625 0.390625 0.054086538461538464 0.078125
0 0.40384615384615385 0.6225961538461539 0.03365384615384615 0.0829326923076923
0 0.875 0.7199519230769231 0.03485576923076923 0.06490384615384616
0 0.9170673076923077 0.71875 0.03245192307692308 0.06370192307692307
0 0.4423076923076923 0.6225961538461539 0.036057692307692304 0.0829326923076923
0 0.49278846153846156 0.6274038461538461 0.046875 0.0733173076923077
0 0.5396634615384616 0.6262019230769231 0.04326923076923077 0.07211538461538461
0 0.5901442307692307 0.6262019230769231 0.04567307692307692 0.07091346153846154
0 0.6418269230769231 0.6274038461538461 0.04927884615384615 0.06971153846153846
0 0.6923076923076923 0.6298076923076923 0.04326923076923077 0.06490384615384616
0 0.7391826923076923 0.6274038461538461 0.038461538461538464 0.06610576923076923
0 0.7848557692307693 0.6262019230769231 0.04567307692307692 0.07091346153846154
0 0.8329326923076923 0.625 0.042067307692307696 0.07211538461538461
0 0.8870192307692307 0.6274038461538461 0.051682692307692304 0.07211538461538461
0 0.10096153846153846 0.390625 0.05048076923076923 0.078125
0 0.9411057692307693 0.6262019230769231 0.04807692307692308 0.07211538461538461
0 0.984375 0.6262019230769231 0.02403846153846154 0.06971153846153846
0 0.9543269230769231 0.7163461538461539 0.025240384615384616 0.06370192307692307
0 0.9879807692307693 0.7175480769230769 0.019230769230769232 0.06129807692307692
0 0.36177884615384615 0.6237980769230769 0.038461538461538464 0.08173076923076923
0 0.27283653846153844 0.3894230769230769 0.056490384615384616 0.0829326923076923
0 0.20673076923076922 0.09975961538461539 0.055288461538461536 0.08413461538461539
0 0.3858173076923077 0.3894230769230769 0.05048076923076923 0.07932692307692307
0 0.4495192307692308 0.5144230769230769 0.037259615384615384 0.0733173076923077
0 0.4098557692307692 0.515625 0.03365384615384615 0.0733173076923077
0 0.3713942307692308 0.5132211538461539 0.040865384615384616 0.07932692307692307
0 0.328125 0.5132211538461539 0.036057692307692304 0.07572115384615384
0 0.8149038461538461 0.71875 0.039663461538461536 0.0625
0 0.27884615384615385 0.5108173076923077 0.052884615384615384 0.08052884615384616
0 0.22355769230769232 0.5144230769230769 0.051682692307692304 0.078125
0 0.49399038461538464 0.5120192307692307 0.05048076923076923 0.07572115384615384
0 0.054086538461538464 0.5144230769230769 0.055288461538461536 0.07451923076923077
0 0.16706730769230768 0.515625 0.052884615384615384 0.07692307692307693
0 0.06370192307692307 0.6346153846153846 0.054086538461538464 0.06971153846153846
0 0.015625 0.6334134615384616 0.03125 0.07932692307692307
0 0.1658653846153846 0.6322115384615384 0.054086538461538464 0.07091346153846154
0 0.2247596153846154 0.6274038461538461 0.04807692307692308 0.07211538461538461
0 0.2776442307692308 0.6274038461538461 0.04927884615384615 0.07451923076923077
0 0.3233173076923077 0.625 0.03485576923076923 0.08173076923076923
0 0.109375 0.5144230769230769 0.052884615384615384 0.07572115384615384
0 0.3317307692307692 0.38822115384615385 0.052884615384615384 0.08173076923076923
0 0.5480769230769231 0.5120192307692307 0.04807692307692308 0.0733173076923077
0 0.6538461538461539 0.5120192307692307 0.046875 0.07692307692307693
0 0.4387019230769231 0.390625 0.04807692307692308 0.08052884615384616
0 0.49158653846153844 0.390625 0.04927884615384615 0.07572115384615384
0 0.5432692307692307 0.3918269230769231 0.04807692307692308 0.078125
0 0.5961538461538461 0.390625 0.04326923076923077 0.07572115384615384
0 0.6466346153846154 0.39302884615384615 0.04447115384615385 0.07572115384615384
0 0.6983173076923077 0.3918269230769231 0.04326923076923077 0.078125
0 0.7487980769230769 0.3918269230769231 0.046875 0.08052884615384616
0 0.6009615384615384 0.5144230769230769 0.04927884615384615 0.0733173076923077
0 0.7980769230769231 0.390625 0.04326923076923077 0.0829326923076923
0 0.9375 0.38822115384615385 0.06129807692307692 0.08774038461538461
0 0.9002403846153846 0.5132211538461539 0.052884615384615384 0.078125
0 0.9591346153846154 0.5120192307692307 0.05048076923076923 0.0733173076923077
0 0.8461538461538461 0.5144230769230769 0.04567307692307692 0.07091346153846154
0 0.8004807692307693 0.5144230769230769 0.04326923076923077 0.07211538461538461
0 0.75 0.515625 0.04326923076923077 0.07091346153846154
0 0.7043269230769231 0.515625 0.042067307692307696 0.0733173076923077
0 0.8485576923076923 0.3894230769230769 0.04567307692307692 0.0829326923076923
0 0.7680288461538461 0.7199519230769231 0.039663461538461536 0.06370192307692307
0 0.171875 0.8677884615384616 0.036057692307692304 0.08052884615384616
0 0.6766826923076923 0.7199519230769231 0.039663461538461536 0.06009615384615385
0 0.6045673076923077 0.2704326923076923 0.046875 0.07932692307692307
0 0.9254807692307693 0.27283653846153844 0.040865384615384616 0.09014423076923077
0 0.9711538461538461 0.27283653846153844 0.040865384615384616 0.08653846153846154
0 0.7223557692307693 0.7199519230769231 0.040865384615384616 0.06370192307692307
0 0.5180288461538461 0.25841346153846156 0.03365384615384615 0.10697115384615384
0 0.4807692307692308 0.25841346153846156 0.03485576923076923 0.10697115384615384
0 0.4375 0.25721153846153844 0.036057692307692304 0.10697115384615384
0 0.39903846153846156 0.25600961538461536 0.03485576923076923 0.10817307692307693
0 0.359375 0.25600961538461536 0.03485576923076923 0.11057692307692307
0 0.31971153846153844 0.2536057692307692 0.039663461538461536 0.11057692307692307
0 0.27884615384615385 0.2536057692307692 0.036057692307692304 0.09735576923076923
0 0.24158653846153846 0.25721153846153844 0.038461538461538464 0.10336538461538461
0 0.1971153846153846 0.2548076923076923 0.02403846153846154 0.11057692307692307
0 0.9867788461538461 0.8389423076923077 0.02403846153846154 0.08653846153846154
0 0.040865384615384616 0.8798076923076923 0.04447115384615385 0.052884615384615384
0 0.6586538461538461 0.27283653846153844 0.04927884615384615 0.07932692307692307
0 0.7139423076923077 0.27163461538461536 0.04567307692307692 0.08173076923076923
0 0.7680288461538461 0.27163461538461536 0.04807692307692308 0.08173076923076923
0 0.8233173076923077 0.27283653846153844 0.051682692307692304 0.08052884615384616
0 0.025240384615384616 0.10096153846153846 0.04326923076923077 0.0889423076923077
0 0.08052884615384616 0.10096153846153846 0.055288461538461536 0.08533653846153846
0 0.1466346153846154 0.09975961538461539 0.06129807692307692 0.08653846153846154
0 0.26802884615384615 0.10096153846153846 0.05889423076923077 0.08533653846153846
0 0.3293269230769231 0.10096153846153846 0.06009615384615385 0.08774038461538461
0 0.3894230769230769 0.10096153846153846 0.052884615384615384 0.09014423076923077
0 0.44591346153846156 0.10096153846153846 0.055288461538461536 0.09254807692307693
0 0.0889423076923077 0.8798076923076923 0.04447115384615385 0.056490384615384616
0 0.5048076923076923 0.10216346153846154 0.05889423076923077 0.09375
0 0.6213942307692307 0.109375 0.051682692307692304 0.08173076923076923
0 0.6778846153846154 0.10817307692307693 0.055288461538461536 0.08653846153846154
0 0.7367788461538461 0.11057692307692307 0.055288461538461536 0.08413461538461539
0 0.7980769230769231 0.11177884615384616 0.057692307692307696 0.08774038461538461
0 0.8533653846153846 0.11057692307692307 0.038461538461538464 0.09254807692307693
0 0.9002403846153846 0.11057692307692307 0.038461538461538464 0.09014423076923077
0 0.9471153846153846 0.1502403846153846 0.04447115384615385 0.08653846153846154
0 0.5649038461538461 0.10216346153846154 0.054086538461538464 0.09134615384615384
0 0.13221153846153846 0.8677884615384616 0.037259615384615384 0.07932692307692307
0 0.5576923076923077 0.25841346153846156 0.03485576923076923 0.1045673076923077
0 0.2091346153846154 0.8653846153846154 0.03365384615384615 0.08413461538461539
0 0.16947115384615385 0.7319711538461539 0.042067307692307696 0.0625
0 0.21394230769230768 0.7331730769230769 0.040865384615384616 0.06129807692307692
0 0.25721153846153844 0.7307692307692307 0.042067307692307696 0.05889423076923077
0 0.30408653846153844 0.7271634615384616 0.04447115384615385 0.06610576923076923
0 0.35216346153846156 0.7259615384615384 0.042067307692307696 0.06490384615384616
0 0.39783653846153844 0.7259615384615384 0.046875 0.0625
0 0.44591346153846156 0.7247596153846154 0.04447115384615385 0.06490384615384616
0 0.49278846153846156 0.7235576923076923 0.04326923076923077 0.06490384615384616
0 0.5408653846153846 0.7223557692307693 0.042067307692307696 0.06490384615384616
0 0.5865384615384616 0.7223557692307693 0.039663461538461536 0.06370192307692307
0 0.15865384615384615 0.2512019230769231 0.037259615384615384 0.10576923076923077
0 0.078125 0.24879807692307693 0.037259615384615384 0.10096153846153846
0 0.036057692307692304 0.23918269230769232 0.036057692307692304 0.10216346153846154
0 0.04326923076923077 0.3918269230769231 0.05889423076923077 0.078125
0 0.6322115384615384 0.7211538461538461 0.04567307692307692 0.06370192307692307
0 0.12620192307692307 0.734375 0.039663461538461536 0.057692307692307696
0 0.08173076923076923 0.734375 0.03485576923076923 0.0625
0 0.11658653846153846 0.25 0.042067307692307696 0.09975961538461539
0 0.008413461538461538 0.7451923076923077 0.015625 0.04326923076923077
0 0.040865384615384616 0.7367788461538461 0.040865384615384616 0.056490384615384616
0 0.24639423076923078 0.8725961538461539 0.039663461538461536 0.057692307692307696
0 0.28725961538461536 0.8713942307692307 0.040865384615384616 0.057692307692307696
0 0.37259615384615385 0.8677884615384616 0.03125 0.06370192307692307
0 0.41586538461538464 0.8653846153846154 0.04927884615384615 0.06610576923076923
0 0.5144230769230769 0.859375 0.038461538461538464 0.07211538461538461
0 0.5588942307692307 0.8557692307692307 0.04927884615384615 0.07572115384615384
0 0.3317307692307692 0.8653846153846154 0.04447115384615385 0.06971153846153846
0 0.6550480769230769 0.8581730769230769 0.042067307692307696 0.06490384615384616
0 0.6947115384615384 0.8629807692307693 0.03125 0.052884615384615384
0 0.7367788461538461 0.8641826923076923 0.037259615384615384 0.04567307692307692
0 0.7788461538461539 0.8401442307692307 0.036057692307692304 0.09134615384615384
0 0.8221153846153846 0.8389423076923077 0.040865384615384616 0.09014423076923077
0 0.8954326923076923 0.8461538461538461 0.06610576923076923 0.07932692307692307
0 0.6081730769230769 0.8581730769230769 0.042067307692307696 0.06490384615384616
0 0.9507211538461539 0.8449519230769231 0.03365384615384615 0.08173076923076923