0 0.3894230769230769 0.5120192307692307 0.03125 0.06129807692307692
0 0.6165865384615384 0.5096153846153846 0.03485576923076923 0.0673076923076923
0 0.6490384615384616 0.5180288461538461 0.025240384615384616 0.06129807692307692
0 0.6778846153846154 0.5204326923076923 0.03365384615384615 0.06610576923076923
0 0.7139423076923077 0.5168269230769231 0.03125 0.052884615384615384
0 0.7560096153846154 0.4987980769230769 0.030048076923076924 0.07572115384615384
0 0.8293269230769231 0.49759615384615385 0.04326923076923077 0.0733173076923077
0 0.8677884615384616 0.5012019230769231 0.036057692307692304 0.078125
0 0.9014423076923077 0.4987980769230769 0.028846153846153848 0.07572115384615384
0 0.9338942307692307 0.5 0.036057692307692304 0.08052884615384616
0 0.9771634615384616 0.5036057692307693 0.04447115384615385 0.06610576923076923
0 0.04567307692307692 0.59375 0.025240384615384616 0.06009615384615385
0 0.07932692307692307 0.5901442307692307 0.026442307692307692 0.06009615384615385
0 0.11538461538461539 0.5901442307692307 0.03485576923076923 0.06370192307692307
0 0.15504807692307693 0.5901442307692307 0.037259615384615384 0.06129807692307692
0 0.1875 0.5901442307692307 0.027644230769230768 0.06370192307692307
0 0.22115384615384615 0.5961538461538461 0.030048076923076924 0.06129807692307692
0 0.2536057692307692 0.5973557692307693 0.028846153846153848 0.06129807692307692
0 0.5817307692307693 0.5132211538461539 0.02403846153846154 0.06490384615384616
0 0.5504807692307693 0.5132211538461539 0.030048076923076924 0.06370192307692307
0 0.5192307692307693 0.515625 0.028846153846153848 0.06009615384615385
0 0.4831730769230769 0.515625 0.03245192307692308 0.056490384615384616
0 0.24639423076923078 0.24759615384615385 0.04326923076923077 0.056490384615384616
0 0.20552884615384615 0.24639423076923078 0.03485576923076923 0.06490384615384616
0 0.16466346153846154 0.24519230769230768 0.037259615384615384 0.06009615384615385
0 0.12379807692307693 0.24519230769230768 0.037259615384615384 0.06129807692307692
0 0.056490384615384616 0.23798076923076922 0.04326923076923077 0.05889423076923077
0 0.9867788461538461 0.5985576923076923 0.021634615384615384 0.07211538461538461
0 0.04807692307692308 0.5072115384615384 0.030048076923076924 0.06129807692307692
0 0.08173076923076923 0.5048076923076923 0.03125 0.06490384615384616
0 0.2824519230769231 0.5973557692307693 0.028846153846153848 0.055288461538461536
0 0.11538461538461539 0.5096153846153846 0.030048076923076924 0.06850961538461539
0 0.18269230769230768 0.5084134615384616 0.030048076923076924 0.06490384615384616
0 0.21634615384615385 0.5096153846153846 0.03365384615384615 0.06009615384615385
0 0.2512019230769231 0.5108173076923077 0.03365384615384615 0.0625
0 0.28365384615384615 0.5132211538461539 0.03125 0.06009615384615385
0 0.31971153846153844 0.5096153846153846 0.03485576923076923 0.057692307692307696
0 0.3545673076923077 0.5132211538461539 0.030048076923076924 0.06370192307692307
0 0.4170673076923077 0.5144230769230769 0.02403846153846154 0.06610576923076923
0 0.4495192307692308 0.515625 0.03245192307692308 0.057692307692307696
0 0.14903846153846154 0.5096153846153846 0.03485576923076923 0.06610576923076923
0 0.31490384615384615 0.5997596153846154 0.028846153846153848 0.06129807692307692
0 0.3485576923076923 0.5949519230769231 0.028846153846153848 0.057692307692307696
0 0.3786057692307692 0.5985576923076923 0.03245192307692308 0.06370192307692307
0 0.609375 0.7019230769230769 0.037259615384615384 0.06850961538461539
0 0.5733173076923077 0.7091346153846154 0.03245192307692308 0.06129807692307692
0 0.5372596153846154 0.7091346153846154 0.036057692307692304 0.07091346153846154
0 0.4987980769230769 0.7043269230769231 0.037259615384615384 0.06490384615384616
0 0.46274038461538464 0.7055288461538461 0.03245192307692308 0.06971153846153846
0 0.42908653846153844 0.7067307692307693 0.03365384615384615 0.06971153846153846
0 0.390625 0.7091346153846154 0.03245192307692308 0.06971153846153846
0 0.3581730769230769 0.7055288461538461 0.02283653846153846 0.06971153846153846
0 0.6502403846153846 0.7079326923076923 0.036057692307692304 0.07692307692307693
0 0.3269230769230769 0.7079326923076923 0.03125 0.07091346153846154
0 0.2548076923076923 0.7127403846153846 0.03245192307692308 0.06850961538461539
0 0.22235576923076922 0.7103365384615384 0.03485576923076923 0.0625
0 0.19110576923076922 0.7091346153846154 0.02403846153846154 0.06610576923076923
0 0.15865384615384615 0.7091346153846154 0.03485576923076923 0.06490384615384616
0 0.12379807692307693 0.7091346153846154 0.030048076923076924 0.06850961538461539
0 0.09375 0.7007211538461539 0.02403846153846154 0.056490384615384616
0 0.06009615384615385 0.7067307692307693 0.03365384615384615 0.06129807692307692
0 0.016826923076923076 0.7055288461538461 0.03125 0.05889423076923077
0 0.29447115384615385 0.7043269230769231 0.03365384615384615 0.06490384615384616
0 0.29086538461538464 0.2512019230769231 0.030048076923076924 0.0625
0 0.6826923076923077 0.6947115384615384 0.03245192307692308 0.06490384615384616
0 0.7620192307692307 0.7019230769230769 0.03245192307692308 0.07451923076923077
0 0.41225961538461536 0.5985576923076923 0.030048076923076924 0.054086538461538464
0 0.4423076923076923 0.6009615384615384 0.027644230769230768 0.05889423076923077
0 0.47716346153846156 0.5997596153846154 0.036057692307692304 0.06009615384615385
0 0.5096153846153846 0.6009615384615384 0.028846153846153848 0.06490384615384616
0 0.5396634615384616 0.6009615384615384 0.03365384615384615 0.056490384615384616
0 0.5697115384615384 0.6045673076923077 0.025240384615384616 0.06610576923076923
0 0.6033653846153846 0.6021634615384616 0.03365384615384615 0.06009615384615385
0 0.6370192307692307 0.6021634615384616 0.028846153846153848 0.06009615384615385
0 0.7223557692307693 0.7079326923076923 0.03245192307692308 0.0829326923076923
0 0.6658653846153846 0.6033653846153846 0.028846153846153848 0.0625
0 0.7379807692307693 0.5925480769230769 0.03125 0.07211538461538461
0 0.7728365384615384 0.5889423076923077 0.03245192307692308 0.07451923076923077
0 0.8076923076923077 0.5901442307692307 0.037259615384615384 0.07692307692307693
0 0.9831730769230769 0.7127403846153846 0.03245192307692308 0.09254807692307693
0 0.9495192307692307 0.7079326923076923 0.03365384615384615 0.0889423076923077
0 0.9110576923076923 0.7067307692307693 0.040865384615384616 0.08533653846153846
0 0.8653846153846154 0.7019230769230769 0.046875 0.09975961538461539
0 0.7980769230769231 0.7067307692307693 0.037259615384615384 0.08413461538461539
0 0.7007211538461539 0.6021634615384616 0.03125 0.06610576923076923
0 0.328125 0.2548076923076923 0.03365384615384615 0.052884615384615384
0 0.019230769230769232 0.24519230769230768 0.028846153846153848 0.056490384615384616
0 0.3942307692307692 0.24759615384615385 0.038461538461538464 0.06490384615384616
0 0.41346153846153844 0.4266826923076923 0.027644230769230768 0.055288461538461536
0 0.38100961538461536 0.4254807692307692 0.03485576923076923 0.04927884615384615
0 0.33413461538461536 0.421875 0.026442307692307692 0.06370192307692307
0 0.3076923076923077 0.4206730769230769 0.026442307692307692 0.05889423076923077
0 0.27884615384615385 0.4182692307692308 0.03245192307692308 0.06490384615384616
0 0.2439903846153846 0.41346153846153844 0.03245192307692308 0.06129807692307692
0 0.20793269230769232 0.4182692307692308 0.026442307692307692 0.06129807692307692
0 0.16466346153846154 0.41586538461538464 0.037259615384615384 0.06009615384615385
0 0.13221153846153846 0.41947115384615385 0.030048076923076924 0.06129807692307692
0 0.09735576923076923 0.4170673076923077 0.03365384615384615 0.06129807692307692
0 0.36177884615384615 0.25 0.027644230769230768 0.06490384615384616
0 0.03245192307692308 0.4182692307692308 0.028846153846153848 0.06129807692307692
0 0.7415865384615384 0.35096153846153844 0.03485576923076923 0.057692307692307696
0 0.7079326923076923 0.35216346153846156 0.03125 0.056490384615384616
0 0.6730769230769231 0.35216346153846156 0.030048076923076924 0.051682692307692304
0 0.6430288461538461 0.35096153846153844 0.026442307692307692 0.057692307692307696
0 0.6153846153846154 0.34975961538461536 0.025240384615384616 0.055288461538461536
0 0.4423076923076923 0.4230769230769231 0.028846153846153848 0.06370192307692307
0 0.578125 0.34975961538461536 0.02283653846153846 0.056490384615384616
0 0.47115384615384615 0.421875 0.028846153846153848 0.06490384615384616
0 0.5288461538461539 0.4254807692307692 0.026442307692307692 0.06850961538461539
0 0.8425480769230769 0.59375 0.028846153846153848 0.07451923076923077
0 0.8810096153846154 0.59375 0.03365384615384615 0.07451923076923077
0 0.9158653846153846 0.5949519230769231 0.036057692307692304 0.06971153846153846
0 0.013221153846153846 0.5048076923076923 0.02283653846153846 0.0625
0 0.9819711538461539 0.3918269230769231 0.03485576923076923 0.08052884615384616
0 0.9459134615384616 0.390625 0.03365384615384615 0.07572115384615384
0 0.9122596153846154 0.38822115384615385 0.03245192307692308 0.08413461538461539
0 0.875 0.38461538461538464 0.042067307692307696 0.08052884615384616
0 0.8401442307692307 0.3894230769230769 0.030048076923076924 0.07692307692307693
0 0.8088942307692307 0.3942307692307692 0.028846153846153848 0.06610576923076923
0 0.7752403846153846 0.39663461538461536 0.030048076923076924 0.06610576923076923
0 0.7259615384615384 0.42908653846153844 0.02403846153846154 0.04927884615384615
0 0.6983173076923077 0.43149038461538464 0.026442307692307692 0.052884615384615384
0 0.671875 0.43149038461538464 0.026442307692307692 0.052884615384615384
0 0.6237980769230769 0.4254807692307692 0.03365384615384615 0.0625
0 0.5889423076923077 0.4254807692307692 0.028846153846153848 0.06490384615384616
0 0.5612980769230769 0.4254807692307692 0.027644230769230768 0.06490384615384616
0 0.5012019230769231 0.4230769230769231 0.03245192307692308 0.06370192307692307
0 0.5492788461538461 0.3485576923076923 0.027644230769230768 0.052884615384615384
0 0.06370192307692307 0.41586538461538464 0.030048076923076924 0.0625
0 0.4675480769230769 0.3449519230769231 0.028846153846153848 0.054086538461538464
0 0.8605769230769231 0.265625 0.027644230769230768 0.06129807692307692
0 0.828125 0.265625 0.03365384615384615 0.05889423076923077
0 0.7956730769230769 0.265625 0.026442307692307692 0.05889423076923077
0 0.6802884615384616 0.2668269230769231 0.03125 0.046875
0 0.6466346153846154 0.2644230769230769 0.03365384615384615 0.040865384615384616
0 0.6201923076923077 0.26322115384615385 0.021634615384615384 0.046875
0 0.9242788461538461 0.2644230769230769 0.02403846153846154 0.06129807692307692
0 0.43028846153846156 0.25 0.028846153846153848 0.07091346153846154
0 0.46274038461538464 0.25721153846153844 0.036057692307692304 0.055288461538461536
0 0.953125 0.5985576923076923 0.039663461538461536 0.08052884615384616
0 0.4951923076923077 0.2704326923076923 0.02403846153846154 0.03365384615384615
0 0.5408653846153846 0.2548076923076923 0.025240384615384616 0.06009615384615385
0 0.5673076923076923 0.2608173076923077 0.021634615384615384 0.06129807692307692
0 0.59375 0.2644230769230769 0.028846153846153848 0.04567307692307692
0 0.5168269230769231 0.3485576923076923 0.027644230769230768 0.054086538461538464
0 0.9555288461538461 0.265625 0.02283653846153846 0.057692307692307696
0 0.8930288461538461 0.2644230769230769 0.036057692307692304 0.06129807692307692
0 0.25961538461538464 0.33653846153846156 0.025240384615384616 0.05889423076923077
0 0.34615384615384615 0.33774038461538464 0.027644230769230768 0.05889423076923077
0 0.3173076923076923 0.3389423076923077 0.025240384615384616 0.06370192307692307
0 0.29086538461538464 0.33413461538461536 0.027644230769230768 0.06009615384615385
0 0.984375 0.2692307692307692 0.030048076923076924 0.0625
0 0.4074519230769231 0.3425480769230769 0.030048076923076924 0.056490384615384616
0 0.22716346153846154 0.3317307692307692 0.028846153846153848 0.054086538461538464
0 0.19831730769230768 0.33413461538461536 0.030048076923076924 0.06009615384615385
0 0.15264423076923078 0.3317307692307692 0.038461538461538464 0.06129807692307692
0 0.11538461538461539 0.3317307692307692 0.030048076923076924 0.06370192307692307
0 0.07932692307692307 0.328125 0.03485576923076923 0.057692307692307696
0 0.04326923076923077 0.33052884615384615 0.030048076923076924 0.056490384615384616
0 0.013221153846153846 0.3269230769230769 0.02283653846153846 0.05889423076923077
0 0.4375 0.3425480769230769 0.027644230769230768 0.05889423076923077
0 0.37740384615384615 0.33774038461538464 0.030048076923076924 0.0625