0 0.19230769230769232 0.18028846153846154 0.06370192307692307 0.10697115384615384
0 0.9771634615384616 0.15144230769230768 0.03125 0.036057692307692304
0 0.9747596153846154 0.03245192307692308 0.03485576923076923 0.05048076923076923
0 0.9375 0.030048076923076924 0.03245192307692308 0.054086538461538464
0 0.9146634615384616 0.030048076923076924 0.010817307692307692 0.056490384615384616
0 0.8978365384615384 0.03125 0.013221153846153846 0.057692307692307696
0 0.8834134615384616 0.03365384615384615 0.01201923076923077 0.06129807692307692
0 0.8677884615384616 0.03245192307692308 0.014423076923076924 0.06009615384615385
0 0.9435096153846154 0.15264423076923078 0.030048076923076924 0.037259615384615384
0 0.8401442307692307 0.030048076923076924 0.019230769230769232 0.056490384615384616
0 0.8461538461538461 0.16706730769230768 0.021634615384615384 0.0829326923076923
0 0.8197115384615384 0.17307692307692307 0.016826923076923076 0.0625
0 0.8016826923076923 0.17668269230769232 0.020432692307692308 0.054086538461538464
0 0.7800480769230769 0.17307692307692307 0.019230769230769232 0.05889423076923077
0 0.08533653846153846 0.14783653846153846 0.08533653846153846 0.04326923076923077
0 0.16346153846153846 0.07451923076923077 0.07091346153846154 0.036057692307692304
0 0.7379807692307693 0.14423076923076922 0.03365384615384615 0.038461538461538464
0 0.7920673076923077 0.03125 0.02283653846153846 0.052884615384615384
0 0.6947115384615384 0.10697115384615384 0.042067307692307696 0.015625
0 0.08533653846153846 0.1045673076923077 0.0829326923076923 0.039663461538461536
0 0.7439903846153846 0.19951923076923078 0.04326923076923077 0.04927884615384615
0 0.22235576923076922 0.039663461538461536 0.038461538461538464 0.03125
0 0.2548076923076923 0.04326923076923077 0.020432692307692308 0.02403846153846154
0 0.2764423076923077 0.04326923076923077 0.02283653846153846 0.021634615384615384
0 0.27403846153846156 0.015625 0.028846153846153848 0.030048076923076924
0 0.3161057692307692 0.028846153846153848 0.054086538461538464 0.046875
0 0.37259615384615385 0.030048076923076924 0.03365384615384615 0.054086538461538464
0 0.4170673076923077 0.030048076923076924 0.04927884615384615 0.056490384615384616
0 0.09735576923076923 0.06129807692307692 0.056490384615384616 0.03125
0 0.45552884615384615 0.030048076923076924 0.02403846153846154 0.056490384615384616
0 0.5096153846153846 0.03245192307692308 0.028846153846153848 0.055288461538461536
0 0.5384615384615384 0.03245192307692308 0.027644230769230768 0.057692307692307696
0 0.5673076923076923 0.03125 0.027644230769230768 0.057692307692307696
0 0.6081730769230769 0.03365384615384615 0.05048076923076923 0.054086538461538464
0 0.6706730769230769 0.03485576923076923 0.037259615384615384 0.054086538461538464
0 0.7151442307692307 0.03125 0.04447115384615385 0.057692307692307696
0 0.7487980769230769 0.09975961538461539 0.04326923076923077 0.04807692307692308
0 0.48197115384615385 0.03125 0.02283653846153846 0.057692307692307696
0 0.6923076923076923 0.14543269230769232 0.04326923076923077 0.04927884615384615
0 0.6514423076923077 0.14783653846153846 0.03485576923076923 0.040865384615384616
0 0.6129807692307693 0.1466346153846154 0.036057692307692304 0.052884615384615384
0 0.18389423076923078 0.2980769230769231 0.07692307692307693 0.030048076923076924
0 0.2439903846153846 0.2824519230769231 0.037259615384615384 0.052884615384615384
0 0.2860576923076923 0.2848557692307692 0.03365384615384615 0.04927884615384615
0 0.32211538461538464 0.28365384615384615 0.037259615384615384 0.052884615384615384
0 0.2548076923076923 0.21033653846153846 0.038461538461538464 0.037259615384615384
0 0.25240384615384615 0.24158653846153846 0.040865384615384616 0.019230769230769232
0 0.3894230769230769 0.24158653846153846 0.028846153846153848 0.046875
0 0.18269230769230768 0.25961538461538464 0.0733173076923077 0.038461538461538464
0 0.41947115384615385 0.2439903846153846 0.026442307692307692 0.04447115384615385
0 0.3918269230769231 0.29086538461538464 0.03125 0.04326923076923077
0 0.453125 0.2860576923076923 0.036057692307692304 0.04807692307692308
0 0.453125 0.2536057692307692 0.036057692307692304 0.016826923076923076
0 0.48677884615384615 0.21995192307692307 0.03365384615384615 0.03485576923076923
0 0.4891826923076923 0.27403846153846156 0.03125 0.04927884615384615
0 0.2932692307692308 0.12980769230769232 0.028846153846153848 0.08653846153846154
0 0.26322115384615385 0.12860576923076922 0.03245192307692308 0.08774038461538461
0 0.4206730769230769 0.29086538461538464 0.026442307692307692 0.04567307692307692
0 0.10817307692307693 0.2620192307692308 0.0733173076923077 0.03365384615384615
0 0.10817307692307693 0.2956730769230769 0.07451923076923077 0.03125
0 0.036057692307692304 0.2932692307692308 0.0673076923076923 0.038461538461538464
0 0.5769230769230769 0.14783653846153846 0.028846153846153848 0.05048076923076923
0 0.5480769230769231 0.13701923076923078 0.025240384615384616 0.07091346153846154
0 0.5180288461538461 0.13822115384615385 0.026442307692307692 0.06971153846153846
0 0.4807692307692308 0.15504807692307693 0.04567307692307692 0.03365384615384615
0 0.47716346153846156 0.1141826923076923 0.04447115384615385 0.037259615384615384
0 0.4338942307692308 0.11177884615384616 0.039663461538461536 0.036057692307692304
0 0.4326923076923077 0.15144230769230768 0.042067307692307696 0.03245192307692308
0 0.3870192307692308 0.14783653846153846 0.046875 0.036057692307692304
0 0.33653846153846156 0.1502403846153846 0.04807692307692308 0.037259615384615384
0 0.33653846153846156 0.11177884615384616 0.046875 0.037259615384615384
0 0.16706730769230768 0.10817307692307693 0.07572115384615384 0.028846153846153848
0 0.890625 0.171875 0.018028846153846152 0.06850961538461539
0 0.8689903846153846 0.16706730769230768 0.021634615384615384 0.08413461538461539
0 0.9399038461538461 0.18870192307692307 0.030048076923076924 0.03125
0 0.9723557692307693 0.18990384615384615 0.03245192307692308 0.028846153846153848
0 0.03485576923076923 0.22115384615384615 0.06971153846153846 0.030048076923076924
0 0.036057692307692304 0.2548076923076923 0.06850961538461539 0.03485576923076923
0 0.23677884615384615 0.12980769230769232 0.018028846153846152 0.078125
0 0.9122596153846154 0.17067307692307693 0.02283653846153846 0.06009615384615385
0 0.8509615384615384 0.75 0.04447115384615385 0.018028846153846152
0 0.53125 0.2824519230769231 0.026442307692307692 0.046875
0 0.8545673076923077 0.7680288461538461 0.05048076923076923 0.01201923076923077
0 0.5456730769230769 0.47716346153846156 0.013221153846153846 0.051682692307692304
0 0.5649038461538461 0.48197115384615385 0.02283653846153846 0.06610576923076923
0 0.59375 0.4951923076923077 0.020432692307692308 0.09375
0 0.6177884615384616 0.5012019230769231 0.02403846153846154 0.08173076923076923
0 0.6418269230769231 0.49759615384615385 0.019230769230769232 0.0889423076923077
0 0.6670673076923077 0.4987980769230769 0.02403846153846154 0.08774038461538461
0 0.7151442307692307 0.4951923076923077 0.021634615384615384 0.09254807692307693
0 0.9639423076923077 0.6045673076923077 0.046875 0.04927884615384615
0 0.90625 0.5733173076923077 0.036057692307692304 0.10096153846153846
0 0.8329326923076923 0.5769230769230769 0.04567307692307692 0.11177884615384616
0 0.7956730769230769 0.5745192307692307 0.027644230769230768 0.11778846153846154
0 0.7572115384615384 0.5757211538461539 0.03245192307692308 0.1201923076923077
0 0.6790865384615384 0.6153846153846154 0.02403846153846154 0.07572115384615384
0 0.6574519230769231 0.6153846153846154 0.018028846153846152 0.07692307692307693
0 0.6334134615384616 0.6117788461538461 0.028846153846153848 0.07091346153846154
0 0.6057692307692307 0.6153846153846154 0.020432692307692308 0.08052884615384616
0 0.5168269230769231 0.5168269230769231 0.040865384615384616 0.051682692307692304
0 0.8557692307692307 0.7824519230769231 0.052884615384615384 0.014423076923076924
0 0.8533653846153846 0.8064903846153846 0.056490384615384616 0.030048076923076924
0 0.9026442307692307 0.7644230769230769 0.03485576923076923 0.1141826923076923
0 0.0733173076923077 0.5925480769230769 0.06850961538461539 0.03245192307692308
0 0.14302884615384615 0.5925480769230769 0.06370192307692307 0.03245192307692308
0 0.14302884615384615 0.5588942307692307 0.06610576923076923 0.030048076923076924
0 0.14182692307692307 0.5276442307692307 0.06490384615384616 0.030048076923076924
0 0.21875 0.5649038461538461 0.015625 0.019230769230769232
0 0.23317307692307693 0.5901442307692307 0.01201923076923077 0.025240384615384616
0 0.22115384615384615 0.5913461538461539 0.013221153846153846 0.021634615384615384
0 0.20793269230769232 0.5913461538461539 0.01201923076923077 0.021634615384615384
0 0.5552884615384616 0.6153846153846154 0.020432692307692308 0.08173076923076923
0 0.19591346153846154 0.5913461538461539 0.01201923076923077 0.021634615384615384
0 0.2860576923076923 0.5228365384615384 0.040865384615384616 0.008413461538461538
0 0.2860576923076923 0.5336538461538461 0.039663461538461536 0.013221153846153846
0 0.33533653846153844 0.5024038461538461 0.054086538461538464 0.07451923076923077
0 0.3858173076923077 0.4987980769230769 0.04326923076923077 0.08052884615384616
0 0.43149038461538464 0.515625 0.042067307692307696 0.051682692307692304
0 0.43149038461538464 0.47716346153846156 0.04326923076923077 0.021634615384615384
0 0.47475961538461536 0.5168269230769231 0.040865384615384616 0.056490384615384616
0 0.9795673076923077 0.7800480769230769 0.036057692307692304 0.09375
0 0.2848557692307692 0.5096153846153846 0.039663461538461536 0.014423076923076924
0 0.07211538461538461 0.5612980769230769 0.06971153846153846 0.02403846153846154
0 0.5348557692307693 0.6153846153846154 0.016826923076923076 0.0829326923076923
0 0.4879807692307692 0.6201923076923077 0.02283653846153846 0.06610576923076923
0 0.4230769230769231 0.7668269230769231 0.016826923076923076 0.0985576923076923
0 0.4723557692307692 0.7668269230769231 0.020432692307692308 0.09254807692307693
0 0.49278846153846156 0.765625 0.019230769230769232 0.09735576923076923
0 0.5276442307692307 0.7644230769230769 0.04447115384615385 0.09735576923076923
0 0.5769230769230769 0.7668269230769231 0.015625 0.09254807692307693
0 0.5901442307692307 0.71875 0.010817307692307692 0.04927884615384615
0 0.6021634615384616 0.71875 0.009615384615384616 0.04927884615384615
0 0.5925480769230769 0.7824519230769231 0.010817307692307692 0.05889423076923077
0 0.6057692307692307 0.7788461538461539 0.010817307692307692 0.057692307692307696
0 0.6225961538461539 0.7764423076923077 0.01201923076923077 0.046875
0 0.6502403846153846 0.7584134615384616 0.025240384615384616 0.09495192307692307
0 0.6778846153846154 0.7668269230769231 0.028846153846153848 0.08173076923076923
0 0.7355769230769231 0.7884615384615384 0.01201923076923077 0.0625
0 0.7560096153846154 0.765625 0.02403846153846154 0.10697115384615384
0 0.796875 0.7932692307692307 0.05048076923076923 0.04326923076923077
0 0.796875 0.7439903846153846 0.052884615384615384 0.042067307692307696
0 0.7896634615384616 0.6947115384615384 0.040865384615384616 0.04927884615384615
0 0.3701923076923077 0.7848557692307693 0.03485576923076923 0.0625
0 0.33533653846153844 0.7800480769230769 0.028846153846153848 0.07211538461538461
0 0.30288461538461536 0.78125 0.03365384615384615 0.07091346153846154
0 0.2692307692307692 0.7848557692307693 0.025240384615384616 0.0625
0 0.45913461538461536 0.6189903846153846 0.02283653846153846 0.07091346153846154
0 0.4375 0.6165865384615384 0.019230769230769232 0.0733173076923077
0 0.41586538461538464 0.6177884615384616 0.019230769230769232 0.07211538461538461
0 0.38461538461538464 0.6213942307692307 0.013221153846153846 0.06971153846153846
0 0.36899038461538464 0.6237980769230769 0.016826923076923076 0.06490384615384616
0 0.25600961538461536 0.6430288461538461 0.027644230769230768 0.013221153846153846
0 0.29447115384615385 0.6382211538461539 0.03245192307692308 0.02283653846153846
0 0.3245192307692308 0.6310096153846154 0.02283653846153846 0.04807692307692308
0 0.515625 0.6141826923076923 0.020432692307692308 0.07692307692307693
0 0.34615384615384615 0.6286057692307693 0.020432692307692308 0.051682692307692304
0 0.027644230769230768 0.7860576923076923 0.055288461538461536 0.025240384615384616
0 0.027644230769230768 0.8149038461538461 0.052884615384615384 0.026442307692307692
0 0.06370192307692307 0.7824519230769231 0.016826923076923076 0.09254807692307693
0 0.08413461538461539 0.78125 0.018028846153846152 0.09375
0 0.10336538461538461 0.7475961538461539 0.016826923076923076 0.13942307692307693
0 0.12379807692307693 0.7584134615384616 0.015625 0.12620192307692307
0 0.15985576923076922 0.7524038461538461 0.020432692307692308 0.11057692307692307
0 0.18629807692307693 0.7487980769230769 0.030048076923076924 0.13822115384615385
0 0.027644230769230768 0.7536057692307693 0.055288461538461536 0.036057692307692304
0 0.07211538461538461 0.5348557692307693 0.06490384615384616 0.02403846153846154
0 0.25721153846153844 0.6586538461538461 0.026442307692307692 0.01201923076923077
0 0.5588942307692307 0.2824519230769231 0.025240384615384616 0.04567307692307692
0 0.78125 0.42788461538461536 0.03245192307692308 0.09014423076923077
0 0.7475961538461539 0.44471153846153844 0.028846153846153848 0.055288461538461536
0 0.6911057692307693 0.3894230769230769 0.04567307692307692 0.054086538461538464
0 0.6430288461538461 0.37740384615384615 0.021634615384615384 0.07451923076923077
0 0.6081730769230769 0.3918269230769231 0.04447115384615385 0.05048076923076923
0 0.5673076923076923 0.3701923076923077 0.028846153846153848 0.04447115384615385
0 0.4963942307692308 0.3954326923076923 0.03245192307692308 0.04807692307692308
0 0.40865384615384615 0.38221153846153844 0.03245192307692308 0.06850961538461539
0 0.3762019230769231 0.3918269230769231 0.03365384615384615 0.04807692307692308
0 0.3401442307692308 0.38100961538461536 0.030048076923076924 0.06490384615384616
0 0.3112980769230769 0.3786057692307692 0.028846153846153848 0.055288461538461536
0 0.27403846153846156 0.3798076923076923 0.03365384615384615 0.07091346153846154
0 0.2403846153846154 0.38221153846153844 0.03245192307692308 0.06370192307692307
0 0.19951923076923078 0.43028846153846156 0.057692307692307696 0.028846153846153848
0 0.06370192307692307 0.35336538461538464 0.08173076923076923 0.03125
0 0.140625 0.35697115384615385 0.0673076923076923 0.028846153846153848
0 0.14182692307692307 0.3870192307692308 0.0673076923076923 0.027644230769230768
0 0.8076923076923077 0.43028846153846156 0.02403846153846154 0.09495192307692307
0 0.13581730769230768 0.4266826923076923 0.06610576923076923 0.027644230769230768
0 0.84375 0.4326923076923077 0.040865384615384616 0.09014423076923077
0 0.8894230769230769 0.4338942307692308 0.021634615384615384 0.08774038461538461
0 0.6730769230769231 0.24519230769230768 0.036057692307692304 0.01201923076923077
0 0.6814903846153846 0.2704326923076923 0.036057692307692304 0.03125
0 0.6466346153846154 0.29927884615384615 0.03245192307692308 0.03125
0 0.6887019230769231 0.3016826923076923 0.03485576923076923 0.026442307692307692
0 0.7259615384615384 0.28966346153846156 0.03125 0.05048076923076923
0 0.7716346153846154 0.32091346153846156 0.018028846153846152 0.0625
0 0.8004807692307693 0.30649038461538464 0.03365384615384615 0.09134615384615384
0 0.8365384615384616 0.30649038461538464 0.03125 0.0889423076923077
0 0.875 0.3088942307692308 0.03365384615384615 0.0889423076923077
0 0.9086538461538461 0.31850961538461536 0.025240384615384616 0.07091346153846154
0 0.9627403846153846 0.3004807692307692 0.04807692307692308 0.09014423076923077
0 0.7367788461538461 0.34134615384615385 0.042067307692307696 0.04326923076923077
0 0.7307692307692307 0.3894230769230769 0.03245192307692308 0.046875
0 0.9831730769230769 0.4579326923076923 0.03125 0.028846153846153848
0 0.9579326923076923 0.4423076923076923 0.020432692307692308 0.06009615384615385
0 0.9375 0.43990384615384615 0.019230769230769232 0.06009615384615385
0 0.9146634615384616 0.43149038461538464 0.02283653846153846 0.08653846153846154
0 0.8725961538461539 0.43509615384615385 0.015625 0.08533653846153846
0 0.057692307692307696 0.39302884615384615 0.09254807692307693 0.03365384615384615
0 0.5336538461538461 0.38822115384615385 0.03365384615384615 0.04447115384615385
0 0.056490384615384616 0.42788461538461536 0.09014423076923077 0.03125