0 0.9675480769230769 0.6634615384615384 0.036057692307692304 0.038461538461538464
0 0.3088942307692308 0.7451923076923077 0.07211538461538461 0.01201923076923077
0 0.2091346153846154 0.7980769230769231 0.025240384615384616 0.039663461538461536
0 0.7223557692307693 0.71875 0.03125 0.020432692307692308
0 0.6826923076923077 0.71875 0.037259615384615384 0.020432692307692308
0 0.6418269230769231 0.7139423076923077 0.03485576923076923 0.03245192307692308
0 0.5889423076923077 0.7199519230769231 0.056490384615384616 0.04447115384615385
0 0.5360576923076923 0.71875 0.037259615384615384 0.039663461538461536
0 0.4891826923076923 0.7235576923076923 0.04807692307692308 0.036057692307692304
0 0.44350961538461536 0.7235576923076923 0.04326923076923077 0.040865384615384616
0 0.390625 0.7199519230769231 0.04447115384615385 0.03125
0 0.9711538461538461 0.734375 0.04807692307692308 0.04927884615384615
0 0.8942307692307693 0.7800480769230769 0.10096153846153846 0.037259615384615384
0 0.671875 0.8076923076923077 0.02283653846153846 0.030048076923076924
0 0.7259615384615384 0.7860576923076923 0.07572115384615384 0.04447115384615385
0 0.15384615384615385 0.8076923076923077 0.042067307692307696 0.0625
0 0.06370192307692307 0.8293269230769231 0.06971153846153846 0.014423076923076924
0 0.23677884615384615 0.8040865384615384 0.02403846153846154 0.055288461538461536
0 0.06009615384615385 0.8125 0.0673076923076923 0.013221153846153846
0 0.06490384615384616 0.7992788461538461 0.02283653846153846 0.013221153846153846
0 0.9014423076923077 0.6995192307692307 0.0733173076923077 0.009615384615384616
0 0.8990384615384616 0.7235576923076923 0.06490384615384616 0.036057692307692304
0 0.8353365384615384 0.7235576923076923 0.052884615384615384 0.036057692307692304
0 0.8052884615384616 0.7920673076923077 0.07091346153846154 0.055288461538461536
0 0.7920673076923077 0.7067307692307693 0.019230769230769232 0.019230769230769232
0 0.28365384615384615 0.8040865384615384 0.04567307692307692 0.06009615384615385
0 0.3233173076923077 0.8016826923076923 0.026442307692307692 0.05048076923076923
0 0.35336538461538464 0.7992788461538461 0.028846153846153848 0.052884615384615384
0 0.3870192307692308 0.8028846153846154 0.027644230769230768 0.05889423076923077
0 0.4170673076923077 0.8112980769230769 0.02283653846153846 0.042067307692307696
0 0.46634615384615385 0.8040865384615384 0.06370192307692307 0.04927884615384615
0 0.5348557692307693 0.7992788461538461 0.0625 0.05889423076923077
0 0.6069711538461539 0.796875 0.07692307692307693 0.05889423076923077
0 0.7620192307692307 0.7067307692307693 0.037259615384615384 0.019230769230769232
0 0.24879807692307693 0.7259615384615384 0.040865384615384616 0.03485576923076923
0 0.48197115384615385 0.1658653846153846 0.0829326923076923 0.055288461538461536
0 0.15264423076923078 0.734375 0.039663461538461536 0.037259615384615384
0 0.29086538461538464 0.65625 0.040865384615384616 0.05889423076923077
0 0.328125 0.65625 0.03245192307692308 0.057692307692307696
0 0.3713942307692308 0.6574519230769231 0.05048076923076923 0.04927884615384615
0 0.4375 0.6514423076923077 0.07211538461538461 0.055288461538461536
0 0.9206730769230769 0.48197115384615385 0.05048076923076923 0.046875
0 0.8581730769230769 0.4831730769230769 0.02403846153846154 0.040865384615384616
0 0.8269230769230769 0.48677884615384615 0.036057692307692304 0.046875
0 0.7463942307692307 0.4879807692307692 0.057692307692307696 0.054086538461538464
0 0.5420673076923077 0.49278846153846156 0.04326923076923077 0.046875
0 0.5 0.49278846153846156 0.037259615384615384 0.04927884615384615
0 0.4338942307692308 0.5036057692307693 0.0733173076923077 0.020432692307692308
0 0.24759615384615385 0.6550480769230769 0.04567307692307692 0.056490384615384616
0 0.33533653846153844 0.4963942307692308 0.04326923076923077 0.040865384615384616
0 0.2403846153846154 0.4963942307692308 0.04447115384615385 0.04567307692307692
0 0.921875 0.4110576923076923 0.04447115384615385 0.028846153846153848
0 0.875 0.41346153846153844 0.02403846153846154 0.030048076923076924
0 0.8353365384615384 0.41346153846153844 0.051682692307692304 0.03245192307692308
0 0.7752403846153846 0.41466346153846156 0.052884615384615384 0.036057692307692304
0 0.7331730769230769 0.41586538461538464 0.021634615384615384 0.040865384615384616
0 0.7055288461538461 0.4170673076923077 0.021634615384615384 0.038461538461538464
0 0.6862980769230769 0.41586538461538464 0.014423076923076924 0.038461538461538464
0 0.6622596153846154 0.4182692307692308 0.02283653846153846 0.038461538461538464
0 0.6105769230769231 0.41346153846153844 0.036057692307692304 0.040865384615384616
0 0.5733173076923077 0.42427884615384615 0.025240384615384616 0.027644230769230768
0 0.2920673076923077 0.4951923076923077 0.03485576923076923 0.042067307692307696
0 0.5132211538461539 0.4074519230769231 0.06009615384615385 0.007211538461538462
0 0.19951923076923078 0.6550480769230769 0.04326923076923077 0.0625
0 0.08774038461538461 0.6658653846153846 0.04567307692307692 0.046875
0 0.014423076923076924 0.5745192307692307 0.028846153846153848 0.057692307692307696
0 0.04807692307692308 0.5721153846153846 0.03365384615384615 0.019230769230769232
0 0.046875 0.5925480769230769 0.03125 0.021634615384615384
0 0.08413461538461539 0.5805288461538461 0.040865384615384616 0.04567307692307692
0 0.13942307692307693 0.5817307692307693 0.05889423076923077 0.040865384615384616
0 0.19471153846153846 0.5793269230769231 0.030048076923076924 0.025240384615384616
0 0.2956730769230769 0.5480769230769231 0.06971153846153846 0.009615384615384616
0 0.2668269230769231 0.5709134615384616 0.08173076923076923 0.013221153846153846
0 0.2644230769230769 0.5901442307692307 0.07451923076923077 0.016826923076923076
0 0.3485576923076923 0.5733173076923077 0.078125 0.009615384615384616
0 0.34134615384615385 0.5901442307692307 0.07932692307692307 0.01201923076923077
0 0.14543269230769232 0.6586538461538461 0.04927884615384615 0.052884615384615384
0 0.4026442307692308 0.5673076923076923 0.019230769230769232 0.040865384615384616
0 0.47716346153846156 0.5685096153846154 0.025240384615384616 0.028846153846153848
0 0.5012019230769231 0.5673076923076923 0.020432692307692308 0.027644230769230768
0 0.5432692307692307 0.5685096153846154 0.021634615384615384 0.04447115384615385
0 0.5661057692307693 0.5637019230769231 0.02283653846153846 0.04447115384615385
0 0.6634615384615384 0.5649038461538461 0.07091346153846154 0.04927884615384615
0 0.7295673076923077 0.5721153846153846 0.037259615384615384 0.03485576923076923
0 0.7584134615384616 0.5588942307692307 0.016826923076923076 0.02283653846153846
0 0.8064903846153846 0.5600961538461539 0.039663461538461536 0.042067307692307696
0 0.8533653846153846 0.5504807692307693 0.04326923076923077 0.037259615384615384
0 0.9182692307692307 0.5528846153846154 0.04807692307692308 0.030048076923076924
0 0.037259615384615384 0.6670673076923077 0.052884615384615384 0.04567307692307692
0 0.44591346153846156 0.5817307692307693 0.036057692307692304 0.02403846153846154
0 0.19831730769230768 0.7331730769230769 0.042067307692307696 0.03245192307692308
0 0.5144230769230769 0.4230769230769231 0.0625 0.019230769230769232
0 0.4387019230769231 0.4230769230769231 0.04567307692307692 0.04567307692307692
0 0.2644230769230769 0.25961538461538464 0.05889423076923077 0.039663461538461536
0 0.20072115384615385 0.25721153846153844 0.05889423076923077 0.038461538461538464
0 0.11057692307692307 0.25841346153846156 0.11538461538461539 0.038461538461538464
0 0.9338942307692307 0.15504807692307693 0.09975961538461539 0.057692307692307696
0 0.84375 0.15865384615384615 0.07932692307692307 0.06009615384615385
0 0.7704326923076923 0.1658653846153846 0.06490384615384616 0.051682692307692304
0 0.6947115384615384 0.1658653846153846 0.06610576923076923 0.046875
0 0.6298076923076923 0.1658653846153846 0.06129807692307692 0.04807692307692308
0 0.5612980769230769 0.16947115384615385 0.055288461538461536 0.046875
0 0.40024038461538464 0.17067307692307693 0.06610576923076923 0.046875
0 0.33052884615384615 0.16706730769230768 0.05889423076923077 0.054086538461538464
0 0.3269230769230769 0.2644230769230769 0.05889423076923077 0.04927884615384615
0 0.27283653846153844 0.16947115384615385 0.052884615384615384 0.051682692307692304
0 0.15264423076923078 0.17067307692307693 0.055288461538461536 0.055288461538461536
0 0.09375 0.17067307692307693 0.054086538461538464 0.055288461538461536
0 0.03245192307692308 0.17067307692307693 0.056490384615384616 0.057692307692307696
0 0.5384615384615384 0.6646634615384616 0.056490384615384616 0.009615384615384616
0 0.5108173076923077 0.6754807692307693 0.056490384615384616 0.010817307692307692
0 0.5865384615384616 0.6550480769230769 0.04326923076923077 0.016826923076923076
0 0.6646634615384616 0.6346153846153846 0.052884615384615384 0.040865384615384616
0 0.7451923076923077 0.6490384615384616 0.055288461538461536 0.04326923076923077
0 0.9098557692307693 0.6442307692307693 0.07572115384615384 0.0625
0 0.0673076923076923 0.7283653846153846 0.037259615384615384 0.028846153846153848
0 0.10817307692307693 0.7295673076923077 0.038461538461538464 0.03245192307692308
0 0.21754807692307693 0.17548076923076922 0.046875 0.04567307692307692
0 0.53125 0.4387019230769231 0.052884615384615384 0.008413461538461538
0 0.3894230769230769 0.2668269230769231 0.06129807692307692 0.04447115384615385
0 0.5396634615384616 0.2620192307692308 0.10817307692307693 0.04447115384615385
0 0.3786057692307692 0.4182692307692308 0.03125 0.04927884615384615
0 0.33533653846153844 0.4206730769230769 0.046875 0.046875
0 0.26802884615384615 0.43149038461538464 0.07091346153846154 0.030048076923076924
0 0.17908653846153846 0.42427884615384615 0.04807692307692308 0.04927884615384615
0 0.13221153846153846 0.4230769230769231 0.037259615384615384 0.04807692307692308
0 0.08413461538461539 0.4254807692307692 0.052884615384615384 0.051682692307692304
0 0.03365384615384615 0.4266826923076923 0.042067307692307696 0.054086538461538464
0 0.921875 0.3329326923076923 0.06610576923076923 0.04447115384615385
0 0.8341346153846154 0.34975961538461536 0.0829326923076923 0.016826923076923076
0 0.7391826923076923 0.33413461538461536 0.0673076923076923 0.051682692307692304
0 0.6622596153846154 0.33413461538461536 0.06490384615384616 0.04927884615384615
0 0.45072115384615385 0.2668269230769231 0.057692307692307696 0.04326923076923077
0 0.5877403846153846 0.33653846153846156 0.078125 0.040865384615384616
0 0.44711538461538464 0.3401442307692308 0.0829326923076923 0.046875
0 0.38461538461538464 0.3401442307692308 0.04326923076923077 0.046875
0 0.33653846153846156 0.3389423076923077 0.04567307692307692 0.05048076923076923
0 0.25841346153846156 0.34134615384615385 0.046875 0.04807692307692308
0 0.140625 0.3545673076923077 0.06129807692307692 0.025240384615384616
0 0.07932692307692307 0.3473557692307692 0.052884615384615384 0.039663461538461536
0 0.02403846153846154 0.3485576923076923 0.04567307692307692 0.042067307692307696
0 0.9471153846153846 0.25961538461538464 0.08413461538461539 0.036057692307692304
0 0.8533653846153846 0.2644230769230769 0.08052884615384616 0.03485576923076923
0 0.7644230769230769 0.2644230769230769 0.08173076923076923 0.036057692307692304
0 0.6586538461538461 0.2608173076923077 0.12139423076923077 0.042067307692307696
0 0.515625 0.33653846153846156 0.04927884615384615 0.05048076923076923