0 0.14423076923076922 0.38822115384615385 0.016826923076923076 0.13341346153846154
0 0.5913461538461539 0.4110576923076923 0.01201923076923077 0.12740384615384615
0 0.6213942307692307 0.4170673076923077 0.013221153846153846 0.13341346153846154
0 0.15985576923076922 0.390625 0.01201923076923077 0.14182692307692307
0 0.6538461538461539 0.4182692307692308 0.013221153846153846 0.13581730769230768
0 0.6382211538461539 0.4206730769230769 0.010817307692307692 0.13221153846153846
0 0.6706730769230769 0.4170673076923077 0.014423076923076924 0.140625
0 0.71875 0.41947115384615385 0.013221153846153846 0.14783653846153846
0 0.703125 0.4170673076923077 0.013221153846153846 0.14423076923076922
0 0.7379807692307693 0.41586538461538464 0.025240384615384616 0.13581730769230768
0 0.7848557692307693 0.41586538461538464 0.010817307692307692 0.12139423076923077
0 0.1778846153846154 0.38822115384615385 0.018028846153846152 0.140625
0 0.6875 0.42427884615384615 0.010817307692307692 0.13942307692307693
0 0.7692307692307693 0.41346153846153844 0.01201923076923077 0.125
0 0.28125 0.4254807692307692 0.026442307692307692 0.0673076923076923
0 0.21394230769230768 0.39903846153846156 0.01201923076923077 0.13701923076923078
0 0.23076923076923078 0.38822115384615385 0.01201923076923077 0.140625
0 0.24519230769230768 0.38822115384615385 0.014423076923076924 0.13701923076923078
0 0.4014423076923077 0.40384615384615385 0.042067307692307696 0.140625
0 0.44350961538461536 0.39663461538461536 0.019230769230769232 0.13581730769230768
0 0.4675480769230769 0.39663461538461536 0.015625 0.13942307692307693
0 0.48197115384615385 0.3942307692307692 0.008413461538461538 0.14302884615384615
0 0.49278846153846156 0.3954326923076923 0.008413461538461538 0.14182692307692307
0 0.5024038461538461 0.39663461538461536 0.008413461538461538 0.14182692307692307
0 0.5721153846153846 0.40024038461538464 0.01201923076923077 0.13341346153846154
0 0.5576923076923077 0.39783653846153844 0.013221153846153846 0.13221153846153846
0 0.53125 0.39663461538461536 0.021634615384615384 0.13701923076923078
0 0.5108173076923077 0.40024038461538464 0.008413461538461538 0.13341346153846154
0 0.8064903846153846 0.41346153846153844 0.009615384615384616 0.12379807692307693
0 0.19831730769230768 0.39663461538461536 0.014423076923076924 0.13581730769230768
0 0.9879807692307693 0.4338942307692308 0.019230769230769232 0.11778846153846154
0 0.6634615384615384 0.5925480769230769 0.015625 0.12379807692307693
0 0.9435096153846154 0.43509615384615385 0.016826923076923076 0.125
0 0.9519230769230769 0.06129807692307692 0.02403846153846154 0.12259615384615384
0 0.9158653846153846 0.06129807692307692 0.02403846153846154 0.12259615384615384
0 0.8894230769230769 0.06129807692307692 0.02403846153846154 0.12259615384615384
0 0.8629807692307693 0.04927884615384615 0.019230769230769232 0.0985576923076923
0 0.030048076923076924 0.21153846153846154 0.05889423076923077 0.03245192307692308
0 0.07932692307692307 0.2127403846153846 0.02283653846153846 0.03125
0 0.054086538461538464 0.34975961538461536 0.027644230769230768 0.0985576923076923
0 0.08533653846153846 0.27283653846153844 0.055288461538461536 0.030048076923076924
0 0.9879807692307693 0.06129807692307692 0.019230769230769232 0.12259615384615384
0 0.055288461538461536 0.5769230769230769 0.02283653846153846 0.13581730769230768
0 0.06850961538461539 0.7151442307692307 0.04807692307692308 0.0733173076923077
0 0.11658653846153846 0.7151442307692307 0.046875 0.06971153846153846
0 0.15504807692307693 0.7115384615384616 0.026442307692307692 0.08052884615384616
0 0.18269230769230768 0.7103365384615384 0.026442307692307692 0.08413461538461539
0 0.21153846153846154 0.7115384615384616 0.027644230769230768 0.0829326923076923
0 0.23557692307692307 0.6923076923076923 0.020432692307692308 0.11057692307692307
0 0.25961538461538464 0.6935096153846154 0.02283653846153846 0.11778846153846154
0 0.2920673076923077 0.7007211538461539 0.028846153846153848 0.08173076923076923
0 0.0625 0.43990384615384615 0.020432692307692308 0.07572115384615384
0 0.546875 0.21394230769230768 0.009615384615384616 0.140625
0 0.08533653846153846 0.17668269230769232 0.02403846153846154 0.036057692307692304
0 0.08774038461538461 0.13581730769230768 0.021634615384615384 0.037259615384615384
0 0.5973557692307693 0.21875 0.010817307692307692 0.15384615384615385
0 0.5276442307692307 0.21394230769230768 0.014423076923076924 0.14903846153846154
0 0.4891826923076923 0.2091346153846154 0.010817307692307692 0.1466346153846154
0 0.5048076923076923 0.2091346153846154 0.016826923076923076 0.1502403846153846
0 0.40865384615384615 0.20432692307692307 0.016826923076923076 0.1466346153846154
0 0.4387019230769231 0.21033653846153846 0.021634615384615384 0.15264423076923078
0 0.4675480769230769 0.2127403846153846 0.02403846153846154 0.15625
0 0.34134615384615385 0.20192307692307693 0.014423076923076924 0.1466346153846154
0 0.35697115384615385 0.203125 0.014423076923076924 0.1502403846153846
0 0.3894230769230769 0.20432692307692307 0.009615384615384616 0.14543269230769232
0 0.3161057692307692 0.203125 0.018028846153846152 0.14783653846153846
0 0.2439903846153846 0.1971153846153846 0.016826923076923076 0.15264423076923078
0 0.2704326923076923 0.1971153846153846 0.01201923076923077 0.15745192307692307
0 0.2860576923076923 0.19591346153846154 0.015625 0.15625
0 0.18990384615384615 0.203125 0.020432692307692308 0.14543269230769232
0 0.15985576923076922 0.1971153846153846 0.020432692307692308 0.13221153846153846
0 0.12860576923076922 0.19591346153846154 0.025240384615384616 0.1466346153846154
0 0.03365384615384615 0.13822115384615385 0.0673076923076923 0.03485576923076923
0 0.027644230769230768 0.17668269230769232 0.055288461538461536 0.030048076923076924
0 0.3233173076923077 0.703125 0.02403846153846154 0.08173076923076923
0 0.3485576923076923 0.6899038461538461 0.019230769230769232 0.10817307692307693
0 0.39663461538461536 0.6995192307692307 0.025240384615384616 0.10576923076923077
0 0.421875 0.7007211538461539 0.020432692307692308 0.10697115384615384
0 0.640625 0.22115384615384615 0.013221153846153846 0.13822115384615385
0 0.6550480769230769 0.22115384615384615 0.010817307692307692 0.1346153846153846
0 0.6153846153846154 0.21995192307692307 0.01201923076923077 0.1502403846153846
0 0.7235576923076923 0.22355769230769232 0.008413461538461538 0.140625
0 0.7103365384615384 0.2247596153846154 0.009615384615384616 0.14302884615384615
0 0.7403846153846154 0.22596153846153846 0.010817307692307692 0.1346153846153846
0 0.7716346153846154 0.23317307692307693 0.009615384615384616 0.12740384615384615
0 0.8064903846153846 0.24158653846153846 0.014423076923076924 0.1310096153846154
0 0.8233173076923077 0.2283653846153846 0.016826923076923076 0.1346153846153846
0 0.9579326923076923 0.23918269230769232 0.03245192307692308 0.140625
0 0.9050480769230769 0.2403846153846154 0.03485576923076923 0.1310096153846154
0 0.8449519230769231 0.2403846153846154 0.021634615384615384 0.14423076923076922
0 0.8713942307692307 0.23798076923076922 0.02403846153846154 0.14302884615384615
0 0.9915865384615384 0.24158653846153846 0.015625 0.13942307692307693
0 0.6766826923076923 0.21875 0.021634615384615384 0.14423076923076922
0 0.8810096153846154 0.4266826923076923 0.02283653846153846 0.12860576923076922
0 0.8245192307692307 0.41947115384615385 0.015625 0.1201923076923077
0 0.8485576923076923 0.4182692307692308 0.014423076923076924 0.1201923076923077
0 0.9182692307692307 0.42908653846153844 0.019230769230769232 0.12620192307692307
0 0.6262019230769231 0.22235576923076922 0.009615384615384616 0.13822115384615385
0 0.9615384615384616 0.4362980769230769 0.01201923076923077 0.13221153846153846
0 0.7584134615384616 0.6622596153846154 0.0889423076923077 0.021634615384615384
0 0.7536057692307693 0.5877403846153846 0.014423076923076924 0.11778846153846154
0 0.36538461538461536 0.6887019230769231 0.009615384615384616 0.10576923076923077
0 0.37740384615384615 0.6959134615384616 0.01201923076923077 0.10817307692307693
0 0.4519230769230769 0.7007211538461539 0.02283653846153846 0.10697115384615384
0 0.47475961538461536 0.6983173076923077 0.018028846153846152 0.109375
0 0.5 0.6995192307692307 0.019230769230769232 0.10576923076923077
0 0.5228365384615384 0.6995192307692307 0.019230769230769232 0.10817307692307693
0 0.5480769230769231 0.6983173076923077 0.021634615384615384 0.11177884615384616
0 0.5733173076923077 0.7043269230769231 0.027644230769230768 0.10817307692307693
0 0.6947115384615384 0.5997596153846154 0.018028846153846152 0.13341346153846154
0 0.3161057692307692 0.43028846153846156 0.027644230769230768 0.078125
0 0.59375 0.5829326923076923 0.01201923076923077 0.11057692307692307
0 0.6117788461538461 0.5817307692307693 0.013221153846153846 0.10576923076923077
0 0.640625 0.5889423076923077 0.014423076923076924 0.12259615384615384
0 0.9615384615384616 0.609375 0.02283653846153846 0.12620192307692307
0 0.9891826923076923 0.6021634615384616 0.020432692307692308 0.11899038461538461
0 0.921875 0.5961538461538461 0.02283653846153846 0.11298076923076923
0 0.8822115384615384 0.6057692307692307 0.025240384615384616 0.125
0 0.8233173076923077 0.5973557692307693 0.018028846153846152 0.12259615384615384
0 0.8497596153846154 0.6009615384615384 0.026442307692307692 0.12860576923076922
0 0.7764423076923077 0.5865384615384616 0.016826923076923076 0.10817307692307693
0 0.5829326923076923 0.21514423076923078 0.01201923076923077 0.15985576923076922
0 0.5600961538461539 0.21514423076923078 0.013221153846153846 0.13942307692307693
0 0.5 0.8966346153846154 0.026442307692307692 0.07451923076923077
0 0.3713942307692308 0.8629807692307693 0.07451923076923077 0.02283653846153846
0 0.28966346153846156 0.9206730769230769 0.08653846153846154 0.025240384615384616
0 0.28846153846153844 0.8954326923076923 0.08653846153846154 0.020432692307692308
0 0.28846153846153844 0.8713942307692307 0.08653846153846154 0.026442307692307692
0 0.20072115384615385 0.9194711538461539 0.08774038461538461 0.025240384615384616
0 0.19951923076923078 0.8942307692307693 0.08653846153846154 0.021634615384615384
0 0.3701923076923077 0.8894230769230769 0.07451923076923077 0.027644230769230768
0 0.20072115384615385 0.8689903846153846 0.08653846153846154 0.026442307692307692
0 0.11778846153846154 0.8882211538461539 0.025240384615384616 0.07932692307692307
0 0.09375 0.8894230769230769 0.016826923076923076 0.07572115384615384
0 0.056490384615384616 0.8858173076923077 0.054086538461538464 0.09254807692307693
0 0.013221153846153846 0.8822115384615384 0.026442307692307692 0.09615384615384616
0 0.3629807692307692 0.4230769230769231 0.014423076923076924 0.08774038461538461
0 0.34375 0.42427884615384615 0.015625 0.08052884615384616
0 0.14423076923076922 0.8786057692307693 0.021634615384615384 0.109375
0 0.44711538461538464 0.9194711538461539 0.0733173076923077 0.026442307692307692
0 0.3713942307692308 0.9194711538461539 0.07451923076923077 0.027644230769230768
0 0.44711538461538464 0.8918269230769231 0.0733173076923077 0.027644230769230768
0 0.6622596153846154 0.3137019230769231 0.0985576923076923 0.019230769230769232
0 0.5300480769230769 0.3076923076923077 0.09735576923076923 0.016826923076923076
0 0.9831730769230769 0.8701923076923077 0.028846153846153848 0.13942307692307693
0 0.9423076923076923 0.8701923076923077 0.04567307692307692 0.13341346153846154
0 0.8966346153846154 0.8725961538461539 0.038461538461538464 0.13221153846153846
0 0.8497596153846154 0.8713942307692307 0.046875 0.13581730769230768
0 0.44711538461538464 0.8629807692307693 0.0733173076923077 0.026442307692307692
0 0.765625 0.8725961538461539 0.037259615384615384 0.1310096153846154
0 0.8064903846153846 0.8737980769230769 0.038461538461538464 0.12740384615384615
0 0.6790865384615384 0.8713942307692307 0.040865384615384616 0.1310096153846154
0 0.6310096153846154 0.8701923076923077 0.046875 0.13221153846153846
0 0.5841346153846154 0.8737980769230769 0.04447115384615385 0.13341346153846154
0 0.5480769230769231 0.8822115384615384 0.02283653846153846 0.10336538461538461
0 0.5240384615384616 0.8870192307692307 0.020432692307692308 0.09375
0 0.7235576923076923 0.8701923076923077 0.04326923076923077 0.140625
0 0.25721153846153844 0.29927884615384615 0.11057692307692307 0.016826923076923076