0 0.19471153846153846 0.8497596153846154 0.054086538461538464 0.042067307692307696
0 0.265625 0.8557692307692307 0.03245192307692308 0.021634615384615384
0 0.3016826923076923 0.8533653846153846 0.03485576923076923 0.026442307692307692
0 0.34375 0.8485576923076923 0.038461538461538464 0.03125
0 0.39302884615384615 0.8293269230769231 0.030048076923076924 0.028846153846153848
0 0.6514423076923077 0.8221153846153846 0.03365384615384615 0.09735576923076923
0 0.4387019230769231 0.8245192307692307 0.037259615384615384 0.08052884615384616
0 0.4795673076923077 0.828125 0.040865384615384616 0.07211538461538461
0 0.515625 0.8100961538461539 0.016826923076923076 0.06009615384615385
0 0.5576923076923077 0.8425480769230769 0.04807692307692308 0.04326923076923077
0 0.6069711538461539 0.8293269230769231 0.04447115384615385 0.07692307692307693
0 0.06971153846153846 0.8112980769230769 0.06129807692307692 0.037259615384615384
0 0.6959134615384616 0.8209134615384616 0.039663461538461536 0.09375
0 0.7367788461538461 0.8209134615384616 0.037259615384615384 0.09254807692307693
0 0.7800480769230769 0.8197115384615384 0.040865384615384616 0.09375
0 0.8221153846153846 0.8185096153846154 0.037259615384615384 0.09375
0 0.8689903846153846 0.8341346153846154 0.039663461538461536 0.06971153846153846
0 0.39663461538461536 0.7836538461538461 0.036057692307692304 0.051682692307692304
0 0.1310096153846154 0.8137019230769231 0.054086538461538464 0.030048076923076924
0 0.6622596153846154 0.46033653846153844 0.05048076923076923 0.09735576923076923
0 0.06610576923076923 0.8509615384615384 0.06971153846153846 0.03365384615384615
0 0.21033653846153846 0.6959134615384616 0.040865384615384616 0.07932692307692307
0 0.2608173076923077 0.6959134615384616 0.04807692307692308 0.08533653846153846
0 0.30528846153846156 0.6947115384615384 0.040865384615384616 0.07932692307692307
0 0.34615384615384615 0.6947115384615384 0.039663461538461536 0.08173076923076923
0 0.39302884615384615 0.6935096153846154 0.04447115384615385 0.08173076923076923
0 0.4362980769230769 0.6935096153846154 0.042067307692307696 0.08413461538461539
0 0.4795673076923077 0.6983173076923077 0.036057692307692304 0.0673076923076923
0 0.5180288461538461 0.6995192307692307 0.038461538461538464 0.06850961538461539
0 0.5637019230769231 0.6935096153846154 0.04326923076923077 0.0829326923076923
0 0.6081730769230769 0.6947115384615384 0.042067307692307696 0.08173076923076923
0 0.6502403846153846 0.6935096153846154 0.03365384615384615 0.08533653846153846
0 0.6947115384615384 0.6947115384615384 0.04567307692307692 0.08052884615384616
0 0.7307692307692307 0.6947115384615384 0.026442307692307692 0.07932692307692307
0 0.7632211538461539 0.6959134615384616 0.03365384615384615 0.0829326923076923
0 0.9278846153846154 0.8341346153846154 0.07692307692307693 0.07451923076923077
0 0.7932692307692307 0.6935096153846154 0.02403846153846154 0.0829326923076923
0 0.8257211538461539 0.6947115384615384 0.037259615384615384 0.08413461538461539
0 0.8725961538461539 0.7055288461538461 0.03365384615384615 0.06009615384615385
0 0.9182692307692307 0.6995192307692307 0.052884615384615384 0.0733173076923077
0 0.9747596153846154 0.7079326923076923 0.04927884615384615 0.06850961538461539
0 0.015625 0.8329326923076923 0.03125 0.07451923076923077
0 0.13221153846153846 0.8497596153846154 0.057692307692307696 0.03245192307692308
0 0.984375 0.8473557692307693 0.030048076923076924 0.051682692307692304
0 0.14903846153846154 0.6105769230769231 0.03245192307692308 0.046875
0 0.23557692307692307 0.14302884615384615 0.02403846153846154 0.08173076923076923
0 0.5252403846153846 0.46033653846153844 0.036057692307692304 0.08653846153846154
0 0.5612980769230769 0.46274038461538464 0.038461538461538464 0.0829326923076923
0 0.6081730769230769 0.4579326923076923 0.04567307692307692 0.0985576923076923
0 0.09134615384615384 0.36658653846153844 0.042067307692307696 0.03245192307692308
0 0.7283653846153846 0.4579326923076923 0.07692307692307693 0.09254807692307693
0 0.7896634615384616 0.4567307692307692 0.03125 0.09375
0 0.8209134615384616 0.4579326923076923 0.02283653846153846 0.10096153846153846
0 0.8509615384615384 0.4795673076923077 0.028846153846153848 0.054086538461538464
0 0.9362980769230769 0.3389423076923077 0.03365384615384615 0.06610576923076923
0 0.9350961538461539 0.3942307692307692 0.015625 0.04447115384615385
0 0.04927884615384615 0.40024038461538464 0.04326923076923077 0.03485576923076923
0 0.9182692307692307 0.41225961538461536 0.015625 0.0733173076923077
0 0.9771634615384616 0.4170673076923077 0.04326923076923077 0.07692307692307693
0 0.056490384615384616 0.3641826923076923 0.021634615384615384 0.03365384615384615
0 0.02403846153846154 0.29927884615384615 0.04567307692307692 0.027644230769230768
0 0.07091346153846154 0.296875 0.04567307692307692 0.03485576923076923
0 0.03125 0.5793269230769231 0.04326923076923077 0.036057692307692304
0 0.03245192307692308 0.6141826923076923 0.04807692307692308 0.028846153846153848
0 0.07572115384615384 0.6069711538461539 0.038461538461538464 0.04567307692307692
0 0.11658653846153846 0.5961538461538461 0.028846153846153848 0.06490384615384616
0 0.06971153846153846 0.2608173076923077 0.04447115384615385 0.03485576923076923
0 0.12259615384615384 0.25961538461538464 0.046875 0.03245192307692308
0 0.9014423076923077 0.43990384615384615 0.015625 0.06850961538461539
0 0.49038461538461536 0.45913461538461536 0.028846153846153848 0.09014423076923077
0 0.46033653846153844 0.4579326923076923 0.030048076923076924 0.09014423076923077
0 0.4170673076923077 0.45913461538461536 0.05048076923076923 0.0889423076923077
0 0.27283653846153844 0.1466346153846154 0.04447115384615385 0.026442307692307692
0 0.3137019230769231 0.5877403846153846 0.026442307692307692 0.08653846153846154
0 0.27884615384615385 0.5877403846153846 0.03485576923076923 0.0829326923076923
0 0.24278846153846154 0.5877403846153846 0.026442307692307692 0.08413461538461539
0 0.20673076923076922 0.5877403846153846 0.038461538461538464 0.0829326923076923
0 0.17067307692307693 0.7163461538461539 0.03485576923076923 0.05889423076923077
0 0.4987980769230769 0.3605769230769231 0.038461538461538464 0.0673076923076923
0 0.45552884615384615 0.3605769230769231 0.030048076923076924 0.06370192307692307
0 0.42427884615384615 0.3605769230769231 0.027644230769230768 0.06009615384615385
0 0.38341346153846156 0.3641826923076923 0.04807692307692308 0.056490384615384616
0 0.34134615384615385 0.3786057692307692 0.03485576923076923 0.027644230769230768
0 0.25841346153846156 0.3641826923076923 0.05048076923076923 0.06129807692307692
0 0.2091346153846154 0.37740384615384615 0.030048076923076924 0.028846153846153848
0 0.16947115384615385 0.3786057692307692 0.037259615384615384 0.02403846153846154
0 0.4579326923076923 0.17548076923076922 0.037259615384615384 0.026442307692307692
0 0.45552884615384615 0.14543269230769232 0.042067307692307696 0.028846153846153848
0 0.41225961538461536 0.14783653846153846 0.040865384615384616 0.025240384615384616
0 0.31971153846153844 0.1502403846153846 0.04447115384615385 0.08533653846153846
0 0.2764423076923077 0.17548076923076922 0.04567307692307692 0.027644230769230768
0 0.12980769230769232 0.3918269230769231 0.026442307692307692 0.057692307692307696
0 0.09014423076923077 0.4014423076923077 0.040865384615384616 0.03485576923076923
0 0.3329326923076923 0.4855769230769231 0.027644230769230768 0.03365384615384615
0 0.36899038461538464 0.4675480769230769 0.038461538461538464 0.07211538461538461
0 0.16706730769230768 0.15865384615384615 0.04326923076923077 0.04927884615384615
0 0.125 0.7223557692307693 0.055288461538461536 0.037259615384615384
0 0.7439903846153846 0.5853365384615384 0.054086538461538464 0.09134615384615384
0 0.015625 0.4891826923076923 0.030048076923076924 0.09375
0 0.9639423076923077 0.22956730769230768 0.06009615384615385 0.03485576923076923
0 0.8846153846153846 0.16105769230769232 0.036057692307692304 0.06009615384615385
0 0.8473557692307693 0.15384615384615385 0.028846153846153848 0.06850961538461539
0 0.8161057692307693 0.1502403846153846 0.025240384615384616 0.07932692307692307
0 0.7836538461538461 0.15144230769230768 0.037259615384615384 0.078125
0 0.7391826923076923 0.17427884615384615 0.04567307692307692 0.03365384615384615
0 0.6826923076923077 0.1466346153846154 0.051682692307692304 0.028846153846153848
0 0.6105769230769231 0.14903846153846154 0.03245192307692308 0.08413461538461539
0 0.5444711538461539 0.15625 0.046875 0.07091346153846154
0 0.41466346153846156 0.17548076923076922 0.04326923076923077 0.027644230769230768
0 0.0985576923076923 0.4987980769230769 0.03245192307692308 0.06610576923076923
0 0.13822115384615385 0.5012019230769231 0.036057692307692304 0.06610576923076923
0 0.13822115384615385 0.4567307692307692 0.036057692307692304 0.019230769230769232
0 0.18269230769230768 0.4579326923076923 0.042067307692307696 0.08774038461538461
0 0.052884615384615384 0.5012019230769231 0.04326923076923077 0.06850961538461539
0 0.25841346153846156 0.45552884615384615 0.03485576923076923 0.09014423076923077
0 0.2956730769230769 0.46033653846153844 0.036057692307692304 0.0829326923076923
0 0.34375 0.41466346153846156 0.039663461538461536 0.019230769230769232
0 0.33052884615384615 0.4543269230769231 0.03245192307692308 0.030048076923076924
0 0.42427884615384615 0.609375 0.056490384615384616 0.042067307692307696
0 0.3798076923076923 0.5877403846153846 0.02403846153846154 0.0889423076923077
0 0.3473557692307692 0.5889423076923077 0.03245192307692308 0.08774038461538461
0 0.7091346153846154 0.3581730769230769 0.03245192307692308 0.06850961538461539
0 0.6778846153846154 0.359375 0.025240384615384616 0.06490384615384616
0 0.6454326923076923 0.3629807692307692 0.037259615384615384 0.05889423076923077
0 0.5961538461538461 0.36538461538461536 0.039663461538461536 0.06370192307692307
0 0.5480769230769231 0.3641826923076923 0.04447115384615385 0.06129807692307692
0 0.027644230769230768 0.16346153846153846 0.054086538461538464 0.03485576923076923
0 0.02403846153846154 0.12620192307692307 0.046875 0.03485576923076923
0 0.8701923076923077 0.2668269230769231 0.04447115384615385 0.06370192307692307
0 0.8257211538461539 0.2824519230769231 0.039663461538461536 0.03365384615384615
0 0.21995192307692307 0.45552884615384615 0.036057692307692304 0.09014423076923077
0 0.78125 0.28725961538461536 0.04326923076923077 0.026442307692307692
0 0.8569711538461539 0.36177884615384615 0.03485576923076923 0.06850961538461539
0 0.8221153846153846 0.3605769230769231 0.03245192307692308 0.06370192307692307
0 0.7848557692307693 0.36177884615384615 0.038461538461538464 0.055288461538461536
0 0.056490384615384616 0.71875 0.07451923076923077 0.042067307692307696
0 0.96875 0.578125 0.06009615384615385 0.08052884615384616
0 0.8978365384615384 0.5769230769230769 0.0625 0.08413461538461539
0 0.8293269230769231 0.5901442307692307 0.04447115384615385 0.08413461538461539
0 0.7836538461538461 0.25240384615384615 0.040865384615384616 0.040865384615384616
0 0.7884615384615384 0.5865384615384616 0.03245192307692308 0.08653846153846154
0 0.19471153846153846 0.27283653846153844 0.0829326923076923 0.04927884615384615
0 0.6887019230769231 0.5841346153846154 0.05048076923076923 0.09014423076923077
0 0.6370192307692307 0.5829326923076923 0.04567307692307692 0.0985576923076923
0 0.5841346153846154 0.5805288461538461 0.052884615384615384 0.10336538461538461
0 0.53125 0.5853365384615384 0.04326923076923077 0.09014423076923077
0 0.4795673076923077 0.6081730769230769 0.052884615384615384 0.04447115384615385
0 0.11778846153846154 0.2956730769230769 0.04807692307692308 0.037259615384615384
0 0.25721153846153844 0.25961538461538464 0.039663461538461536 0.07451923076923077
0 0.5600961538461539 0.26322115384615385 0.039663461538461536 0.02403846153846154
0 0.6550480769230769 0.2860576923076923 0.038461538461538464 0.02403846153846154
0 0.6069711538461539 0.2620192307692308 0.04927884615384615 0.07091346153846154
0 0.5612980769230769 0.28725961538461536 0.040865384615384616 0.02403846153846154
0 0.65625 0.2608173076923077 0.039663461538461536 0.02403846153846154
0 0.6971153846153846 0.28725961538461536 0.039663461538461536 0.026442307692307692
0 0.02283653846153846 0.26802884615384615 0.04567307692307692 0.030048076923076924
0 0.5204326923076923 0.2860576923076923 0.040865384615384616 0.025240384615384616
0 0.47115384615384615 0.2620192307692308 0.051682692307692304 0.0733173076923077
0 0.4230769230769231 0.28365384615384615 0.039663461538461536 0.025240384615384616
0 0.3798076923076923 0.25721153846153844 0.04567307692307692 0.08173076923076923
0 0.2980769230769231 0.25961538461538464 0.037259615384615384 0.07211538461538461
0 0.7355769230769231 0.26802884615384615 0.037259615384615384 0.06490384615384616
0 0.6959134615384616 0.25961538461538464 0.036057692307692304 0.02403846153846154