0 0.8689903846153846 0.5444711538461539 0.05048076923076923 0.027644230769230768
0 0.7788461538461539 0.5384615384615384 0.10336538461538461 0.030048076923076924
0 0.7740384615384616 0.5793269230769231 0.0985576923076923 0.036057692307692304
0 0.7740384615384616 0.6394230769230769 0.09375 0.07451923076923077
0 0.6826923076923077 0.6478365384615384 0.06129807692307692 0.057692307692307696
0 0.6899038461538461 0.5252403846153846 0.07091346153846154 0.06610576923076923
0 0.6887019230769231 0.5889423076923077 0.0733173076923077 0.05889423076923077
0 0.6153846153846154 0.5276442307692307 0.07211538461538461 0.05889423076923077
0 0.6153846153846154 0.5877403846153846 0.06971153846153846 0.052884615384615384
0 0.6165865384615384 0.6454326923076923 0.06971153846153846 0.057692307692307696
0 0.5492788461538461 0.6382211538461539 0.06490384615384616 0.06490384615384616
0 0.5396634615384616 0.5060096153846154 0.057692307692307696 0.030048076923076924
0 0.546875 0.5661057692307693 0.056490384615384616 0.08052884615384616
0 0.4735576923076923 0.5288461538461539 0.0733173076923077 0.0625
0 0.47716346153846156 0.5841346153846154 0.078125 0.04927884615384615
0 0.48197115384615385 0.6394230769230769 0.06850961538461539 0.05889423076923077
0 0.16346153846153846 0.5432692307692307 0.0889423076923077 0.08052884615384616
0 0.25600961538461536 0.5324519230769231 0.0829326923076923 0.078125
0 0.23317307692307693 0.6274038461538461 0.08533653846153846 0.0829326923076923
0 0.14783653846153846 0.6310096153846154 0.08173076923076923 0.08052884615384616
0 0.33413461538461536 0.640625 0.11538461538461539 0.057692307692307696
0 0.36658653846153844 0.5865384615384616 0.042067307692307696 0.040865384615384616
0 0.05889423076923077 0.6286057692307693 0.09014423076923077 0.07091346153846154
0 0.36778846153846156 0.5348557692307693 0.05889423076923077 0.046875
0 0.40865384615384615 0.625 0.03125 0.05889423076923077
0 0.43509615384615385 0.6418269230769231 0.02283653846153846 0.054086538461538464
0 0.07932692307692307 0.5528846153846154 0.06610576923076923 0.06971153846153846
0 0.875 0.640625 0.10336538461538461 0.07091346153846154
0 0.7103365384615384 0.7367788461538461 0.07692307692307693 0.052884615384615384
0 0.9615384615384616 0.5709134615384616 0.07211538461538461 0.06490384615384616
0 0.29927884615384615 0.7992788461538461 0.05048076923076923 0.036057692307692304
0 0.34615384615384615 0.7992788461538461 0.04567307692307692 0.036057692307692304
0 0.3942307692307692 0.796875 0.04807692307692308 0.040865384615384616
0 0.44350961538461536 0.8004807692307693 0.046875 0.03485576923076923
0 0.29086538461538464 0.8545673076923077 0.04807692307692308 0.07091346153846154
0 0.34134615384615385 0.8533653846153846 0.05048076923076923 0.06370192307692307
0 0.3942307692307692 0.8509615384615384 0.052884615384615384 0.06370192307692307
0 0.44711538461538464 0.8521634615384616 0.054086538461538464 0.06490384615384616
0 0.5300480769230769 0.8497596153846154 0.10817307692307693 0.0733173076923077
0 0.5264423076923077 0.7704326923076923 0.11057692307692307 0.08533653846153846
0 0.6262019230769231 0.75 0.0829326923076923 0.06370192307692307
0 0.640625 0.84375 0.10697115384615384 0.08533653846153846
0 0.7439903846153846 0.8329326923076923 0.08774038461538461 0.0889423076923077
0 0.9651442307692307 0.6418269230769231 0.06850961538461539 0.06971153846153846
0 0.02403846153846154 0.5516826923076923 0.046875 0.07451923076923077
0 0.5997596153846154 0.9411057692307693 0.078125 0.03365384615384615
0 0.6923076923076923 0.9350961538461539 0.07451923076923077 0.019230769230769232
0 0.515625 0.9651442307692307 0.09375 0.06610576923076923
0 0.44471153846153844 0.9435096153846154 0.04807692307692308 0.042067307692307696
0 0.33774038461538464 0.9771634615384616 0.04807692307692308 0.026442307692307692
0 0.3918269230769231 0.984375 0.04447115384615385 0.027644230769230768
0 0.2644230769230769 0.9579326923076923 0.07692307692307693 0.06971153846153846
0 0.109375 0.9603365384615384 0.08653846153846154 0.07451923076923077
0 0.03125 0.9579326923076923 0.0625 0.06971153846153846
0 0.1141826923076923 0.8461538461538461 0.09495192307692307 0.07572115384615384
0 0.03245192307692308 0.8365384615384616 0.06370192307692307 0.08774038461538461
0 0.05889423076923077 0.7283653846153846 0.08052884615384616 0.056490384615384616
0 0.9579326923076923 0.5120192307692307 0.07932692307692307 0.04807692307692308
0 0.8209134615384616 0.7824519230769231 0.04927884615384615 0.11658653846153846
0 0.019230769230769232 0.3713942307692308 0.038461538461538464 0.04567307692307692
0 0.5456730769230769 0.34615384615384615 0.05048076923076923 0.07091346153846154
0 0.07572115384615384 0.36658653846153844 0.06370192307692307 0.03245192307692308
0 0.8173076923076923 0.22596153846153846 0.08413461538461539 0.06971153846153846
0 0.8161057692307693 0.1466346153846154 0.0829326923076923 0.08052884615384616
0 0.7319711538461539 0.15264423076923078 0.08413461538461539 0.0733173076923077
0 0.7331730769230769 0.2283653846153846 0.0829326923076923 0.07211538461538461
0 0.6478365384615384 0.22956730769230768 0.08413461538461539 0.07091346153846154
0 0.6478365384615384 0.15384615384615385 0.07932692307692307 0.078125
0 0.5661057692307693 0.15745192307692307 0.0829326923076923 0.07572115384615384
0 0.5649038461538461 0.23076923076923078 0.08173076923076923 0.06971153846153846
0 0.4951923076923077 0.23557692307692307 0.055288461538461536 0.054086538461538464
0 0.43990384615384615 0.23677884615384615 0.054086538461538464 0.054086538461538464
0 0.49759615384615385 0.17548076923076922 0.054086538461538464 0.06009615384615385
0 0.4423076923076923 0.17668269230769232 0.054086538461538464 0.06370192307692307
0 0.38822115384615385 0.12139423076923077 0.051682692307692304 0.042067307692307696
0 0.4495192307692308 0.1141826923076923 0.05889423076923077 0.06009615384615385
0 0.3858173076923077 0.17668269230769232 0.051682692307692304 0.06490384615384616
0 0.38341346153846156 0.23557692307692307 0.055288461538461536 0.052884615384615384
0 0.021634615384615384 0.21153846153846154 0.040865384615384616 0.0985576923076923
0 0.09254807692307693 0.15384615384615385 0.07932692307692307 0.0673076923076923
0 0.08173076923076923 0.2247596153846154 0.078125 0.06850961538461539
0 0.16346153846153846 0.22596153846153846 0.08413461538461539 0.06971153846153846
0 0.18389423076923078 0.16105769230769232 0.08774038461538461 0.046875
0 0.1814903846153846 0.1201923076923077 0.07572115384615384 0.03485576923076923
0 0.2620192307692308 0.12620192307692307 0.04326923076923077 0.039663461538461536
0 0.3233173076923077 0.14423076923076922 0.06850961538461539 0.09014423076923077
0 0.31971153846153844 0.22716346153846154 0.07091346153846154 0.06850961538461539
0 0.24639423076923078 0.22235576923076922 0.07572115384615384 0.0733173076923077
0 0.1622596153846154 0.7379807692307693 0.0985576923076923 0.05048076923076923
0 0.8942307692307693 0.18870192307692307 0.06850961538461539 0.1346153846153846
0 0.02403846153846154 0.4326923076923077 0.046875 0.0733173076923077
0 0.9639423076923077 0.1045673076923077 0.0673076923076923 0.040865384615384616
0 0.9783653846153846 0.3425480769230769 0.038461538461538464 0.08413461538461539
0 0.09495192307692307 0.42908653846153844 0.09254807692307693 0.06850961538461539
0 0.15384615384615385 0.36899038461538464 0.08774038461538461 0.03485576923076923
0 0.17548076923076922 0.42908653846153844 0.0625 0.0625
0 0.24158653846153846 0.42908653846153844 0.06971153846153846 0.07091346153846154
0 0.2283653846153846 0.375 0.055288461538461536 0.026442307692307692
0 0.28846153846153844 0.37259615384615385 0.05889423076923077 0.026442307692307692
0 0.3485576923076923 0.36899038461538464 0.054086538461538464 0.025240384615384616
0 0.31971153846153844 0.4266826923076923 0.08533653846153846 0.0733173076923077
0 0.44471153846153844 0.3701923076923077 0.03245192307692308 0.042067307692307696
0 0.40384615384615385 0.3713942307692308 0.042067307692307696 0.037259615384615384
0 0.390625 0.43149038461538464 0.051682692307692304 0.0733173076923077
0 0.4411057692307692 0.43028846153846156 0.04927884615384615 0.07451923076923077
0 0.49278846153846156 0.4326923076923077 0.05048076923076923 0.07091346153846154
0 0.4891826923076923 0.35697115384615385 0.05048076923076923 0.07692307692307693
0 0.546875 0.4266826923076923 0.054086538461538464 0.08774038461538461
0 0.6021634615384616 0.34615384615384615 0.056490384615384616 0.0829326923076923
0 0.6021634615384616 0.42908653846153844 0.055288461538461536 0.0829326923076923
0 0.65625 0.42908653846153844 0.051682692307692304 0.08052884615384616
0 0.6574519230769231 0.3473557692307692 0.052884615384615384 0.08173076923076923
0 0.7151442307692307 0.3473557692307692 0.057692307692307696 0.08052884615384616
0 0.7115384615384616 0.43028846153846156 0.05889423076923077 0.078125
0 0.7752403846153846 0.34615384615384615 0.057692307692307696 0.09014423076923077
0 0.7788461538461539 0.42788461538461536 0.06009615384615385 0.07451923076923077
0 0.8389423076923077 0.42908653846153844 0.055288461538461536 0.07572115384615384
0 0.8341346153846154 0.34975961538461536 0.06009615384615385 0.07932692307692307
0 0.9134615384615384 0.3401442307692308 0.08774038461538461 0.08413461538461539
0 0.9170673076923077 0.42427884615384615 0.09495192307692307 0.0829326923076923
0 0.9651442307692307 0.19230769230769232 0.06490384615384616 0.1346153846153846
0 0.21754807692307693 0.8305288461538461 0.09735576923076923 0.10817307692307693