0 0.7788461538461539 0.19110576923076922 0.03485576923076923 0.0985576923076923
0 0.7475961538461539 0.18990384615384615 0.02403846153846154 0.08413461538461539
0 0.71875 0.19110576923076922 0.03245192307692308 0.08173076923076923
0 0.6334134615384616 0.19230769230769232 0.02283653846153846 0.04927884615384615
0 0.6081730769230769 0.18870192307692307 0.025240384615384616 0.06009615384615385
0 0.49038461538461536 0.1622596153846154 0.020432692307692308 0.078125
0 0.5649038461538461 0.18389423076923078 0.018028846153846152 0.054086538461538464
0 0.5120192307692307 0.1622596153846154 0.026442307692307692 0.07572115384615384
0 0.9086538461538461 0.38221153846153844 0.028846153846153848 0.04927884615384615
0 0.46634615384615385 0.15985576923076922 0.02283653846153846 0.0733173076923077
0 0.8461538461538461 0.21995192307692307 0.03365384615384615 0.04567307692307692
0 0.5829326923076923 0.18509615384615385 0.019230769230769232 0.05048076923076923
0 0.8112980769230769 0.19230769230769232 0.028846153846153848 0.09375
0 0.9435096153846154 0.38341346153846156 0.039663461538461536 0.046875
0 0.44471153846153844 0.15264423076923078 0.02283653846153846 0.08653846153846154
0 0.7463942307692307 0.6634615384615384 0.03485576923076923 0.06009615384615385
0 0.78125 0.6598557692307693 0.036057692307692304 0.052884615384615384
0 0.8245192307692307 0.6574519230769231 0.04447115384615385 0.052884615384615384
0 0.8581730769230769 0.6478365384615384 0.018028846153846152 0.04807692307692308
0 0.8894230769230769 0.6514423076923077 0.025240384615384616 0.03245192307692308
0 0.9038461538461539 0.5985576923076923 0.038461538461538464 0.052884615384615384
0 0.9519230769230769 0.6009615384615384 0.039663461538461536 0.056490384615384616
0 0.9831730769230769 0.6310096153846154 0.026442307692307692 0.04807692307692308
0 0.9266826923076923 0.6502403846153846 0.027644230769230768 0.02403846153846154
0 0.953125 0.6490384615384616 0.02403846153846154 0.027644230769230768
0 0.056490384615384616 0.5805288461538461 0.05048076923076923 0.125
0 0.1141826923076923 0.578125 0.06129807692307692 0.12860576923076922
0 0.16105769230769232 0.5504807692307693 0.03245192307692308 0.10096153846153846
0 0.7115384615384616 0.6634615384615384 0.03485576923076923 0.06129807692307692
0 0.23317307692307693 0.5697115384615384 0.054086538461538464 0.11298076923076923
0 0.33533653846153844 0.5649038461538461 0.040865384615384616 0.1045673076923077
0 0.3798076923076923 0.5600961538461539 0.04447115384615385 0.11298076923076923
0 0.43509615384615385 0.5600961538461539 0.042067307692307696 0.09975961538461539
0 0.47596153846153844 0.5564903846153846 0.036057692307692304 0.1045673076923077
0 0.5180288461538461 0.5588942307692307 0.036057692307692304 0.1045673076923077
0 0.5540865384615384 0.5564903846153846 0.037259615384615384 0.09495192307692307
0 0.5925480769230769 0.5516826923076923 0.037259615384615384 0.09495192307692307
0 0.6286057692307693 0.5504807692307693 0.037259615384615384 0.09495192307692307
0 0.6995192307692307 0.546875 0.03125 0.09495192307692307
0 0.7259615384615384 0.5432692307692307 0.026442307692307692 0.09014423076923077
0 0.7572115384615384 0.5456730769230769 0.026442307692307692 0.09014423076923077
0 0.7848557692307693 0.5444711538461539 0.027644230769230768 0.09014423076923077
0 0.8762019230769231 0.5216346153846154 0.040865384615384616 0.04807692307692308
0 0.28966346153846156 0.5685096153846154 0.04927884615384615 0.11057692307692307
0 0.671875 0.6514423076923077 0.039663461538461536 0.10096153846153846
0 0.6298076923076923 0.65625 0.042067307692307696 0.0985576923076923
0 0.5913461538461539 0.6622596153846154 0.03245192307692308 0.09735576923076923
0 0.5925480769230769 0.7836538461538461 0.042067307692307696 0.10817307692307693
0 0.38822115384615385 0.14783653846153846 0.055288461538461536 0.08413461538461539
0 0.3293269230769231 0.13942307692307693 0.054086538461538464 0.08533653846153846
0 0.2824519230769231 0.15865384615384615 0.040865384615384616 0.04447115384615385
0 0.23317307692307693 0.12620192307692307 0.030048076923076924 0.078125
0 0.20072115384615385 0.1201923076923077 0.03245192307692308 0.0889423076923077
0 0.6430288461538461 0.7620192307692307 0.04326923076923077 0.08774038461538461
0 0.7127403846153846 0.765625 0.027644230769230768 0.10336538461538461
0 0.7403846153846154 0.7632211538461539 0.026442307692307692 0.09975961538461539
0 0.7644230769230769 0.7584134615384616 0.020432692307692308 0.0889423076923077
0 0.7884615384615384 0.7596153846153846 0.027644230769230768 0.08533653846153846
0 0.8173076923076923 0.75 0.025240384615384616 0.0889423076923077
0 0.8449519230769231 0.7475961538461539 0.03125 0.09254807692307693
0 0.8966346153846154 0.7367788461538461 0.02283653846153846 0.07211538461538461
0 0.9206730769230769 0.7307692307692307 0.02403846153846154 0.08653846153846154
0 0.9399038461538461 0.7223557692307693 0.020432692307692308 0.07932692307692307
0 0.9615384615384616 0.7199519230769231 0.020432692307692308 0.08413461538461539
0 0.9855769230769231 0.7175480769230769 0.027644230769230768 0.08653846153846154
0 0.028846153846153848 0.7584134615384616 0.056490384615384616 0.046875
0 0.0889423076923077 0.7223557692307693 0.04927884615384615 0.10336538461538461
0 0.14182692307692307 0.7175480769230769 0.04927884615384615 0.10336538461538461
0 0.27524038461538464 0.6935096153846154 0.040865384615384616 0.109375
0 0.31971153846153844 0.6899038461538461 0.040865384615384616 0.11778846153846154
0 0.3581730769230769 0.6826923076923077 0.037259615384615384 0.11057692307692307
0 0.39903846153846156 0.6814903846153846 0.039663461538461536 0.09975961538461539
0 0.4375 0.6790865384615384 0.037259615384615384 0.0985576923076923
0 0.47716346153846156 0.6754807692307693 0.039663461538461536 0.09735576923076923
0 0.5192307692307693 0.6634615384615384 0.037259615384615384 0.10216346153846154
0 0.5540865384615384 0.6622596153846154 0.03485576923076923 0.10096153846153846
0 0.9170673076923077 0.5228365384615384 0.037259615384615384 0.042067307692307696
0 0.9543269230769231 0.5204326923076923 0.037259615384615384 0.042067307692307696
0 0.6646634615384616 0.546875 0.03125 0.09495192307692307
0 0.10216346153846154 0.421875 0.06370192307692307 0.12620192307692307
0 0.5300480769230769 0.2932692307692308 0.03365384615384615 0.10216346153846154
0 0.4951923076923077 0.28365384615384615 0.037259615384615384 0.11177884615384616
0 0.44591346153846156 0.28365384615384615 0.04326923076923077 0.11177884615384616
0 0.3942307692307692 0.28725961538461536 0.057692307692307696 0.11177884615384616
0 0.32211538461538464 0.24519230769230768 0.078125 0.125
0 0.036057692307692304 0.421875 0.057692307692307696 0.12379807692307693
0 0.5096153846153846 0.796875 0.04567307692307692 0.11658653846153846
0 0.4567307692307692 0.8076923076923077 0.04567307692307692 0.10817307692307693
0 0.41225961538461536 0.8269230769230769 0.039663461538461536 0.10817307692307693
0 0.3713942307692308 0.8293269230769231 0.037259615384615384 0.10336538461538461
0 0.32091346153846156 0.8389423076923077 0.0625 0.10697115384615384
0 0.2548076923076923 0.8509615384615384 0.055288461538461536 0.09735576923076923
0 0.18990384615384615 0.8665865384615384 0.07091346153846154 0.125
0 0.10817307692307693 0.8774038461538461 0.07572115384615384 0.11538461538461539
0 0.03485576923076923 0.8870192307692307 0.0673076923076923 0.11658653846153846
0 0.8762019230769231 0.2247596153846154 0.026442307692307692 0.037259615384615384
0 0.9026442307692307 0.2283653846153846 0.02283653846153846 0.039663461538461536
0 0.9266826923076923 0.234375 0.026442307692307692 0.039663461538461536
0 0.9567307692307693 0.23677884615384615 0.03365384615384615 0.042067307692307696
0 0.984375 0.23798076923076922 0.02283653846153846 0.038461538461538464
0 0.21754807692307693 0.26802884615384615 0.055288461538461536 0.12980769230769232
0 0.14423076923076922 0.21394230769230768 0.0889423076923077 0.109375
0 0.06490384615384616 0.25721153846153844 0.0673076923076923 0.13581730769230768
0 0.9651442307692307 0.4495192307692308 0.04447115384615385 0.05048076923076923
0 0.8798076923076923 0.4543269230769231 0.04807692307692308 0.04567307692307692
0 0.578125 0.29927884615384615 0.036057692307692304 0.10576923076923077
0 0.6177884615384616 0.2956730769230769 0.037259615384615384 0.10576923076923077
0 0.5540865384615384 0.7920673076923077 0.038461538461538464 0.11298076923076923
0 0.6947115384615384 0.30649038461538464 0.039663461538461536 0.10216346153846154
0 0.40384615384615385 0.41947115384615385 0.05889423076923077 0.11658653846153846
0 0.3401442307692308 0.4170673076923077 0.05048076923076923 0.11778846153846154
0 0.28846153846153844 0.4338942307692308 0.04807692307692308 0.08533653846153846
0 0.23076923076923078 0.4375 0.06129807692307692 0.08533653846153846
0 0.16947115384615385 0.4170673076923077 0.055288461538461536 0.13221153846153846
0 0.6550480769230769 0.2932692307692308 0.03485576923076923 0.11177884615384616
0 0.4519230769230769 0.4206730769230769 0.039663461538461536 0.11778846153846154
0 0.49399038461538464 0.41466346153846156 0.039663461538461536 0.11899038461538461
0 0.5420673076923077 0.421875 0.04567307692307692 0.10216346153846154
0 0.5865384615384616 0.4254807692307692 0.038461538461538464 0.0985576923076923
0 0.6310096153846154 0.4230769230769231 0.040865384615384616 0.10096153846153846
0 0.671875 0.4230769230769231 0.039663461538461536 0.10216346153846154
0 0.7475961538461539 0.4206730769230769 0.036057692307692304 0.09495192307692307
0 0.7836538461538461 0.4182692307692308 0.03365384615384615 0.0985576923076923
0 0.7115384615384616 0.4230769230769231 0.038461538461538464 0.09615384615384616
0 0.8834134615384616 0.38461538461538464 0.021634615384615384 0.04807692307692308
0 0.7451923076923077 0.31009615384615385 0.03245192307692308 0.10096153846153846
0 0.7764423076923077 0.31009615384615385 0.026442307692307692 0.0985576923076923
0 0.8076923076923077 0.3112980769230769 0.03485576923076923 0.10336538461538461
0 0.8653846153846154 0.30408653846153844 0.046875 0.052884615384615384
0 0.8533653846153846 0.38221153846153844 0.03485576923076923 0.054086538461538464
0 0.028846153846153848 0.08774038461538461 0.056490384615384616 0.1141826923076923
0 0.9459134615384616 0.32091346153846156 0.04326923076923077 0.046875
0 0.08052884615384616 0.09375 0.04447115384615385 0.10216346153846154
0 0.1310096153846154 0.1045673076923077 0.04326923076923077 0.12379807692307693
0 0.16706730769230768 0.12139423076923077 0.03245192307692308 0.0889423076923077