0 0.7151442307692307 0.8882211538461539 0.12379807692307693 0.018028846153846152
0 0.8485576923076923 0.7728365384615384 0.13221153846153846 0.02283653846153846
0 0.8485576923076923 0.796875 0.12860576923076922 0.02403846153846154
0 0.46875 0.8449519230769231 0.12259615384615384 0.019230769230769232
0 0.4675480769230769 0.8665865384615384 0.12259615384615384 0.018028846153846152
0 0.4699519230769231 0.8882211538461539 0.12259615384615384 0.018028846153846152
0 0.71875 0.8689903846153846 0.12259615384615384 0.018028846153846152
0 0.59375 0.8461538461538461 0.1201923076923077 0.020432692307692308
0 0.5925480769230769 0.8689903846153846 0.12139423076923077 0.019230769230769232
0 0.5913461538461539 0.8882211538461539 0.1201923076923077 0.019230769230769232
0 0.59375 0.9086538461538461 0.1201923076923077 0.016826923076923076
0 0.7247596153846154 0.8449519230769231 0.12139423076923077 0.016826923076923076
0 0.7163461538461539 0.9086538461538461 0.11899038461538461 0.019230769230769232
0 0.46634615384615385 0.9074519230769231 0.12379807692307693 0.018028846153846152
0 0.8509615384615384 0.8617788461538461 0.12379807692307693 0.018028846153846152
0 0.05048076923076923 0.13701923076923078 0.02403846153846154 0.10336538461538461
0 0.8401442307692307 0.9086538461538461 0.12139423076923077 0.02283653846153846
0 0.9555288461538461 0.8401442307692307 0.08774038461538461 0.01201923076923077
0 0.8461538461538461 0.7463942307692307 0.12980769230769232 0.021634615384615384
0 0.9579326923076923 0.8605769230769231 0.0829326923076923 0.020432692307692308
0 0.9555288461538461 0.8858173076923077 0.08774038461538461 0.02283653846153846
0 0.9543269230769231 0.9074519230769231 0.08653846153846154 0.021634615384615384
0 0.9651442307692307 0.5829326923076923 0.06490384615384616 0.021634615384615384
0 0.9651442307692307 0.5600961538461539 0.06850961538461539 0.019230769230769232
0 0.8689903846153846 0.6069711538461539 0.1201923076923077 0.021634615384615384
0 0.8689903846153846 0.5829326923076923 0.11899038461538461 0.020432692307692308
0 0.8677884615384616 0.5588942307692307 0.11538461538461539 0.020432692307692308
0 0.7331730769230769 0.6045673076923077 0.13221153846153846 0.021634615384615384
0 0.7355769230769231 0.5793269230769231 0.13701923076923078 0.021634615384615384
0 0.7355769230769231 0.5576923076923077 0.13341346153846154 0.02283653846153846
0 0.8425480769230769 0.8834134615384616 0.11778846153846154 0.02283653846153846
0 0.71875 0.8004807692307693 0.12379807692307693 0.018028846153846152
0 0.8461538461538461 0.6911057692307693 0.13701923076923078 0.02283653846153846
0 0.7151442307692307 0.7572115384615384 0.12259615384615384 0.019230769230769232
0 0.08052884615384616 0.13341346153846154 0.03125 0.11298076923076923
0 0.12139423076923077 0.13581730769230768 0.04326923076923077 0.11177884615384616
0 0.17908653846153846 0.13581730769230768 0.03485576923076923 0.11057692307692307
0 0.22716346153846154 0.15144230769230768 0.014423076923076924 0.06971153846153846
0 0.2439903846153846 0.16346153846153846 0.013221153846153846 0.06490384615384616
0 0.2800480769230769 0.14903846153846154 0.039663461538461536 0.09975961538461539
0 0.3269230769230769 0.14182692307692307 0.04447115384615385 0.10817307692307693
0 0.4639423076923077 0.13341346153846154 0.0673076923076923 0.09495192307692307
0 0.5192307692307693 0.109375 0.040865384615384616 0.039663461538461536
0 0.3737980769230769 0.13822115384615385 0.01201923076923077 0.06370192307692307
0 0.38822115384615385 0.14783653846153846 0.013221153846153846 0.06490384615384616
0 0.9651442307692307 0.6057692307692307 0.06490384615384616 0.02403846153846154
0 0.5793269230769231 0.6454326923076923 0.1346153846153846 0.018028846153846152
0 0.578125 0.6670673076923077 0.13221153846153846 0.021634615384615384
0 0.5829326923076923 0.6887019230769231 0.12860576923076922 0.025240384615384616
0 0.7103365384615384 0.6478365384615384 0.12379807692307693 0.019230769230769232
0 0.7115384615384616 0.6694711538461539 0.12620192307692307 0.020432692307692308
0 0.7127403846153846 0.6923076923076923 0.125 0.021634615384615384
0 0.5961538461538461 0.6021634615384616 0.13341346153846154 0.02283653846153846
0 0.84375 0.6442307692307693 0.13701923076923078 0.018028846153846152
0 0.8449519230769231 0.6658653846153846 0.13701923076923078 0.02403846153846154
0 0.016826923076923076 0.13581730769230768 0.026442307692307692 0.10697115384615384
0 0.9591346153846154 0.6670673076923077 0.08052884615384616 0.02283653846153846
0 0.9591346153846154 0.6947115384615384 0.08052884615384616 0.02283653846153846
0 0.5841346153846154 0.7319711538461539 0.1346153846153846 0.018028846153846152
0 0.5829326923076923 0.7512019230769231 0.13221153846153846 0.019230769230769232
0 0.5829326923076923 0.7752403846153846 0.13221153846153846 0.021634615384615384
0 0.5877403846153846 0.7980769230769231 0.13221153846153846 0.018028846153846152
0 0.7151442307692307 0.7355769230769231 0.12379807692307693 0.019230769230769232
0 0.7163461538461539 0.7788461538461539 0.12259615384615384 0.018028846153846152
0 0.5961538461538461 0.578125 0.13341346153846154 0.02283653846153846
0 0.75 0.43028846153846156 0.1310096153846154 0.018028846153846152
0 0.90625 0.2824519230769231 0.140625 0.02403846153846154
0 0.8257211538461539 0.4723557692307692 0.019230769230769232 0.020432692307692308
0 0.8233173076923077 0.49399038461538464 0.020432692307692308 0.020432692307692308
0 0.8233173076923077 0.515625 0.021634615384615384 0.021634615384615384
0 0.90625 0.4639423076923077 0.13221153846153846 0.02403846153846154
0 0.90625 0.4891826923076923 0.13581730769230768 0.02283653846153846
0 0.90625 0.515625 0.13701923076923078 0.025240384615384616
0 0.2608173076923077 0.53125 0.09735576923076923 0.018028846153846152
0 0.1622596153846154 0.5108173076923077 0.09495192307692307 0.016826923076923076
0 0.2620192307692308 0.5108173076923077 0.09375 0.016826923076923076
0 0.08173076923076923 0.5757211538461539 0.109375 0.02283653846153846
0 0.078125 0.6021634615384616 0.1045673076923077 0.025240384615384616
0 0.18990384615384615 0.6057692307692307 0.10336538461538461 0.027644230769230768
0 0.203125 0.5733173076923077 0.1045673076923077 0.019230769230769232
0 0.30528846153846156 0.5949519230769231 0.12139423076923077 0.015625
0 0.30528846153846156 0.6129807692307693 0.12379807692307693 0.015625
0 0.4182692307692308 0.5913461538461539 0.10336538461538461 0.015625
0 0.4182692307692308 0.609375 0.09975961538461539 0.016826923076923076
0 0.9026442307692307 0.19230769230769232 0.12139423076923077 0.013221153846153846
0 0.6081730769230769 0.234375 0.13701923076923078 0.021634615384615384
0 0.6081730769230769 0.25841346153846156 0.12980769230769232 0.020432692307692308
0 0.6057692307692307 0.2800480769230769 0.1310096153846154 0.019230769230769232
0 0.7439903846153846 0.23677884615384615 0.12860576923076922 0.02283653846153846
0 0.7415865384615384 0.25841346153846156 0.12860576923076922 0.021634615384615384
0 0.7403846153846154 0.2824519230769231 0.12379807692307693 0.021634615384615384
0 0.828125 0.2283653846153846 0.02403846153846154 0.014423076923076924
0 0.8245192307692307 0.24519230769230768 0.025240384615384616 0.014423076923076924
0 0.8209134615384616 0.25961538461538464 0.025240384615384616 0.013221153846153846
0 0.8197115384615384 0.27403846153846156 0.02403846153846154 0.01201923076923077
0 0.8185096153846154 0.28846153846153844 0.02283653846153846 0.01201923076923077
0 0.15504807692307693 0.53125 0.1045673076923077 0.019230769230769232
0 0.05048076923076923 0.5228365384615384 0.09975961538461539 0.027644230769230768
0 0.828125 0.4519230769230769 0.020432692307692308 0.021634615384615384
0 0.8377403846153846 0.43028846153846156 0.018028846153846152 0.020432692307692308
0 0.2704326923076923 0.39903846153846156 0.06009615384615385 0.09014423076923077
0 0.2091346153846154 0.4026442307692308 0.04447115384615385 0.09254807692307693
0 0.15384615384615385 0.3954326923076923 0.05889423076923077 0.07932692307692307
0 0.10096153846153846 0.39783653846153844 0.025240384615384616 0.09134615384615384
0 0.056490384615384616 0.39783653846153844 0.026442307692307692 0.09375
0 0.028846153846153848 0.40384615384615385 0.020432692307692308 0.08533653846153846
0 0.5120192307692307 0.2608173076923077 0.046875 0.07451923076923077
0 0.45552884615384615 0.27283653846153844 0.05889423076923077 0.07451923076923077
0 0.4014423076923077 0.2776442307692308 0.04567307692307692 0.09495192307692307
0 0.3485576923076923 0.27403846153846156 0.046875 0.09735576923076923
0 0.28725961538461536 0.2764423076923077 0.06009615384615385 0.10576923076923077
0 0.23076923076923078 0.27403846153846156 0.037259615384615384 0.10576923076923077
0 0.17427884615384615 0.2668269230769231 0.038461538461538464 0.09254807692307693
0 0.12620192307692307 0.27283653846153844 0.03245192307692308 0.10336538461538461
0 0.9086538461538461 0.2548076923076923 0.13701923076923078 0.027644230769230768
0 0.4963942307692308 0.4098557692307692 0.06009615384615385 0.08774038461538461
0 0.45072115384615385 0.5084134615384616 0.06370192307692307 0.06971153846153846
0 0.5132211538461539 0.5096153846153846 0.06009615384615385 0.06490384615384616
0 0.38822115384615385 0.46274038461538464 0.056490384615384616 0.018028846153846152
0 0.3293269230769231 0.5192307692307693 0.03485576923076923 0.008413461538461538
0 0.33052884615384615 0.5276442307692307 0.03485576923076923 0.008413461538461538
0 0.33052884615384615 0.5372596153846154 0.03245192307692308 0.009615384615384616
0 0.30649038461538464 0.47596153846153844 0.07572115384615384 0.015625
0 0.0829326923076923 0.265625 0.025240384615384616 0.09735576923076923
0 0.009615384615384616 0.27163461538461536 0.019230769230769232 0.08653846153846154
0 0.056490384615384616 0.49278846153846156 0.10216346153846154 0.027644230769230768
0 0.7512019230769231 0.4495192307692308 0.12860576923076922 0.019230769230769232
0 0.7487980769230769 0.47115384615384615 0.1310096153846154 0.020432692307692308
0 0.7475961538461539 0.49399038461538464 0.12860576923076922 0.019230769230769232
0 0.7463942307692307 0.515625 0.12620192307692307 0.021634615384615384
0 0.38221153846153844 0.5084134615384616 0.06009615384615385 0.06971153846153846
0 0.3641826923076923 0.4014423076923077 0.0673076923076923 0.08653846153846154
0 0.4375 0.39783653846153844 0.056490384615384616 0.078125
0 0.6045673076923077 0.3629807692307692 0.1346153846153846 0.02283653846153846
0 0.390625 0.7752403846153846 0.0985576923076923 0.020432692307692308
0 0.38822115384615385 0.7980769230769231 0.0985576923076923 0.02403846153846154
0 0.46274038461538464 0.7668269230769231 0.03485576923076923 0.08173076923076923
0 0.4987980769230769 0.765625 0.03365384615384615 0.08173076923076923
0 0.109375 0.8737980769230769 0.056490384615384616 0.08173076923076923
0 0.17908653846153846 0.875 0.05048076923076923 0.08173076923076923
0 0.3076923076923077 0.875 0.04927884615384615 0.07932692307692307
0 0.26322115384615385 0.8545673076923077 0.03125 0.040865384615384616
0 0.3713942307692308 0.875 0.056490384615384616 0.08533653846153846
0 0.5973557692307693 0.04447115384615385 0.1346153846153846 0.02403846153846154
0 0.6021634615384616 0.06971153846153846 0.1310096153846154 0.02403846153846154
0 0.6165865384615384 0.09495192307692307 0.13341346153846154 0.02283653846153846
0 0.7512019230769231 0.07692307692307693 0.12860576923076922 0.018028846153846152
0 0.7584134615384616 0.09735576923076923 0.12620192307692307 0.020432692307692308
0 0.8389423076923077 0.07451923076923077 0.026442307692307692 0.013221153846153846
0 0.8413461538461539 0.09014423076923077 0.025240384615384616 0.010817307692307692
0 0.8449519230769231 0.10336538461538461 0.026442307692307692 0.010817307692307692
0 0.9290865384615384 0.04807692307692308 0.140625 0.020432692307692308
0 0.9338942307692307 0.07211538461538461 0.12740384615384615 0.02403846153846154
0 0.9338942307692307 0.09615384615384616 0.12740384615384615 0.028846153846153848
0 0.6117788461538461 0.15985576923076922 0.12860576923076922 0.018028846153846152
0 0.6141826923076923 0.18269230769230768 0.12860576923076922 0.019230769230769232
0 0.7451923076923077 0.15985576923076922 0.12740384615384615 0.02283653846153846
0 0.7475961538461539 0.18389423076923078 0.12860576923076922 0.021634615384615384
0 0.8269230769230769 0.18990384615384615 0.021634615384615384 0.01201923076923077
0 0.8221153846153846 0.1778846153846154 0.019230769230769232 0.009615384615384616
0 0.8990384615384616 0.17548076923076922 0.125 0.016826923076923076
0 0.6045673076923077 0.3389423076923077 0.13822115384615385 0.02283653846153846
0 0.28846153846153844 0.7980769230769231 0.09495192307692307 0.02283653846153846
0 0.3894230769230769 0.7524038461538461 0.0985576923076923 0.020432692307692308
0 0.28966346153846156 0.7463942307692307 0.09615384615384616 0.02283653846153846
0 0.6057692307692307 0.3870192307692308 0.13341346153846154 0.019230769230769232
0 0.7475961538461539 0.35336538461538464 0.13822115384615385 0.04567307692307692
0 0.7463942307692307 0.38822115384615385 0.13701923076923078 0.02283653846153846
0 0.8894230769230769 0.33653846153846156 0.13581730769230768 0.02403846153846154
0 0.890625 0.3629807692307692 0.14182692307692307 0.026442307692307692
0 0.8942307692307693 0.390625 0.140625 0.02403846153846154
0 0.6117788461538461 0.4423076923076923 0.13221153846153846 0.02283653846153846
0 0.6141826923076923 0.46634615384615385 0.1310096153846154 0.021634615384615384
0 0.6129807692307693 0.4879807692307692 0.13341346153846154 0.020432692307692308
0 0.6141826923076923 0.5108173076923077 0.1346153846153846 0.02283653846153846
0 0.4963942307692308 0.5769230769230769 0.046875 0.016826923076923076
0 0.28966346153846156 0.7716346153846154 0.09495192307692307 0.021634615384615384
0 0.07572115384615384 0.6850961538461539 0.09975961538461539 0.021634615384615384
0 0.1778846153846154 0.6574519230769231 0.09134615384615384 0.025240384615384616
0 0.49759615384615385 0.6021634615384616 0.04567307692307692 0.02403846153846154
0 0.27163461538461536 0.6850961538461539 0.09014423076923077 0.025240384615384616
0 0.18990384615384615 0.7980769230769231 0.09375 0.021634615384615384
0 0.19110576923076922 0.7728365384615384 0.09495192307692307 0.02403846153846154
0 0.18870192307692307 0.7439903846153846 0.09134615384615384 0.02283653846153846
0 0.17548076923076922 0.6838942307692307 0.09254807692307693 0.02403846153846154
0 0.07572115384615384 0.7620192307692307 0.038461538461538464 0.08413461538461539
0 0.036057692307692304 0.7632211538461539 0.036057692307692304 0.08052884615384616
0 0.11778846153846154 0.765625 0.039663461538461536 0.07451923076923077
0 0.4651442307692308 0.6887019230769231 0.09254807692307693 0.015625
0 0.36899038461538464 0.6502403846153846 0.0889423076923077 0.010817307692307692
0 0.37259615384615385 0.6646634615384616 0.0889423076923077 0.010817307692307692
0 0.36658653846153844 0.6875 0.09375 0.026442307692307692
0 0.27283653846153844 0.6586538461538461 0.09375 0.02283653846153846
0 0.46274038461538464 0.6538461538461539 0.08774038461538461 0.015625