0 0.8209134615384616 0.27163461538461536 0.03125 0.0625
0 0.8581730769230769 0.2704326923076923 0.02283653846153846 0.06009615384615385
0 0.9038461538461539 0.28365384615384615 0.05048076923076923 0.03365384615384615
0 0.9579326923076923 0.265625 0.040865384615384616 0.06610576923076923
0 0.4735576923076923 0.265625 0.030048076923076924 0.06129807692307692
0 0.4387019230769231 0.265625 0.030048076923076924 0.056490384615384616
0 0.4074519230769231 0.2608173076923077 0.026442307692307692 0.06490384615384616
0 0.3737980769230769 0.2620192307692308 0.027644230769230768 0.06009615384615385
0 0.25240384615384615 0.25240384615384615 0.057692307692307696 0.03125
0 0.31009615384615385 0.2668269230769231 0.02403846153846154 0.04927884615384615
0 0.18269230769230768 0.2536057692307692 0.0625 0.03125
0 0.12139423076923077 0.24158653846153846 0.03365384615384615 0.04447115384615385
0 0.08052884615384616 0.2403846153846154 0.03245192307692308 0.04807692307692308
0 0.008413461538461538 0.23557692307692307 0.013221153846153846 0.04927884615384615
0 0.7139423076923077 0.18629807692307693 0.038461538461538464 0.025240384615384616
0 0.7139423076923077 0.15384615384615385 0.042067307692307696 0.03365384615384615
0 0.7596153846153846 0.18509615384615385 0.04447115384615385 0.028846153846153848
0 0.3425480769230769 0.26802884615384615 0.02403846153846154 0.046875
0 0.04326923076923077 0.23677884615384615 0.038461538461538464 0.04927884615384615
0 0.9375 0.16826923076923078 0.12379807692307693 0.06009615384615385
0 0.9158653846153846 0.7572115384615384 0.13341346153846154 0.038461538461538464
0 0.6754807692307693 0.17668269230769232 0.018028846153846152 0.04807692307692308
0 0.6466346153846154 0.1778846153846154 0.03125 0.04567307692307692
0 0.6009615384615384 0.17307692307692307 0.04567307692307692 0.04927884615384615
0 0.5444711538461539 0.1875 0.0673076923076923 0.019230769230769232
0 0.4651442307692308 0.18269230769230768 0.07451923076923077 0.018028846153846152
0 0.3629807692307692 0.1658653846153846 0.08533653846153846 0.04326923076923077
0 0.15625 0.1778846153846154 0.2692307692307692 0.025240384615384616
0 0.1502403846153846 0.14903846153846154 0.27884615384615385 0.026442307692307692
0 0.7836538461538461 0.27283653846153844 0.019230769230769232 0.052884615384615384
0 0.17668269230769232 0.7391826923076923 0.05048076923076923 0.0673076923076923
0 0.11778846153846154 0.7379807692307693 0.057692307692307696 0.0673076923076923
0 0.8245192307692307 0.18870192307692307 0.07451923076923077 0.027644230769230768
0 0.06009615384615385 0.7415865384615384 0.051682692307692304 0.06490384615384616
0 0.22956730769230768 0.734375 0.051682692307692304 0.07572115384615384
0 0.3233173076923077 0.7560096153846154 0.027644230769230768 0.03365384615384615
0 0.38221153846153844 0.7487980769230769 0.027644230769230768 0.04326923076923077
0 0.43149038461538464 0.7560096153846154 0.052884615384615384 0.025240384615384616
0 0.49038461538461536 0.7475961538461539 0.042067307692307696 0.04447115384615385
0 0.5492788461538461 0.7367788461538461 0.056490384615384616 0.06370192307692307
0 0.6021634615384616 0.7391826923076923 0.03125 0.05889423076923077
0 0.6514423076923077 0.7536057692307693 0.037259615384615384 0.028846153846153848
0 0.6947115384615384 0.75 0.03485576923076923 0.03365384615384615
0 0.7367788461538461 0.7403846153846154 0.040865384615384616 0.052884615384615384
0 0.7860576923076923 0.734375 0.04326923076923077 0.0625
0 0.013221153846153846 0.7331730769230769 0.025240384615384616 0.08653846153846154
0 0.7560096153846154 0.27283653846153844 0.03245192307692308 0.04927884615384615
0 0.7920673076923077 0.23918269230769232 0.037259615384615384 0.008413461538461538
0 0.6790865384615384 0.2692307692307692 0.019230769230769232 0.056490384615384616
0 0.8990384615384616 0.5120192307692307 0.04447115384615385 0.04326923076923077
0 0.8449519230769231 0.5096153846153846 0.04567307692307692 0.04447115384615385
0 0.7896634615384616 0.5096153846153846 0.052884615384615384 0.04326923076923077
0 0.734375 0.515625 0.04567307692307692 0.03125
0 0.7055288461538461 0.4879807692307692 0.05889423076923077 0.019230769230769232
0 0.028846153846153848 0.5600961538461539 0.04807692307692308 0.038461538461538464
0 0.08173076923076923 0.5625 0.03245192307692308 0.03125
0 0.1201923076923077 0.5649038461538461 0.03125 0.03485576923076923
0 0.1502403846153846 0.5600961538461539 0.02283653846153846 0.03365384615384615
0 0.18629807692307693 0.5612980769230769 0.02403846153846154 0.03245192307692308
0 0.2439903846153846 0.5625 0.06971153846153846 0.038461538461538464
0 0.08774038461538461 0.6382211538461539 0.040865384615384616 0.052884615384615384
0 0.14182692307692307 0.6442307692307693 0.04447115384615385 0.046875
0 0.19951923076923078 0.6418269230769231 0.039663461538461536 0.04326923076923077
0 0.25 0.640625 0.04447115384615385 0.04567307692307692
0 0.30408653846153844 0.6670673076923077 0.026442307692307692 0.007211538461538462
0 0.30528846153846156 0.6766826923076923 0.025240384615384616 0.007211538461538462
0 0.3317307692307692 0.6670673076923077 0.021634615384615384 0.008413461538461538
0 0.35697115384615385 0.6658653846153846 0.02403846153846154 0.009615384615384616
0 0.9495192307692307 0.5120192307692307 0.04326923076923077 0.04326923076923077
0 0.3557692307692308 0.6754807692307693 0.021634615384615384 0.008413461538461538
0 0.625 0.5096153846153846 0.042067307692307696 0.046875
0 0.49038461538461536 0.5084134615384616 0.05048076923076923 0.030048076923076924
0 0.0889423076923077 0.31850961538461536 0.038461538461538464 0.052884615384615384
0 0.1310096153846154 0.31850961538461536 0.036057692307692304 0.054086538461538464
0 0.18028846153846154 0.31971153846153844 0.054086538461538464 0.056490384615384616
0 0.013221153846153846 0.39783653846153844 0.02403846153846154 0.040865384615384616
0 0.052884615384615384 0.40024038461538464 0.040865384615384616 0.039663461538461536
0 0.09735576923076923 0.4014423076923077 0.038461538461538464 0.04447115384615385
0 0.13341346153846154 0.39783653846153844 0.020432692307692308 0.04447115384615385
0 0.16826923076923078 0.40024038461538464 0.030048076923076924 0.05048076923076923
0 0.2283653846153846 0.39663461538461536 0.0625 0.051682692307692304
0 0.296875 0.4182692307692308 0.051682692307692304 0.04807692307692308
0 0.018028846153846152 0.484375 0.03485576923076923 0.051682692307692304
0 0.06610576923076923 0.48677884615384615 0.04807692307692308 0.052884615384615384
0 0.11658653846153846 0.4891826923076923 0.040865384615384616 0.051682692307692304
0 0.15985576923076922 0.48677884615384615 0.04326923076923077 0.054086538461538464
0 0.1935096153846154 0.5 0.015625 0.038461538461538464
0 0.22115384615384615 0.49759615384615385 0.019230769230769232 0.03365384615384615
0 0.25961538461538464 0.49158653846153844 0.040865384615384616 0.04567307692307692
0 0.34134615384615385 0.5180288461538461 0.055288461538461536 0.019230769230769232
0 0.421875 0.5084134615384616 0.05889423076923077 0.021634615384615384
0 0.5588942307692307 0.5036057692307693 0.046875 0.026442307692307692
0 0.33052884615384615 0.6766826923076923 0.02403846153846154 0.007211538461538462
0 0.3798076923076923 0.6742788461538461 0.021634615384615384 0.008413461538461538
0 0.40865384615384615 0.6490384615384616 0.025240384615384616 0.057692307692307696
0 0.7283653846153846 0.6466346153846154 0.016826923076923076 0.05889423076923077
0 0.7019230769230769 0.6490384615384616 0.02403846153846154 0.05889423076923077
0 0.671875 0.6490384615384616 0.018028846153846152 0.052884615384615384
0 0.6442307692307693 0.6478365384615384 0.025240384615384616 0.057692307692307696
0 0.6165865384615384 0.6490384615384616 0.020432692307692308 0.06009615384615385
0 0.5901442307692307 0.6574519230769231 0.013221153846153846 0.04807692307692308
0 0.5600961538461539 0.6538461538461539 0.018028846153846152 0.04447115384615385
0 0.53125 0.6490384615384616 0.02403846153846154 0.04567307692307692
0 0.34615384615384615 0.43990384615384615 0.040865384615384616 0.03245192307692308
0 0.39663461538461536 0.43990384615384615 0.04807692307692308 0.03365384615384615
0 0.4579326923076923 0.4387019230769231 0.056490384615384616 0.042067307692307696
0 0.5300480769230769 0.4387019230769231 0.05048076923076923 0.04326923076923077
0 0.5865384615384616 0.4495192307692308 0.039663461538461536 0.021634615384615384
0 0.6346153846153846 0.44591346153846156 0.040865384615384616 0.03125
0 0.6778846153846154 0.4495192307692308 0.026442307692307692 0.020432692307692308
0 0.7115384615384616 0.4495192307692308 0.020432692307692308 0.018028846153846152
0 0.7776442307692307 0.4567307692307692 0.06009615384615385 0.013221153846153846
0 0.8641826923076923 0.4411057692307692 0.06490384615384616 0.04326923076923077
0 0.9362980769230769 0.4411057692307692 0.06009615384615385 0.04807692307692308
0 0.7572115384615384 0.6502403846153846 0.021634615384615384 0.06009615384615385
0 0.7848557692307693 0.6574519230769231 0.018028846153846152 0.040865384615384616
0 0.8209134615384616 0.65625 0.04567307692307692 0.040865384615384616
0 0.875 0.6550480769230769 0.04447115384615385 0.04326923076923077
0 0.4338942307692308 0.6490384615384616 0.019230769230769232 0.06129807692307692
0 0.4579326923076923 0.6502403846153846 0.015625 0.057692307692307696
0 0.48197115384615385 0.6514423076923077 0.02403846153846154 0.056490384615384616
0 0.5096153846153846 0.6490384615384616 0.016826923076923076 0.06370192307692307
0 0.9771634615384616 0.5757211538461539 0.04447115384615385 0.04447115384615385
0 0.9182692307692307 0.5865384615384616 0.06610576923076923 0.030048076923076924
0 0.8449519230769231 0.5793269230769231 0.04447115384615385 0.038461538461538464
0 0.7584134615384616 0.5745192307692307 0.04807692307692308 0.042067307692307696
0 0.7103365384615384 0.5769230769230769 0.036057692307692304 0.03485576923076923
0 0.046875 0.3161057692307692 0.038461538461538464 0.052884615384615384
0 0.671875 0.5757211538461539 0.03245192307692308 0.03485576923076923
0 0.5877403846153846 0.5865384615384616 0.038461538461538464 0.019230769230769232
0 0.5456730769230769 0.5853365384615384 0.030048076923076924 0.015625
0 0.7103365384615384 0.2704326923076923 0.03245192307692308 0.057692307692307696
0 0.5084134615384616 0.5817307692307693 0.03365384615384615 0.03125
0 0.46153846153846156 0.5805288461538461 0.03485576923076923 0.036057692307692304
0 0.41225961538461536 0.5709134615384616 0.042067307692307696 0.036057692307692304
0 0.359375 0.5793269230769231 0.04326923076923077 0.04447115384615385
0 0.9735576923076923 0.65625 0.040865384615384616 0.030048076923076924
0 0.9242788461538461 0.65625 0.04447115384615385 0.038461538461538464
0 0.6286057692307693 0.5757211538461539 0.036057692307692304 0.03485576923076923
0 0.013221153846153846 0.3137019230769231 0.02403846153846154 0.0625
0 0.5408653846153846 0.5625 0.03125 0.02403846153846154
0 0.7596153846153846 0.35697115384615385 0.07692307692307693 0.07091346153846154
0 0.8329326923076923 0.3641826923076923 0.04927884615384615 0.06610576923076923
0 0.5108173076923077 0.2644230769230769 0.030048076923076924 0.06129807692307692
0 0.6766826923076923 0.36177884615384615 0.08052884615384616 0.06370192307692307
0 0.59375 0.3629807692307692 0.07091346153846154 0.06129807692307692
0 0.5024038461538461 0.3701923076923077 0.07692307692307693 0.04447115384615385
0 0.4254807692307692 0.3605769230769231 0.07451923076923077 0.05889423076923077
0 0.3389423076923077 0.35697115384615385 0.07692307692307693 0.06370192307692307
0 0.5516826923076923 0.2620192307692308 0.030048076923076924 0.0673076923076923
0 0.5865384615384616 0.26802884615384615 0.030048076923076924 0.052884615384615384
0 0.890625 0.36658653846153844 0.051682692307692304 0.06009615384615385
0 0.6189903846153846 0.2704326923076923 0.026442307692307692 0.052884615384615384
0 0.6490384615384616 0.2692307692307692 0.021634615384615384 0.057692307692307696
0 0.9639423076923077 0.36899038461538464 0.07091346153846154 0.06610576923076923