0 0.9014423076923077 0.43509615384615385 0.05048076923076923 0.06370192307692307
0 0.8449519230769231 0.4362980769230769 0.057692307692307696 0.06610576923076923
0 0.5901442307692307 0.42788461538461536 0.052884615384615384 0.07451923076923077
0 0.78125 0.4362980769230769 0.07211538461538461 0.06610576923076923
0 0.6358173076923077 0.43149038461538464 0.038461538461538464 0.08052884615384616
0 0.6971153846153846 0.45072115384615385 0.08173076923076923 0.039663461538461536
0 0.9495192307692307 0.5432692307692307 0.0673076923076923 0.038461538461538464
0 0.953125 0.4362980769230769 0.052884615384615384 0.06490384615384616
0 0.609375 0.12139423076923077 0.06850961538461539 0.042067307692307696
0 0.3762019230769231 0.22235576923076922 0.05048076923076923 0.08413461538461539
0 0.890625 0.12379807692307693 0.06850961538461539 0.04326923076923077
0 0.8221153846153846 0.12259615384615384 0.0673076923076923 0.042067307692307696
0 0.7524038461538461 0.12139423076923077 0.06971153846153846 0.04326923076923077
0 0.6814903846153846 0.12379807692307693 0.06971153846153846 0.04567307692307692
0 0.5396634615384616 0.42788461538461536 0.04807692307692308 0.07572115384615384
0 0.5348557692307693 0.12139423076923077 0.06850961538461539 0.04447115384615385
0 0.4651442307692308 0.12740384615384615 0.06490384615384616 0.03485576923076923
0 0.3954326923076923 0.12139423076923077 0.07211538461538461 0.04807692307692308
0 0.32211538461538464 0.11899038461538461 0.0673076923076923 0.04567307692307692
0 0.3317307692307692 0.22115384615384615 0.038461538461538464 0.08173076923076923
0 0.25 0.11658653846153846 0.07692307692307693 0.051682692307692304
0 0.9375 0.2283653846153846 0.039663461538461536 0.07211538461538461
0 0.8858173076923077 0.22355769230769232 0.05889423076923077 0.0829326923076923
0 0.7908653846153846 0.22956730769230768 0.06129807692307692 0.06610576923076923
0 0.7379807692307693 0.23317307692307693 0.046875 0.06370192307692307
0 0.6862980769230769 0.2247596153846154 0.057692307692307696 0.08533653846153846
0 0.6274038461538461 0.22956730769230768 0.06009615384615385 0.07572115384615384
0 0.5637019230769231 0.22716346153846154 0.06490384615384616 0.07091346153846154
0 0.4987980769230769 0.22716346153846154 0.06610576923076923 0.06971153846153846
0 0.4326923076923077 0.22716346153846154 0.06009615384615385 0.07211538461538461
0 0.9759615384615384 0.2283653846153846 0.037259615384615384 0.07091346153846154
0 0.4831730769230769 0.42908653846153844 0.06610576923076923 0.08052884615384616
0 0.4495192307692308 0.328125 0.046875 0.07572115384615384
0 0.35697115384615385 0.43149038461538464 0.06490384615384616 0.0673076923076923
0 0.5961538461538461 0.7223557692307693 0.055288461538461536 0.05048076923076923
0 0.6586538461538461 0.7211538461538461 0.06490384615384616 0.04927884615384615
0 0.7199519230769231 0.7223557692307693 0.057692307692307696 0.04927884615384615
0 0.7896634615384616 0.7103365384615384 0.07451923076923077 0.07451923076923077
0 0.43509615384615385 0.6141826923076923 0.039663461538461536 0.0625
0 0.47596153846153844 0.6237980769230769 0.042067307692307696 0.040865384615384616
0 0.5180288461538461 0.6322115384615384 0.03125 0.03245192307692308
0 0.5516826923076923 0.6310096153846154 0.03245192307692308 0.038461538461538464
0 0.5889423076923077 0.6322115384615384 0.03485576923076923 0.037259615384615384
0 0.6213942307692307 0.6310096153846154 0.03125 0.038461538461538464
0 0.8641826923076923 0.7103365384615384 0.07451923076923077 0.0733173076923077
0 0.9290865384615384 0.7091346153846154 0.042067307692307696 0.07451923076923077
0 0.9723557692307693 0.7115384615384616 0.04326923076923077 0.06971153846153846
0 0.051682692307692304 0.6177884615384616 0.030048076923076924 0.0673076923076923
0 0.08533653846153846 0.6298076923076923 0.03125 0.046875
0 0.11538461538461539 0.6286057692307693 0.028846153846153848 0.04807692307692308
0 0.15504807692307693 0.6213942307692307 0.042067307692307696 0.056490384615384616
0 0.1971153846153846 0.6237980769230769 0.042067307692307696 0.054086538461538464
0 0.24639423076923078 0.6237980769230769 0.04927884615384615 0.056490384615384616
0 0.2920673076923077 0.6201923076923077 0.04326923076923077 0.0625
0 0.33413461538461536 0.625 0.036057692307692304 0.04807692307692308
0 0.3786057692307692 0.6225961538461539 0.051682692307692304 0.054086538461538464
0 0.9579326923076923 0.125 0.0673076923076923 0.042067307692307696
0 0.5384615384615384 0.7223557692307693 0.0625 0.04927884615384615
0 0.4879807692307692 0.7223557692307693 0.030048076923076924 0.046875
0 0.13942307692307693 0.3245192307692308 0.046875 0.08173076923076923
0 0.1875 0.3245192307692308 0.04927884615384615 0.08052884615384616
0 0.2932692307692308 0.4326923076923077 0.055288461538461536 0.0625
0 0.23076923076923078 0.4326923076923077 0.06610576923076923 0.0625
0 0.16947115384615385 0.4338942307692308 0.057692307692307696 0.0673076923076923
0 0.10576923076923077 0.43509615384615385 0.0673076923076923 0.06850961538461539
0 0.036057692307692304 0.42908653846153844 0.05048076923076923 0.06129807692307692
0 0.2848557692307692 0.22235576923076922 0.04807692307692308 0.08173076923076923
0 0.2403846153846154 0.21995192307692307 0.042067307692307696 0.07692307692307693
0 0.18389423076923078 0.22115384615384615 0.036057692307692304 0.08052884615384616
0 0.140625 0.21754807692307693 0.05048076923076923 0.08413461538461539
0 0.08052884615384616 0.21514423076923078 0.06610576923076923 0.07932692307692307
0 0.9795673076923077 0.3269230769230769 0.03365384615384615 0.07932692307692307
0 0.421875 0.4326923076923077 0.06129807692307692 0.07211538461538461
0 0.9423076923076923 0.3317307692307692 0.040865384615384616 0.06971153846153846
0 0.8713942307692307 0.328125 0.039663461538461536 0.07572115384615384
0 0.8137019230769231 0.34375 0.06370192307692307 0.04447115384615385
0 0.7487980769230769 0.34375 0.06490384615384616 0.04567307692307692
0 0.6850961538461539 0.33533653846153844 0.056490384615384616 0.0673076923076923
0 0.6286057692307693 0.33533653846153844 0.057692307692307696 0.06850961538461539
0 0.5649038461538461 0.33653846153846156 0.06490384615384616 0.06971153846153846
0 0.5012019230769231 0.3329326923076923 0.057692307692307696 0.06490384615384616
0 0.40625 0.328125 0.03485576923076923 0.07572115384615384
0 0.3629807692307692 0.3269230769230769 0.046875 0.07451923076923077
0 0.31850961538461536 0.328125 0.042067307692307696 0.07572115384615384
0 0.27524038461538464 0.33653846153846156 0.046875 0.057692307692307696
0 0.9050480769230769 0.3269230769230769 0.028846153846153848 0.0733173076923077
0 0.03125 0.3269230769230769 0.055288461538461536 0.06971153846153846
0 0.0889423076923077 0.53125 0.036057692307692304 0.0625
0 0.7475961538461539 0.6310096153846154 0.06971153846153846 0.042067307692307696
0 0.17668269230769232 0.5264423076923077 0.07692307692307693 0.07572115384615384
0 0.6286057692307693 0.5288461538461539 0.04447115384615385 0.06490384615384616
0 0.7596153846153846 0.8209134615384616 0.0829326923076923 0.09735576923076923
0 0.5793269230769231 0.5300480769230769 0.05048076923076923 0.06370192307692307
0 0.6790865384615384 0.8209134615384616 0.078125 0.09735576923076923
0 0.6033653846153846 0.8185096153846154 0.07451923076923077 0.09254807692307693
0 0.5132211538461539 0.8173076923076923 0.10576923076923077 0.09495192307692307
0 0.41586538461538464 0.8185096153846154 0.08774038461538461 0.09735576923076923
0 0.8185096153846154 0.6322115384615384 0.06971153846153846 0.038461538461538464
0 0.734375 0.5396634615384616 0.046875 0.040865384615384616
0 0.3245192307692308 0.8185096153846154 0.09134615384615384 0.09975961538461539
0 0.9555288461538461 0.6310096153846154 0.07091346153846154 0.039663461538461536
0 0.018028846153846152 0.53125 0.03125 0.0625
0 0.054086538461538464 0.5300480769230769 0.03125 0.06610576923076923
0 0.23197115384615385 0.8161057692307693 0.09254807692307693 0.10336538461538461
0 0.140625 0.8137019230769231 0.08774038461538461 0.0985576923076923
0 0.052884615384615384 0.8161057692307693 0.08653846153846154 0.09615384615384616
0 0.4651442307692308 0.5396634615384616 0.07211538461538461 0.03485576923076923
0 0.3870192307692308 0.5408653846153846 0.08413461538461539 0.036057692307692304
0 0.25240384615384615 0.5264423076923077 0.07451923076923077 0.07451923076923077
0 0.8882211538461539 0.6310096153846154 0.06370192307692307 0.038461538461538464
0 0.78125 0.5420673076923077 0.04447115384615385 0.040865384615384616
0 0.6838942307692307 0.5348557692307693 0.054086538461538464 0.051682692307692304
0 0.8930288461538461 0.5432692307692307 0.04326923076923077 0.039663461538461536
0 0.6574519230769231 0.6298076923076923 0.039663461538461536 0.038461538461538464
0 0.6935096153846154 0.6322115384615384 0.03485576923076923 0.037259615384615384
0 0.8365384615384616 0.5420673076923077 0.0673076923076923 0.039663461538461536
0 0.4495192307692308 0.7115384615384616 0.038461538461538464 0.06490384615384616
0 0.4074519230769231 0.7115384615384616 0.042067307692307696 0.0673076923076923
0 0.3629807692307692 0.7151442307692307 0.039663461538461536 0.0625
0 0.3125 0.7163461538461539 0.055288461538461536 0.056490384615384616
0 0.2668269230769231 0.7199519230769231 0.03485576923076923 0.051682692307692304
0 0.09014423076923077 0.328125 0.05048076923076923 0.0625
0 0.1658653846153846 0.7163461538461539 0.03245192307692308 0.057692307692307696
0 0.21754807692307693 0.71875 0.0625 0.052884615384615384
0 0.8425480769230769 0.8209134615384616 0.0829326923076923 0.0985576923076923
0 0.921875 0.8197115384615384 0.07572115384615384 0.10216346153846154
0 0.12259615384615384 0.53125 0.028846153846153848 0.05889423076923077
0 0.0733173076923077 0.7151442307692307 0.04326923076923077 0.06490384615384616
0 0.11057692307692307 0.7199519230769231 0.03125 0.055288461538461536
0 0.027644230769230768 0.7127403846153846 0.04326923076923077 0.0625