0 0.5072115384615384 0.6598557692307693 0.057692307692307696 0.040865384615384616
0 0.44711538461538464 0.7415865384615384 0.054086538461538464 0.039663461538461536
0 0.5685096153846154 0.6598557692307693 0.054086538461538464 0.04567307692307692
0 0.6213942307692307 0.65625 0.05048076923076923 0.042067307692307696
0 0.6742788461538461 0.6574519230769231 0.05889423076923077 0.04447115384615385
0 0.25961538461538464 0.7536057692307693 0.06129807692307692 0.04927884615384615
0 0.38822115384615385 0.7475961538461539 0.06490384615384616 0.04927884615384615
0 0.3233173076923077 0.7487980769230769 0.0625 0.04326923076923077
0 0.7307692307692307 0.65625 0.052884615384615384 0.040865384615384616
0 0.19831730769230768 0.7596153846153846 0.05889423076923077 0.038461538461538464
0 0.703125 0.5649038461538461 0.09254807692307693 0.04447115384615385
0 0.0625 0.7608173076923077 0.06490384615384616 0.040865384615384616
0 0.7872596153846154 0.6550480769230769 0.057692307692307696 0.042067307692307696
0 0.18509615384615385 0.5697115384615384 0.07211538461538461 0.04807692307692308
0 0.25240384615384615 0.5673076923076923 0.06370192307692307 0.051682692307692304
0 0.18509615384615385 0.6141826923076923 0.06009615384615385 0.042067307692307696
0 0.25 0.6153846153846154 0.06490384615384616 0.042067307692307696
0 0.31971153846153844 0.5673076923076923 0.06129807692307692 0.046875
0 0.38461538461538464 0.5673076923076923 0.06610576923076923 0.046875
0 0.44471153846153844 0.5661057692307693 0.055288461538461536 0.04447115384615385
0 0.5036057692307693 0.5637019230769231 0.06129807692307692 0.05048076923076923
0 0.5625 0.5625 0.056490384615384616 0.04927884615384615
0 0.6213942307692307 0.5625 0.06129807692307692 0.04807692307692308
0 0.31971153846153844 0.609375 0.06129807692307692 0.037259615384615384
0 0.38341346153846156 0.609375 0.0625 0.038461538461538464
0 0.44471153846153844 0.6105769230769231 0.06009615384615385 0.038461538461538464
0 0.5036057692307693 0.609375 0.06009615384615385 0.037259615384615384
0 0.5649038461538461 0.6081730769230769 0.05048076923076923 0.038461538461538464
0 0.6201923076923077 0.6081730769230769 0.06129807692307692 0.038461538461538464
0 0.42788461538461536 0.6610576923076923 0.054086538461538464 0.042067307692307696
0 0.37259615384615385 0.6610576923076923 0.056490384615384616 0.042067307692307696
0 0.3161057692307692 0.6622596153846154 0.054086538461538464 0.04447115384615385
0 0.2608173076923077 0.6634615384615384 0.056490384615384616 0.039663461538461536
0 0.19471153846153846 0.7115384615384616 0.06370192307692307 0.039663461538461536
0 0.12740384615384615 0.7199519230769231 0.06129807692307692 0.038461538461538464
0 0.13221153846153846 0.7620192307692307 0.0673076923076923 0.04447115384615385
0 0.06129807692307692 0.7211538461538461 0.06971153846153846 0.03485576923076923
0 0.05889423076923077 0.6778846153846154 0.07451923076923077 0.04326923076923077
0 0.984375 0.6021634615384616 0.030048076923076924 0.038461538461538464
0 0.9435096153846154 0.6057692307692307 0.04807692307692308 0.03245192307692308
0 0.9362980769230769 0.5685096153846154 0.04927884615384615 0.036057692307692304
0 0.8894230769230769 0.6045673076923077 0.04567307692307692 0.03485576923076923
0 0.8389423076923077 0.6009615384615384 0.052884615384615384 0.04326923076923077
0 0.12740384615384615 0.6730769230769231 0.06370192307692307 0.052884615384615384
0 0.8413461538461539 0.6526442307692307 0.051682692307692304 0.038461538461538464
0 0.7307692307692307 0.6971153846153846 0.051682692307692304 0.039663461538461536
0 0.0829326923076923 0.18870192307692307 0.05889423076923077 0.1346153846153846
0 0.7800480769230769 0.7355769230769231 0.056490384615384616 0.03365384615384615
0 0.7271634615384616 0.7355769230769231 0.04807692307692308 0.036057692307692304
0 0.6682692307692307 0.7752403846153846 0.04927884615384615 0.03365384615384615
0 0.6177884615384616 0.7752403846153846 0.05048076923076923 0.036057692307692304
0 0.5588942307692307 0.78125 0.05889423076923077 0.037259615384615384
0 0.5024038461538461 0.7824519230769231 0.057692307692307696 0.03365384615384615
0 0.8377403846153846 0.6911057692307693 0.04567307692307692 0.03485576923076923
0 0.7848557692307693 0.6995192307692307 0.054086538461538464 0.037259615384615384
0 0.11658653846153846 0.6189903846153846 0.06129807692307692 0.04567307692307692
0 0.6742788461538461 0.7379807692307693 0.05048076923076923 0.037259615384615384
0 0.8353365384615384 0.7295673076923077 0.042067307692307696 0.038461538461538464
0 0.6213942307692307 0.7379807692307693 0.051682692307692304 0.037259615384615384
0 0.5036057692307693 0.7427884615384616 0.054086538461538464 0.03485576923076923
0 0.6730769230769231 0.6983173076923077 0.056490384615384616 0.037259615384615384
0 0.6201923076923077 0.6995192307692307 0.04567307692307692 0.037259615384615384
0 0.5612980769230769 0.7043269230769231 0.056490384615384616 0.039663461538461536
0 0.5060096153846154 0.703125 0.052884615384615384 0.042067307692307696
0 0.44711538461538464 0.7872596153846154 0.04927884615384615 0.039663461538461536
0 0.38100961538461536 0.7896634615384616 0.057692307692307696 0.037259615384615384
0 0.3233173076923077 0.7920673076923077 0.056490384615384616 0.037259615384615384
0 0.2608173076923077 0.796875 0.06370192307692307 0.037259615384615384
0 0.19591346153846154 0.7992788461538461 0.051682692307692304 0.038461538461538464
0 0.5637019230769231 0.7427884615384616 0.06009615384615385 0.038461538461538464
0 0.026442307692307692 0.18990384615384615 0.04927884615384615 0.1346153846153846
0 0.8293269230769231 0.765625 0.054086538461538464 0.03485576923076923
0 0.7764423076923077 0.7704326923076923 0.04807692307692308 0.03365384615384615
0 0.14783653846153846 0.19230769230769232 0.07211538461538461 0.13942307692307693
0 0.21634615384615385 0.18870192307692307 0.0625 0.14423076923076922
0 0.27524038461538464 0.19110576923076922 0.056490384615384616 0.1466346153846154
0 0.3329326923076923 0.19951923076923078 0.06009615384615385 0.12980769230769232
0 0.3954326923076923 0.203125 0.06490384615384616 0.13581730769230768
0 0.4543269230769231 0.20552884615384615 0.04927884615384615 0.1310096153846154
0 0.5096153846153846 0.21033653846153846 0.06009615384615385 0.13822115384615385
0 0.5685096153846154 0.21394230769230768 0.06009615384615385 0.12980769230769232
0 0.6262019230769231 0.2127403846153846 0.055288461538461536 0.12860576923076922
0 0.6850961538461539 0.2127403846153846 0.06129807692307692 0.12980769230769232
0 0.7235576923076923 0.7704326923076923 0.056490384615384616 0.03245192307692308
0 0.7391826923076923 0.21514423076923078 0.04807692307692308 0.13581730769230768
0 0.8473557692307693 0.22235576923076922 0.04326923076923077 0.12379807692307693
0 0.9807692307692307 0.7560096153846154 0.037259615384615384 0.03485576923076923
0 0.9831730769230769 0.7163461538461539 0.03245192307692308 0.036057692307692304
0 0.9290865384615384 0.7644230769230769 0.054086538461538464 0.037259615384615384
0 0.8810096153846154 0.765625 0.040865384615384616 0.03365384615384615
0 0.9314903846153846 0.7295673076923077 0.046875 0.03485576923076923
0 0.8834134615384616 0.7283653846153846 0.038461538461538464 0.037259615384615384
0 0.9375 0.6971153846153846 0.055288461538461536 0.030048076923076924
0 0.890625 0.6947115384615384 0.039663461538461536 0.030048076923076924
0 0.9302884615384616 0.6598557692307693 0.06850961538461539 0.04326923076923077
0 0.7944711538461539 0.22235576923076922 0.06009615384615385 0.12259615384615384
0 0.04567307692307692 0.6189903846153846 0.0733173076923077 0.04326923076923077
0 0.9615384615384616 0.4831730769230769 0.021634615384615384 0.08052884615384616
0 0.04567307692307692 0.5733173076923077 0.06490384615384616 0.042067307692307696
0 0.49038461538461536 0.32211538461538464 0.026442307692307692 0.05048076923076923
0 0.5216346153846154 0.32091346153846156 0.037259615384615384 0.051682692307692304
0 0.5612980769230769 0.3245192307692308 0.039663461538461536 0.05889423076923077
0 0.5973557692307693 0.3245192307692308 0.03485576923076923 0.06009615384615385
0 0.6286057692307693 0.3245192307692308 0.027644230769230768 0.06009615384615385
0 0.6550480769230769 0.32572115384615385 0.025240384615384616 0.056490384615384616
0 0.6802884615384616 0.3269230769230769 0.025240384615384616 0.05889423076923077
0 0.7079326923076923 0.32572115384615385 0.030048076923076924 0.06009615384615385
0 0.734375 0.328125 0.021634615384615384 0.06490384615384616
0 0.11538461538461539 0.5709134615384616 0.06370192307692307 0.04807692307692308
0 0.7860576923076923 0.33413461538461536 0.020432692307692308 0.056490384615384616
0 0.7451923076923077 0.3894230769230769 0.03125 0.05048076923076923
0 0.7752403846153846 0.3918269230769231 0.027644230769230768 0.04567307692307692
0 0.8605769230769231 0.3641826923076923 0.040865384615384616 0.11538461538461539
0 0.46033653846153844 0.32091346153846156 0.030048076923076924 0.04807692307692308
0 0.9002403846153846 0.3629807692307692 0.03485576923076923 0.11778846153846154
0 0.9747596153846154 0.36658653846153844 0.039663461538461536 0.10817307692307693
0 0.03125 0.47716346153846156 0.040865384615384616 0.08653846153846154
0 0.06971153846153846 0.47716346153846156 0.037259615384615384 0.08653846153846154
0 0.1045673076923077 0.47716346153846156 0.03245192307692308 0.08653846153846154
0 0.14182692307692307 0.4807692307692308 0.03365384615384615 0.09014423076923077
0 0.1778846153846154 0.484375 0.039663461538461536 0.09375
0 0.21394230769230768 0.4855769230769231 0.03245192307692308 0.09134615384615384
0 0.25 0.48197115384615385 0.039663461538461536 0.08533653846153846
0 0.2824519230769231 0.4795673076923077 0.02403846153846154 0.0889423076923077
0 0.3125 0.4807692307692308 0.03365384615384615 0.09134615384615384
0 0.3473557692307692 0.4807692307692308 0.027644230769230768 0.09254807692307693
0 0.3786057692307692 0.4807692307692308 0.03485576923076923 0.09254807692307693
0 0.41466346153846156 0.47836538461538464 0.03125 0.078125
0 0.4639423076923077 0.4831730769230769 0.038461538461538464 0.0829326923076923
0 0.9362980769230769 0.3629807692307692 0.037259615384615384 0.11658653846153846
0 0.4987980769230769 0.4855769230769231 0.03245192307692308 0.07932692307692307
0 0.4338942307692308 0.31971153846153844 0.021634615384615384 0.05048076923076923
0 0.3786057692307692 0.3173076923076923 0.028846153846153848 0.057692307692307696
0 0.8942307692307693 0.22355769230769232 0.052884615384615384 0.12139423076923077
0 0.9495192307692307 0.2247596153846154 0.056490384615384616 0.12379807692307693
0 0.028846153846153848 0.3786057692307692 0.039663461538461536 0.07932692307692307
0 0.06850961538461539 0.38100961538461536 0.040865384615384616 0.07572115384615384
0 0.10817307692307693 0.3786057692307692 0.037259615384615384 0.07091346153846154
0 0.14302884615384615 0.37740384615384615 0.03365384615384615 0.0733173076923077
0 0.17668269230769232 0.37740384615384615 0.030048076923076924 0.07451923076923077
0 0.2091346153846154 0.37740384615384615 0.03365384615384615 0.07451923076923077
0 0.24519230769230768 0.3762019230769231 0.037259615384615384 0.07211538461538461
0 0.27884615384615385 0.3786057692307692 0.027644230769230768 0.07091346153846154
0 0.3088942307692308 0.38461538461538464 0.03125 0.06971153846153846
0 0.3425480769230769 0.3858173076923077 0.036057692307692304 0.06490384615384616
0 0.3762019230769231 0.3870192307692308 0.03125 0.06610576923076923
0 0.41225961538461536 0.3858173076923077 0.028846153846153848 0.07091346153846154
0 0.40865384615384615 0.32091346153846156 0.030048076923076924 0.051682692307692304
0 0.4423076923076923 0.38461538461538464 0.03125 0.06850961538461539
0 0.4987980769230769 0.3858173076923077 0.03125 0.06850961538461539
0 0.5276442307692307 0.38822115384615385 0.027644230769230768 0.06370192307692307
0 0.5612980769230769 0.3894230769230769 0.03245192307692308 0.0673076923076923
0 0.5913461538461539 0.390625 0.030048076923076924 0.06490384615384616
0 0.6225961538461539 0.3894230769230769 0.028846153846153848 0.06370192307692307
0 0.6502403846153846 0.390625 0.027644230769230768 0.06009615384615385
0 0.6802884615384616 0.390625 0.03245192307692308 0.057692307692307696
0 0.7079326923076923 0.3894230769230769 0.021634615384615384 0.057692307692307696
0 0.17307692307692307 0.31490384615384615 0.037259615384615384 0.025240384615384616
0 0.21153846153846154 0.31490384615384615 0.03365384615384615 0.030048076923076924
0 0.24639423076923078 0.3161057692307692 0.026442307692307692 0.026442307692307692
0 0.27283653846153844 0.3173076923076923 0.030048076923076924 0.025240384615384616
0 0.3137019230769231 0.3161057692307692 0.03365384615384615 0.05889423076923077
0 0.3473557692307692 0.31850961538461536 0.03485576923076923 0.057692307692307696
0 0.4699519230769231 0.38461538461538464 0.025240384615384616 0.0673076923076923
0 0.53125 0.4831730769230769 0.03365384615384615 0.07692307692307693
0 0.7608173076923077 0.33533653846153844 0.030048076923076924 0.057692307692307696
0 0.59375 0.48197115384615385 0.030048076923076924 0.078125
0 0.9867788461538461 0.4855769230769231 0.025240384615384616 0.08533653846153846
0 0.13581730769230768 0.8016826923076923 0.06370192307692307 0.03125
0 0.9362980769230769 0.484375 0.026442307692307692 0.07932692307692307
0 0.9110576923076923 0.4855769230769231 0.025240384615384616 0.08173076923076923
0 0.8834134615384616 0.484375 0.030048076923076924 0.08533653846153846
0 0.8557692307692307 0.484375 0.025240384615384616 0.08533653846153846
0 0.8245192307692307 0.4831730769230769 0.03365384615384615 0.08774038461538461
0 0.7944711538461539 0.4831730769230769 0.030048076923076924 0.0829326923076923
0 0.5637019230769231 0.48197115384615385 0.028846153846153848 0.078125
0 0.7668269230769231 0.4855769230769231 0.02403846153846154 0.07572115384615384
0 0.7391826923076923 0.4855769230769231 0.030048076923076924 0.07451923076923077
0 0.7079326923076923 0.4831730769230769 0.030048076923076924 0.08052884615384616
0 0.6790865384615384 0.4855769230769231 0.02283653846153846 0.08774038461538461
0 0.6538461538461539 0.4879807692307692 0.028846153846153848 0.0829326923076923
0 0.6225961538461539 0.4855769230769231 0.030048076923076924 0.07572115384615384
0 0.06850961538461539 0.8016826923076923 0.06490384615384616 0.038461538461538464