0 0.8149038461538461 0.8040865384615384 0.12259615384615384 0.026442307692307692
0 0.9399038461538461 0.8028846153846154 0.11899038461538461 0.02403846153846154
0 0.9399038461538461 0.8317307692307693 0.11778846153846154 0.03245192307692308
0 0.7331730769230769 0.4951923076923077 0.1814903846153846 0.03485576923076923
0 0.7331730769230769 0.46274038461538464 0.18269230769230768 0.028846153846153848
0 0.36899038461538464 0.4699519230769231 0.17307692307692307 0.03125
0 0.3737980769230769 0.5 0.16466346153846154 0.025240384615384616
0 0.5504807692307693 0.5252403846153846 0.1778846153846154 0.027644230769230768
0 0.5492788461538461 0.45913461538461536 0.17548076923076922 0.03365384615384615
0 0.8028846153846154 0.8305288461538461 0.14302884615384615 0.018028846153846152
0 0.5480769230769231 0.49278846153846156 0.17427884615384615 0.03245192307692308
0 0.37259615384615385 0.5276442307692307 0.16826923076923078 0.025240384615384616
0 0.6658653846153846 0.7908653846153846 0.171875 0.015625
0 0.9411057692307693 0.9290865384615384 0.11538461538461539 0.02403846153846154
0 0.6526442307692307 0.8305288461538461 0.14783653846153846 0.019230769230769232
0 0.4987980769230769 0.8317307692307693 0.14543269230769232 0.025240384615384616
0 0.5012019230769231 0.8052884615384616 0.14903846153846154 0.026442307692307692
0 0.34975961538461536 0.8329326923076923 0.1466346153846154 0.020432692307692308
0 0.34975961538461536 0.8088942307692307 0.1466346153846154 0.026442307692307692
0 0.35096153846153844 0.7848557692307693 0.1466346153846154 0.019230769230769232
0 0.20192307692307693 0.828125 0.14423076923076922 0.025240384615384616
0 0.19951923076923078 0.7992788461538461 0.13942307692307693 0.03245192307692308
0 0.9411057692307693 0.9026442307692307 0.11538461538461539 0.027644230769230768
0 0.8004807692307693 0.9278846153846154 0.14903846153846154 0.027644230769230768
0 0.8028846153846154 0.9026442307692307 0.15504807692307693 0.02283653846153846
0 0.203125 0.5276442307692307 0.1622596153846154 0.026442307692307692
0 0.8064903846153846 0.8822115384615384 0.14903846153846154 0.014423076923076924
0 0.6538461538461539 0.8112980769230769 0.14903846153846154 0.020432692307692308
0 0.20072115384615385 0.5 0.16346153846153846 0.027644230769230768
0 0.3389423076923077 0.6887019230769231 0.1466346153846154 0.013221153846153846
0 0.9783653846153846 0.7151442307692307 0.038461538461538464 0.06971153846153846
0 0.6442307692307693 0.9242788461538461 0.13341346153846154 0.02283653846153846
0 0.8497596153846154 0.5841346153846154 0.15264423076923078 0.021634615384615384
0 0.8461538461538461 0.6081730769230769 0.14302884615384615 0.027644230769230768
0 0.9459134615384616 0.6117788461538461 0.03485576923076923 0.07572115384615384
0 0.8449519230769231 0.6346153846153846 0.14543269230769232 0.025240384615384616
0 0.6826923076923077 0.6322115384615384 0.18028846153846154 0.028846153846153848
0 0.18509615384615385 0.6887019230769231 0.13942307692307693 0.01201923076923077
0 0.18870192307692307 0.7115384615384616 0.13701923076923078 0.027644230769230768
0 0.18990384615384615 0.7367788461538461 0.13942307692307693 0.02283653846153846
0 0.3401442307692308 0.7103365384615384 0.15625 0.025240384615384616
0 0.33774038461538464 0.7355769230769231 0.15504807692307693 0.020432692307692308
0 0.5012019230769231 0.703125 0.16105769230769232 0.03125
0 0.5012019230769231 0.7319711538461539 0.16346153846153846 0.026442307692307692
0 0.9807692307692307 0.6117788461538461 0.03365384615384615 0.07932692307692307
0 0.6634615384615384 0.7175480769230769 0.16105769230769232 0.026442307692307692
0 0.6838942307692307 0.5817307692307693 0.17668269230769232 0.018028846153846152
0 0.5108173076923077 0.6334134615384616 0.15384615384615385 0.025240384615384616
0 0.5108173076923077 0.609375 0.15144230769230768 0.02283653846153846
0 0.5120192307692307 0.5829326923076923 0.14903846153846154 0.02403846153846154
0 0.35336538461538464 0.6334134615384616 0.15264423076923078 0.025240384615384616
0 0.35336538461538464 0.6057692307692307 0.15384615384615385 0.027644230769230768
0 0.35216346153846156 0.5793269230769231 0.15745192307692307 0.02283653846153846
0 0.1875 0.6346153846153846 0.17427884615384615 0.026442307692307692
0 0.18629807692307693 0.6033653846153846 0.16947115384615385 0.03365384615384615
0 0.6622596153846154 0.7439903846153846 0.15745192307692307 0.025240384615384616
0 0.8293269230769231 0.7367788461538461 0.16826923076923078 0.03125
0 0.8341346153846154 0.7079326923076923 0.17427884615384615 0.028846153846153848
0 0.9411057692307693 0.7163461538461539 0.039663461538461536 0.06370192307692307
0 0.6814903846153846 0.6033653846153846 0.1814903846153846 0.027644230769230768
0 0.6502403846153846 0.8978365384615384 0.1466346153846154 0.028846153846153848
0 0.375 0.39903846153846156 0.171875 0.028846153846153848
0 0.4987980769230769 0.8882211538461539 0.13581730769230768 0.021634615384615384
0 0.5120192307692307 0.2283653846153846 0.17908653846153846 0.03245192307692308
0 0.5084134615384616 0.19471153846153846 0.17067307692307693 0.028846153846153848
0 0.5240384615384616 0.16706730769230768 0.16346153846153846 0.02403846153846154
0 0.18028846153846154 0.25600961538461536 0.1466346153846154 0.027644230769230768
0 0.17908653846153846 0.22716346153846154 0.15264423076923078 0.03245192307692308
0 0.18028846153846154 0.1971153846153846 0.140625 0.028846153846153848
0 0.7007211538461539 0.21875 0.19110576923076922 0.040865384615384616
0 0.7367788461538461 0.5288461538461539 0.18629807692307693 0.03365384615384615
0 0.859375 0.4951923076923077 0.057692307692307696 0.09495192307692307
0 0.9134615384615384 0.4963942307692308 0.04567307692307692 0.10216346153846154
0 0.9639423076923077 0.4963942307692308 0.052884615384615384 0.10096153846153846
0 0.203125 0.39783653846153844 0.16466346153846154 0.026442307692307692
0 0.203125 0.36778846153846156 0.16826923076923078 0.02403846153846154
0 0.1971153846153846 0.33653846153846156 0.17908653846153846 0.027644230769230768
0 0.18269230769230768 0.16706730769230768 0.1310096153846154 0.026442307692307692
0 0.33533653846153844 0.19110576923076922 0.16466346153846154 0.03125
0 0.33653846153846156 0.2247596153846154 0.16105769230769232 0.03125
0 0.3389423076923077 0.25961538461538464 0.15985576923076922 0.03485576923076923
0 0.9735576923076923 0.36177884615384615 0.05048076923076923 0.10697115384615384
0 0.9194711538461539 0.36177884615384615 0.055288461538461536 0.10697115384615384
0 0.8689903846153846 0.36177884615384615 0.04807692307692308 0.10697115384615384
0 0.7463942307692307 0.39783653846153844 0.1935096153846154 0.03485576923076923
0 0.7463942307692307 0.3641826923076923 0.19471153846153846 0.03245192307692308
0 0.7524038461538461 0.33052884615384615 0.18509615384615385 0.036057692307692304
0 0.5588942307692307 0.3269230769230769 0.1814903846153846 0.038461538461538464
0 0.5552884615384616 0.3641826923076923 0.1814903846153846 0.03125
0 0.3762019230769231 0.36899038461538464 0.16947115384615385 0.027644230769230768
0 0.5120192307692307 0.25841346153846156 0.17908653846153846 0.028846153846153848
0 0.5552884615384616 0.39903846153846156 0.17548076923076922 0.03245192307692308
0 0.6995192307692307 0.25721153846153844 0.19110576923076922 0.036057692307692304
0 0.8317307692307693 0.21394230769230768 0.06009615384615385 0.12139423076923077
0 0.359375 0.8870192307692307 0.140625 0.014423076923076924
0 0.34375 0.90625 0.140625 0.013221153846153846
0 0.3473557692307692 0.9254807692307693 0.13581730769230768 0.021634615384615384
0 0.20072115384615385 0.8882211538461539 0.1346153846153846 0.021634615384615384
0 0.19951923076923078 0.9110576923076923 0.13822115384615385 0.021634615384615384
0 0.20072115384615385 0.9326923076923077 0.1502403846153846 0.015625
0 0.0673076923076923 0.3269230769230769 0.06490384615384616 0.055288461538461536
0 0.07091346153846154 0.38822115384615385 0.08533653846153846 0.06009615384615385
0 0.07572115384615384 0.5036057692307693 0.07091346153846154 0.09134615384615384
0 0.06129807692307692 0.23197115384615385 0.0733173076923077 0.08774038461538461
0 0.9387019230769231 0.06370192307692307 0.06370192307692307 0.11899038461538461
0 0.8798076923076923 0.0625 0.054086538461538464 0.11778846153846154
0 0.8161057692307693 0.0625 0.07211538461538461 0.11658653846153846
0 0.49038461538461536 0.9194711538461539 0.140625 0.03125
0 0.6706730769230769 0.10216346153846154 0.19831730769230768 0.03485576923076923
0 0.6730769230769231 0.02283653846153846 0.19471153846153846 0.04326923076923077
0 0.47716346153846156 0.10336538461538461 0.17548076923076922 0.028846153846153848
0 0.47716346153846156 0.07091346153846154 0.17548076923076922 0.036057692307692304
0 0.4699519230769231 0.03245192307692308 0.16826923076923078 0.037259615384615384
0 0.2980769230769231 0.10336538461538461 0.17668269230769232 0.028846153846153848
0 0.296875 0.06971153846153846 0.17668269230769232 0.038461538461538464
0 0.29447115384615385 0.03245192307692308 0.1658653846153846 0.036057692307692304
0 0.12860576923076922 0.10216346153846154 0.1502403846153846 0.036057692307692304
0 0.12139423076923077 0.06610576923076923 0.16105769230769232 0.03125
0 0.12139423076923077 0.03245192307692308 0.15865384615384615 0.037259615384615384
0 0.9459134615384616 0.21514423076923078 0.05048076923076923 0.12139423076923077
0 0.8930288461538461 0.21394230769230768 0.055288461538461536 0.12259615384615384
0 0.6730769230769231 0.06490384615384616 0.20432692307692307 0.040865384615384616
0 0.37740384615384615 0.3401442307692308 0.171875 0.027644230769230768