0 0.7259615384615384 0.1814903846153846 0.016826923076923076 0.036057692307692304
0 0.5997596153846154 0.18509615384615385 0.037259615384615384 0.037259615384615384
0 0.5649038461538461 0.17668269230769232 0.028846153846153848 0.04447115384615385
0 0.6466346153846154 0.16826923076923078 0.037259615384615384 0.028846153846153848
0 0.6838942307692307 0.17427884615384615 0.03485576923076923 0.02403846153846154
0 0.7620192307692307 0.18509615384615385 0.037259615384615384 0.02283653846153846
0 0.6466346153846154 0.20192307692307693 0.030048076923076924 0.026442307692307692
0 0.8293269230769231 0.19591346153846154 0.02403846153846154 0.02403846153846154
0 0.8641826923076923 0.20192307692307693 0.03485576923076923 0.03125
0 0.8990384615384616 0.20673076923076922 0.026442307692307692 0.021634615384615384
0 0.9266826923076923 0.21153846153846154 0.021634615384615384 0.026442307692307692
0 0.5252403846153846 0.17307692307692307 0.038461538461538464 0.036057692307692304
0 0.6826923076923077 0.20793269230769232 0.030048076923076924 0.03125
0 0.796875 0.19230769230769232 0.020432692307692308 0.030048076923076924
0 0.4891826923076923 0.1658653846153846 0.025240384615384616 0.05048076923076923
0 0.4110576923076923 0.4326923076923077 0.039663461538461536 0.020432692307692308
0 0.40865384615384615 0.15504807692307693 0.03125 0.05048076923076923
0 0.4423076923076923 0.4362980769230769 0.025240384615384616 0.019230769230769232
0 0.7139423076923077 0.2127403846153846 0.026442307692307692 0.021634615384615384
0 0.4795673076923077 0.41586538461538464 0.03125 0.015625
0 0.4519230769230769 0.41586538461538464 0.02283653846153846 0.018028846153846152
0 0.4182692307692308 0.41346153846153844 0.03485576923076923 0.014423076923076924
0 0.4879807692307692 0.3942307692307692 0.039663461538461536 0.015625
0 0.44471153846153844 0.15985576923076922 0.039663461538461536 0.039663461538461536
0 0.453125 0.39302884615384615 0.030048076923076924 0.019230769230769232
0 0.49278846153846156 0.3713942307692308 0.03365384615384615 0.016826923076923076
0 0.46153846153846156 0.36538461538461536 0.021634615384615384 0.02283653846153846
0 0.09014423076923077 0.15504807692307693 0.18028846153846154 0.08774038461538461
0 0.26322115384615385 0.12860576923076922 0.04927884615384615 0.04447115384615385
0 0.3112980769230769 0.13581730769230768 0.039663461538461536 0.052884615384615384
0 0.35697115384615385 0.14302884615384615 0.038461538461538464 0.039663461538461536
0 0.4182692307692308 0.390625 0.03485576923076923 0.015625
0 0.7524038461538461 0.21634615384615385 0.037259615384615384 0.026442307692307692
0 0.7848557692307693 0.057692307692307696 0.016826923076923076 0.026442307692307692
0 0.8185096153846154 0.2283653846153846 0.02403846153846154 0.030048076923076924
0 0.8004807692307693 0.34375 0.020432692307692308 0.014423076923076924
0 0.8245192307692307 0.34615384615384615 0.020432692307692308 0.009615384615384616
0 0.8894230769230769 0.32572115384615385 0.07932692307692307 0.016826923076923076
0 0.8846153846153846 0.3485576923076923 0.07091346153846154 0.015625
0 0.10216346153846154 0.3701923076923077 0.08173076923076923 0.046875
0 0.09735576923076923 0.41947115384615385 0.08173076923076923 0.037259615384615384
0 0.7596153846153846 0.3161057692307692 0.04326923076923077 0.0625
0 0.09134615384615384 0.46274038461538464 0.07572115384615384 0.03485576923076923
0 0.265625 0.421875 0.042067307692307696 0.039663461538461536
0 0.8088942307692307 0.09495192307692307 0.026442307692307692 0.025240384615384616
0 0.8197115384615384 0.0625 0.030048076923076924 0.026442307692307692
0 0.4807692307692308 0.4387019230769231 0.039663461538461536 0.016826923076923076
0 0.7475961538461539 0.04927884615384615 0.025240384615384616 0.03365384615384615
0 0.7608173076923077 0.018028846153846152 0.030048076923076924 0.025240384615384616
0 0.21634615384615385 0.4170673076923077 0.04927884615384615 0.038461538461538464
0 0.7175480769230769 0.31850961538461536 0.030048076923076924 0.055288461538461536
0 0.6814903846153846 0.3137019230769231 0.038461538461538464 0.05048076923076923
0 0.6418269230769231 0.31009615384615385 0.020432692307692308 0.05048076923076923
0 0.8545673076923077 0.23197115384615385 0.021634615384615384 0.02283653846153846
0 0.8834134615384616 0.23557692307692307 0.02283653846153846 0.028846153846153848
0 0.9146634615384616 0.2403846153846154 0.019230769230769232 0.02283653846153846
0 0.2536057692307692 0.25961538461538464 0.10697115384615384 0.08052884615384616
0 0.34975961538461536 0.2644230769230769 0.07932692307692307 0.09615384615384616
0 0.4483173076923077 0.27884615384615385 0.0985576923076923 0.0673076923076923
0 0.5492788461538461 0.24879807692307693 0.03485576923076923 0.03125
0 0.5877403846153846 0.25240384615384615 0.03365384615384615 0.03245192307692308
0 0.6213942307692307 0.25600961538461536 0.02403846153846154 0.027644230769230768
0 0.5324519230769231 0.2824519230769231 0.03365384615384615 0.026442307692307692
0 0.5709134615384616 0.2860576923076923 0.03125 0.027644230769230768
0 0.6033653846153846 0.28725961538461536 0.028846153846153848 0.02403846153846154
0 0.5336538461538461 0.3137019230769231 0.036057692307692304 0.026442307692307692
0 0.5733173076923077 0.32211538461538464 0.027644230769230768 0.02403846153846154
0 0.6105769230769231 0.3233173076923077 0.02283653846153846 0.028846153846153848
0 0.7896634615384616 0.21995192307692307 0.02283653846153846 0.016826923076923076
0 0.6153846153846154 0.43028846153846156 0.18509615384615385 0.038461538461538464
0 0.7007211538461539 0.7956730769230769 0.056490384615384616 0.054086538461538464
0 0.9807692307692307 0.38100961538461536 0.019230769230769232 0.052884615384615384
0 0.9519230769230769 0.5973557692307693 0.04807692307692308 0.021634615384615384
0 0.8990384615384616 0.5985576923076923 0.04927884615384615 0.02403846153846154
0 0.859375 0.6995192307692307 0.027644230769230768 0.057692307692307696
0 0.8822115384615384 0.6995192307692307 0.01201923076923077 0.05889423076923077
0 0.8978365384615384 0.6983173076923077 0.019230769230769232 0.05889423076923077
0 0.9170673076923077 0.6971153846153846 0.014423076923076924 0.057692307692307696
0 0.9495192307692307 0.5709134615384616 0.056490384615384616 0.021634615384615384
0 0.9326923076923077 0.6983173076923077 0.013221153846153846 0.05889423076923077
0 0.9627403846153846 0.6959134615384616 0.014423076923076924 0.06370192307692307
0 0.9831730769230769 0.6923076923076923 0.010817307692307692 0.06009615384615385
0 0.19951923076923078 0.7608173076923077 0.1466346153846154 0.07451923076923077
0 0.2091346153846154 0.8449519230769231 0.14543269230769232 0.08413461538461539
0 0.30288461538461536 0.8293269230769231 0.046875 0.09134615384615384
0 0.3485576923076923 0.8245192307692307 0.036057692307692304 0.08533653846153846
0 0.9483173076923077 0.6959134615384616 0.014423076923076924 0.06009615384615385
0 0.3870192307692308 0.8221153846153846 0.037259615384615384 0.09014423076923077
0 0.890625 0.5697115384615384 0.054086538461538464 0.019230769230769232
0 0.8161057692307693 0.6478365384615384 0.03485576923076923 0.025240384615384616
0 0.8329326923076923 0.02283653846153846 0.02403846153846154 0.03485576923076923
0 0.3954326923076923 0.6682692307692307 0.052884615384615384 0.03485576923076923
0 0.3293269230769231 0.6706730769230769 0.07451923076923077 0.030048076923076924
0 0.4699519230769231 0.6442307692307693 0.055288461538461536 0.07091346153846154
0 0.5420673076923077 0.6298076923076923 0.04447115384615385 0.03125
0 0.59375 0.625 0.038461538461538464 0.028846153846153848
0 0.7668269230769231 0.6502403846153846 0.05048076923076923 0.026442307692307692
0 0.546875 0.6622596153846154 0.042067307692307696 0.028846153846153848
0 0.6538461538461539 0.625 0.06009615384615385 0.026442307692307692
0 0.7091346153846154 0.6237980769230769 0.037259615384615384 0.027644230769230768
0 0.6538461538461539 0.6538461538461539 0.04927884615384615 0.025240384615384616
0 0.7091346153846154 0.6490384615384616 0.04447115384615385 0.021634615384615384
0 0.7764423076923077 0.6213942307692307 0.04927884615384615 0.027644230769230768
0 0.8245192307692307 0.6201923076923077 0.030048076923076924 0.021634615384615384
0 0.5949519230769231 0.65625 0.039663461538461536 0.03365384615384615
0 0.4254807692307692 0.8173076923076923 0.03125 0.0829326923076923
0 0.49038461538461536 0.8088942307692307 0.09375 0.0985576923076923
0 0.5697115384615384 0.7980769230769231 0.06009615384615385 0.08052884615384616
0 0.6490384615384616 0.5384615384615384 0.08413461538461539 0.055288461538461536
0 0.5048076923076923 0.5504807692307693 0.052884615384615384 0.027644230769230768
0 0.5673076923076923 0.5516826923076923 0.0625 0.027644230769230768
0 0.5697115384615384 0.5216346153846154 0.056490384615384616 0.030048076923076924
0 0.5024038461538461 0.5192307692307693 0.06850961538461539 0.028846153846153848
0 0.4362980769230769 0.5180288461538461 0.057692307692307696 0.030048076923076924
0 0.7223557692307693 0.5384615384615384 0.05889423076923077 0.04807692307692308
0 0.36899038461538464 0.515625 0.06610576923076923 0.028846153846153848
0 0.3629807692307692 0.5540865384615384 0.06610576923076923 0.037259615384615384
0 0.2920673076923077 0.5348557692307693 0.05889423076923077 0.06370192307692307
0 0.21153846153846154 0.5360576923076923 0.09014423076923077 0.06850961538461539
0 0.984375 0.47716346153846156 0.030048076923076924 0.056490384615384616
0 0.9471153846153846 0.47475961538461536 0.025240384615384616 0.052884615384615384
0 0.9170673076923077 0.4723557692307692 0.036057692307692304 0.052884615384615384
0 0.42908653846153844 0.5504807692307693 0.06490384615384616 0.028846153846153848
0 0.06129807692307692 0.578125 0.12259615384615384 0.0829326923076923
0 0.04927884615384615 0.6550480769230769 0.09735576923076923 0.0673076923076923
0 0.20072115384615385 0.6454326923076923 0.07211538461538461 0.037259615384615384
0 0.6358173076923077 0.7944711538461539 0.04807692307692308 0.08413461538461539
0 0.7067307692307693 0.7319711538461539 0.06370192307692307 0.06370192307692307
0 0.7884615384615384 0.7283653846153846 0.07451923076923077 0.06490384615384616
0 0.7692307692307693 0.7908653846153846 0.07572115384615384 0.04567307692307692
0 0.8557692307692307 0.7848557692307693 0.06490384615384616 0.04807692307692308
0 0.9194711538461539 0.7788461538461539 0.06129807692307692 0.038461538461538464
0 0.9783653846153846 0.7644230769230769 0.042067307692307696 0.06610576923076923
0 0.7427884615384616 0.08533653846153846 0.03485576923076923 0.021634615384615384
0 0.7740384615384616 0.09014423076923077 0.020432692307692308 0.03125
0 0.31009615384615385 0.42427884615384615 0.04567307692307692 0.03125
0 0.39663461538461536 0.6358173076923077 0.05048076923076923 0.03245192307692308
0 0.3389423076923077 0.6370192307692307 0.06610576923076923 0.03485576923076923
0 0.19230769230769232 0.6790865384615384 0.07211538461538461 0.025240384615384616
0 0.25721153846153844 0.6742788461538461 0.055288461538461536 0.03245192307692308
0 0.2608173076923077 0.6430288461538461 0.04927884615384615 0.03245192307692308
0 0.9555288461538461 0.3762019230769231 0.020432692307692308 0.04447115384615385
0 0.7980769230769231 0.02403846153846154 0.03245192307692308 0.026442307692307692
0 0.4254807692307692 0.36899038461538464 0.04326923076923077 0.015625