0 0.29447115384615385 0.4483173076923077 0.026442307692307692 0.06971153846153846
0 0.328125 0.44711538461538464 0.03485576923076923 0.0733173076923077
0 0.25721153846153844 0.4483173076923077 0.040865384615384616 0.0673076923076923
0 0.41225961538461536 0.9459134615384616 0.05889423076923077 0.0889423076923077
0 0.35336538461538464 0.9483173076923077 0.05048076923076923 0.09495192307692307
0 0.4110576923076923 0.71875 0.046875 0.09134615384615384
0 0.29447115384615385 0.9459134615384616 0.057692307692307696 0.09615384615384616
0 0.23197115384615385 0.9435096153846154 0.06129807692307692 0.0985576923076923
0 0.15625 0.9495192307692307 0.06490384615384616 0.09495192307692307
0 0.08653846153846154 0.9447115384615384 0.06610576923076923 0.09735576923076923
0 0.9819711538461539 0.8545673076923077 0.03485576923076923 0.07932692307692307
0 0.9459134615384616 0.8557692307692307 0.037259615384615384 0.07451923076923077
0 0.8966346153846154 0.8509615384615384 0.04807692307692308 0.078125
0 0.7980769230769231 0.8197115384615384 0.04927884615384615 0.04326923076923077
0 0.4831730769230769 0.953125 0.052884615384615384 0.07692307692307693
0 0.7415865384615384 0.8257211538461539 0.05048076923076923 0.06490384615384616
0 0.6237980769230769 0.8557692307692307 0.06009615384615385 0.0733173076923077
0 0.5600961538461539 0.8461538461538461 0.055288461538461536 0.07572115384615384
0 0.5012019230769231 0.8365384615384616 0.057692307692307696 0.09254807692307693
0 0.41225961538461536 0.8341346153846154 0.0625 0.09375
0 0.47475961538461536 0.7319711538461539 0.055288461538461536 0.0733173076923077
0 0.53125 0.734375 0.05048076923076923 0.078125
0 0.5841346153846154 0.7391826923076923 0.056490384615384616 0.06850961538461539
0 0.34375 0.8329326923076923 0.07091346153846154 0.09975961538461539
0 0.6418269230769231 0.7391826923076923 0.052884615384615384 0.07572115384615384
0 0.7007211538461539 0.7403846153846154 0.04807692307692308 0.07451923076923077
0 0.7524038461538461 0.7427884615384616 0.04447115384615385 0.07932692307692307
0 0.6862980769230769 0.8293269230769231 0.05048076923076923 0.06009615384615385
0 0.796875 0.7391826923076923 0.040865384615384616 0.07572115384615384
0 0.5492788461538461 0.9591346153846154 0.054086538461538464 0.06129807692307692
0 0.6682692307692307 0.9387019230769231 0.06971153846153846 0.04567307692307692
0 0.7764423076923077 0.9266826923076923 0.038461538461538464 0.03365384615384615
0 0.8810096153846154 0.9567307692307693 0.06610576923076923 0.08533653846153846
0 0.9519230769230769 0.9591346153846154 0.06490384615384616 0.08052884615384616
0 0.34134615384615385 0.7199519230769231 0.057692307692307696 0.09134615384615384
0 0.28125 0.7139423076923077 0.052884615384615384 0.07932692307692307
0 0.20552884615384615 0.7175480769230769 0.06009615384615385 0.09014423076923077
0 0.12259615384615384 0.7175480769230769 0.06610576923076923 0.09014423076923077
0 0.057692307692307696 0.7139423076923077 0.057692307692307696 0.09495192307692307
0 0.38221153846153844 0.6237980769230769 0.038461538461538464 0.0673076923076923
0 0.3401442307692308 0.6237980769230769 0.036057692307692304 0.06971153846153846
0 0.30288461538461536 0.6237980769230769 0.03485576923076923 0.06610576923076923
0 0.6045673076923077 0.9387019230769231 0.055288461538461536 0.0625
0 0.2620192307692308 0.6213942307692307 0.037259615384615384 0.0673076923076923
0 0.10817307692307693 0.6262019230769231 0.036057692307692304 0.06009615384615385
0 0.06129807692307692 0.6274038461538461 0.04447115384615385 0.057692307692307696
0 0.020432692307692308 0.6262019230769231 0.036057692307692304 0.05889423076923077
0 0.9759615384615384 0.5961538461538461 0.042067307692307696 0.07692307692307693
0 0.9254807692307693 0.5949519230769231 0.04927884615384615 0.07692307692307693
0 0.8473557692307693 0.5985576923076923 0.039663461538461536 0.06971153846153846
0 0.8040865384615384 0.5985576923076923 0.042067307692307696 0.06490384615384616
0 0.765625 0.5961538461538461 0.037259615384615384 0.07211538461538461
0 0.7247596153846154 0.5961538461538461 0.03485576923076923 0.06850961538461539
0 0.6838942307692307 0.59375 0.038461538461538464 0.06610576923076923
0 0.7283653846153846 0.9350961538461539 0.042067307692307696 0.054086538461538464
0 0.14302884615384615 0.6213942307692307 0.030048076923076924 0.06370192307692307
0 0.8966346153846154 0.7415865384615384 0.040865384615384616 0.07572115384615384
0 0.8461538461538461 0.7403846153846154 0.04927884615384615 0.07451923076923077
0 0.9819711538461539 0.7439903846153846 0.03125 0.08413461538461539
0 0.9399038461538461 0.7403846153846154 0.04447115384615385 0.07932692307692307
0 0.1971153846153846 0.44471153846153844 0.04927884615384615 0.07572115384615384
0 0.27884615384615385 0.25 0.028846153846153848 0.06610576923076923
0 0.31490384615384615 0.24879807692307693 0.03485576923076923 0.0673076923076923
0 0.35336538461538464 0.24879807692307693 0.03485576923076923 0.06370192307692307
0 0.3954326923076923 0.24879807692307693 0.040865384615384616 0.06610576923076923
0 0.43028846153846156 0.2512019230769231 0.028846153846153848 0.06370192307692307
0 0.4651442307692308 0.24879807692307693 0.03485576923076923 0.06971153846153846
0 0.5036057692307693 0.25240384615384615 0.037259615384615384 0.06129807692307692
0 0.5540865384615384 0.23677884615384615 0.05048076923076923 0.09495192307692307
0 0.6009615384615384 0.24639423076923078 0.040865384615384616 0.07572115384615384
0 0.8569711538461539 0.25721153846153844 0.04326923076923077 0.04927884615384615
0 0.9122596153846154 0.25240384615384615 0.055288461538461536 0.057692307692307696
0 0.10817307692307693 0.3701923076923077 0.020432692307692308 0.03485576923076923
0 0.15865384615384615 0.3605769230769231 0.026442307692307692 0.06009615384615385
0 0.1814903846153846 0.36177884615384615 0.016826923076923076 0.05889423076923077
0 0.20192307692307693 0.36177884615384615 0.019230769230769232 0.05889423076923077
0 0.22355769230769232 0.35336538461538464 0.02283653846153846 0.07932692307692307
0 0.2536057692307692 0.3485576923076923 0.03125 0.08653846153846154
0 0.29927884615384615 0.3485576923076923 0.055288461538461536 0.09495192307692307
0 0.35336538461538464 0.34615384615384615 0.05048076923076923 0.09375
0 0.734375 0.34615384615384615 0.5264423076923077 0.07692307692307693
0 0.7271634615384616 0.453125 0.5444711538461539 0.0889423076923077
0 0.24519230769230768 0.25 0.03485576923076923 0.06610576923076923
0 0.20192307692307693 0.19831730769230768 0.02403846153846154 0.02283653846153846
0 0.17307692307692307 0.19831730769230768 0.028846153846153848 0.02283653846153846
0 0.20793269230769232 0.24759615384615385 0.037259615384615384 0.07211538461538461
0 0.052884615384615384 0.8269230769230769 0.06129807692307692 0.09495192307692307
0 0.11538461538461539 0.8269230769230769 0.056490384615384616 0.09495192307692307
0 0.18269230769230768 0.8293269230769231 0.07211538461538461 0.09495192307692307
0 0.25 0.828125 0.056490384615384616 0.0889423076923077
0 0.6454326923076923 0.59375 0.038461538461538464 0.0673076923076923
0 0.6009615384615384 0.59375 0.04447115384615385 0.0625
0 0.5564903846153846 0.5949519230769231 0.039663461538461536 0.06129807692307692
0 0.5120192307692307 0.5961538461538461 0.042067307692307696 0.05889423076923077
0 0.4699519230769231 0.5925480769230769 0.03485576923076923 0.06370192307692307
0 0.42427884615384615 0.5372596153846154 0.038461538461538464 0.0733173076923077
0 0.0673076923076923 0.44471153846153844 0.039663461538461536 0.07211538461538461
0 0.38822115384615385 0.5372596153846154 0.030048076923076924 0.07211538461538461
0 0.31490384615384615 0.5372596153846154 0.03365384615384615 0.0673076923076923
0 0.2764423076923077 0.5372596153846154 0.03485576923076923 0.07091346153846154
0 0.23798076923076922 0.5372596153846154 0.036057692307692304 0.06971153846153846
0 0.19230769230769232 0.5348557692307693 0.046875 0.0733173076923077
0 0.0985576923076923 0.5336538461538461 0.042067307692307696 0.07451923076923077
0 0.04567307692307692 0.5336538461538461 0.05048076923076923 0.07451923076923077
0 0.43028846153846156 0.44591346153846156 0.028846153846153848 0.07211538461538461
0 0.06610576923076923 0.23798076923076922 0.051682692307692304 0.09134615384615384
0 0.12379807692307693 0.23557692307692307 0.055288461538461536 0.09615384615384616
0 0.17067307692307693 0.24639423076923078 0.028846153846153848 0.07211538461538461
0 0.34975961538461536 0.5384615384615384 0.039663461538461536 0.07091346153846154
0 0.11177884615384616 0.44350961538461536 0.04807692307692308 0.07211538461538461