0 0.546875 0.4387019230769231 0.019230769230769232 0.02283653846153846
0 0.2932692307692308 0.5444711538461539 0.03485576923076923 0.03245192307692308
0 0.33052884615384615 0.5336538461538461 0.027644230769230768 0.03365384615384615
0 0.5288461538461539 0.41346153846153844 0.020432692307692308 0.03125
0 0.41466346153846156 0.3798076923076923 0.015625 0.036057692307692304
0 0.43149038461538464 0.3762019230769231 0.014423076923076924 0.037259615384615384
0 0.4723557692307692 0.37259615384615385 0.028846153846153848 0.03485576923076923
0 0.46875 0.33533653846153844 0.027644230769230768 0.03245192307692308
0 0.4326923076923077 0.33774038461538464 0.027644230769230768 0.036057692307692304
0 0.5877403846153846 0.328125 0.021634615384615384 0.028846153846153848
0 0.5012019230769231 0.4170673076923077 0.02283653846153846 0.030048076923076924
0 0.5288461538461539 0.44471153846153844 0.013221153846153846 0.025240384615384616
0 0.03365384615384615 0.5 0.06370192307692307 0.046875
0 0.48197115384615385 0.4543269230769231 0.019230769230769232 0.028846153846153848
0 0.609375 0.35697115384615385 0.018028846153846152 0.026442307692307692
0 0.6069711538461539 0.3269230769230769 0.015625 0.028846153846153848
0 0.6262019230769231 0.3233173076923077 0.016826923076923076 0.027644230769230768
0 0.6262019230769231 0.35336538461538464 0.015625 0.026442307692307692
0 0.6418269230769231 0.3245192307692308 0.01201923076923077 0.027644230769230768
0 0.6574519230769231 0.3233173076923077 0.013221153846153846 0.025240384615384616
0 0.6574519230769231 0.34975961538461536 0.015625 0.025240384615384616
0 0.6430288461538461 0.35216346153846156 0.009615384615384616 0.021634615384615384
0 0.6766826923076923 0.34615384615384615 0.014423076923076924 0.027644230769230768
0 0.6911057692307693 0.3449519230769231 0.008413461538461538 0.028846153846153848
0 0.703125 0.3449519230769231 0.008413461538461538 0.026442307692307692
0 0.5060096153846154 0.4495192307692308 0.020432692307692308 0.025240384615384616
0 0.2512019230769231 0.5516826923076923 0.040865384615384616 0.03485576923076923
0 0.03365384615384615 0.5552884615384616 0.06009615384615385 0.039663461538461536
0 0.09254807692307693 0.5420673076923077 0.052884615384615384 0.036057692307692304
0 0.15144230769230768 0.5288461538461539 0.046875 0.03485576923076923
0 0.20192307692307693 0.5192307692307693 0.04326923076923077 0.03365384615384615
0 0.24759615384615385 0.5096153846153846 0.036057692307692304 0.03245192307692308
0 0.29086538461538464 0.4987980769230769 0.03125 0.038461538461538464
0 0.3293269230769231 0.4891826923076923 0.028846153846153848 0.030048076923076924
0 0.3605769230769231 0.48197115384615385 0.021634615384615384 0.030048076923076924
0 0.3942307692307692 0.4735576923076923 0.026442307692307692 0.028846153846153848
0 0.42788461538461536 0.4675480769230769 0.027644230769230768 0.026442307692307692
0 0.45552884615384615 0.46033653846153844 0.02283653846153846 0.026442307692307692
0 0.140625 0.47836538461538464 0.06971153846153846 0.040865384615384616
0 0.20552884615384615 0.5612980769230769 0.039663461538461536 0.03245192307692308
0 0.4675480769230769 0.5540865384615384 0.02403846153846154 0.027644230769230768
0 0.10216346153846154 0.5913461538461539 0.04447115384615385 0.038461538461538464
0 0.3112980769230769 0.609375 0.028846153846153848 0.036057692307692304
0 0.06850961538461539 0.06971153846153846 0.055288461538461536 0.12379807692307693
0 0.27283653846153844 0.625 0.03485576923076923 0.03365384615384615
0 0.22596153846153846 0.6418269230769231 0.042067307692307696 0.037259615384615384
0 0.18509615384615385 0.7524038461538461 0.038461538461538464 0.03365384615384615
0 0.12980769230769232 0.765625 0.04326923076923077 0.039663461538461536
0 0.07692307692307693 0.7932692307692307 0.04927884615384615 0.037259615384615384
0 0.17427884615384615 0.6983173076923077 0.0625 0.03245192307692308
0 0.06370192307692307 0.7391826923076923 0.06490384615384616 0.036057692307692304
0 0.6754807692307693 0.4375 0.01201923076923077 0.02403846153846154
0 0.6610576923076923 0.4411057692307692 0.013221153846153846 0.025240384615384616
0 0.3473557692307692 0.5985576923076923 0.02403846153846154 0.026442307692307692
0 0.6430288461538461 0.44591346153846156 0.013221153846153846 0.025240384615384616
0 0.6105769230769231 0.4567307692307692 0.014423076923076924 0.02403846153846154
0 0.5901442307692307 0.46033653846153844 0.015625 0.025240384615384616
0 0.5733173076923077 0.4651442307692308 0.014423076923076924 0.027644230769230768
0 0.5721153846153846 0.4050480769230769 0.019230769230769232 0.030048076923076924
0 0.53125 0.47596153846153844 0.018028846153846152 0.026442307692307692
0 0.5084134615384616 0.4831730769230769 0.018028846153846152 0.026442307692307692
0 0.4831730769230769 0.48677884615384615 0.02403846153846154 0.02403846153846154
0 0.45552884615384615 0.4963942307692308 0.020432692307692308 0.027644230769230768
0 0.43028846153846156 0.5036057692307693 0.02403846153846154 0.03245192307692308
0 0.39903846153846156 0.5120192307692307 0.020432692307692308 0.027644230769230768
0 0.36658653846153844 0.5204326923076923 0.025240384615384616 0.026442307692307692
0 0.6274038461538461 0.4495192307692308 0.01201923076923077 0.02283653846153846
0 0.15985576923076922 0.578125 0.036057692307692304 0.039663461538461536
0 0.23076923076923078 0.6875 0.037259615384615384 0.03365384615384615
0 0.3137019230769231 0.6538461538461539 0.028846153846153848 0.028846153846153848
0 0.040865384615384616 0.6069711538461539 0.04927884615384615 0.04326923076923077
0 0.6742788461538461 0.4110576923076923 0.014423076923076924 0.02403846153846154
0 0.6586538461538461 0.41466346153846156 0.009615384615384616 0.02283653846153846
0 0.6442307692307693 0.41947115384615385 0.013221153846153846 0.021634615384615384
0 0.6286057692307693 0.42427884615384615 0.009615384615384616 0.018028846153846152
0 0.6454326923076923 0.390625 0.013221153846153846 0.02403846153846154
0 0.625 0.39663461538461536 0.016826923076923076 0.025240384615384616
0 0.6081730769230769 0.39783653846153844 0.014423076923076924 0.026442307692307692
0 0.6105769230769231 0.4266826923076923 0.015625 0.02403846153846154
0 0.5889423076923077 0.43149038461538464 0.013221153846153846 0.018028846153846152
0 0.5733173076923077 0.43509615384615385 0.016826923076923076 0.02403846153846154
0 0.27283653846153844 0.6682692307692307 0.026442307692307692 0.028846153846153848
0 0.5901442307692307 0.4026442307692308 0.013221153846153846 0.026442307692307692
0 0.43990384615384615 0.6322115384615384 0.016826923076923076 0.027644230769230768
0 0.41346153846153844 0.6454326923076923 0.020432692307692308 0.025240384615384616
0 0.3870192307692308 0.6574519230769231 0.020432692307692308 0.025240384615384616
0 0.38341346153846156 0.6189903846153846 0.02403846153846154 0.027644230769230768
0 0.4423076923076923 0.5949519230769231 0.020432692307692308 0.03485576923076923
0 0.41346153846153844 0.6081730769230769 0.030048076923076924 0.027644230769230768
0 0.3557692307692308 0.6754807692307693 0.037259615384615384 0.028846153846153848
0 0.31971153846153844 0.6947115384615384 0.027644230769230768 0.025240384615384616
0 0.2764423076923077 0.7091346153846154 0.03125 0.03485576923076923
0 0.23677884615384615 0.7295673076923077 0.038461538461538464 0.03245192307692308
0 0.3545673076923077 0.6358173076923077 0.03245192307692308 0.025240384615384616
0 0.49399038461538464 0.5456730769230769 0.028846153846153848 0.028846153846153848
0 0.5528846153846154 0.47115384615384615 0.019230769230769232 0.026442307692307692
0 0.5889423076923077 0.359375 0.019230769230769232 0.03125
0 0.16346153846153846 0.2860576923076923 0.03485576923076923 0.04927884615384615
0 0.3137019230769231 0.34615384615384615 0.03125 0.040865384615384616
0 0.06490384615384616 0.4182692307692308 0.051682692307692304 0.04807692307692308
0 0.12620192307692307 0.41346153846153844 0.04447115384615385 0.04567307692307692
0 0.17908653846153846 0.40384615384615385 0.04447115384615385 0.04326923076923077
0 0.234375 0.39903846153846156 0.04447115384615385 0.04807692307692308
0 0.2764423076923077 0.3954326923076923 0.03365384615384615 0.040865384615384616
0 0.3137019230769231 0.3918269230769231 0.03365384615384615 0.04447115384615385
0 0.35216346153846156 0.3870192307692308 0.03365384615384615 0.040865384615384616
0 0.38100961538461536 0.38461538461538464 0.019230769230769232 0.042067307692307696
0 0.39903846153846156 0.38221153846153844 0.014423076923076924 0.037259615384615384
0 0.35697115384615385 0.24519230769230768 0.026442307692307692 0.07091346153846154
0 0.3293269230769231 0.2439903846153846 0.02403846153846154 0.07692307692307693
0 0.6802884615384616 0.5288461538461539 0.02283653846153846 0.03125
0 0.6574519230769231 0.5432692307692307 0.014423076923076924 0.030048076923076924
0 0.6394230769230769 0.5504807692307693 0.016826923076923076 0.028846153846153848
0 0.6213942307692307 0.5552884615384616 0.013221153846153846 0.02283653846153846
0 0.6033653846153846 0.5637019230769231 0.013221153846153846 0.021634615384615384
0 0.13221153846153846 0.28846153846153844 0.03485576923076923 0.04447115384615385
0 0.4675480769230769 0.5865384615384616 0.021634615384615384 0.02403846153846154
0 0.49399038461538464 0.578125 0.021634615384615384 0.025240384615384616
0 0.5192307692307693 0.5661057692307693 0.015625 0.02283653846153846
0 0.5408653846153846 0.5564903846153846 0.016826923076923076 0.027644230769230768
0 0.46875 0.6189903846153846 0.021634615384615384 0.030048076923076924
0 0.26802884615384615 0.3485576923076923 0.046875 0.04326923076923077
0 0.5180288461538461 0.5997596153846154 0.019230769230769232 0.025240384615384616
0 0.5612980769230769 0.5480769230769231 0.018028846153846152 0.02283653846153846
0 0.5841346153846154 0.5384615384615384 0.016826923076923076 0.02283653846153846
0 0.6033653846153846 0.5288461538461539 0.015625 0.025240384615384616
0 0.6502403846153846 0.5132211538461539 0.025240384615384616 0.025240384615384616
0 0.5625 0.578125 0.018028846153846152 0.020432692307692308
0 0.5841346153846154 0.5697115384615384 0.015625 0.020432692307692308
0 0.5408653846153846 0.5889423076923077 0.020432692307692308 0.027644230769230768
0 0.18028846153846154 0.3545673076923077 0.05889423076923077 0.051682692307692304
0 0.49278846153846156 0.6105769230769231 0.020432692307692308 0.025240384615384616
0 0.057692307692307696 0.36177884615384615 0.055288461538461536 0.051682692307692304
0 0.5685096153846154 0.14423076923076922 0.025240384615384616 0.10817307692307693
0 0.546875 0.13822115384615385 0.019230769230769232 0.10336538461538461
0 0.5240384615384616 0.13341346153846154 0.02403846153846154 0.10216346153846154
0 0.49399038461538464 0.125 0.028846153846153848 0.109375
0 0.4699519230769231 0.11778846153846154 0.02283653846153846 0.12259615384615384
0 0.4411057692307692 0.109375 0.030048076923076924 0.12980769230769232
0 0.6358173076923077 0.15144230769230768 0.03485576923076923 0.09014423076923077
0 0.41225961538461536 0.109375 0.03365384615384615 0.12860576923076922
0 0.3329326923076923 0.09615384615384616 0.04807692307692308 0.1346153846153846
0 0.296875 0.09975961538461539 0.02283653846153846 0.12139423076923077
0 0.22596153846153846 0.07451923076923077 0.038461538461538464 0.14543269230769232
0 0.1778846153846154 0.0733173076923077 0.055288461538461536 0.13822115384615385
0 0.12379807692307693 0.07091346153846154 0.052884615384615384 0.13822115384615385
0 0.11899038461538461 0.3605769230769231 0.054086538461538464 0.04807692307692308
0 0.3786057692307692 0.1045673076923077 0.038461538461538464 0.12259615384615384
0 0.6838942307692307 0.15745192307692307 0.026442307692307692 0.08173076923076923
0 0.265625 0.08533653846153846 0.036057692307692304 0.13701923076923078
0 0.03125 0.2536057692307692 0.056490384615384616 0.11899038461538461
0 0.7055288461538461 0.2644230769230769 0.020432692307692308 0.06610576923076923
0 0.6069711538461539 0.15264423076923078 0.019230769230769232 0.09134615384615384
0 0.6706730769230769 0.2644230769230769 0.03245192307692308 0.06370192307692307
0 0.49278846153846156 0.25721153846153844 0.02403846153846154 0.09014423076923077
0 0.47115384615384615 0.25600961538461536 0.019230769230769232 0.08774038461538461
0 0.44591346153846156 0.2536057692307692 0.026442307692307692 0.0985576923076923
0 0.6057692307692307 0.25841346153846156 0.038461538461538464 0.07572115384615384
0 0.19230769230769232 0.2860576923076923 0.019230769230769232 0.04567307692307692
0 0.0829326923076923 0.25240384615384615 0.04447115384615385 0.12379807692307693
0 0.12379807692307693 0.23317307692307693 0.026442307692307692 0.06129807692307692
0 0.4098557692307692 0.25721153846153844 0.04326923076923077 0.09975961538461539
0 0.15504807692307693 0.23197115384615385 0.03125 0.05889423076923077
0 0.3557692307692308 0.2920673076923077 0.03485576923076923 0.020432692307692308
0 0.23076923076923078 0.2512019230769231 0.055288461538461536 0.09254807692307693
0 0.296875 0.24759615384615385 0.037259615384615384 0.09254807692307693