0 0.3581730769230769 0.38341346153846156 0.025240384615384616 0.09375
0 0.44711538461538464 0.38461538461538464 0.02283653846153846 0.0889423076923077
0 0.41586538461538464 0.38461538461538464 0.030048076923076924 0.08774038461538461
0 0.3870192307692308 0.38461538461538464 0.02403846153846154 0.0829326923076923
0 0.23317307692307693 0.38221153846153844 0.03125 0.08533653846153846
0 0.265625 0.38341346153846156 0.028846153846153848 0.08774038461538461
0 0.328125 0.38341346153846156 0.027644230769230768 0.09014423076923077
0 0.296875 0.38221153846153844 0.03125 0.08533653846153846
0 0.5396634615384616 0.38461538461538464 0.030048076923076924 0.08774038461538461
0 0.5060096153846154 0.38461538461538464 0.03245192307692308 0.08653846153846154
0 0.5709134615384616 0.38221153846153844 0.028846153846153848 0.08774038461538461
0 0.6009615384615384 0.3858173076923077 0.025240384615384616 0.08774038461538461
0 0.6322115384615384 0.38461538461538464 0.036057692307692304 0.08413461538461539
0 0.6646634615384616 0.38341346153846156 0.027644230769230768 0.0889423076923077
0 0.6971153846153846 0.38341346153846156 0.03245192307692308 0.0889423076923077
0 0.7331730769230769 0.38221153846153844 0.03485576923076923 0.09254807692307693
0 0.7668269230769231 0.38221153846153844 0.028846153846153848 0.09375
0 0.8209134615384616 0.38221153846153844 0.037259615384615384 0.09975961538461539
0 0.27403846153846156 0.47475961538461536 0.056490384615384616 0.042067307692307696
0 0.47475961538461536 0.38461538461538464 0.02283653846153846 0.08413461538461539
0 0.3329326923076923 0.47596153846153844 0.056490384615384616 0.040865384615384616
0 0.9747596153846154 0.84375 0.04807692307692308 0.046875
0 0.4567307692307692 0.47716346153846156 0.056490384615384616 0.04567307692307692
0 0.5048076923076923 0.7283653846153846 0.05889423076923077 0.04447115384615385
0 0.5649038461538461 0.8185096153846154 0.06370192307692307 0.04567307692307692
0 0.5024038461538461 0.8137019230769231 0.05889423076923077 0.040865384615384616
0 0.4423076923076923 0.8125 0.06009615384615385 0.04447115384615385
0 0.9158653846153846 0.8401442307692307 0.06850961538461539 0.04567307692307692
0 0.84375 0.8341346153846154 0.0673076923076923 0.046875
0 0.8473557692307693 0.7896634615384616 0.06009615384615385 0.04447115384615385
0 0.9158653846153846 0.7932692307692307 0.06850961538461539 0.04326923076923077
0 0.859375 0.38100961538461536 0.03365384615384615 0.09495192307692307
0 0.9759615384615384 0.796875 0.04567307692307692 0.04447115384615385
0 0.8473557692307693 0.7451923076923077 0.06370192307692307 0.04326923076923077
0 0.9170673076923077 0.75 0.0673076923076923 0.04326923076923077
0 0.2764423076923077 0.5637019230769231 0.05889423076923077 0.042067307692307696
0 0.3954326923076923 0.5240384615384616 0.056490384615384616 0.040865384615384616
0 0.33774038461538464 0.5204326923076923 0.055288461538461536 0.039663461538461536
0 0.27524038461538464 0.5204326923076923 0.056490384615384616 0.040865384615384616
0 0.5204326923076923 0.5252403846153846 0.05889423076923077 0.04447115384615385
0 0.45552884615384615 0.5228365384615384 0.06129807692307692 0.04567307692307692
0 0.5853365384615384 0.5264423076923077 0.06370192307692307 0.042067307692307696
0 0.5865384615384616 0.4795673076923077 0.06370192307692307 0.04567307692307692
0 0.5204326923076923 0.4807692307692308 0.06009615384615385 0.04447115384615385
0 0.3942307692307692 0.47836538461538464 0.0625 0.04326923076923077
0 0.8942307692307693 0.38100961538461536 0.028846153846153848 0.09495192307692307
0 0.6995192307692307 0.7824519230769231 0.06971153846153846 0.04326923076923077
0 0.9711538461538461 0.38341346153846156 0.03485576923076923 0.09254807692307693
0 0.6971153846153846 0.6478365384615384 0.06490384615384616 0.04927884615384615
0 0.6995192307692307 0.6959134615384616 0.0673076923076923 0.042067307692307696
0 0.6322115384615384 0.6923076923076923 0.06129807692307692 0.039663461538461536
0 0.9759615384615384 0.7512019230769231 0.04567307692307692 0.04326923076923077
0 0.9182692307692307 0.703125 0.07091346153846154 0.04447115384615385
0 0.8461538461538461 0.7019230769230769 0.06610576923076923 0.042067307692307696
0 0.8485576923076923 0.6550480769230769 0.07572115384615384 0.04807692307692308
0 0.9206730769230769 0.6574519230769231 0.06850961538461539 0.04567307692307692
0 0.9783653846153846 0.7067307692307693 0.040865384615384616 0.04447115384615385
0 0.9783653846153846 0.6598557692307693 0.040865384615384616 0.04567307692307692
0 0.8665865384615384 0.5829326923076923 0.07211538461538461 0.051682692307692304
0 0.9375 0.5805288461538461 0.0673076923076923 0.046875
0 0.9411057692307693 0.53125 0.07091346153846154 0.046875
0 0.8665865384615384 0.5336538461538461 0.07451923076923077 0.04567307692307692
0 0.8725961538461539 0.48197115384615385 0.07211538461538461 0.051682692307692304
0 0.7223557692307693 0.4807692307692308 0.06971153846153846 0.04807692307692308
0 0.7223557692307693 0.5288461538461539 0.06971153846153846 0.04326923076923077
0 0.5841346153846154 0.5733173076923077 0.06610576923076923 0.046875
0 0.5216346153846154 0.5721153846153846 0.057692307692307696 0.04927884615384615
0 0.45913461538461536 0.5673076923076923 0.05889423076923077 0.039663461538461536
0 0.39903846153846156 0.5685096153846154 0.057692307692307696 0.04326923076923077
0 0.3389423076923077 0.5661057692307693 0.056490384615384616 0.04567307692307692
0 0.2608173076923077 0.6754807692307693 0.056490384615384616 0.037259615384615384
0 0.6334134615384616 0.6454326923076923 0.05889423076923077 0.04807692307692308
0 0.32091346153846156 0.6766826923076923 0.057692307692307696 0.037259615384615384
0 0.4423076923076923 0.6826923076923077 0.05889423076923077 0.037259615384615384
0 0.5024038461538461 0.6850961538461539 0.06009615384615385 0.039663461538461536
0 0.5637019230769231 0.6862980769230769 0.05889423076923077 0.04326923076923077
0 0.6526442307692307 0.5733173076923077 0.06490384615384616 0.04567307692307692
0 0.6610576923076923 0.5060096153846154 0.046875 0.04807692307692308
0 0.7223557692307693 0.5733173076923077 0.06610576923076923 0.04447115384615385
0 0.3798076923076923 0.6802884615384616 0.057692307692307696 0.038461538461538464
0 0.5673076923076923 0.6430288461538461 0.06370192307692307 0.04326923076923077
0 0.5036057692307693 0.6430288461538461 0.06129807692307692 0.039663461538461536
0 0.4423076923076923 0.640625 0.055288461538461536 0.04326923076923077
0 0.3581730769230769 0.22956730769230768 0.04927884615384615 0.11057692307692307
0 0.5036057692307693 0.7716346153846154 0.06129807692307692 0.042067307692307696
0 0.5685096153846154 0.7752403846153846 0.057692307692307696 0.039663461538461536
0 0.6310096153846154 0.7776442307692307 0.06129807692307692 0.040865384615384616
0 0.4110576923076923 0.23076923076923078 0.04927884615384615 0.11298076923076923
0 0.46274038461538464 0.22716346153846154 0.046875 0.1141826923076923
0 0.30288461538461536 0.23076923076923078 0.057692307692307696 0.10576923076923077
0 0.5204326923076923 0.22716346153846154 0.057692307692307696 0.11538461538461539
0 0.6370192307692307 0.2247596153846154 0.054086538461538464 0.11778846153846154
0 0.6971153846153846 0.22355769230769232 0.056490384615384616 0.11778846153846154
0 0.7560096153846154 0.22115384615384615 0.056490384615384616 0.1201923076923077
0 0.8461538461538461 0.21754807692307693 0.05889423076923077 0.1201923076923077
0 0.9050480769230769 0.21514423076923078 0.055288461538461536 0.11899038461538461
0 0.9663461538461539 0.21153846153846154 0.05889423076923077 0.11658653846153846
0 0.5805288461538461 0.22596153846153846 0.056490384615384616 0.11778846153846154
0 0.9314903846153846 0.38221153846153844 0.036057692307692304 0.09254807692307693
0 0.24278846153846154 0.23197115384615385 0.054086538461538464 0.10576923076923077
0 0.6334134615384616 0.7355769230769231 0.05889423076923077 0.04326923076923077
0 0.3786057692307692 0.6382211538461539 0.0625 0.040865384615384616
0 0.3173076923076923 0.6346153846153846 0.056490384615384616 0.042067307692307696
0 0.25721153846153844 0.6334134615384616 0.055288461538461536 0.042067307692307696
0 0.44471153846153844 0.7247596153846154 0.05889423076923077 0.04326923076923077
0 0.38100961538461536 0.7223557692307693 0.05889423076923077 0.042067307692307696
0 0.31971153846153844 0.7175480769230769 0.052884615384615384 0.040865384615384616
0 0.5661057692307693 0.7307692307692307 0.06129807692307692 0.04326923076923077
0 0.26322115384615385 0.7151442307692307 0.057692307692307696 0.039663461538461536
0 0.31850961538461536 0.8052884615384616 0.056490384615384616 0.039663461538461536
0 0.38100961538461536 0.8112980769230769 0.06129807692307692 0.042067307692307696
0 0.38100961538461536 0.765625 0.05889423076923077 0.04447115384615385
0 0.31971153846153844 0.7632211538461539 0.055288461538461536 0.040865384615384616
0 0.25841346153846156 0.7572115384615384 0.057692307692307696 0.040865384615384616
0 0.6983173076923077 0.7391826923076923 0.06850961538461539 0.039663461538461536
0 0.25841346153846156 0.8016826923076923 0.06009615384615385 0.04447115384615385
0 0.4411057692307692 0.7704326923076923 0.056490384615384616 0.04447115384615385
0 0.6935096153846154 0.8269230769230769 0.06129807692307692 0.04567307692307692
0 0.6298076923076923 0.8233173076923077 0.06129807692307692 0.04807692307692308