0 0.7632211538461539 0.5024038461538461 0.04927884615384615 0.09014423076923077
0 0.5829326923076923 0.5012019230769231 0.04567307692307692 0.0829326923076923
0 0.6706730769230769 0.5024038461538461 0.04326923076923077 0.08052884615384616
0 0.6274038461538461 0.5024038461538461 0.04326923076923077 0.08052884615384616
0 0.5372596153846154 0.4987980769230769 0.04567307692307692 0.07932692307692307
0 0.5024038461538461 0.5036057692307693 0.02403846153846154 0.06971153846153846
0 0.7127403846153846 0.5012019230769231 0.040865384615384616 0.0829326923076923
0 0.7091346153846154 0.40384615384615385 0.04326923076923077 0.07932692307692307
0 0.8233173076923077 0.5060096153846154 0.046875 0.07451923076923077
0 0.6153846153846154 0.40024038461538464 0.05048076923076923 0.08173076923076923
0 0.5685096153846154 0.40024038461538464 0.042067307692307696 0.0829326923076923
0 0.1466346153846154 0.4495192307692308 0.037259615384615384 0.07572115384615384
0 0.20192307692307693 0.39783653846153844 0.054086538461538464 0.08052884615384616
0 0.2932692307692308 0.39903846153846156 0.055288461538461536 0.0829326923076923
0 0.3473557692307692 0.40024038461538464 0.051682692307692304 0.08533653846153846
0 0.47475961538461536 0.5060096153846154 0.03245192307692308 0.07451923076923077
0 0.5228365384615384 0.4026442307692308 0.04927884615384615 0.08774038461538461
0 0.41225961538461536 0.40024038461538464 0.04927884615384615 0.08533653846153846
0 0.6634615384615384 0.4014423076923077 0.046875 0.0829326923076923
0 0.4375 0.5060096153846154 0.04326923076923077 0.07451923076923077
0 0.08052884615384616 0.6550480769230769 0.055288461538461536 0.056490384615384616
0 0.3485576923076923 0.5024038461538461 0.046875 0.0673076923076923
0 0.7596153846153846 0.40384615384615385 0.04326923076923077 0.07932692307692307
0 0.025240384615384616 0.6526442307692307 0.04807692307692308 0.06490384615384616
0 0.8173076923076923 0.7259615384615384 0.046875 0.11177884615384616
0 0.7608173076923077 0.7283653846153846 0.0673076923076923 0.1141826923076923
0 0.4338942307692308 0.7199519230769231 0.06129807692307692 0.11177884615384616
0 0.5 0.7235576923076923 0.06971153846153846 0.1045673076923077
0 0.5685096153846154 0.7247596153846154 0.06850961538461539 0.109375
0 0.6334134615384616 0.7259615384615384 0.0625 0.10697115384615384
0 0.16105769230769232 0.6490384615384616 0.04807692307692308 0.051682692307692304
0 0.6959134615384616 0.7283653846153846 0.06129807692307692 0.11298076923076923
0 0.5480769230769231 0.04927884615384615 0.04927884615384615 0.09375
0 0.5048076923076923 0.052884615384615384 0.037259615384615384 0.08533653846153846
0 0.46033653846153844 0.054086538461538464 0.05048076923076923 0.08774038461538461
0 0.41346153846153844 0.052884615384615384 0.04326923076923077 0.09134615384615384
0 0.36658653846153844 0.052884615384615384 0.05048076923076923 0.09375
0 0.32211538461538464 0.051682692307692304 0.038461538461538464 0.09735576923076923
0 0.28125 0.051682692307692304 0.04326923076923077 0.09735576923076923
0 0.23317307692307693 0.05889423076923077 0.054086538461538464 0.08173076923076923
0 0.5973557692307693 0.04927884615384615 0.04807692307692308 0.09375
0 0.3942307692307692 0.5024038461538461 0.04326923076923077 0.0673076923076923
0 0.23197115384615385 0.5973557692307693 0.07451923076923077 0.08653846153846154
0 0.38341346153846156 0.5973557692307693 0.056490384615384616 0.09014423076923077
0 0.30288461538461536 0.5024038461538461 0.04567307692307692 0.06490384615384616
0 0.2536057692307692 0.5 0.05048076923076923 0.06850961538461539
0 0.20432692307692307 0.5012019230769231 0.04927884615384615 0.07091346153846154
0 0.1310096153846154 0.19471153846153846 0.04567307692307692 0.09615384615384616
0 0.028846153846153848 0.19471153846153846 0.04927884615384615 0.0985576923076923
0 0.025240384615384616 0.32211538461538464 0.04326923076923077 0.10336538461538461
0 0.0673076923076923 0.32211538461538464 0.040865384615384616 0.10336538461538461
0 0.0985576923076923 0.43990384615384615 0.042067307692307696 0.10336538461538461
0 0.3173076923076923 0.5973557692307693 0.07572115384615384 0.0889423076923077
0 0.051682692307692304 0.4423076923076923 0.046875 0.10336538461538461
0 0.01201923076923077 0.5516826923076923 0.021634615384615384 0.10697115384615384
0 0.051682692307692304 0.5552884615384616 0.057692307692307696 0.0985576923076923
0 0.1466346153846154 0.5576923076923077 0.052884615384615384 0.10336538461538461
0 0.71875 0.6045673076923077 0.078125 0.10096153846153846
0 0.6454326923076923 0.59375 0.06009615384615385 0.07451923076923077
0 0.5817307692307693 0.5997596153846154 0.0673076923076923 0.10216346153846154
0 0.5120192307692307 0.5985576923076923 0.07091346153846154 0.0985576923076923
0 0.44350961538461536 0.5997596153846154 0.06490384615384616 0.09495192307692307
0 0.013221153846153846 0.44591346153846156 0.02403846153846154 0.09495192307692307
0 0.8004807692307693 0.4050480769230769 0.038461538461538464 0.07572115384615384
0 0.328125 0.22596153846153846 0.0625 0.026442307692307692
0 0.7956730769230769 0.3004807692307692 0.057692307692307696 0.09014423076923077
0 0.7283653846153846 0.8521634615384616 0.06370192307692307 0.11778846153846154
0 0.3389423076923077 0.17067307692307693 0.04447115384615385 0.015625
0 0.34375 0.15625 0.054086538461538464 0.014423076923076924
0 0.38822115384615385 0.19230769230769232 0.03485576923076923 0.09134615384615384
0 0.43149038461538464 0.1935096153846154 0.03485576923076923 0.08533653846153846
0 0.484375 0.2127403846153846 0.04927884615384615 0.04326923076923077
0 0.5612980769230769 0.1935096153846154 0.03125 0.08173076923076923
0 0.640625 0.18870192307692307 0.042067307692307696 0.09735576923076923
0 0.6887019230769231 0.18870192307692307 0.052884615384615384 0.09615384615384616
0 0.7632211538461539 0.18028846153846154 0.05889423076923077 0.1141826923076923
0 0.8293269230769231 0.17908653846153846 0.07211538461538461 0.11177884615384616
0 0.9411057692307693 0.04927884615384615 0.08052884615384616 0.09375
0 0.7872596153846154 0.8257211538461539 0.04927884615384615 0.055288461538461536
0 0.8521634615384616 0.06129807692307692 0.056490384615384616 0.07451923076923077
0 0.7596153846153846 0.056490384615384616 0.04447115384615385 0.0829326923076923
0 0.7199519230769231 0.056490384615384616 0.03485576923076923 0.0829326923076923
0 0.11057692307692307 0.8485576923076923 0.040865384615384616 0.05048076923076923
0 0.1658653846153846 0.8569711538461539 0.054086538461538464 0.030048076923076924
0 0.17067307692307693 0.8221153846153846 0.052884615384615384 0.03485576923076923
0 0.23557692307692307 0.8341346153846154 0.055288461538461536 0.09735576923076923
0 0.3125 0.8233173076923077 0.0673076923076923 0.07572115384615384
0 0.49158653846153844 0.8401442307692307 0.06850961538461539 0.10697115384615384
0 0.5637019230769231 0.8413461538461539 0.07211538461538461 0.109375
0 0.8497596153846154 0.3004807692307692 0.04807692307692308 0.09014423076923077
0 0.6622596153846154 0.055288461538461536 0.08173076923076923 0.08052884615384616
0 0.6646634615384616 0.8461538461538461 0.06490384615384616 0.10697115384615384
0 0.8028846153846154 0.056490384615384616 0.042067307692307696 0.08413461538461539
0 0.8894230769230769 0.7944711538461539 0.08173076923076923 0.0829326923076923
0 0.5901442307692307 0.19471153846153846 0.026442307692307692 0.0733173076923077
0 0.33533653846153844 0.18509615384615385 0.05048076923076923 0.01201923076923077
0 0.7379807692307693 0.3016826923076923 0.057692307692307696 0.08774038461538461
0 0.6899038461538461 0.3016826923076923 0.037259615384615384 0.08774038461538461
0 0.6466346153846154 0.29927884615384615 0.054086538461538464 0.09375
0 0.5348557692307693 0.29927884615384615 0.056490384615384616 0.0889423076923077
0 0.9663461538461539 0.7920673076923077 0.0625 0.08413461538461539
0 0.1045673076923077 0.078125 0.11538461538461539 0.04807692307692308
0 0.47475961538461536 0.2980769230769231 0.056490384615384616 0.09014423076923077
0 0.41947115384615385 0.3004807692307692 0.054086538461538464 0.08653846153846154
0 0.3641826923076923 0.3004807692307692 0.056490384615384616 0.08774038461538461
0 0.3173076923076923 0.3004807692307692 0.036057692307692304 0.08774038461538461
0 0.2644230769230769 0.3004807692307692 0.052884615384615384 0.09014423076923077
0 0.20072115384615385 0.29927884615384615 0.05889423076923077 0.08774038461538461
0 0.21514423076923078 0.18870192307692307 0.03485576923076923 0.09134615384615384
0 0.2764423076923077 0.19471153846153846 0.040865384615384616 0.09014423076923077
0 0.37740384615384615 0.7091346153846154 0.05048076923076923 0.09254807692307693
0 0.33533653846153844 0.20192307692307693 0.04927884615384615 0.021634615384615384
0 0.040865384615384616 0.8413461538461539 0.08052884615384616 0.08173076923076923
0 0.8798076923076923 0.7091346153846154 0.04927884615384615 0.05889423076923077
0 0.9350961538461539 0.6995192307692307 0.06129807692307692 0.07692307692307693
0 0.9350961538461539 0.4987980769230769 0.09735576923076923 0.06129807692307692
0 0.9543269230769231 0.3786057692307692 0.0889423076923077 0.07572115384615384
0 0.9507211538461539 0.25240384615384615 0.09735576923076923 0.054086538461538464
0 0.9266826923076923 0.5961538461538461 0.14543269230769232 0.0829326923076923
0 0.020432692307692308 0.7415865384615384 0.039663461538461536 0.07692307692307693
0 0.13221153846153846 0.7451923076923077 0.06490384615384616 0.07211538461538461
0 0.2283653846153846 0.7259615384615384 0.078125 0.10697115384615384
0 0.31850961538461536 0.7091346153846154 0.0673076923076923 0.09254807692307693
0 0.06129807692307692 0.7451923076923077 0.042067307692307696 0.08413461538461539