0 0.9122596153846154 0.4987980769230769 0.046875 0.10576923076923077
0 0.8485576923076923 0.3798076923076923 0.046875 0.1045673076923077
0 0.7680288461538461 0.37740384615384615 0.05048076923076923 0.11057692307692307
0 0.9699519230769231 0.38221153846153844 0.040865384615384616 0.10336538461538461
0 0.9278846153846154 0.3798076923076923 0.040865384615384616 0.1045673076923077
0 0.9603365384615384 0.5 0.046875 0.10817307692307693
0 0.8713942307692307 0.5072115384615384 0.039663461538461536 0.08774038461538461
0 0.6021634615384616 0.3786057692307692 0.056490384615384616 0.11298076923076923
0 0.4879807692307692 0.3798076923076923 0.036057692307692304 0.10096153846153846
0 0.8112980769230769 0.09134615384615384 0.028846153846153848 0.1045673076923077
0 0.7800480769230769 0.10216346153846154 0.03365384615384615 0.08774038461538461
0 0.7403846153846154 0.08173076923076923 0.03125 0.12379807692307693
0 0.7091346153846154 0.09254807692307693 0.036057692307692304 0.09735576923076923
0 0.6478365384615384 0.08653846153846154 0.03125 0.12259615384615384
0 0.6153846153846154 0.08413461538461539 0.03125 0.12259615384615384
0 0.5721153846153846 0.0889423076923077 0.04927884615384615 0.1141826923076923
0 0.5180288461538461 0.09134615384615384 0.040865384615384616 0.10576923076923077
0 0.4375 0.09735576923076923 0.04927884615384615 0.09975961538461539
0 0.33774038461538464 0.09375 0.040865384615384616 0.10096153846153846
0 0.27884615384615385 0.08533653846153846 0.042067307692307696 0.12139423076923077
0 0.18509615384615385 0.09134615384615384 0.03125 0.10576923076923077
0 0.15144230769230768 0.09375 0.03365384615384615 0.09735576923076923
0 0.10096153846153846 0.0889423076923077 0.036057692307692304 0.10576923076923077
0 0.0625 0.09014423076923077 0.036057692307692304 0.10576923076923077
0 0.8317307692307693 0.78125 0.028846153846153848 0.07932692307692307
0 0.8629807692307693 0.7836538461538461 0.03365384615384615 0.07692307692307693
0 0.8930288461538461 0.7824519230769231 0.028846153846153848 0.0829326923076923
0 0.9230769230769231 0.7776442307692307 0.03245192307692308 0.09254807692307693
0 0.9507211538461539 0.7716346153846154 0.028846153846153848 0.09615384615384616
0 0.9819711538461539 0.7764423076923077 0.03125 0.08653846153846154
0 0.8425480769230769 0.10697115384615384 0.03365384615384615 0.07451923076923077
0 0.8762019230769231 0.0889423076923077 0.036057692307692304 0.1141826923076923
0 0.9459134615384616 0.0829326923076923 0.036057692307692304 0.1201923076923077
0 0.9807692307692307 0.08413461538461539 0.03365384615384615 0.125
0 0.4230769230769231 0.3918269230769231 0.042067307692307696 0.0673076923076923
0 0.35336538461538464 0.38221153846153844 0.06490384615384616 0.10096153846153846
0 0.2920673076923077 0.38341346153846156 0.0625 0.10216346153846154
0 0.1875 0.38341346153846156 0.046875 0.10096153846153846
0 0.13942307692307693 0.40024038461538464 0.054086538461538464 0.0673076923076923
0 0.08173076923076923 0.39903846153846156 0.056490384615384616 0.06610576923076923
0 0.06490384615384616 0.2439903846153846 0.05889423076923077 0.10216346153846154
0 0.11778846153846154 0.25961538461538464 0.04927884615384615 0.0673076923076923
0 0.16947115384615385 0.2608173076923077 0.05048076923076923 0.06490384615384616
0 0.2247596153846154 0.2608173076923077 0.06490384615384616 0.06971153846153846
0 0.5240384615384616 0.3798076923076923 0.036057692307692304 0.10096153846153846
0 0.3173076923076923 0.2620192307692308 0.046875 0.07211538461538461
0 0.39903846153846156 0.2548076923076923 0.037259615384615384 0.0829326923076923
0 0.4879807692307692 0.24278846153846154 0.046875 0.109375
0 0.5420673076923077 0.24278846153846154 0.052884615384615384 0.109375
0 0.6009615384615384 0.2403846153846154 0.0625 0.1141826923076923
0 0.6622596153846154 0.2403846153846154 0.05889423076923077 0.109375
0 0.7223557692307693 0.25721153846153844 0.056490384615384616 0.06850961538461539
0 0.7776442307692307 0.25961538461538464 0.056490384615384616 0.06850961538461539
0 0.8329326923076923 0.25841346153846156 0.04927884615384615 0.07091346153846154
0 0.8894230769230769 0.25841346153846156 0.05889423076923077 0.07572115384615384
0 0.9555288461538461 0.2548076923076923 0.046875 0.0733173076923077
0 0.3605769230769231 0.25961538461538464 0.04326923076923077 0.06850961538461539
0 0.8353365384615384 0.5060096153846154 0.030048076923076924 0.0889423076923077
0 0.1045673076923077 0.7908653846153846 0.037259615384615384 0.06370192307692307
0 0.7908653846153846 0.5132211538461539 0.054086538461538464 0.025240384615384616
0 0.4026442307692308 0.6358173076923077 0.04927884615384615 0.06009615384615385
0 0.44711538461538464 0.6358173076923077 0.04447115384615385 0.06129807692307692
0 0.49158653846153844 0.6370192307692307 0.04447115384615385 0.06129807692307692
0 0.5360576923076923 0.6346153846153846 0.04447115384615385 0.0625
0 0.5853365384615384 0.6334134615384616 0.04447115384615385 0.06129807692307692
0 0.6310096153846154 0.6346153846153846 0.04447115384615385 0.0625
0 0.6778846153846154 0.6334134615384616 0.04447115384615385 0.06129807692307692
0 0.5192307692307693 0.7680288461538461 0.028846153846153848 0.10096153846153846
0 0.4879807692307692 0.7704326923076923 0.028846153846153848 0.10096153846153846
0 0.44350961538461536 0.7884615384615384 0.04447115384615385 0.06129807692307692
0 0.39663461538461536 0.7908653846153846 0.04807692307692308 0.0625
0 0.33533653846153844 0.8112980769230769 0.04807692307692308 0.016826923076923076
0 0.35216346153846156 0.6334134615384616 0.04927884615384615 0.06009615384615385
0 0.33653846153846156 0.7944711538461539 0.04807692307692308 0.016826923076923076
0 0.2860576923076923 0.7932692307692307 0.042067307692307696 0.06370192307692307
0 0.23197115384615385 0.7884615384615384 0.042067307692307696 0.06370192307692307
0 0.1875 0.7788461538461539 0.040865384615384616 0.09495192307692307
0 0.7235576923076923 0.6189903846153846 0.040865384615384616 0.09134615384615384
0 0.7620192307692307 0.6201923076923077 0.040865384615384616 0.09134615384615384
0 0.7932692307692307 0.6286057692307693 0.03125 0.07211538461538461
0 0.828125 0.6201923076923077 0.039663461538461536 0.0889423076923077
0 0.8713942307692307 0.6225961538461539 0.039663461538461536 0.0889423076923077
0 0.9146634615384616 0.6225961538461539 0.039663461538461536 0.0889423076923077
0 0.953125 0.625 0.039663461538461536 0.0889423076923077
0 0.984375 0.6274038461538461 0.030048076923076924 0.078125
0 0.06129807692307692 0.7884615384615384 0.051682692307692304 0.06370192307692307
0 0.33533653846153844 0.7776442307692307 0.051682692307692304 0.021634615384615384
0 0.25721153846153844 0.6382211538461539 0.04927884615384615 0.06009615384615385
0 0.20552884615384615 0.6382211538461539 0.046875 0.06610576923076923
0 0.15384615384615385 0.6382211538461539 0.04326923076923077 0.06009615384615385
0 0.7980769230769231 0.4879807692307692 0.054086538461538464 0.025240384615384616
0 0.7391826923076923 0.4699519230769231 0.054086538461538464 0.054086538461538464
0 0.7307692307692307 0.5228365384615384 0.055288461538461536 0.04447115384615385
0 0.6838942307692307 0.5132211538461539 0.037259615384615384 0.08052884615384616
0 0.14182692307692307 0.7908653846153846 0.04447115384615385 0.0625
0 0.8004807692307693 0.7860576923076923 0.03245192307692308 0.06971153846153846
0 0.7055288461538461 0.7776442307692307 0.040865384615384616 0.08533653846153846
0 0.6610576923076923 0.7776442307692307 0.040865384615384616 0.08533653846153846
0 0.6165865384615384 0.7920673076923077 0.054086538461538464 0.056490384615384616
0 0.5769230769230769 0.7704326923076923 0.028846153846153848 0.10096153846153846
0 0.5456730769230769 0.7692307692307693 0.028846153846153848 0.10096153846153846
0 0.640625 0.5 0.04447115384615385 0.11177884615384616
0 0.5961538461538461 0.49759615384615385 0.04567307692307692 0.11057692307692307
0 0.5564903846153846 0.5048076923076923 0.03245192307692308 0.09495192307692307
0 0.5216346153846154 0.5072115384615384 0.03245192307692308 0.09495192307692307
0 0.4182692307692308 0.5060096153846154 0.03245192307692308 0.09495192307692307
0 0.34375 0.515625 0.040865384615384616 0.08052884615384616
0 0.29447115384615385 0.5048076923076923 0.051682692307692304 0.09254807692307693
0 0.23557692307692307 0.5240384615384616 0.03125 0.0625
0 0.14302884615384615 0.5252403846153846 0.054086538461538464 0.06009615384615385
0 0.09615384615384616 0.5192307692307693 0.038461538461538464 0.07572115384615384
0 0.055288461538461536 0.5144230769230769 0.040865384615384616 0.013221153846153846
0 0.057692307692307696 0.5300480769230769 0.040865384615384616 0.013221153846153846
0 0.055288461538461536 0.5456730769230769 0.040865384615384616 0.013221153846153846
0 0.014423076923076924 0.6418269230769231 0.028846153846153848 0.0625
0 0.052884615384615384 0.6382211538461539 0.05048076923076923 0.06370192307692307
0 0.1045673076923077 0.6298076923076923 0.04807692307692308 0.08413461538461539
0 0.7932692307692307 0.5384615384615384 0.054086538461538464 0.025240384615384616
0 0.7451923076923077 0.7896634615384616 0.03365384615384615 0.06610576923076923