0 0.71875 0.38461538461538464 0.03365384615384615 0.07211538461538461
0 0.7536057692307693 0.38341346153846156 0.039663461538461536 0.07692307692307693
0 0.04326923076923077 0.18028846153846154 0.04927884615384615 0.09495192307692307
0 0.8269230769230769 0.38221153846153844 0.038461538461538464 0.07932692307692307
0 0.8641826923076923 0.38100961538461536 0.027644230769230768 0.08173076923076923
0 0.9050480769230769 0.3858173076923077 0.051682692307692304 0.07211538461538461
0 0.06370192307692307 0.8701923076923077 0.037259615384615384 0.06129807692307692
0 0.10336538461538461 0.8858173076923077 0.036057692307692304 0.0625
0 0.14903846153846154 0.8449519230769231 0.052884615384615384 0.06129807692307692
0 0.2956730769230769 0.8954326923076923 0.078125 0.06490384615384616
0 0.37259615384615385 0.8990384615384616 0.078125 0.057692307692307696
0 0.45072115384615385 0.9002403846153846 0.06850961538461539 0.0625
0 0.5276442307692307 0.8990384615384616 0.0889423076923077 0.06370192307692307
0 0.6682692307692307 0.8894230769230769 0.040865384615384616 0.05889423076923077
0 0.8377403846153846 0.9014423076923077 0.036057692307692304 0.07211538461538461
0 0.8737980769230769 0.9026442307692307 0.03485576923076923 0.0673076923076923
0 0.9110576923076923 0.8990384615384616 0.03245192307692308 0.0733173076923077
0 0.9302884615384616 0.8209134615384616 0.1346153846153846 0.07451923076923077
0 0.9350961538461539 0.7439903846153846 0.12860576923076922 0.06009615384615385
0 0.8064903846153846 0.8112980769230769 0.042067307692307696 0.0829326923076923
0 0.038461538461538464 0.7680288461538461 0.07451923076923077 0.057692307692307696
0 0.15264423076923078 0.9026442307692307 0.04927884615384615 0.04326923076923077
0 0.609375 0.9026442307692307 0.0673076923076923 0.07211538461538461
0 0.7824519230769231 0.27884615384615385 0.038461538461538464 0.07932692307692307
0 0.7463942307692307 0.2800480769230769 0.038461538461538464 0.08052884615384616
0 0.2283653846153846 0.15985576923076922 0.037259615384615384 0.10216346153846154
0 0.27163461538461536 0.15865384615384615 0.038461538461538464 0.09975961538461539
0 0.12740384615384615 0.7668269230769231 0.09375 0.052884615384615384
0 0.31009615384615385 0.15865384615384615 0.038461538461538464 0.09975961538461539
0 0.35336538461538464 0.1622596153846154 0.04567307692307692 0.09254807692307693
0 0.39663461538461536 0.16105769230769232 0.038461538461538464 0.09495192307692307
0 0.4387019230769231 0.16105769230769232 0.042067307692307696 0.09495192307692307
0 0.484375 0.16105769230769232 0.042067307692307696 0.10216346153846154
0 0.5276442307692307 0.16105769230769232 0.04447115384615385 0.10576923076923077
0 0.5721153846153846 0.16105769230769232 0.040865384615384616 0.10817307692307693
0 0.6177884615384616 0.16346153846153846 0.04447115384615385 0.10336538461538461
0 0.6598557692307693 0.16105769230769232 0.039663461538461536 0.09495192307692307
0 0.7019230769230769 0.16947115384615385 0.04567307692307692 0.078125
0 0.7487980769230769 0.17067307692307693 0.042067307692307696 0.09014423076923077
0 0.7932692307692307 0.17067307692307693 0.04567307692307692 0.0889423076923077
0 0.8377403846153846 0.16947115384615385 0.042067307692307696 0.0889423076923077
0 0.9387019230769231 0.28125 0.030048076923076924 0.0733173076923077
0 0.9026442307692307 0.2824519230769231 0.039663461538461536 0.08173076923076923
0 0.8786057692307693 0.16706730769230768 0.042067307692307696 0.09254807692307693
0 0.8629807692307693 0.2800480769230769 0.040865384615384616 0.07211538461538461
0 0.8209134615384616 0.28125 0.039663461538461536 0.0733173076923077
0 0.9651442307692307 0.16826923076923078 0.05048076923076923 0.08413461538461539
0 0.19951923076923078 0.8016826923076923 0.038461538461538464 0.08653846153846154
0 0.7908653846153846 0.38221153846153844 0.03125 0.078125
0 0.27524038461538464 0.8028846153846154 0.037259615384615384 0.08052884615384616
0 0.5901442307692307 0.28846153846153844 0.07091346153846154 0.06009615384615385
0 0.5216346153846154 0.28846153846153844 0.06490384615384616 0.05889423076923077
0 0.4495192307692308 0.28846153846153844 0.0673076923076923 0.056490384615384616
0 0.38461538461538464 0.2956730769230769 0.056490384615384616 0.05048076923076923
0 0.12980769230769232 0.2860576923076923 0.04326923076923077 0.07091346153846154
0 0.08413461538461539 0.29086538461538464 0.04447115384615385 0.0733173076923077
0 0.042067307692307696 0.28966346153846156 0.040865384615384616 0.07451923076923077
0 0.46875 0.5336538461538461 0.0673076923076923 0.0673076923076923
0 0.9242788461538461 0.5564903846153846 0.08653846153846154 0.06971153846153846
0 0.7800480769230769 0.5649038461538461 0.1935096153846154 0.07091346153846154
0 0.5853365384615384 0.5588942307692307 0.1814903846153846 0.056490384615384616
0 0.7800480769230769 0.4963942307692308 0.19110576923076922 0.0625
0 0.5913461538461539 0.4951923076923077 0.18028846153846154 0.06490384615384616
0 0.3245192307692308 0.48197115384615385 0.056490384615384616 0.07692307692307693
0 0.3918269230769231 0.4831730769230769 0.06971153846153846 0.07211538461538461
0 0.3942307692307692 0.5564903846153846 0.0625 0.0673076923076923
0 0.33052884615384615 0.5588942307692307 0.06490384615384616 0.0673076923076923
0 0.2644230769230769 0.5564903846153846 0.06009615384615385 0.06490384615384616
0 0.20072115384615385 0.5564903846153846 0.0625 0.06370192307692307
0 0.23798076923076922 0.8028846153846154 0.037259615384615384 0.08173076923076923
0 0.1346153846153846 0.18509615384615385 0.040865384615384616 0.08173076923076923
0 0.6670673076923077 0.2860576923076923 0.0829326923076923 0.06490384615384616
0 0.08413461538461539 0.38822115384615385 0.057692307692307696 0.055288461538461536
0 0.09134615384615384 0.18629807692307693 0.046875 0.08413461538461539
0 0.1466346153846154 0.4723557692307692 0.039663461538461536 0.056490384615384616
0 0.10096153846153846 0.46875 0.046875 0.04927884615384615
0 0.051682692307692304 0.47475961538461536 0.038461538461538464 0.05889423076923077
0 0.015625 0.4675480769230769 0.030048076923076924 0.056490384615384616
0 0.6790865384615384 0.3786057692307692 0.03245192307692308 0.07211538461538461
0 0.6430288461538461 0.3786057692307692 0.03485576923076923 0.0733173076923077
0 0.6021634615384616 0.3786057692307692 0.040865384615384616 0.0733173076923077
0 0.5649038461538461 0.37740384615384615 0.03245192307692308 0.07692307692307693
0 0.5264423076923077 0.3786057692307692 0.038461538461538464 0.0673076923076923
0 0.49158653846153844 0.3786057692307692 0.03245192307692308 0.0673076923076923
0 0.45552884615384615 0.3786057692307692 0.03365384615384615 0.0625
0 0.41947115384615385 0.38341346153846156 0.036057692307692304 0.052884615384615384
0 0.38341346153846156 0.38221153846153844 0.028846153846153848 0.06129807692307692
0 0.3485576923076923 0.375 0.037259615384615384 0.07932692307692307
0 0.31009615384615385 0.38100961538461536 0.04447115384615385 0.06850961538461539
0 0.2644230769230769 0.38461538461538464 0.046875 0.06009615384615385
0 0.20673076923076922 0.3858173076923077 0.04567307692307692 0.06129807692307692
0 0.14903846153846154 0.3894230769230769 0.06610576923076923 0.056490384615384616
0 0.03485576923076923 0.390625 0.04447115384615385 0.04807692307692308
0 0.18509615384615385 0.16105769230769232 0.04447115384615385 0.09615384615384616
0 0.5841346153846154 0.6574519230769231 0.05048076923076923 0.06009615384615385
0 0.7608173076923077 0.8149038461538461 0.040865384615384616 0.09495192307692307
0 0.5204326923076923 0.6610576923076923 0.07091346153846154 0.06610576923076923
0 0.3918269230769231 0.7199519230769231 0.18028846153846154 0.0673076923076923
0 0.3894230769230769 0.8088942307692307 0.03245192307692308 0.0733173076923077
0 0.42908653846153844 0.8112980769230769 0.042067307692307696 0.08533653846153846
0 0.4699519230769231 0.8064903846153846 0.039663461538461536 0.09254807692307693
0 0.5144230769230769 0.8100961538461539 0.039663461538461536 0.09134615384615384
0 0.5528846153846154 0.8125 0.037259615384615384 0.08774038461538461
0 0.59375 0.8137019230769231 0.042067307692307696 0.09254807692307693
0 0.6334134615384616 0.8125 0.03485576923076923 0.09014423076923077
0 0.6730769230769231 0.8149038461538461 0.042067307692307696 0.09375
0 0.7139423076923077 0.8149038461538461 0.042067307692307696 0.09254807692307693
0 0.39903846153846156 0.6490384615384616 0.16826923076923078 0.056490384615384616
0 0.27884615384615385 0.6826923076923077 0.039663461538461536 0.06850961538461539
0 0.20552884615384615 0.7151442307692307 0.0625 0.056490384615384616
0 0.203125 0.6538461538461539 0.0673076923076923 0.06009615384615385
0 0.1502403846153846 0.6887019230769231 0.039663461538461536 0.05889423076923077
0 0.10576923076923077 0.6911057692307693 0.04807692307692308 0.055288461538461536
0 0.019230769230769232 0.6971153846153846 0.038461538461538464 0.051682692307692304
0 0.06009615384615385 0.6959134615384616 0.040865384615384616 0.04567307692307692
0 0.9735576923076923 0.6514423076923077 0.051682692307692304 0.0733173076923077
0 0.35336538461538464 0.8028846153846154 0.040865384615384616 0.0829326923076923
0 0.5168269230769231 0.7223557692307693 0.06490384615384616 0.056490384615384616
0 0.9146634615384616 0.4795673076923077 0.08533653846153846 0.0733173076923077
0 0.20552884615384615 0.49278846153846156 0.06490384615384616 0.05889423076923077
0 0.0985576923076923 0.546875 0.04326923076923077 0.046875
0 0.057692307692307696 0.5444711538461539 0.042067307692307696 0.05048076923076923
0 0.14783653846153846 0.6153846153846154 0.03365384615384615 0.054086538461538464
0 0.09375 0.6165865384615384 0.037259615384615384 0.056490384615384616
0 0.051682692307692304 0.6165865384615384 0.04807692307692308 0.056490384615384616
0 0.3112980769230769 0.8052884615384616 0.036057692307692304 0.078125
0 0.8377403846153846 0.7307692307692307 0.06129807692307692 0.06009615384615385
0 0.9086538461538461 0.6502403846153846 0.07932692307692307 0.078125
0 0.7067307692307693 0.7211538461538461 0.0625 0.05889423076923077
0 0.6442307692307693 0.7223557692307693 0.06129807692307692 0.05889423076923077
0 0.8341346153846154 0.6658653846153846 0.05889423076923077 0.055288461538461536
0 0.7740384615384616 0.6670673076923077 0.06009615384615385 0.054086538461538464
0 0.7127403846153846 0.6682692307692307 0.055288461538461536 0.05889423076923077
0 0.6430288461538461 0.6598557692307693 0.07572115384615384 0.05889423076923077
0 0.5805288461538461 0.7235576923076923 0.057692307692307696 0.056490384615384616
0 0.7764423076923077 0.7271634615384616 0.06370192307692307 0.06850961538461539