0 0.7824519230769231 0.6310096153846154 0.04447115384615385 0.026442307692307692
0 0.8389423076923077 0.6418269230769231 0.056490384615384616 0.019230769230769232
0 0.8389423076923077 0.6153846153846154 0.054086538461538464 0.027644230769230768
0 0.8918269230769231 0.6165865384615384 0.04807692307692308 0.026442307692307692
0 0.9459134615384616 0.6153846153846154 0.057692307692307696 0.027644230769230768
0 0.9387019230769231 0.6442307692307693 0.055288461538461536 0.018028846153846152
0 0.8918269230769231 0.6442307692307693 0.039663461538461536 0.018028846153846152
0 0.25240384615384615 0.6971153846153846 0.036057692307692304 0.057692307692307696
0 0.29447115384615385 0.7079326923076923 0.042067307692307696 0.06610576923076923
0 0.46153846153846156 0.7067307692307693 0.03125 0.078125
0 0.41586538461538464 0.7139423076923077 0.057692307692307696 0.06009615384615385
0 0.49759615384615385 0.7091346153846154 0.03365384615384615 0.07451923076923077
0 0.5372596153846154 0.7055288461538461 0.036057692307692304 0.07572115384615384
0 0.6117788461538461 0.7043269230769231 0.037259615384615384 0.06971153846153846
0 0.6430288461538461 0.6971153846153846 0.021634615384615384 0.05889423076923077
0 0.6814903846153846 0.7055288461538461 0.037259615384615384 0.07451923076923077
0 0.7199519230769231 0.7115384615384616 0.040865384615384616 0.06370192307692307
0 0.7548076923076923 0.7067307692307693 0.026442307692307692 0.05889423076923077
0 0.8365384615384616 0.7115384615384616 0.025240384615384616 0.06610576923076923
0 0.35096153846153844 0.7211538461538461 0.05048076923076923 0.051682692307692304
0 0.5769230769230769 0.7079326923076923 0.03365384615384615 0.07451923076923077
0 0.15745192307692307 0.5612980769230769 0.0733173076923077 0.06610576923076923
0 0.875 0.7091346153846154 0.042067307692307696 0.06610576923076923
0 0.9639423076923077 0.7896634615384616 0.03485576923076923 0.07572115384615384
0 0.921875 0.7920673076923077 0.042067307692307696 0.07451923076923077
0 0.8774038461538461 0.7920673076923077 0.037259615384615384 0.078125
0 0.7956730769230769 0.7752403846153846 0.026442307692307692 0.04567307692307692
0 0.7536057692307693 0.7908653846153846 0.054086538461538464 0.06009615384615385
0 0.6911057692307693 0.7932692307692307 0.06490384615384616 0.07091346153846154
0 0.625 0.7932692307692307 0.06009615384615385 0.0673076923076923
0 0.5625 0.7920673076923077 0.06009615384615385 0.06850961538461539
0 0.46274038461538464 0.7932692307692307 0.054086538461538464 0.07572115384615384
0 0.7331730769230769 0.6358173076923077 0.04447115384615385 0.03125
0 0.39903846153846156 0.7944711538461539 0.06490384615384616 0.07451923076923077
0 0.25240384615384615 0.7800480769230769 0.0829326923076923 0.037259615384615384
0 0.24759615384615385 0.8173076923076923 0.08413461538461539 0.03245192307692308
0 0.1622596153846154 0.8112980769230769 0.0829326923076923 0.042067307692307696
0 0.09134615384615384 0.8137019230769231 0.040865384615384616 0.04807692307692308
0 0.04567307692307692 0.8112980769230769 0.051682692307692304 0.05048076923076923
0 0.09495192307692307 0.7632211538461539 0.05048076923076923 0.04447115384615385
0 0.038461538461538464 0.7608173076923077 0.046875 0.04807692307692308
0 0.9735576923076923 0.7115384615384616 0.04567307692307692 0.0673076923076923
0 0.9230769230769231 0.7103365384615384 0.04807692307692308 0.07451923076923077
0 0.3317307692307692 0.7956730769230769 0.06370192307692307 0.07572115384615384
0 0.6887019230769231 0.6334134615384616 0.040865384615384616 0.03365384615384615
0 0.7307692307692307 0.5973557692307693 0.055288461538461536 0.03485576923076923
0 0.6838942307692307 0.5961538461538461 0.038461538461538464 0.036057692307692304
0 0.3557692307692308 0.31009615384615385 0.05048076923076923 0.08653846153846154
0 0.296875 0.3173076923076923 0.04807692307692308 0.07211538461538461
0 0.24759615384615385 0.32091346153846156 0.04326923076923077 0.07451923076923077
0 0.19110576923076922 0.3173076923076923 0.051682692307692304 0.07572115384615384
0 0.12740384615384615 0.3762019230769231 0.07451923076923077 0.052884615384615384
0 0.04807692307692308 0.3737980769230769 0.07692307692307693 0.055288461538461536
0 0.9651442307692307 0.22115384615384615 0.05048076923076923 0.07572115384615384
0 0.9122596153846154 0.21754807692307693 0.04927884615384615 0.0829326923076923
0 0.4110576923076923 0.3245192307692308 0.051682692307692304 0.06490384615384616
0 0.8557692307692307 0.21875 0.052884615384615384 0.0733173076923077
0 0.7560096153846154 0.22355769230769232 0.039663461538461536 0.0673076923076923
0 0.7211538461538461 0.22596153846153846 0.027644230769230768 0.06129807692307692
0 0.6778846153846154 0.2283653846153846 0.038461538461538464 0.0625
0 0.6346153846153846 0.23798076923076922 0.042067307692307696 0.028846153846153848
0 0.5949519230769231 0.23557692307692307 0.03245192307692308 0.027644230769230768
0 0.5612980769230769 0.2247596153846154 0.03485576923076923 0.06009615384615385
0 0.5240384615384616 0.22235576923076922 0.03365384615384615 0.06490384615384616
0 0.46153846153846156 0.21875 0.08774038461538461 0.06850961538461539
0 0.8028846153846154 0.22115384615384615 0.052884615384615384 0.07692307692307693
0 0.4675480769230769 0.3137019230769231 0.046875 0.08774038461538461
0 0.5240384615384616 0.3137019230769231 0.057692307692307696 0.09254807692307693
0 0.5757211538461539 0.31971153846153844 0.037259615384615384 0.078125
0 0.0733173076923077 0.5625 0.08533653846153846 0.0625
0 0.8557692307692307 0.42427884615384615 0.06850961538461539 0.09615384615384616
0 0.7776442307692307 0.42788461538461536 0.07091346153846154 0.09735576923076923
0 0.7019230769230769 0.42788461538461536 0.07091346153846154 0.10096153846153846
0 0.625 0.44591346153846156 0.051682692307692304 0.056490384615384616
0 0.5649038461538461 0.4423076923076923 0.06490384615384616 0.0625
0 0.5048076923076923 0.4423076923076923 0.05048076923076923 0.0625
0 0.45913461538461536 0.44591346153846156 0.038461538461538464 0.05889423076923077
0 0.39903846153846156 0.43028846153846156 0.06490384615384616 0.09254807692307693
0 0.33653846153846156 0.4254807692307692 0.06009615384615385 0.1045673076923077
0 0.2776442307692308 0.44471153846153844 0.042067307692307696 0.056490384615384616
0 0.21995192307692307 0.43028846153846156 0.06009615384615385 0.08774038461538461
0 0.9723557692307693 0.32572115384615385 0.054086538461538464 0.07091346153846154
0 0.9182692307692307 0.3269230769230769 0.055288461538461536 0.06850961538461539
0 0.859375 0.3173076923076923 0.05889423076923077 0.0829326923076923
0 0.8016826923076923 0.3269230769230769 0.04927884615384615 0.07091346153846154
0 0.7487980769230769 0.3269230769230769 0.052884615384615384 0.07211538461538461
0 0.6899038461538461 0.3269230769230769 0.05889423076923077 0.0673076923076923
0 0.6237980769230769 0.3161057692307692 0.052884615384615384 0.08774038461538461
0 0.34375 0.234375 0.05889423076923077 0.036057692307692304
0 0.27524038461538464 0.20552884615384615 0.0733173076923077 0.027644230769230768
0 0.27524038461538464 0.23677884615384615 0.0733173076923077 0.026442307692307692
0 0.20072115384615385 0.23076923076923078 0.07211538461538461 0.03485576923076923
0 0.7776442307692307 0.5228365384615384 0.05048076923076923 0.0673076923076923
0 0.8305288461538461 0.5228365384615384 0.046875 0.0673076923076923
0 0.8822115384615384 0.5228365384615384 0.052884615384615384 0.0673076923076923
0 0.9399038461538461 0.5228365384615384 0.04447115384615385 0.06610576923076923
0 0.08653846153846154 0.6430288461538461 0.07091346153846154 0.055288461538461536
0 0.1658653846153846 0.6382211538461539 0.07091346153846154 0.057692307692307696
0 0.02403846153846154 0.6887019230769231 0.04567307692307692 0.056490384615384616
0 0.10216346153846154 0.6923076923076923 0.06610576923076923 0.039663461538461536
0 0.17548076923076922 0.6911057692307693 0.06971153846153846 0.042067307692307696
0 0.23197115384615385 0.6322115384615384 0.04326923076923077 0.04447115384615385
0 0.2692307692307692 0.6189903846153846 0.027644230769230768 0.06971153846153846
0 0.33052884615384615 0.6177884615384616 0.02403846153846154 0.06850961538461539
0 0.3629807692307692 0.6153846153846154 0.03365384615384615 0.06490384615384616
0 0.4014423076923077 0.6033653846153846 0.025240384615384616 0.04447115384615385
0 0.4375 0.6165865384615384 0.03245192307692308 0.054086538461538464
0 0.4795673076923077 0.6153846153846154 0.040865384615384616 0.05048076923076923
0 0.5324519230769231 0.6225961538461539 0.057692307692307696 0.046875
0 0.5841346153846154 0.6177884615384616 0.04447115384615385 0.046875
0 0.6346153846153846 0.625 0.055288461538461536 0.052884615384615384
0 0.7127403846153846 0.5228365384615384 0.07572115384615384 0.06971153846153846
0 0.22716346153846154 0.5252403846153846 0.051682692307692304 0.07091346153846154
0 0.6466346153846154 0.5228365384615384 0.04927884615384615 0.0673076923076923
0 0.5276442307692307 0.5228365384615384 0.052884615384615384 0.06850961538461539
0 0.038461538461538464 0.21875 0.07211538461538461 0.06009615384615385
0 0.9435096153846154 0.05048076923076923 0.06971153846153846 0.09254807692307693
0 0.859375 0.08052884615384616 0.09134615384615384 0.040865384615384616
0 0.8497596153846154 0.036057692307692304 0.0889423076923077 0.040865384615384616
0 0.7632211538461539 0.04927884615384615 0.07572115384615384 0.09014423076923077
0 0.6995192307692307 0.06610576923076923 0.03245192307692308 0.04807692307692308
0 0.6286057692307693 0.051682692307692304 0.0829326923076923 0.09014423076923077
0 0.5564903846153846 0.0625 0.04807692307692308 0.06370192307692307
0 0.484375 0.04927884615384615 0.07211538461538461 0.08774038461538461
0 0.41466346153846156 0.0673076923076923 0.04927884615384615 0.04927884615384615
0 0.34615384615384615 0.0733173076923077 0.07211538461538461 0.03485576923076923
0 0.27524038461538464 0.06610576923076923 0.04447115384615385 0.040865384615384616
0 0.21514423076923078 0.04567307692307692 0.051682692307692304 0.08533653846153846
0 0.15384615384615385 0.056490384615384616 0.056490384615384616 0.06490384615384616
0 0.10216346153846154 0.057692307692307696 0.040865384615384616 0.06009615384615385
0 0.28365384615384615 0.5264423076923077 0.04927884615384615 0.0673076923076923
0 0.3449519230769231 0.5204326923076923 0.0625 0.06971153846153846
0 0.4074519230769231 0.5252403846153846 0.051682692307692304 0.06370192307692307
0 0.46875 0.5216346153846154 0.06009615384615385 0.06850961538461539
0 0.5877403846153846 0.5216346153846154 0.06370192307692307 0.06850961538461539
0 0.3016826923076923 0.6177884615384616 0.03125 0.07211538461538461
0 0.042067307692307696 0.05048076923076923 0.056490384615384616 0.06971153846153846