0 0.43509615384615385 0.5817307692307693 0.03245192307692308 0.057692307692307696
0 0.4807692307692308 0.7211538461538461 0.04447115384615385 0.06129807692307692
0 0.39903846153846156 0.5612980769230769 0.03485576923076923 0.06129807692307692
0 0.33774038461538464 0.5396634615384616 0.078125 0.06490384615384616
0 0.32572115384615385 0.625 0.02403846153846154 0.055288461538461536
0 0.3641826923076923 0.6478365384615384 0.03245192307692308 0.046875
0 0.4026442307692308 0.671875 0.02283653846153846 0.042067307692307696
0 0.4411057692307692 0.6935096153846154 0.03125 0.052884615384615384
0 0.5288461538461539 0.7427884615384616 0.05048076923076923 0.06610576923076923
0 0.3293269230769231 0.7716346153846154 0.06370192307692307 0.1045673076923077
0 0.6478365384615384 0.8100961538461539 0.046875 0.06971153846153846
0 0.7992788461538461 0.9038461538461539 0.06971153846153846 0.0829326923076923
0 0.8990384615384616 0.9411057692307693 0.0985576923076923 0.08052884615384616
0 0.4338942307692308 0.8425480769230769 0.030048076923076924 0.08052884615384616
0 0.49038461538461536 0.8978365384615384 0.03125 0.08533653846153846
0 0.5264423076923077 0.9122596153846154 0.020432692307692308 0.09254807692307693
0 0.5516826923076923 0.921875 0.018028846153846152 0.06370192307692307
0 0.4795673076923077 0.6033653846153846 0.039663461538461536 0.056490384615384616
0 0.5877403846153846 0.7788461538461539 0.04567307692307692 0.07091346153846154
0 0.5300480769230769 0.6213942307692307 0.046875 0.07572115384615384
0 0.7151442307692307 0.8509615384615384 0.05889423076923077 0.07211538461538461
0 0.5985576923076923 0.6069711538461539 0.057692307692307696 0.042067307692307696
0 0.8918269230769231 0.1658653846153846 0.1201923076923077 0.12620192307692307
0 0.5901442307692307 0.6634615384615384 0.05889423076923077 0.04447115384615385
0 0.8004807692307693 0.16706730769230768 0.039663461538461536 0.0985576923076923
0 0.609375 0.1622596153846154 0.078125 0.09615384615384616
0 0.5132211538461539 0.16105769230769232 0.078125 0.08533653846153846
0 0.44591346153846156 0.171875 0.036057692307692304 0.09014423076923077
0 0.3485576923076923 0.15504807692307693 0.057692307692307696 0.07091346153846154
0 0.4074519230769231 0.15504807692307693 0.030048076923076924 0.08413461538461539
0 0.9627403846153846 0.3894230769230769 0.057692307692307696 0.13221153846153846
0 0.3004807692307692 0.28966346153846156 0.030048076923076924 0.06009615384615385
0 0.33653846153846156 0.30528846153846156 0.03365384615384615 0.056490384615384616
0 0.375 0.3125 0.03125 0.04807692307692308
0 0.42908653846153844 0.3245192307692308 0.052884615384615384 0.055288461538461536
0 0.5132211538461539 0.3317307692307692 0.04326923076923077 0.0733173076923077
0 0.7223557692307693 0.1658653846153846 0.08533653846153846 0.10096153846153846
0 0.6466346153846154 0.3641826923076923 0.08774038461538461 0.06850961538461539
0 0.7560096153846154 0.7067307692307693 0.07091346153846154 0.11538461538461539
0 0.5697115384615384 0.3389423076923077 0.04567307692307692 0.08533653846153846
0 0.8485576923076923 0.7548076923076923 0.09014423076923077 0.13822115384615385
0 0.9507211538461539 0.7992788461538461 0.09014423076923077 0.12980769230769232
0 0.6742788461538461 0.6790865384615384 0.08173076923076923 0.11899038461538461
0 0.390625 0.44591346153846156 0.03245192307692308 0.04447115384615385
0 0.3449519230769231 0.4266826923076923 0.02283653846153846 0.042067307692307696
0 0.43990384615384615 0.4579326923076923 0.04567307692307692 0.04807692307692308
0 0.7932692307692307 0.5721153846153846 0.09014423076923077 0.07572115384615384
0 0.9591346153846154 0.6310096153846154 0.08052884615384616 0.109375
0 0.8653846153846154 0.40024038461538464 0.1141826923076923 0.09254807692307693
0 0.7439903846153846 0.3737980769230769 0.09975961538461539 0.06490384615384616
0 0.3112980769230769 0.4170673076923077 0.015625 0.042067307692307696