0 0.7127403846153846 0.45913461538461536 0.04447115384615385 0.09375
0 0.7620192307692307 0.4579326923076923 0.04567307692307692 0.09254807692307693
0 0.8125 0.4567307692307692 0.046875 0.09615384615384616
0 0.8629807692307693 0.4567307692307692 0.051682692307692304 0.09375
0 0.7427884615384616 0.8677884615384616 0.04567307692307692 0.08774038461538461
0 0.9134615384615384 0.4567307692307692 0.04326923076923077 0.09254807692307693
0 0.9615384615384616 0.45552884615384615 0.04326923076923077 0.09375
0 0.9543269230769231 0.32211538461538464 0.05048076923076923 0.10096153846153846
0 0.9014423076923077 0.3233173076923077 0.046875 0.10216346153846154
0 0.8497596153846154 0.32572115384615385 0.052884615384615384 0.0985576923076923
0 0.7944711538461539 0.3269230769230769 0.05048076923076923 0.09975961538461539
0 0.7403846153846154 0.33052884615384615 0.051682692307692304 0.10096153846153846
0 0.6610576923076923 0.46033653846153844 0.04567307692307692 0.09495192307692307
0 0.6129807692307693 0.4639423076923077 0.04447115384615385 0.09375
0 0.5168269230769231 0.46634615384615385 0.04807692307692308 0.09375
0 0.6875 0.8689903846153846 0.054086538461538464 0.08173076923076923
0 0.796875 0.8665865384615384 0.04807692307692308 0.08413461538461539
0 0.84375 0.8701923076923077 0.04326923076923077 0.07451923076923077
0 0.8882211538461539 0.8677884615384616 0.04326923076923077 0.07692307692307693
0 0.9375 0.8641826923076923 0.04807692307692308 0.0829326923076923
0 0.9819711538461539 0.8641826923076923 0.03485576923076923 0.08774038461538461
0 0.6346153846153846 0.8713942307692307 0.04927884615384615 0.07932692307692307
0 0.19951923076923078 0.47115384615384615 0.056490384615384616 0.09495192307692307
0 0.25841346153846156 0.4699519230769231 0.055288461538461536 0.09495192307692307
0 0.5901442307692307 0.8653846153846154 0.036057692307692304 0.09735576923076923
0 0.5492788461538461 0.8677884615384616 0.038461538461538464 0.09014423076923077
0 0.5096153846153846 0.8677884615384616 0.036057692307692304 0.09495192307692307
0 0.4723557692307692 0.8701923076923077 0.037259615384615384 0.09014423076923077
0 0.6862980769230769 0.33052884615384615 0.05048076923076923 0.10096153846153846
0 0.31490384615384615 0.4699519230769231 0.055288461538461536 0.09735576923076923
0 0.3713942307692308 0.46875 0.04807692307692308 0.09615384615384616
0 0.41947115384615385 0.46634615384615385 0.040865384615384616 0.09615384615384616
0 0.46875 0.4651442307692308 0.04567307692307692 0.09615384615384616
0 0.5673076923076923 0.46634615384615385 0.040865384615384616 0.09375
0 0.6346153846153846 0.33052884615384615 0.046875 0.10096153846153846
0 0.5096153846153846 0.03365384615384615 0.06490384615384616 0.0673076923076923
0 0.5252403846153846 0.33533653846153844 0.04807692307692308 0.10336538461538461
0 0.6730769230769231 0.17668269230769232 0.04807692307692308 0.11298076923076923
0 0.6177884615384616 0.17668269230769232 0.046875 0.10817307692307693
0 0.5637019230769231 0.18028846153846154 0.046875 0.10576923076923077
0 0.5120192307692307 0.18269230769230768 0.046875 0.10216346153846154
0 0.4543269230769231 0.18269230769230768 0.054086538461538464 0.1045673076923077
0 0.39903846153846156 0.18509615384615385 0.04807692307692308 0.10096153846153846
0 0.3425480769230769 0.1875 0.05048076923076923 0.10096153846153846
0 0.28125 0.1875 0.0625 0.10336538461538461
0 0.21634615384615385 0.18990384615384615 0.054086538461538464 0.10336538461538461
0 0.15504807692307693 0.19110576923076922 0.056490384615384616 0.10096153846153846
0 0.09254807692307693 0.19471153846153846 0.0625 0.09975961538461539
0 0.028846153846153848 0.19591346153846154 0.057692307692307696 0.10336538461538461
0 0.019230769230769232 0.34615384615384615 0.03485576923076923 0.10096153846153846
0 0.06610576923076923 0.34615384615384615 0.057692307692307696 0.0985576923076923
0 0.12620192307692307 0.34615384615384615 0.05889423076923077 0.10096153846153846
0 0.7271634615384616 0.17427884615384615 0.055288461538461536 0.10576923076923077
0 0.7836538461538461 0.17427884615384615 0.052884615384615384 0.1045673076923077
0 0.8401442307692307 0.171875 0.04567307692307692 0.10576923076923077
0 0.8942307692307693 0.16826923076923078 0.04927884615384615 0.10697115384615384
0 0.4723557692307692 0.33653846153846156 0.04807692307692308 0.1045673076923077
0 0.4182692307692308 0.3389423076923077 0.055288461538461536 0.09975961538461539
0 0.36177884615384615 0.3389423076923077 0.051682692307692304 0.10216346153846154
0 0.30408653846153844 0.3425480769230769 0.055288461538461536 0.10096153846153846
0 0.24759615384615385 0.34375 0.052884615384615384 0.09975961538461539
0 0.18870192307692307 0.3449519230769231 0.05889423076923077 0.09735576923076923
0 0.4483173076923077 0.036057692307692304 0.056490384615384616 0.07091346153846154
0 0.5805288461538461 0.3329326923076923 0.052884615384615384 0.10096153846153846
0 0.43028846153846156 0.8701923076923077 0.03365384615384615 0.09134615384615384
0 0.6418269230769231 0.03245192307692308 0.06009615384615385 0.06490384615384616
0 0.7055288461538461 0.03245192307692308 0.06610576923076923 0.06129807692307692
0 0.7728365384615384 0.03125 0.06370192307692307 0.06129807692307692
0 0.8377403846153846 0.030048076923076924 0.06009615384615385 0.057692307692307696
0 0.9038461538461539 0.028846153846153848 0.06370192307692307 0.056490384615384616
0 0.96875 0.028846153846153848 0.06129807692307692 0.056490384615384616
0 0.9555288461538461 0.16947115384615385 0.055288461538461536 0.10817307692307693
0 0.578125 0.03365384615384615 0.06129807692307692 0.06610576923076923
0 0.39302884615384615 0.8689903846153846 0.03365384615384615 0.09134615384615384
0 0.15865384615384615 0.7319711538461539 0.04567307692307692 0.08052884615384616
0 0.3088942307692308 0.8701923076923077 0.036057692307692304 0.09014423076923077
0 0.3449519230769231 0.7331730769230769 0.054086538461538464 0.08413461538461539
0 0.29086538461538464 0.7283653846153846 0.04326923076923077 0.09014423076923077
0 0.24639423076923078 0.7283653846153846 0.038461538461538464 0.09134615384615384
0 0.203125 0.7307692307692307 0.038461538461538464 0.0829326923076923
0 0.4651442307692308 0.6009615384615384 0.04326923076923077 0.08774038461538461
0 0.421875 0.6033653846153846 0.042067307692307696 0.08413461538461539
0 0.37740384615384615 0.6081730769230769 0.040865384615384616 0.0733173076923077
0 0.33653846153846156 0.6129807692307693 0.036057692307692304 0.078125
0 0.2860576923076923 0.6057692307692307 0.056490384615384616 0.08774038461538461
0 0.23076923076923078 0.6081730769230769 0.051682692307692304 0.09014423076923077
0 0.17548076923076922 0.6081730769230769 0.052884615384615384 0.09134615384615384
0 0.39783653846153844 0.7283653846153846 0.046875 0.09254807692307693
0 0.12259615384615384 0.6081730769230769 0.05048076923076923 0.09735576923076923
0 0.019230769230769232 0.6081730769230769 0.038461538461538464 0.09615384615384616
0 0.02403846153846154 0.47596153846153844 0.04807692307692308 0.09735576923076923
0 0.078125 0.47475961538461536 0.055288461538461536 0.09254807692307693
0 0.13822115384615385 0.4735576923076923 0.06009615384615385 0.0985576923076923
0 0.11778846153846154 0.7355769230769231 0.030048076923076924 0.07932692307692307
0 0.38461538461538464 0.037259615384615384 0.06370192307692307 0.0733173076923077
0 0.31850961538461536 0.036057692307692304 0.055288461538461536 0.07211538461538461
0 0.2548076923076923 0.037259615384615384 0.06490384615384616 0.0733173076923077
0 0.1875 0.037259615384615384 0.06610576923076923 0.0733173076923077
0 0.11298076923076923 0.040865384615384616 0.06009615384615385 0.08052884615384616
0 0.35096153846153844 0.8725961538461539 0.037259615384615384 0.08774038461538461
0 0.0673076923076923 0.6105769230769231 0.055288461538461536 0.09014423076923077
0 0.44471153846153844 0.7271634615384616 0.038461538461538464 0.08413461538461539
0 0.5072115384615384 0.5985576923076923 0.038461538461538464 0.0889423076923077
0 0.5372596153846154 0.7271634615384616 0.04447115384615385 0.07451923076923077
0 0.2620192307692308 0.875 0.04807692307692308 0.07572115384615384
0 0.2127403846153846 0.875 0.04447115384615385 0.07091346153846154
0 0.1658653846153846 0.8762019230769231 0.04326923076923077 0.07211538461538461
0 0.11778846153846154 0.8774038461538461 0.05048076923076923 0.06850961538461539
0 0.078125 0.734375 0.036057692307692304 0.07692307692307693
0 0.5528846153846154 0.5997596153846154 0.039663461538461536 0.0889423076923077
0 0.49158653846153844 0.7235576923076923 0.04567307692307692 0.08052884615384616
0 0.640625 0.6021634615384616 0.039663461538461536 0.07692307692307693
0 0.6875 0.5985576923076923 0.040865384615384616 0.09014423076923077
0 0.7319711538461539 0.5961538461538461 0.040865384615384616 0.0985576923076923
0 0.7776442307692307 0.6009615384615384 0.042067307692307696 0.07211538461538461
0 0.8233173076923077 0.5961538461538461 0.04447115384615385 0.08413461538461539
0 0.8713942307692307 0.59375 0.04447115384615385 0.08774038461538461
0 0.5973557692307693 0.6009615384615384 0.039663461538461536 0.07932692307692307
0 0.9615384615384616 0.5913461538461539 0.04567307692307692 0.0889423076923077
0 0.9158653846153846 0.5925480769230769 0.038461538461538464 0.09134615384615384
0 0.6298076923076923 0.7199519230769231 0.04326923076923077 0.09375
0 0.6778846153846154 0.7199519230769231 0.04326923076923077 0.08774038461538461
0 0.7752403846153846 0.7211538461538461 0.040865384615384616 0.08774038461538461
0 0.5829326923076923 0.7283653846153846 0.042067307692307696 0.07091346153846154
0 0.7271634615384616 0.7199519230769231 0.04326923076923077 0.0889423076923077
0 0.039663461538461536 0.040865384615384616 0.04567307692307692 0.08052884615384616
0 0.8677884615384616 0.7211538461538461 0.039663461538461536 0.08653846153846154
0 0.9146634615384616 0.7199519230769231 0.04326923076923077 0.08774038461538461
0 0.9663461538461539 0.7163461538461539 0.04326923076923077 0.07932692307692307
0 0.8209134615384616 0.7223557692307693 0.040865384615384616 0.08413461538461539