0 0.375 0.5709134615384616 0.07091346153846154 0.015625
0 0.30528846153846156 0.5733173076923077 0.06129807692307692 0.013221153846153846
0 0.9423076923076923 0.30288461538461536 0.06490384615384616 0.051682692307692304
0 0.4182692307692308 0.3112980769230769 0.04807692307692308 0.055288461538461536
0 0.4795673076923077 0.3112980769230769 0.06370192307692307 0.054086538461538464
0 0.5516826923076923 0.31490384615384615 0.046875 0.06610576923076923
0 0.6141826923076923 0.3004807692307692 0.05048076923076923 0.04927884615384615
0 0.6862980769230769 0.3016826923076923 0.06129807692307692 0.04807692307692308
0 0.7560096153846154 0.296875 0.057692307692307696 0.04326923076923077
0 0.3762019230769231 0.3954326923076923 0.06490384615384616 0.04567307692307692
0 0.45072115384615385 0.38341346153846156 0.055288461538461536 0.04447115384615385
0 0.5396634615384616 0.3870192307692308 0.056490384615384616 0.042067307692307696
0 0.6189903846153846 0.3701923076923077 0.0673076923076923 0.04326923076923077
0 0.703125 0.36899038461538464 0.07211538461538461 0.042067307692307696
0 0.7764423076923077 0.3605769230769231 0.06610576923076923 0.036057692307692304
0 0.7584134615384616 0.4206730769230769 0.05048076923076923 0.040865384615384616
0 0.6959134615384616 0.4338942307692308 0.055288461538461536 0.04567307692307692
0 0.6189903846153846 0.4387019230769231 0.06009615384615385 0.051682692307692304
0 0.4375 0.46153846153846156 0.057692307692307696 0.04807692307692308
0 0.5 0.4519230769230769 0.052884615384615384 0.038461538461538464
0 0.057692307692307696 0.33413461538461536 0.06370192307692307 0.07211538461538461
0 0.13822115384615385 0.3449519230769231 0.078125 0.09495192307692307
0 0.2247596153846154 0.3401442307692308 0.08173076923076923 0.078125
0 0.2980769230769231 0.3112980769230769 0.042067307692307696 0.056490384615384616
0 0.30528846153846156 0.40865384615384615 0.04567307692307692 0.09735576923076923
0 0.051682692307692304 0.42908653846153844 0.056490384615384616 0.07091346153846154
0 0.12980769230769232 0.4495192307692308 0.07451923076923077 0.09014423076923077
0 0.23197115384615385 0.44471153846153844 0.0829326923076923 0.09134615384615384
0 0.23557692307692307 0.546875 0.06971153846153846 0.09014423076923077
0 0.019230769230769232 0.5060096153846154 0.038461538461538464 0.055288461538461536
0 0.3605769230769231 0.3173076923076923 0.04807692307692308 0.0673076923076923
0 0.06490384615384616 0.5192307692307693 0.04567307692307692 0.06610576923076923
0 0.9362980769230769 0.2403846153846154 0.06129807692307692 0.052884615384615384
0 0.7584134615384616 0.2247596153846154 0.055288461538461536 0.046875
0 0.040865384615384616 0.1346153846153846 0.0673076923076923 0.0733173076923077
0 0.11658653846153846 0.1346153846153846 0.0625 0.08653846153846154
0 0.20072115384615385 0.140625 0.07572115384615384 0.07091346153846154
0 0.28125 0.13701923076923078 0.052884615384615384 0.06971153846153846
0 0.3485576923076923 0.13701923076923078 0.057692307692307696 0.06610576923076923
0 0.40384615384615385 0.13822115384615385 0.04326923076923077 0.06370192307692307
0 0.45552884615384615 0.12740384615384615 0.04807692307692308 0.07091346153846154
0 0.5204326923076923 0.13581730769230768 0.046875 0.06971153846153846
0 0.5877403846153846 0.140625 0.056490384615384616 0.0673076923076923
0 0.6454326923076923 0.140625 0.054086538461538464 0.0673076923076923
0 0.7067307692307693 0.14903846153846154 0.055288461538461536 0.078125
0 0.7692307692307693 0.14903846153846154 0.056490384615384616 0.08173076923076923
0 0.8581730769230769 0.15985576923076922 0.046875 0.038461538461538464
0 0.9254807692307693 0.09014423076923077 0.08533653846153846 0.020432692307692308
0 0.9242788461538461 0.11177884615384616 0.08653846153846154 0.018028846153846152
0 0.9242788461538461 0.1346153846153846 0.078125 0.021634615384615384
0 0.9278846153846154 0.15985576923076922 0.07572115384615384 0.021634615384615384
0 0.038461538461538464 0.24158653846153846 0.0625 0.06971153846153846
0 0.10817307692307693 0.24519230769230768 0.04326923076923077 0.0625
0 0.16706730769230768 0.2439903846153846 0.039663461538461536 0.06129807692307692
0 0.23197115384615385 0.24759615384615385 0.057692307692307696 0.056490384615384616
0 0.28966346153846156 0.23076923076923078 0.038461538461538464 0.0625
0 0.38100961538461536 0.22596153846153846 0.051682692307692304 0.06490384615384616
0 0.44711538461538464 0.22355769230769232 0.06129807692307692 0.06129807692307692
0 0.5204326923076923 0.22596153846153846 0.06971153846153846 0.04927884615384615
0 0.5973557692307693 0.22355769230769232 0.07091346153846154 0.04807692307692308
0 0.6742788461538461 0.22596153846153846 0.06971153846153846 0.038461538461538464
0 0.8774038461538461 0.2848557692307692 0.052884615384615384 0.0889423076923077
0 0.14903846153846154 0.5480769230769231 0.07091346153846154 0.0829326923076923
0 0.3701923076923077 0.4639423076923077 0.06129807692307692 0.036057692307692304
0 0.16346153846153846 0.6478365384615384 0.07572115384615384 0.0889423076923077
0 0.5841346153846154 0.8641826923076923 0.06610576923076923 0.06129807692307692
0 0.5216346153846154 0.8629807692307693 0.05889423076923077 0.06009615384615385
0 0.46153846153846156 0.8677884615384616 0.06129807692307692 0.05889423076923077
0 0.3942307692307692 0.8774038461538461 0.06009615384615385 0.051682692307692304
0 0.328125 0.8786057692307693 0.0625 0.04927884615384615
0 0.7884615384615384 0.7620192307692307 0.051682692307692304 0.051682692307692304
0 0.7295673076923077 0.765625 0.0625 0.04567307692307692
0 0.6442307692307693 0.7824519230769231 0.0985576923076923 0.01201923076923077
0 0.5396634615384616 0.7872596153846154 0.10216346153846154 0.016826923076923076
0 0.43990384615384615 0.7908653846153846 0.09375 0.014423076923076924
0 0.33533653846153844 0.796875 0.10817307692307693 0.016826923076923076
0 0.06971153846153846 0.6141826923076923 0.07451923076923077 0.055288461538461536
0 0.9050480769230769 0.6911057692307693 0.06370192307692307 0.09495192307692307
0 0.7055288461538461 0.8581730769230769 0.055288461538461536 0.05889423076923077
0 0.8401442307692307 0.6899038461538461 0.046875 0.10336538461538461
0 0.6766826923076923 0.7007211538461539 0.10697115384615384 0.014423076923076924
0 0.5649038461538461 0.6983173076923077 0.09375 0.014423076923076924
0 0.46153846153846156 0.703125 0.1045673076923077 0.016826923076923076
0 0.45913461538461536 0.6875 0.10576923076923077 0.015625
0 0.3449519230769231 0.7091346153846154 0.10817307692307693 0.016826923076923076
0 0.7620192307692307 0.640625 0.09735576923076923 0.01201923076923077
0 0.7620192307692307 0.625 0.10216346153846154 0.015625
0 0.7620192307692307 0.6105769230769231 0.1045673076923077 0.01201923076923077
0 0.6574519230769231 0.6454326923076923 0.10096153846153846 0.014423076923076924
0 0.65625 0.6286057692307693 0.10096153846153846 0.016826923076923076
0 0.5516826923076923 0.6454326923076923 0.0985576923076923 0.01201923076923077
0 0.44350961538461536 0.6490384615384616 0.1045673076923077 0.019230769230769232
0 0.34134615384615385 0.6514423076923077 0.07572115384615384 0.016826923076923076
0 0.7728365384615384 0.6862980769230769 0.07692307692307693 0.027644230769230768
0 0.7560096153846154 0.8581730769230769 0.037259615384615384 0.05889423076923077
0 0.9591346153846154 0.6911057692307693 0.042067307692307696 0.09615384615384616
0 0.8028846153846154 0.8509615384615384 0.051682692307692304 0.054086538461538464
0 0.030048076923076924 0.6646634615384616 0.04326923076923077 0.03125
0 0.014423076923076924 0.7620192307692307 0.025240384615384616 0.08413461538461539
0 0.05048076923076923 0.7524038461538461 0.040865384615384616 0.078125
0 0.08653846153846154 0.7475961538461539 0.028846153846153848 0.07692307692307693
0 0.16346153846153846 0.7596153846153846 0.06370192307692307 0.08774038461538461
0 0.24158653846153846 0.7512019230769231 0.0673076923076923 0.09134615384615384
0 0.8858173076923077 0.4110576923076923 0.11658653846153846 0.02403846153846154
0 0.890625 0.46274038461538464 0.11538461538461539 0.02283653846153846
0 0.9615384615384616 0.44350961538461536 0.025240384615384616 0.06129807692307692
0 0.9867788461538461 0.4423076923076923 0.02403846153846154 0.0673076923076923
0 0.859375 0.5300480769230769 0.06490384615384616 0.037259615384615384
0 0.8557692307692307 0.5637019230769231 0.051682692307692304 0.021634615384615384
0 0.8569711538461539 0.5961538461538461 0.05889423076923077 0.03125
0 0.24158653846153846 0.640625 0.07091346153846154 0.07692307692307693
0 0.96875 0.5600961538461539 0.06009615384615385 0.10096153846153846
0 0.9146634615384616 0.5612980769230769 0.039663461538461536 0.09615384615384616
0 0.9122596153846154 0.828125 0.05889423076923077 0.1045673076923077
0 0.9711538461538461 0.8257211538461539 0.052884615384615384 0.10336538461538461
0 0.4423076923076923 0.5480769230769231 0.056490384615384616 0.046875
0 0.5012019230769231 0.5456730769230769 0.056490384615384616 0.055288461538461536
0 0.5552884615384616 0.5456730769230769 0.04807692307692308 0.04807692307692308
0 0.8509615384615384 0.8221153846153846 0.039663461538461536 0.0985576923076923
0 0.6225961538461539 0.5420673076923077 0.02403846153846154 0.05889423076923077
0 0.6550480769230769 0.5372596153846154 0.03365384615384615 0.06610576923076923
0 0.6971153846153846 0.5252403846153846 0.04927884615384615 0.09014423076923077
0 0.7475961538461539 0.5252403846153846 0.042067307692307696 0.08173076923076923
0 0.7992788461538461 0.5288461538461539 0.037259615384615384 0.07932692307692307
0 0.59375 0.5420673076923077 0.026442307692307692 0.057692307692307696