0 0.4362980769230769 0.8641826923076923 0.08173076923076923 0.12620192307692307
0 0.34975961538461536 0.8737980769230769 0.07572115384615384 0.08173076923076923
0 0.36899038461538464 0.3701923076923077 0.03365384615384615 0.09134615384615384
0 0.3786057692307692 0.5120192307692307 0.036057692307692304 0.08653846153846154
0 0.30408653846153844 0.5 0.1045673076923077 0.09975961538461539
0 0.21514423076923078 0.5072115384615384 0.0625 0.09495192307692307
0 0.15745192307692307 0.5120192307692307 0.04326923076923077 0.09134615384615384
0 0.11298076923076923 0.5132211538461539 0.036057692307692304 0.08774038461538461
0 0.06850961538461539 0.5048076923076923 0.039663461538461536 0.10817307692307693
0 0.028846153846153848 0.5132211538461539 0.03365384615384615 0.08774038461538461
0 0.9795673076923077 0.359375 0.039663461538461536 0.1045673076923077
0 0.9098557692307693 0.3545673076923077 0.046875 0.11538461538461539
0 0.4230769230769231 0.5108173076923077 0.04447115384615385 0.0829326923076923
0 0.8581730769230769 0.35697115384615385 0.027644230769230768 0.11177884615384616
0 0.7620192307692307 0.3918269230769231 0.0673076923076923 0.040865384615384616
0 0.6911057692307693 0.3942307692307692 0.06610576923076923 0.04326923076923077
0 0.6334134615384616 0.36778846153846156 0.03365384615384615 0.09134615384615384
0 0.5913461538461539 0.36177884615384615 0.03485576923076923 0.0889423076923077
0 0.5588942307692307 0.36658653846153844 0.025240384615384616 0.09735576923076923
0 0.5240384615384616 0.3701923076923077 0.03365384615384615 0.09375
0 0.4831730769230769 0.36899038461538464 0.036057692307692304 0.09254807692307693
0 0.44711538461538464 0.3701923076923077 0.030048076923076924 0.09615384615384616
0 0.4074519230769231 0.3701923076923077 0.038461538461538464 0.09615384615384616
0 0.8185096153846154 0.3581730769230769 0.039663461538461536 0.11177884615384616
0 0.33052884615384615 0.3713942307692308 0.03245192307692308 0.09735576923076923
0 0.5504807692307693 0.49759615384615385 0.054086538461538464 0.10336538461538461
0 0.671875 0.49399038461538464 0.051682692307692304 0.030048076923076924
0 0.546875 0.6189903846153846 0.030048076923076924 0.07091346153846154
0 0.5132211538461539 0.6225961538461539 0.03125 0.07211538461538461
0 0.47475961538461536 0.625 0.03365384615384615 0.09254807692307693
0 0.4362980769230769 0.6274038461538461 0.03485576923076923 0.09014423076923077
0 0.3942307692307692 0.6274038461538461 0.039663461538461536 0.09134615384615384
0 0.35336538461538464 0.6262019230769231 0.038461538461538464 0.09014423076923077
0 0.3088942307692308 0.6286057692307693 0.04326923076923077 0.08653846153846154
0 0.2620192307692308 0.6358173076923077 0.040865384615384616 0.06971153846153846
0 0.21634615384615385 0.6358173076923077 0.046875 0.07572115384615384
0 0.6129807692307693 0.49759615384615385 0.057692307692307696 0.10697115384615384
0 0.1658653846153846 0.6262019230769231 0.040865384615384616 0.09134615384615384
0 0.08653846153846154 0.6262019230769231 0.03485576923076923 0.08413461538461539
0 0.04927884615384615 0.6129807692307693 0.02403846153846154 0.057692307692307696
0 0.9879807692307693 0.49278846153846156 0.02283653846153846 0.09495192307692307
0 0.953125 0.4855769230769231 0.02403846153846154 0.08173076923076923
0 0.9230769230769231 0.49399038461538464 0.03245192307692308 0.08052884615384616
0 0.8834134615384616 0.49399038461538464 0.04567307692307692 0.08533653846153846
0 0.7536057692307693 0.4987980769230769 0.07692307692307693 0.037259615384615384
0 0.7536057692307693 0.53125 0.06129807692307692 0.02403846153846154
0 0.6850961538461539 0.5348557692307693 0.054086538461538464 0.036057692307692304
0 0.125 0.6262019230769231 0.037259615384615384 0.08653846153846154
0 0.5865384615384616 0.6225961538461539 0.04567307692307692 0.0733173076923077
0 0.28725961538461536 0.3701923076923077 0.040865384615384616 0.09495192307692307
0 0.21634615384615385 0.38221153846153844 0.03365384615384615 0.07091346153846154
0 0.21394230769230768 0.20072115384615385 0.04447115384615385 0.0829326923076923
0 0.16466346153846154 0.203125 0.040865384615384616 0.07932692307692307
0 0.5228365384615384 0.8425480769230769 0.07572115384615384 0.0829326923076923
0 0.5240384615384616 0.8918269230769231 0.07451923076923077 0.010817307692307692
0 0.5252403846153846 0.9074519230769231 0.07211538461538461 0.018028846153846152
0 0.6045673076923077 0.9002403846153846 0.078125 0.013221153846153846
0 0.6033653846153846 0.8810096153846154 0.07572115384615384 0.015625
0 0.5985576923076923 0.8341346153846154 0.07091346153846154 0.06610576923076923
0 0.6706730769230769 0.8774038461538461 0.03485576923076923 0.027644230769230768
0 0.2620192307692308 0.19951923076923078 0.040865384615384616 0.08173076923076923
0 0.6742788461538461 0.9038461538461539 0.04326923076923077 0.019230769230769232
0 0.7319711538461539 0.8930288461538461 0.052884615384615384 0.018028846153846152
0 0.7836538461538461 0.8413461538461539 0.05889423076923077 0.04567307692307692
0 0.8497596153846154 0.8233173076923077 0.052884615384615384 0.042067307692307696
0 0.8557692307692307 0.8581730769230769 0.07211538461538461 0.021634615384615384
0 0.9387019230769231 0.8449519230769231 0.08173076923076923 0.052884615384615384
0 0.9399038461538461 0.8870192307692307 0.0829326923076923 0.021634615384615384
0 0.15985576923076922 0.14543269230769232 0.042067307692307696 0.026442307692307692
0 0.11538461538461539 0.203125 0.056490384615384616 0.0829326923076923
0 0.026442307692307692 0.19471153846153846 0.052884615384615384 0.10216346153846154
0 0.7259615384615384 0.8653846153846154 0.046875 0.028846153846153848
0 0.25 0.38100961538461536 0.021634615384615384 0.0733173076923077
0 0.31850961538461536 0.19951923076923078 0.038461538461538464 0.08533653846153846
0 0.39663461538461536 0.20072115384615385 0.038461538461538464 0.0829326923076923
0 0.18269230769230768 0.3858173076923077 0.03245192307692308 0.0625
0 0.14543269230769232 0.3798076923076923 0.03365384615384615 0.07451923076923077
0 0.09975961538461539 0.3173076923076923 0.07692307692307693 0.037259615384615384
0 0.09495192307692307 0.3581730769230769 0.05048076923076923 0.03365384615384615
0 0.10096153846153846 0.39903846153846156 0.05048076923076923 0.037259615384615384
0 0.03245192307692308 0.38100961538461536 0.06490384615384616 0.08413461538461539
0 0.9879807692307693 0.19230769230769232 0.021634615384615384 0.08774038461538461
0 0.9471153846153846 0.19230769230769232 0.052884615384615384 0.09254807692307693
0 0.8942307692307693 0.1935096153846154 0.03125 0.09014423076923077
0 0.35697115384615385 0.19831730769230768 0.037259615384615384 0.08413461538461539
0 0.8509615384615384 0.1935096153846154 0.052884615384615384 0.07932692307692307
0 0.7475961538461539 0.19230769230769232 0.042067307692307696 0.09014423076923077
0 0.7043269230769231 0.19471153846153846 0.038461538461538464 0.09254807692307693
0 0.6622596153846154 0.18870192307692307 0.04567307692307692 0.1045673076923077
0 0.6189903846153846 0.18870192307692307 0.037259615384615384 0.10336538461538461
0 0.5757211538461539 0.19110576923076922 0.025240384615384616 0.09975961538461539
0 0.5360576923076923 0.19110576923076922 0.04326923076923077 0.09975961538461539
0 0.4891826923076923 0.19230769230769232 0.040865384615384616 0.09975961538461539
0 0.44591346153846156 0.18990384615384615 0.038461538461538464 0.10216346153846154
0 0.39783653846153844 0.14182692307692307 0.038461538461538464 0.030048076923076924
0 0.7920673076923077 0.19230769230769232 0.040865384615384616 0.0829326923076923
0 0.6610576923076923 0.6213942307692307 0.07091346153846154 0.036057692307692304
0 0.5024038461538461 0.5 0.036057692307692304 0.10336538461538461
0 0.7403846153846154 0.578125 0.06850961538461539 0.026442307692307692
0 0.6622596153846154 0.7115384615384616 0.052884615384615384 0.027644230769230768
0 0.6622596153846154 0.7319711538461539 0.046875 0.008413461538461538
0 0.6658653846153846 0.7415865384615384 0.052884615384615384 0.006009615384615385
0 0.6610576923076923 0.75 0.04447115384615385 0.006009615384615385
0 0.6610576923076923 0.7584134615384616 0.054086538461538464 0.007211538461538462
0 0.6634615384615384 0.7704326923076923 0.05048076923076923 0.013221153846153846
0 0.7247596153846154 0.7151442307692307 0.06370192307692307 0.03485576923076923
0 0.7247596153846154 0.7403846153846154 0.05889423076923077 0.009615384615384616
0 0.7259615384615384 0.7524038461538461 0.055288461538461536 0.008413461538461538
0 0.7235576923076923 0.7668269230769231 0.056490384615384616 0.015625
0 0.7896634615384616 0.7235576923076923 0.056490384615384616 0.038461538461538464
0 0.7872596153846154 0.7596153846153846 0.055288461538461536 0.025240384615384616
0 0.59375 0.7680288461538461 0.07211538461538461 0.013221153846153846
0 0.8497596153846154 0.7175480769230769 0.05889423076923077 0.038461538461538464
0 0.8990384615384616 0.7548076923076923 0.042067307692307696 0.02283653846153846
0 0.8954326923076923 0.7199519230769231 0.025240384615384616 0.025240384615384616
0 0.9338942307692307 0.7163461538461539 0.02403846153846154 0.0625
0 0.9627403846153846 0.7175480769230769 0.02403846153846154 0.06370192307692307
0 0.9891826923076923 0.7235576923076923 0.016826923076923076 0.07692307692307693
0 0.027644230769230768 0.8569711538461539 0.040865384615384616 0.1045673076923077
0 0.09375 0.8605769230769231 0.0625 0.11057692307692307
0 0.16826923076923078 0.890625 0.07692307692307693 0.06009615384615385
0 0.1814903846153846 0.8293269230769231 0.0733173076923077 0.04927884615384615
0 0.27283653846153844 0.8293269230769231 0.07572115384615384 0.054086538461538464
0 0.2668269230769231 0.8870192307692307 0.07211538461538461 0.042067307692307696
0 0.35336538461538464 0.8161057692307693 0.0625 0.028846153846153848
0 0.6610576923076923 0.6586538461538461 0.06370192307692307 0.025240384615384616
0 0.5901442307692307 0.7524038461538461 0.07091346153846154 0.013221153846153846
0 0.8485576923076923 0.7560096153846154 0.04807692307692308 0.020432692307692308
0 0.26802884615384615 0.734375 0.06490384615384616 0.07091346153846154
0 0.5925480769230769 0.7199519230769231 0.078125 0.04807692307692308
0 0.5096153846153846 0.7367788461538461 0.078125 0.07692307692307693
0 0.203125 0.7379807692307693 0.042067307692307696 0.06971153846153846
0 0.10697115384615384 0.7403846153846154 0.08774038461538461 0.08173076923076923
0 0.03365384615384615 0.7259615384615384 0.046875 0.054086538461538464
0 0.9819711538461539 0.6201923076923077 0.028846153846153848 0.07692307692307693
0 0.9519230769230769 0.6201923076923077 0.028846153846153848 0.07692307692307693
0 0.9158653846153846 0.6201923076923077 0.039663461538461536 0.08052884615384616
0 0.8365384615384616 0.6201923076923077 0.02283653846153846 0.07932692307692307
0 0.8653846153846154 0.6129807692307693 0.028846153846153848 0.07932692307692307
0 0.7403846153846154 0.65625 0.07211538461538461 0.026442307692307692
0 0.7427884615384616 0.6286057692307693 0.06850961538461539 0.02283653846153846
0 0.7391826923076923 0.6045673076923077 0.06850961538461539 0.021634615384615384
0 0.8004807692307693 0.6189903846153846 0.039663461538461536 0.07692307692307693