0 0.12139423076923077 0.45552884615384615 0.0985576923076923 0.12139423076923077
0 0.03485576923076923 0.4579326923076923 0.0673076923076923 0.10576923076923077
0 0.6538461538461539 0.33413461538461536 0.04807692307692308 0.08173076923076923
0 0.6021634615384616 0.33052884615384615 0.042067307692307696 0.07932692307692307
0 0.7247596153846154 0.3317307692307692 0.08052884615384616 0.07692307692307693
0 0.8197115384615384 0.3317307692307692 0.078125 0.08413461538461539
0 0.20552884615384615 0.46033653846153844 0.055288461538461536 0.11057692307692307
0 0.2644230769230769 0.47836538461538464 0.04326923076923077 0.08413461538461539
0 0.46033653846153844 0.5709134615384616 0.027644230769230768 0.04447115384615385
0 0.35096153846153844 0.4795673076923077 0.040865384615384616 0.08052884615384616
0 0.5528846153846154 0.3329326923076923 0.046875 0.08052884615384616
0 0.7860576923076923 0.5733173076923077 0.026442307692307692 0.04447115384615385
0 0.7584134615384616 0.5721153846153846 0.025240384615384616 0.042067307692307696
0 0.7307692307692307 0.5721153846153846 0.020432692307692308 0.040865384615384616
0 0.703125 0.5733173076923077 0.02403846153846154 0.042067307692307696
0 0.6766826923076923 0.5733173076923077 0.021634615384615384 0.04326923076923077
0 0.6502403846153846 0.5709134615384616 0.025240384615384616 0.04447115384615385
0 0.6213942307692307 0.5733173076923077 0.02403846153846154 0.04447115384615385
0 0.5925480769230769 0.5721153846153846 0.027644230769230768 0.04447115384615385
0 0.5649038461538461 0.5721153846153846 0.02283653846153846 0.04326923076923077
0 0.5384615384615384 0.5721153846153846 0.02283653846153846 0.04326923076923077
0 0.5096153846153846 0.5721153846153846 0.02403846153846154 0.04567307692307692
0 0.4266826923076923 0.5709134615384616 0.027644230769230768 0.04447115384615385
0 0.30649038461538464 0.47716346153846156 0.037259615384615384 0.07451923076923077
0 0.3954326923076923 0.5709134615384616 0.026442307692307692 0.04447115384615385
0 0.33653846153846156 0.5697115384615384 0.02403846153846154 0.04567307692307692
0 0.3088942307692308 0.5685096153846154 0.025240384615384616 0.04807692307692308
0 0.2800480769230769 0.5685096153846154 0.028846153846153848 0.04807692307692308
0 0.25240384615384615 0.5685096153846154 0.025240384615384616 0.046875
0 0.22355769230769232 0.5697115384615384 0.02283653846153846 0.046875
0 0.06610576923076923 0.625 0.07091346153846154 0.1310096153846154
0 0.7908653846153846 0.47716346153846156 0.05048076923076923 0.08173076923076923
0 0.734375 0.47716346153846156 0.052884615384615384 0.08173076923076923
0 0.6622596153846154 0.47596153846153844 0.07932692307692307 0.08173076923076923
0 0.5853365384615384 0.4795673076923077 0.06009615384615385 0.0733173076923077
0 0.5132211538461539 0.4735576923076923 0.07091346153846154 0.08533653846153846
0 0.4495192307692308 0.47596153846153844 0.04807692307692308 0.078125
0 0.40024038461538464 0.47716346153846156 0.042067307692307696 0.0829326923076923
0 0.36538461538461536 0.5697115384615384 0.025240384615384616 0.04447115384615385
0 0.4519230769230769 0.33052884615384615 0.056490384615384616 0.08173076923076923
0 0.96875 0.15625 0.057692307692307696 0.07692307692307693
0 0.9771634615384616 0.765625 0.04447115384615385 0.07451923076923077
0 0.9026442307692307 0.4723557692307692 0.07211538461538461 0.09134615384615384
0 0.9711538461538461 0.25721153846153844 0.056490384615384616 0.06009615384615385
0 0.9699519230769231 0.3233173076923077 0.05889423076923077 0.057692307692307696
0 0.17548076923076922 0.8088942307692307 0.039663461538461536 0.11778846153846154
0 0.12139423076923077 0.8040865384615384 0.051682692307692304 0.12860576923076922
0 0.054086538461538464 0.8064903846153846 0.07091346153846154 0.12139423076923077
0 0.7860576923076923 0.6370192307692307 0.039663461538461536 0.039663461538461536
0 0.7427884615384616 0.6622596153846154 0.040865384615384616 0.046875
0 0.6959134615384616 0.6634615384615384 0.04807692307692308 0.046875
0 0.6502403846153846 0.6598557692307693 0.036057692307692304 0.054086538461538464
0 0.6117788461538461 0.6586538461538461 0.030048076923076924 0.057692307692307696
0 0.5745192307692307 0.6586538461538461 0.036057692307692304 0.055288461538461536
0 0.5336538461538461 0.6598557692307693 0.03485576923076923 0.052884615384615384
0 0.4795673076923077 0.6550480769230769 0.057692307692307696 0.0625
0 0.4206730769230769 0.6550480769230769 0.057692307692307696 0.06129807692307692
0 0.35697115384615385 0.65625 0.0673076923076923 0.0625
0 0.2956730769230769 0.6646634615384616 0.046875 0.04807692307692308
0 0.9086538461538461 0.15745192307692307 0.04807692307692308 0.07091346153846154
0 0.9663461538461539 0.036057692307692304 0.0625 0.07211538461538461
0 0.8966346153846154 0.03485576923076923 0.06370192307692307 0.0673076923076923
0 0.8305288461538461 0.039663461538461536 0.054086538461538464 0.06129807692307692
0 0.7776442307692307 0.039663461538461536 0.04447115384615385 0.05889423076923077
0 0.7259615384615384 0.036057692307692304 0.04567307692307692 0.06370192307692307
0 0.9699519230769231 0.47115384615384615 0.05889423076923077 0.08533653846153846
0 0.6742788461538461 0.04326923076923077 0.04567307692307692 0.046875
0 0.8173076923076923 0.5733173076923077 0.025240384615384616 0.04447115384615385
0 0.8329326923076923 0.6538461538461539 0.042067307692307696 0.06490384615384616
0 0.8870192307692307 0.6538461538461539 0.055288461538461536 0.06370192307692307
0 0.9399038461538461 0.6382211538461539 0.042067307692307696 0.09134615384615384
0 0.9807692307692307 0.6177884615384616 0.03365384615384615 0.1346153846153846
0 0.234375 0.6430288461538461 0.06370192307692307 0.051682692307692304
0 0.9038461538461539 0.3233173076923077 0.04807692307692308 0.06129807692307692
0 0.9735576923076923 0.8341346153846154 0.04807692307692308 0.057692307692307696
0 0.08052884615384616 0.16466346153846154 0.1502403846153846 0.08533653846153846
0 0.2127403846153846 0.17668269230769232 0.1141826923076923 0.11899038461538461
0 0.8737980769230769 0.828125 0.12139423076923077 0.07091346153846154
0 0.7728365384615384 0.7980769230769231 0.06009615384615385 0.13221153846153846
0 0.7151442307692307 0.8088942307692307 0.046875 0.11057692307692307
0 0.6538461538461539 0.8100961538461539 0.06009615384615385 0.1141826923076923
0 0.6021634615384616 0.8100961538461539 0.03245192307692308 0.1141826923076923
0 0.5612980769230769 0.8052884615384616 0.03365384615384615 0.11538461538461539
0 0.5204326923076923 0.8221153846153846 0.040865384615384616 0.08413461538461539
0 0.47475961538461536 0.8209134615384616 0.037259615384615384 0.08653846153846154
0 0.43149038461538464 0.7908653846153846 0.036057692307692304 0.11177884615384616
0 0.39783653846153844 0.7992788461538461 0.028846153846153848 0.09615384615384616
0 0.36177884615384615 0.8137019230769231 0.038461538461538464 0.10697115384615384
0 0.3245192307692308 0.8112980769230769 0.03125 0.109375
0 0.28846153846153844 0.8100961538461539 0.036057692307692304 0.109375
0 0.2536057692307692 0.8137019230769231 0.02403846153846154 0.1045673076923077
0 0.21634615384615385 0.8112980769230769 0.03365384615384615 0.11177884615384616
0 0.40024038461538464 0.33052884615384615 0.040865384615384616 0.08052884615384616
0 0.35096153846153844 0.33052884615384615 0.04567307692307692 0.07572115384615384
0 0.3076923076923077 0.13701923076923078 0.05889423076923077 0.09375
0 0.32091346153846156 0.21514423076923078 0.06370192307692307 0.04326923076923077
0 0.38341346153846156 0.19591346153846154 0.04807692307692308 0.08173076923076923
0 0.4375 0.1971153846153846 0.04927884615384615 0.08173076923076923
0 0.49759615384615385 0.1971153846153846 0.056490384615384616 0.08052884615384616
0 0.9050480769230769 0.2548076923076923 0.054086538461538464 0.06971153846153846
0 0.06971153846153846 0.1045673076923077 0.11538461538461539 0.025240384615384616
0 0.6117788461538461 0.19591346153846154 0.04927884615384615 0.08653846153846154
0 0.7824519230769231 0.13581730769230768 0.07932692307692307 0.09014423076923077
0 0.765625 0.21514423076923078 0.09975961538461539 0.055288461538461536
0 0.8473557692307693 0.19230769230769232 0.039663461538461536 0.09975961538461539
0 0.09975961538461539 0.30528846153846156 0.10576923076923077 0.0889423076923077
0 0.21875 0.3137019230769231 0.1045673076923077 0.11298076923076923
0 0.3004807692307692 0.33052884615384615 0.046875 0.078125
0 0.6694711538461539 0.1971153846153846 0.057692307692307696 0.08653846153846154
0 0.5552884615384616 0.19831730769230768 0.04807692307692308 0.08052884615384616
0 0.8413461538461539 0.4831730769230769 0.04927884615384615 0.07451923076923077
0 0.6237980769230769 0.038461538461538464 0.046875 0.0625
0 0.06370192307692307 0.030048076923076924 0.12740384615384615 0.06009615384615385
0 0.16346153846153846 0.03125 0.05048076923076923 0.06129807692307692
0 0.22596153846153846 0.030048076923076924 0.054086538461538464 0.05889423076923077
0 0.29086538461538464 0.030048076923076924 0.057692307692307696 0.06009615384615385
0 0.4182692307692308 0.03245192307692308 0.051682692307692304 0.0625
0 0.3545673076923077 0.03245192307692308 0.05048076923076923 0.06490384615384616
0 0.5276442307692307 0.036057692307692304 0.04567307692307692 0.0625
0 0.5757211538461539 0.037259615384615384 0.040865384615384616 0.06370192307692307
0 0.47836538461538464 0.037259615384615384 0.04567307692307692 0.06009615384615385