0 0.48197115384615385 0.7716346153846154 0.054086538461538464 0.027644230769230768
0 0.5396634615384616 0.7740384615384616 0.055288461538461536 0.02283653846153846
0 0.7439903846153846 0.78125 0.07932692307692307 0.028846153846153848
0 0.7475961538461539 0.7367788461538461 0.07091346153846154 0.054086538461538464
0 0.8641826923076923 0.7463942307692307 0.12259615384615384 0.046875
0 0.13942307692307693 0.8245192307692307 0.24519230769230768 0.04447115384615385
0 0.640625 0.7524038461538461 0.12379807692307693 0.08533653846153846
0 0.9002403846153846 0.7884615384615384 0.19831730769230768 0.03125
0 0.8185096153846154 0.890625 0.09254807692307693 0.030048076923076924
0 0.3870192307692308 0.8713942307692307 0.2403846153846154 0.02403846153846154
0 0.3942307692307692 0.8353365384615384 0.23798076923076922 0.040865384615384616
0 0.5913461538461539 0.8641826923076923 0.109375 0.0673076923076923
0 0.703125 0.8665865384615384 0.09975961538461539 0.06009615384615385
0 0.8185096153846154 0.8509615384615384 0.09975961538461539 0.038461538461538464
0 0.9206730769230769 0.8545673076923077 0.08533653846153846 0.03125
0 0.9122596153846154 0.890625 0.08533653846153846 0.028846153846153848
0 0.4230769230769231 0.7692307692307693 0.054086538461538464 0.02403846153846154
0 0.14182692307692307 0.8677884615384616 0.24519230769230768 0.036057692307692304
0 0.3641826923076923 0.7680288461538461 0.055288461538461536 0.027644230769230768
0 0.33653846153846156 0.29086538461538464 0.078125 0.037259615384615384
0 0.48677884615384615 0.7403846153846154 0.04447115384615385 0.03485576923076923
0 0.13822115384615385 0.04927884615384615 0.10576923076923077 0.09014423076923077
0 0.8617788461538461 0.3269230769230769 0.06850961538461539 0.03245192307692308
0 0.8665865384615384 0.359375 0.05889423076923077 0.028846153846153848
0 0.7944711538461539 0.35697115384615385 0.06610576923076923 0.019230769230769232
0 0.7139423076923077 0.34375 0.08173076923076923 0.04567307692307692
0 0.6057692307692307 0.3401442307692308 0.10096153846153846 0.03245192307692308
0 0.5180288461538461 0.33774038461538464 0.07211538461538461 0.037259615384615384
0 0.42908653846153844 0.3317307692307692 0.08774038461538461 0.027644230769230768
0 0.34134615384615385 0.33052884615384615 0.08413461538461539 0.03125
0 0.6009615384615384 0.2980769230769231 0.09735576923076923 0.03365384615384615
0 0.5144230769230769 0.2956730769230769 0.07692307692307693 0.039663461538461536
0 0.9543269230769231 0.3173076923076923 0.09014423076923077 0.037259615384615384
0 0.25 0.055288461538461536 0.10216346153846154 0.09975961538461539
0 0.9507211538461539 0.36177884615384615 0.09735576923076923 0.03485576923076923
0 0.25240384615384615 0.390625 0.08653846153846154 0.03125
0 0.3473557692307692 0.39302884615384615 0.0829326923076923 0.037259615384615384
0 0.24519230769230768 0.28725961538461536 0.07451923076923077 0.040865384615384616
0 0.5264423076923077 0.39903846153846156 0.07211538461538461 0.03485576923076923
0 0.6141826923076923 0.4026442307692308 0.0889423076923077 0.025240384615384616
0 0.15504807692307693 0.4230769230769231 0.09495192307692307 0.028846153846153848
0 0.2536057692307692 0.4254807692307692 0.0889423076923077 0.02403846153846154
0 0.3401442307692308 0.43028846153846156 0.07692307692307693 0.028846153846153848
0 0.4362980769230769 0.4326923076923077 0.09375 0.026442307692307692
0 0.5252403846153846 0.43990384615384615 0.0733173076923077 0.03245192307692308
0 0.6189903846153846 0.4375 0.07572115384615384 0.030048076923076924
0 0.7043269230769231 0.4338942307692308 0.056490384615384616 0.018028846153846152
0 0.15504807692307693 0.38341346153846156 0.09375 0.040865384615384616
0 0.3641826923076923 0.05889423076923077 0.1045673076923077 0.0889423076923077
0 0.47475961538461536 0.06610576923076923 0.1045673076923077 0.09975961538461539
0 0.5925480769230769 0.07091346153846154 0.10697115384615384 0.0889423076923077
0 0.4230769230769231 0.29447115384615385 0.08413461538461539 0.03245192307692308
0 0.2403846153846154 0.3233173076923077 0.0829326923076923 0.02283653846153846
0 0.15384615384615385 0.3161057692307692 0.08774038461538461 0.030048076923076924
0 0.14903846153846154 0.28125 0.08653846153846154 0.036057692307692304
0 0.039663461538461536 0.3112980769230769 0.07451923076923077 0.042067307692307696
0 0.040865384615384616 0.2704326923076923 0.08052884615384616 0.03485576923076923
0 0.9387019230769231 0.2548076923076923 0.07211538461538461 0.03485576923076923
0 0.9447115384615384 0.22115384615384615 0.07572115384615384 0.027644230769230768
0 0.859375 0.20673076923076922 0.078125 0.039663461538461536
0 0.8521634615384616 0.2439903846153846 0.09375 0.028846153846153848
0 0.7548076923076923 0.23918269230769232 0.0829326923076923 0.03365384615384615
0 0.7728365384615384 0.20072115384615385 0.0829326923076923 0.036057692307692304
0 0.671875 0.19591346153846154 0.0829326923076923 0.038461538461538464
0 0.6706730769230769 0.23557692307692307 0.08653846153846154 0.03485576923076923
0 0.578125 0.23317307692307693 0.078125 0.039663461538461536
0 0.5817307692307693 0.18870192307692307 0.08052884615384616 0.038461538461538464
0 0.44471153846153844 0.22355769230769232 0.09615384615384616 0.03125
0 0.34134615384615385 0.21995192307692307 0.08774038461538461 0.040865384615384616
0 0.4495192307692308 0.18269230769230768 0.09014423076923077 0.04447115384615385
0 0.3473557692307692 0.1778846153846154 0.10576923076923077 0.04326923076923077
0 0.23798076923076922 0.171875 0.09495192307692307 0.042067307692307696
0 0.23557692307692307 0.21153846153846154 0.09375 0.03125
0 0.13341346153846154 0.21033653846153846 0.0889423076923077 0.03365384615384615
0 0.13581730769230768 0.1658653846153846 0.09134615384615384 0.04567307692307692
0 0.9134615384615384 0.09014423076923077 0.10096153846153846 0.10096153846153846
0 0.8088942307692307 0.0829326923076923 0.1045673076923077 0.08774038461538461
0 0.6959134615384616 0.07572115384615384 0.09615384615384616 0.09735576923076923
0 0.7055288461538461 0.4579326923076923 0.07451923076923077 0.016826923076923076
0 0.5360576923076923 0.7427884615384616 0.05048076923076923 0.027644230769230768
0 0.8377403846153846 0.44591346153846156 0.1310096153846154 0.03365384615384615
0 0.9495192307692307 0.4170673076923077 0.09495192307692307 0.027644230769230768
0 0.38341346153846156 0.5853365384615384 0.054086538461538464 0.025240384615384616
0 0.4567307692307692 0.5877403846153846 0.05889423076923077 0.02403846153846154
0 0.4338942307692308 0.6201923076923077 0.0625 0.028846153846153848
0 0.49759615384615385 0.6201923076923077 0.051682692307692304 0.030048076923076924
0 0.44471153846153844 0.6514423076923077 0.04807692307692308 0.02403846153846154
0 0.5060096153846154 0.6502403846153846 0.04807692307692308 0.025240384615384616
0 0.5877403846153846 0.6129807692307693 0.11899038461538461 0.042067307692307696
0 0.6045673076923077 0.6538461538461539 0.12620192307692307 0.03245192307692308
0 0.7199519230769231 0.6514423076923077 0.07932692307692307 0.036057692307692304
0 0.7163461538461539 0.6117788461538461 0.09975961538461539 0.042067307692307696
0 0.8221153846153846 0.6117788461538461 0.09975961538461539 0.039663461538461536
0 0.9290865384615384 0.6153846153846154 0.09615384615384616 0.030048076923076924
0 0.375 0.6201923076923077 0.04326923076923077 0.028846153846153848
0 0.8197115384615384 0.6574519230769231 0.09975961538461539 0.042067307692307696
0 0.10817307692307693 0.7439903846153846 0.11538461538461539 0.03485576923076923
0 0.12139423076923077 0.7055288461538461 0.09134615384615384 0.038461538461538464
0 0.22956730769230768 0.7139423076923077 0.11538461538461539 0.03485576923076923
0 0.2283653846153846 0.7572115384615384 0.11298076923076923 0.03365384615384615
0 0.3076923076923077 0.7620192307692307 0.04326923076923077 0.020432692307692308
0 0.31850961538461536 0.734375 0.051682692307692304 0.027644230769230768
0 0.33052884615384615 0.7007211538461539 0.051682692307692304 0.03245192307692308
0 0.3870192307692308 0.703125 0.04927884615384615 0.027644230769230768
0 0.4483173076923077 0.7055288461538461 0.056490384615384616 0.027644230769230768
0 0.5048076923076923 0.7079326923076923 0.05048076923076923 0.03365384615384615
0 0.3762019230769231 0.7331730769230769 0.046875 0.03125
0 0.43509615384615385 0.7367788461538461 0.055288461538461536 0.030048076923076924
0 0.921875 0.6586538461538461 0.08653846153846154 0.038461538461538464
0 0.390625 0.6478365384615384 0.055288461538461536 0.020432692307692308
0 0.3245192307692308 0.6442307692307693 0.054086538461538464 0.027644230769230768
0 0.31971153846153844 0.6129807692307693 0.054086538461538464 0.027644230769230768
0 0.9567307692307693 0.45552884615384615 0.08173076923076923 0.040865384615384616
0 0.0829326923076923 0.47716346153846156 0.078125 0.03485576923076923
0 0.17548076923076922 0.4807692307692308 0.10096153846153846 0.026442307692307692
0 0.2620192307692308 0.4855769230769231 0.06971153846153846 0.036057692307692304
0 0.16466346153846154 0.5192307692307693 0.0829326923076923 0.028846153846153848
0 0.2536057692307692 0.5192307692307693 0.0829326923076923 0.026442307692307692
0 0.32211538461538464 0.49759615384615385 0.05048076923076923 0.036057692307692304
0 0.3233173076923077 0.5300480769230769 0.052884615384615384 0.021634615384615384
0 0.3918269230769231 0.5336538461538461 0.06129807692307692 0.020432692307692308
0 0.38461538461538464 0.5012019230769231 0.051682692307692304 0.03245192307692308
0 0.45072115384615385 0.5012019230769231 0.051682692307692304 0.03485576923076923
0 0.5036057692307693 0.5036057692307693 0.05048076923076923 0.03365384615384615
0 0.4495192307692308 0.5336538461538461 0.04927884615384615 0.021634615384615384
0 0.5024038461538461 0.5324519230769231 0.05048076923076923 0.02283653846153846
0 0.5877403846153846 0.5372596153846154 0.09615384615384616 0.028846153846153848
0 0.6887019230769231 0.5072115384615384 0.07451923076923077 0.025240384615384616
0 0.6766826923076923 0.5444711538461539 0.0673076923076923 0.03365384615384615
0 0.765625 0.5444711538461539 0.08653846153846154 0.030048076923076924
0 0.7704326923076923 0.5132211538461539 0.078125 0.030048076923076924
0 0.8725961538461539 0.5168269230769231 0.07572115384615384 0.028846153846153848
0 0.8701923076923077 0.5504807692307693 0.07692307692307693 0.03125
0 0.9567307692307693 0.5480769230769231 0.06971153846153846 0.039663461538461536
0 0.13341346153846154 0.5901442307692307 0.07692307692307693 0.037259615384615384
0 0.1346153846153846 0.6298076923076923 0.07451923076923077 0.02403846153846154
0 0.234375 0.5925480769230769 0.10817307692307693 0.037259615384615384
0 0.234375 0.6370192307692307 0.10216346153846154 0.03245192307692308
0 0.32572115384615385 0.5817307692307693 0.052884615384615384 0.026442307692307692
0 0.8473557692307693 0.41466346153846156 0.11057692307692307 0.021634615384615384
0 0.4387019230769231 0.39663461538461536 0.10216346153846154 0.030048076923076924