0 0.48677884615384615 0.7271634615384616 0.04447115384615385 0.0985576923076923
0 0.7932692307692307 0.546875 0.030048076923076924 0.016826923076923076
0 0.6790865384615384 0.8185096153846154 0.02403846153846154 0.07572115384615384
0 0.6586538461538461 0.8185096153846154 0.010817307692307692 0.09134615384615384
0 0.8221153846153846 0.7680288461538461 0.016826923076923076 0.08173076923076923
0 0.8016826923076923 0.7740384615384616 0.018028846153846152 0.08173076923076923
0 0.7824519230769231 0.7800480769230769 0.020432692307692308 0.07932692307692307
0 0.7632211538461539 0.7836538461538461 0.016826923076923076 0.09615384615384616
0 0.7427884615384616 0.7884615384615384 0.019230769230769232 0.0985576923076923
0 0.7211538461538461 0.796875 0.020432692307692308 0.09375
0 0.6394230769230769 0.8365384615384616 0.02283653846153846 0.06129807692307692
0 0.7007211538461539 0.8269230769230769 0.013221153846153846 0.03365384615384615
0 0.09375 0.8221153846153846 0.054086538461538464 0.12379807692307693
0 0.15264423076923078 0.8088942307692307 0.054086538461538464 0.11298076923076923
0 0.20552884615384615 0.7908653846153846 0.04447115384615385 0.13341346153846154
0 0.5721153846153846 0.7139423076923077 0.03485576923076923 0.08774038461538461
0 0.30408653846153844 0.7776442307692307 0.04567307692307692 0.1045673076923077
0 0.3786057692307692 0.765625 0.037259615384615384 0.08774038461538461
0 0.3389423076923077 0.7644230769230769 0.02403846153846154 0.09014423076923077
0 0.4170673076923077 0.7512019230769231 0.036057692307692304 0.08413461538461539
0 0.028846153846153848 0.8305288461538461 0.057692307692307696 0.16105769230769232
0 0.6081730769230769 0.8401442307692307 0.03125 0.07692307692307693
0 0.5 0.8605769230769231 0.02403846153846154 0.11658653846153846
0 0.5528846153846154 0.8533653846153846 0.038461538461538464 0.08653846153846154
0 0.8221153846153846 0.546875 0.020432692307692308 0.06971153846153846
0 0.7235576923076923 0.6766826923076923 0.019230769230769232 0.09495192307692307
0 0.7427884615384616 0.6730769230769231 0.015625 0.09134615384615384
0 0.7608173076923077 0.6838942307692307 0.014423076923076924 0.052884615384615384
0 0.7836538461538461 0.6742788461538461 0.02403846153846154 0.06971153846153846
0 0.8040865384615384 0.6622596153846154 0.014423076923076924 0.07692307692307693
0 0.8233173076923077 0.6610576923076923 0.02283653846153846 0.0673076923076923
0 0.6935096153846154 0.703125 0.038461538461538464 0.051682692307692304
0 0.6382211538461539 0.6995192307692307 0.03485576923076923 0.09134615384615384
0 0.6045673076923077 0.7115384615384616 0.03125 0.07932692307692307
0 0.32572115384615385 0.9182692307692307 0.037259615384615384 0.11778846153846154
0 0.2932692307692308 0.953125 0.02283653846153846 0.07211538461538461
0 0.2536057692307692 0.9495192307692307 0.04326923076923077 0.09975961538461539
0 0.20552884615384615 0.9807692307692307 0.04567307692307692 0.03365384615384615
0 0.11658653846153846 0.953125 0.037259615384615384 0.07211538461538461
0 0.078125 0.9723557692307693 0.03245192307692308 0.04447115384615385
0 0.03125 0.9699519230769231 0.057692307692307696 0.055288461538461536
0 0.4326923076923077 0.8822115384615384 0.02403846153846154 0.12139423076923077
0 0.4014423076923077 0.8930288461538461 0.03485576923076923 0.11778846153846154
0 0.5288461538461539 0.7115384615384616 0.039663461538461536 0.10576923076923077
0 0.25721153846153844 0.7944711538461539 0.04567307692307692 0.09615384615384616
0 0.46634615384615385 0.8713942307692307 0.038461538461538464 0.11538461538461539
0 0.765625 0.4375 0.016826923076923076 0.06610576923076923
0 0.8004807692307693 0.5769230769230769 0.02283653846153846 0.014423076923076924
0 0.796875 0.5637019230769231 0.03125 0.013221153846153846
0 0.5853365384615384 0.109375 0.027644230769230768 0.13942307692307693
0 0.6105769230769231 0.11177884615384616 0.019230769230769232 0.140625
0 0.6334134615384616 0.11899038461538461 0.02283653846153846 0.12379807692307693
0 0.6586538461538461 0.13942307692307693 0.02403846153846154 0.09014423076923077
0 0.6850961538461539 0.15264423076923078 0.027644230769230768 0.06610576923076923
0 0.7151442307692307 0.12980769230769232 0.026442307692307692 0.026442307692307692
0 0.7692307692307693 0.5492788461538461 0.018028846153846152 0.08052884615384616
0 0.7163461538461539 0.15504807692307693 0.025240384615384616 0.02403846153846154
0 0.7403846153846154 0.16466346153846154 0.015625 0.046875
0 0.7704326923076923 0.16105769230769232 0.036057692307692304 0.06850961538461539
0 0.8161057692307693 0.13942307692307693 0.036057692307692304 0.1141826923076923
0 0.027644230769230768 0.484375 0.055288461538461536 0.12259615384615384
0 0.09014423076923077 0.47716346153846156 0.05048076923076923 0.10817307692307693
0 0.140625 0.4735576923076923 0.042067307692307696 0.11177884615384616
0 0.19230769230769232 0.4735576923076923 0.04567307692307692 0.10697115384615384
0 0.36177884615384615 0.2824519230769231 0.04447115384615385 0.12740384615384615
0 0.7175480769230769 0.17908653846153846 0.030048076923076924 0.021634615384615384
0 0.75 0.5516826923076923 0.015625 0.0829326923076923
0 0.7247596153846154 0.5673076923076923 0.03365384615384615 0.06009615384615385
0 0.6923076923076923 0.5709134615384616 0.027644230769230768 0.0673076923076923
0 0.08653846153846154 0.0673076923076923 0.04447115384615385 0.13221153846153846
0 0.13581730769230768 0.06971153846153846 0.05048076923076923 0.13221153846153846
0 0.21153846153846154 0.08173076923076923 0.057692307692307696 0.12620192307692307
0 0.26802884615384615 0.07692307692307693 0.05048076923076923 0.1502403846153846
0 0.31850961538461536 0.0829326923076923 0.04326923076923077 0.14903846153846154
0 0.359375 0.11538461538461539 0.036057692307692304 0.08533653846153846
0 0.39783653846153844 0.12139423076923077 0.036057692307692304 0.0829326923076923
0 0.4375 0.11899038461538461 0.039663461538461536 0.09495192307692307
0 0.47836538461538464 0.11538461538461539 0.036057692307692304 0.11298076923076923
0 0.5120192307692307 0.13822115384615385 0.028846153846153848 0.06850961538461539
0 0.5360576923076923 0.15144230769230768 0.016826923076923076 0.046875
0 0.5576923076923077 0.12379807692307693 0.02283653846153846 0.109375
0 0.5673076923076923 0.5865384615384616 0.03485576923076923 0.08173076923076923
0 0.5288461538461539 0.5745192307692307 0.03365384615384615 0.12620192307692307
0 0.49399038461538464 0.5913461538461539 0.030048076923076924 0.09975961538461539
0 0.49158653846153844 0.28725961538461536 0.02403846153846154 0.1201923076923077
0 0.5973557692307693 0.5853365384615384 0.026442307692307692 0.07572115384615384
0 0.6274038461538461 0.5697115384615384 0.03485576923076923 0.09134615384615384
0 0.6634615384615384 0.5709134615384616 0.030048076923076924 0.078125
0 0.39903846153846156 0.28365384615384615 0.030048076923076924 0.12620192307692307
0 0.43028846153846156 0.2860576923076923 0.026442307692307692 0.1201923076923077
0 0.46033653846153844 0.28725961538461536 0.03245192307692308 0.11899038461538461
0 0.45552884615384615 0.5877403846153846 0.039663461538461536 0.12379807692307693
0 0.4338942307692308 0.44711538461538464 0.02403846153846154 0.1141826923076923
0 0.40625 0.44711538461538464 0.026442307692307692 0.11778846153846154
0 0.3762019230769231 0.4483173076923077 0.03245192307692308 0.1201923076923077
0 0.34134615384615385 0.4579326923076923 0.03125 0.109375
0 0.30649038461538464 0.4543269230769231 0.03485576923076923 0.12139423076923077
0 0.2668269230769231 0.45552884615384615 0.037259615384615384 0.12379807692307693
0 0.8245192307692307 0.3088942307692308 0.028846153846153848 0.0673076923076923
0 0.7932692307692307 0.3076923076923077 0.026442307692307692 0.06129807692307692
0 0.7632211538461539 0.3088942307692308 0.03125 0.06490384615384616
0 0.734375 0.3088942307692308 0.015625 0.06370192307692307
0 0.7127403846153846 0.31490384615384615 0.019230769230769232 0.05048076923076923
0 0.6911057692307693 0.29086538461538464 0.019230769230769232 0.10336538461538461
0 0.6682692307692307 0.2920673076923077 0.025240384615384616 0.10096153846153846
0 0.6442307692307693 0.2920673076923077 0.018028846153846152 0.10817307692307693
0 0.6213942307692307 0.28966346153846156 0.025240384615384616 0.10817307692307693
0 0.5949519230769231 0.29086538461538464 0.02283653846153846 0.10697115384615384
0 0.5697115384615384 0.28846153846153844 0.025240384615384616 0.1141826923076923
0 0.5444711538461539 0.2860576923076923 0.025240384615384616 0.11778846153846154
0 0.5180288461538461 0.28846153846153844 0.026442307692307692 0.11778846153846154
0 0.45552884615384615 0.4483173076923077 0.021634615384615384 0.10576923076923077
0 0.037259615384615384 0.06370192307692307 0.051682692307692304 0.12379807692307693
0 0.49158653846153844 0.43509615384615385 0.040865384615384616 0.125
0 0.5516826923076923 0.4362980769230769 0.021634615384615384 0.11658653846153846
0 0.41586538461538464 0.6105769230769231 0.038461538461538464 0.09014423076923077
0 0.37259615384615385 0.5985576923076923 0.04567307692307692 0.1346153846153846
0 0.32572115384615385 0.6165865384615384 0.04447115384615385 0.10817307692307693
0 0.27884615384615385 0.6129807692307693 0.04567307692307692 0.14302884615384615
0 0.23197115384615385 0.6382211538461539 0.04567307692307692 0.09495192307692307
0 0.1778846153846154 0.6274038461538461 0.05889423076923077 0.14302884615384615
0 0.125 0.6430288461538461 0.04447115384615385 0.12740384615384615
0 0.078125 0.65625 0.046875 0.12620192307692307
0 0.026442307692307692 0.6526442307692307 0.052884615384615384 0.16105769230769232
0 0.8161057692307693 0.43149038461538464 0.027644230769230768 0.0673076923076923
0 0.7872596153846154 0.43149038461538464 0.02403846153846154 0.06610576923076923
0 0.7451923076923077 0.4387019230769231 0.021634615384615384 0.0673076923076923
0 0.7151442307692307 0.43149038461538464 0.028846153846153848 0.08413461538461539
0 0.6923076923076923 0.4375 0.014423076923076924 0.08052884615384616
0 0.6730769230769231 0.42788461538461536 0.020432692307692308 0.10697115384615384
0 0.6526442307692307 0.4362980769230769 0.018028846153846152 0.09735576923076923
0 0.6262019230769231 0.43149038461538464 0.028846153846153848 0.1141826923076923
0 0.5973557692307693 0.43149038461538464 0.026442307692307692 0.11538461538461539
0 0.5745192307692307 0.43509615384615385 0.020432692307692308 0.11298076923076923
0 0.5240384615384616 0.43509615384615385 0.026442307692307692 0.11658653846153846
0 0.08052884615384616 0.2920673076923077 0.052884615384615384 0.11177884615384616
0 0.3629807692307692 0.9050480769230769 0.03245192307692308 0.12740384615384615
0 0.030048076923076924 0.28725961538461536 0.038461538461538464 0.11778846153846154