0 0.6862980769230769 0.16826923076923078 0.08173076923076923 0.038461538461538464
0 0.515625 0.1622596153846154 0.07692307692307693 0.037259615384615384
0 0.6009615384615384 0.1658653846153846 0.08774038461538461 0.03485576923076923
0 0.7776442307692307 0.16706730769230768 0.09254807692307693 0.039663461538461536
0 0.5252403846153846 0.8173076923076923 0.078125 0.06129807692307692
0 0.9507211538461539 0.1658653846153846 0.07692307692307693 0.03485576923076923
0 0.6826923076923077 0.8112980769230769 0.07572115384615384 0.06850961538461539
0 0.6033653846153846 0.8161057692307693 0.06850961538461539 0.06129807692307692
0 0.08653846153846154 0.23557692307692307 0.11177884615384616 0.038461538461538464
0 0.19230769230769232 0.23677884615384615 0.09615384615384616 0.039663461538461536
0 0.3389423076923077 0.23557692307692307 0.16947115384615385 0.037259615384615384
0 0.10216346153846154 0.27403846153846156 0.10096153846153846 0.03245192307692308
0 0.20072115384615385 0.2764423076923077 0.0889423076923077 0.03245192307692308
0 0.8653846153846154 0.16706730769230768 0.078125 0.03485576923076923
0 0.9158653846153846 0.8088942307692307 0.06971153846153846 0.06610576923076923
0 0.2956730769230769 0.8185096153846154 0.19951923076923078 0.0673076923076923
0 0.3245192307692308 0.16346153846153846 0.09375 0.037259615384615384
0 0.026442307692307692 0.11538461538461539 0.051682692307692304 0.04447115384615385
0 0.11298076923076923 0.11899038461538461 0.10817307692307693 0.037259615384615384
0 0.22355769230769232 0.11538461538461539 0.10336538461538461 0.038461538461538464
0 0.3269230769230769 0.11899038461538461 0.10216346153846154 0.040865384615384616
0 0.43149038461538464 0.11899038461538461 0.0985576923076923 0.040865384615384616
0 0.03365384615384615 0.15985576923076922 0.06129807692307692 0.040865384615384616
0 0.11778846153846154 0.15985576923076922 0.10096153846153846 0.038461538461538464
0 0.4375 0.8137019230769231 0.0733173076923077 0.06610576923076923
0 0.4254807692307692 0.16346153846153846 0.0985576923076923 0.038461538461538464
0 0.33413461538461536 0.27403846153846156 0.16105769230769232 0.039663461538461536
0 0.8930288461538461 0.7163461538461539 0.0733173076923077 0.040865384615384616
0 0.8088942307692307 0.7151442307692307 0.07572115384615384 0.04326923076923077
0 0.7307692307692307 0.7151442307692307 0.07211538461538461 0.04567307692307692
0 0.8870192307692307 0.6802884615384616 0.06129807692307692 0.020432692307692308
0 0.8040865384615384 0.6730769230769231 0.0673076923076923 0.018028846153846152
0 0.7331730769230769 0.6838942307692307 0.07692307692307693 0.013221153846153846
0 0.7608173076923077 0.8100961538461539 0.07091346153846154 0.06370192307692307
0 0.2247596153846154 0.15865384615384615 0.10216346153846154 0.046875
0 0.09735576923076923 0.8209134615384616 0.18389423076923078 0.06490384615384616
0 0.49399038461538464 0.25600961538461536 0.13701923076923078 0.078125
0 0.6430288461538461 0.2548076923076923 0.15504807692307693 0.07692307692307693
0 0.7860576923076923 0.2548076923076923 0.12860576923076922 0.078125
0 0.35216346153846156 0.5576923076923077 0.08533653846153846 0.042067307692307696
0 0.44591346153846156 0.5564903846153846 0.09735576923076923 0.040865384615384616
0 0.06490384615384616 0.6057692307692307 0.09254807692307693 0.030048076923076924
0 0.15745192307692307 0.6057692307692307 0.0829326923076923 0.03245192307692308
0 0.24879807692307693 0.6021634615384616 0.08774038461538461 0.03485576923076923
0 0.3473557692307692 0.5997596153846154 0.08774038461538461 0.037259615384615384
0 0.4362980769230769 0.5997596153846154 0.0889423076923077 0.03485576923076923
0 0.6045673076923077 0.5576923076923077 0.21754807692307693 0.039663461538461536
0 0.5961538461538461 0.6009615384615384 0.21995192307692307 0.037259615384615384
0 0.7548076923076923 0.5973557692307693 0.06971153846153846 0.042067307692307696
0 0.7439903846153846 0.5540865384615384 0.04326923076923077 0.02283653846153846
0 0.8016826923076923 0.5576923076923077 0.0673076923076923 0.018028846153846152
0 0.8233173076923077 0.5961538461538461 0.06850961538461539 0.04807692307692308
0 0.9002403846153846 0.5961538461538461 0.08774038461538461 0.04447115384615385
0 0.25721153846153844 0.5588942307692307 0.09134615384615384 0.04567307692307692
0 0.0889423076923077 0.6995192307692307 0.09134615384615384 0.03485576923076923
0 0.31009615384615385 0.6959134615384616 0.08653846153846154 0.03365384615384615
0 0.4074519230769231 0.6971153846153846 0.07451923076923077 0.03365384615384615
0 0.39302884615384615 0.6610576923076923 0.08173076923076923 0.018028846153846152
0 0.08653846153846154 0.7331730769230769 0.10576923076923077 0.019230769230769232
0 0.19951923076923078 0.7319711538461539 0.0985576923076923 0.03125
0 0.30528846153846156 0.7319711538461539 0.09735576923076923 0.026442307692307692
0 0.4026442307692308 0.7307692307692307 0.0829326923076923 0.026442307692307692
0 0.484375 0.6742788461538461 0.06850961538461539 0.04567307692307692
0 0.5625 0.671875 0.078125 0.042067307692307696
0 0.6394230769230769 0.671875 0.06850961538461539 0.04567307692307692
0 0.48677884615384615 0.7199519230769231 0.06850961538461539 0.042067307692307696
0 0.5673076923076923 0.71875 0.08774038461538461 0.042067307692307696
0 0.6478365384615384 0.7163461538461539 0.07091346153846154 0.042067307692307696
0 0.7247596153846154 0.6622596153846154 0.078125 0.015625
0 0.1971153846153846 0.6983173076923077 0.10096153846153846 0.036057692307692304
0 0.8389423076923077 0.8088942307692307 0.08052884615384616 0.0673076923076923
0 0.15985576923076922 0.5661057692307693 0.08653846153846154 0.039663461538461536
0 0.8569711538461539 0.4831730769230769 0.22115384615384615 0.03365384615384615
0 0.9278846153846154 0.25600961538461536 0.14302884615384615 0.078125
0 0.06129807692307692 0.3473557692307692 0.08653846153846154 0.038461538461538464
0 0.15384615384615385 0.34134615384615385 0.08774038461538461 0.03485576923076923
0 0.25841346153846156 0.34134615384615385 0.10216346153846154 0.03365384615384615
0 0.1622596153846154 0.3786057692307692 0.09134615384615384 0.036057692307692304
0 0.2608173076923077 0.38100961538461536 0.09975961538461539 0.040865384615384616
0 0.3629807692307692 0.35336538461538464 0.0829326923076923 0.039663461538461536
0 0.45072115384615385 0.35096153846153844 0.08653846153846154 0.03245192307692308
0 0.3629807692307692 0.3858173076923077 0.0829326923076923 0.02283653846153846
0 0.4495192307692308 0.3870192307692308 0.07932692307692307 0.026442307692307692
0 0.5420673076923077 0.3786057692307692 0.07932692307692307 0.042067307692307696
0 0.6225961538461539 0.3737980769230769 0.07572115384615384 0.04807692307692308
0 0.7067307692307693 0.3762019230769231 0.08052884615384616 0.052884615384615384
0 0.7860576923076923 0.3798076923076923 0.0733173076923077 0.04447115384615385
0 0.06490384615384616 0.5661057692307693 0.09375 0.042067307692307696
0 0.8665865384615384 0.3798076923076923 0.0733173076923077 0.04447115384615385
0 0.8822115384615384 0.3401442307692308 0.07451923076923077 0.02403846153846154
0 0.8605769230769231 0.44711538461538464 0.21634615384615385 0.03365384615384615
0 0.7043269230769231 0.47836538461538464 0.07932692307692307 0.042067307692307696
0 0.6201923076923077 0.47836538461538464 0.078125 0.042067307692307696
0 0.5420673076923077 0.4807692307692308 0.07572115384615384 0.037259615384615384
0 0.45072115384615385 0.4879807692307692 0.0985576923076923 0.026442307692307692
0 0.3545673076923077 0.4879807692307692 0.08533653846153846 0.02403846153846154
0 0.2608173076923077 0.4891826923076923 0.08774038461538461 0.02403846153846154
0 0.16826923076923078 0.4879807692307692 0.08533653846153846 0.026442307692307692
0 0.07451923076923077 0.48677884615384615 0.08774038461538461 0.03125
0 0.4543269230769231 0.4519230769230769 0.09975961538461539 0.037259615384615384
0 0.3557692307692308 0.453125 0.08774038461538461 0.039663461538461536
0 0.25841346153846156 0.4543269230769231 0.08774038461538461 0.042067307692307696
0 0.17427884615384615 0.4519230769230769 0.07932692307692307 0.037259615384615384
0 0.08533653846153846 0.4519230769230769 0.08533653846153846 0.03485576923076923
0 0.9483173076923077 0.37740384615384615 0.07932692307692307 0.04807692307692308
0 0.06850961538461539 0.38341346153846156 0.08774038461538461 0.027644230769230768