0 0.734375 0.7319711538461539 0.04447115384615385 0.0625
0 0.04567307692307692 0.7391826923076923 0.04326923076923077 0.0673076923076923
0 0.6382211538461539 0.7319711538461539 0.04326923076923077 0.06370192307692307
0 0.14302884615384615 0.7391826923076923 0.04447115384615385 0.06850961538461539
0 0.19230769230769232 0.7223557692307693 0.039663461538461536 0.06610576923076923
0 0.23557692307692307 0.7331730769230769 0.038461538461538464 0.06610576923076923
0 0.27524038461538464 0.7331730769230769 0.03485576923076923 0.07091346153846154
0 0.3173076923076923 0.7355769230769231 0.036057692307692304 0.06490384615384616
0 0.6862980769230769 0.7319711538461539 0.04447115384615385 0.0625
0 0.4326923076923077 0.7259615384615384 0.04447115384615385 0.0733173076923077
0 0.4855769230769231 0.7283653846153846 0.04326923076923077 0.07572115384615384
0 0.5348557692307693 0.7283653846153846 0.04567307692307692 0.07211538461538461
0 0.5889423076923077 0.7259615384615384 0.04567307692307692 0.07692307692307693
0 0.09735576923076923 0.7391826923076923 0.037259615384615384 0.06850961538461539
0 0.35697115384615385 0.734375 0.036057692307692304 0.06971153846153846
0 0.6526442307692307 0.6370192307692307 0.03125 0.04807692307692308
0 0.7944711538461539 0.6334134615384616 0.042067307692307696 0.052884615384615384
0 0.8461538461538461 0.30408653846153844 0.05889423076923077 0.08533653846153846
0 0.7848557692307693 0.7355769230769231 0.04567307692307692 0.06009615384615385
0 0.7836538461538461 0.3016826923076923 0.054086538461538464 0.08653846153846154
0 0.7175480769230769 0.30288461538461536 0.055288461538461536 0.08653846153846154
0 0.65625 0.3137019230769231 0.056490384615384616 0.06971153846153846
0 0.5997596153846154 0.31490384615384615 0.04927884615384615 0.0673076923076923
0 0.8449519230769231 0.6346153846153846 0.051682692307692304 0.05048076923076923
0 0.5420673076923077 0.3173076923076923 0.04927884615384615 0.06009615384615385
0 0.484375 0.3076923076923077 0.052884615384615384 0.08052884615384616
0 0.4206730769230769 0.3004807692307692 0.06610576923076923 0.10216346153846154
0 0.35096153846153844 0.3004807692307692 0.06610576923076923 0.0985576923076923
0 0.29447115384615385 0.3076923076923077 0.042067307692307696 0.08653846153846154
0 0.22115384615384615 0.29927884615384615 0.07932692307692307 0.10336538461538461
0 0.6911057692307693 0.6358173076923077 0.03365384615384615 0.052884615384615384
0 0.5432692307692307 0.2692307692307692 0.05048076923076923 0.028846153846153848
0 0.8341346153846154 0.734375 0.040865384615384616 0.06610576923076923
0 0.15384615384615385 0.3112980769230769 0.054086538461538464 0.07091346153846154
0 0.9158653846153846 0.8581730769230769 0.10096153846153846 0.052884615384615384
0 0.9459134615384616 0.1971153846153846 0.09014423076923077 0.0625
0 0.8713942307692307 0.18870192307692307 0.051682692307692304 0.08533653846153846
0 0.8173076923076923 0.18870192307692307 0.046875 0.08774038461538461
0 0.7644230769230769 0.18629807692307693 0.05048076923076923 0.08774038461538461
0 0.7091346153846154 0.19110576923076922 0.056490384615384616 0.09254807692307693
0 0.6382211538461539 0.17908653846153846 0.07572115384615384 0.10216346153846154
0 0.5480769230769231 0.18389423076923078 0.09495192307692307 0.09735576923076923
0 0.4495192307692308 0.18028846153846154 0.08533653846153846 0.09495192307692307
0 0.37259615384615385 0.18629807692307693 0.056490384615384616 0.0985576923076923
0 0.3076923076923077 0.18870192307692307 0.06370192307692307 0.09375
0 0.24158653846153846 0.18870192307692307 0.06490384615384616 0.09014423076923077
0 0.171875 0.18870192307692307 0.0625 0.0829326923076923
0 0.10576923076923077 0.1875 0.06370192307692307 0.09134615384615384
0 0.040865384615384616 0.18870192307692307 0.06009615384615385 0.08052884615384616
0 0.9086538461538461 0.3016826923076923 0.05048076923076923 0.08774038461538461
0 0.9699519230769231 0.31009615384615385 0.05889423076923077 0.07211538461538461
0 0.9278846153846154 0.7596153846153846 0.1045673076923077 0.05889423076923077
0 0.03125 0.296875 0.0625 0.0985576923076923
0 0.8317307692307693 0.8377403846153846 0.04326923076923077 0.09134615384615384
0 0.020432692307692308 0.8509615384615384 0.040865384615384616 0.08413461538461539
0 0.08052884615384616 0.84375 0.07572115384615384 0.08052884615384616
0 0.15745192307692307 0.8413461538461539 0.06490384615384616 0.078125
0 0.2247596153846154 0.8413461538461539 0.06370192307692307 0.0829326923076923
0 0.29927884615384615 0.8461538461538461 0.07451923076923077 0.0889423076923077
0 0.375 0.8473557692307693 0.06370192307692307 0.08533653846153846
0 0.4411057692307692 0.8365384615384616 0.038461538461538464 0.09134615384615384
0 0.48677884615384615 0.8413461538461539 0.046875 0.0985576923076923
0 0.5348557692307693 0.8425480769230769 0.040865384615384616 0.09495192307692307
0 0.5805288461538461 0.8389423076923077 0.039663461538461536 0.09615384615384616
0 0.6177884615384616 0.828125 0.030048076923076924 0.08533653846153846
0 0.6538461538461539 0.8257211538461539 0.03485576923076923 0.08533653846153846
0 0.6995192307692307 0.8401442307692307 0.04326923076923077 0.09134615384615384
0 0.7427884615384616 0.8365384615384616 0.037259615384615384 0.08653846153846154
0 0.7860576923076923 0.8353365384615384 0.04326923076923077 0.08533653846153846
0 0.09615384615384616 0.3173076923076923 0.052884615384615384 0.06370192307692307
0 0.036057692307692304 0.42908653846153844 0.054086538461538464 0.078125
0 0.7463942307692307 0.6334134615384616 0.039663461538461536 0.051682692307692304
0 0.5853365384615384 0.5252403846153846 0.046875 0.06850961538461539
0 0.03365384615384615 0.5276442307692307 0.06370192307692307 0.07692307692307693
0 0.11177884615384616 0.5276442307692307 0.08052884615384616 0.07692307692307693
0 0.22716346153846154 0.5288461538461539 0.06009615384615385 0.07572115384615384
0 0.3605769230769231 0.5252403846153846 0.057692307692307696 0.07451923076923077
0 0.4230769230769231 0.5252403846153846 0.057692307692307696 0.08052884615384616
0 0.4735576923076923 0.5216346153846154 0.039663461538461536 0.06610576923076923
0 0.5216346153846154 0.5216346153846154 0.046875 0.07091346153846154
0 0.0889423076923077 0.4266826923076923 0.040865384615384616 0.07932692307692307
0 0.6430288461538461 0.5180288461538461 0.03485576923076923 0.06610576923076923
0 0.9387019230769231 0.5180288461538461 0.11778846153846154 0.06490384615384616
0 0.6862980769230769 0.5204326923076923 0.04326923076923077 0.06971153846153846
0 0.7944711538461539 0.5240384615384616 0.04447115384615385 0.057692307692307696
0 0.8449519230769231 0.5264423076923077 0.04447115384615385 0.06370192307692307
0 0.9278846153846154 0.6021634615384616 0.09975961538461539 0.056490384615384616
0 0.9230769230769231 0.6802884615384616 0.09735576923076923 0.056490384615384616
0 0.052884615384615384 0.6418269230769231 0.06370192307692307 0.04927884615384615
0 0.11658653846153846 0.6466346153846154 0.054086538461538464 0.03485576923076923
0 0.17427884615384615 0.6478365384615384 0.05048076923076923 0.036057692307692304
0 0.1875 0.5985576923076923 0.04807692307692308 0.03485576923076923
0 0.23197115384615385 0.6490384615384616 0.055288461538461536 0.030048076923076924
0 0.7439903846153846 0.5288461538461539 0.04927884615384615 0.06009615384615385
0 0.9435096153846154 0.4230769230769231 0.11177884615384616 0.06850961538461539
0 0.11778846153846154 0.6057692307692307 0.056490384615384616 0.040865384615384616
0 0.7536057692307693 0.41586538461538464 0.07091346153846154 0.10576923076923077
0 0.8353365384615384 0.41586538461538464 0.0673076923076923 0.09735576923076923
0 0.1502403846153846 0.41947115384615385 0.07211538461538461 0.09975961538461539
0 0.5612980769230769 0.6237980769230769 0.042067307692307696 0.06129807692307692
0 0.5120192307692307 0.6213942307692307 0.04807692307692308 0.0625
0 0.4651442307692308 0.6237980769230769 0.040865384615384616 0.0673076923076923
0 0.41586538461538464 0.5973557692307693 0.037259615384615384 0.02283653846153846
0 0.4110576923076923 0.6502403846153846 0.0625 0.030048076923076924
0 0.35216346153846156 0.6502403846153846 0.046875 0.025240384615384616
0 0.2956730769230769 0.6466346153846154 0.057692307692307696 0.028846153846153848
0 0.6081730769230769 0.6274038461538461 0.039663461538461536 0.06490384615384616
0 0.30288461538461536 0.5877403846153846 0.04807692307692308 0.019230769230769232
0 0.22115384615384615 0.4266826923076923 0.05889423076923077 0.08533653846153846
0 0.2956730769230769 0.4170673076923077 0.0829326923076923 0.0985576923076923
0 0.36778846153846156 0.4266826923076923 0.052884615384615384 0.08413461538461539
0 0.4362980769230769 0.4182692307692308 0.08173076923076923 0.10096153846153846
0 0.5060096153846154 0.4266826923076923 0.052884615384615384 0.0829326923076923
0 0.5829326923076923 0.41466346153846156 0.07572115384615384 0.09735576923076923
0 0.30288461538461536 0.6129807692307693 0.054086538461538464 0.02283653846153846
0 0.6742788461538461 0.41586538461538464 0.07451923076923077 0.10817307692307693