0 0.7764423076923077 0.1466346153846154 0.03125 0.0829326923076923
0 0.6346153846153846 0.17668269230769232 0.056490384615384616 0.039663461538461536
0 0.4050480769230769 0.6862980769230769 0.046875 0.10336538461538461
0 0.8774038461538461 0.41225961538461536 0.056490384615384616 0.037259615384615384
0 0.9350961538461539 0.4110576923076923 0.051682692307692304 0.037259615384615384
0 0.9362980769230769 0.4519230769230769 0.04927884615384615 0.038461538461538464
0 0.9807692307692307 0.43028846153846156 0.025240384615384616 0.08173076923076923
0 0.9555288461538461 0.53125 0.0625 0.04807692307692308
0 0.953125 0.5793269230769231 0.06370192307692307 0.042067307692307696
0 0.8774038461538461 0.453125 0.05889423076923077 0.036057692307692304
0 0.8882211538461539 0.5793269230769231 0.05889423076923077 0.040865384615384616
0 0.8197115384615384 0.5504807692307693 0.04927884615384615 0.10576923076923077
0 0.7668269230769231 0.5504807692307693 0.042067307692307696 0.10697115384615384
0 0.7259615384615384 0.5793269230769231 0.03125 0.04927884615384615
0 0.6911057692307693 0.5769230769230769 0.025240384615384616 0.052884615384615384
0 0.5588942307692307 0.5817307692307693 0.054086538461538464 0.052884615384615384
0 0.6574519230769231 0.5576923076923077 0.030048076923076924 0.0889423076923077
0 0.8810096153846154 0.5300480769230769 0.06490384615384616 0.04326923076923077
0 0.7740384615384616 0.4170673076923077 0.04807692307692308 0.1045673076923077
0 0.7127403846153846 0.4170673076923077 0.046875 0.11298076923076923
0 0.6634615384615384 0.41947115384615385 0.038461538461538464 0.11658653846153846
0 0.18028846153846154 0.28846153846153844 0.04447115384615385 0.025240384615384616
0 0.013221153846153846 0.4411057692307692 0.026442307692307692 0.09735576923076923
0 0.06009615384615385 0.43149038461538464 0.05048076923076923 0.10817307692307693
0 0.11899038461538461 0.4423076923076923 0.04326923076923077 0.08774038461538461
0 0.28966346153846156 0.4723557692307692 0.04567307692307692 0.021634615384615384
0 0.28846153846153844 0.4495192307692308 0.04326923076923077 0.015625
0 0.2848557692307692 0.4254807692307692 0.038461538461538464 0.025240384615384616
0 0.33774038461538464 0.41947115384615385 0.040865384615384616 0.038461538461538464
0 0.33653846153846156 0.46274038461538464 0.036057692307692304 0.037259615384615384
0 0.38221153846153844 0.44350961538461536 0.03125 0.0733173076923077
0 0.4206730769230769 0.42788461538461536 0.03365384615384615 0.1045673076923077
0 0.46875 0.4266826923076923 0.040865384615384616 0.10336538461538461
0 0.5168269230769231 0.4254807692307692 0.036057692307692304 0.10576923076923077
0 0.5673076923076923 0.4206730769230769 0.037259615384615384 0.11538461538461539
0 0.6141826923076923 0.4266826923076923 0.04807692307692308 0.10096153846153846
0 0.16466346153846154 0.5649038461538461 0.040865384615384616 0.10697115384615384
0 0.21995192307692307 0.5913461538461539 0.046875 0.04807692307692308
0 0.2764423076923077 0.5961538461538461 0.04567307692307692 0.039663461538461536
0 0.27163461538461536 0.546875 0.04927884615384615 0.04927884615384615
0 0.6911057692307693 0.6862980769230769 0.03365384615384615 0.09014423076923077
0 0.7319711538461539 0.6911057692307693 0.026442307692307692 0.08533653846153846
0 0.7704326923076923 0.6875 0.037259615384615384 0.08653846153846154
0 0.9254807692307693 0.6778846153846154 0.051682692307692304 0.09375
0 0.9002403846153846 0.8125 0.04326923076923077 0.09735576923076923
0 0.9495192307692307 0.8112980769230769 0.038461538461538464 0.10096153846153846
0 0.020432692307692308 0.8197115384615384 0.03485576923076923 0.10096153846153846
0 0.06971153846153846 0.8305288461538461 0.04807692307692308 0.078125
0 0.12860576923076922 0.8401442307692307 0.051682692307692304 0.06370192307692307
0 0.49158653846153844 0.8052884615384616 0.04807692307692308 0.042067307692307696
0 0.4326923076923077 0.8197115384615384 0.04447115384615385 0.09134615384615384
0 0.37740384615384615 0.8112980769230769 0.04447115384615385 0.10576923076923077
0 0.3269230769230769 0.8161057692307693 0.039663461538461536 0.10336538461538461
0 0.28125 0.7800480769230769 0.03245192307692308 0.052884615384615384
0 0.2824519230769231 0.84375 0.03485576923076923 0.054086538461538464
0 0.640625 0.7055288461538461 0.04567307692307692 0.054086538461538464
0 0.1814903846153846 0.31490384615384615 0.04567307692307692 0.021634615384615384
0 0.5949519230769231 0.6850961538461539 0.028846153846153848 0.0985576923076923
0 0.5084134615384616 0.6899038461538461 0.03485576923076923 0.09014423076923077
0 0.32091346153846156 0.5649038461538461 0.03125 0.09014423076923077
0 0.36658653846153844 0.5528846153846154 0.036057692307692304 0.11778846153846154
0 0.4110576923076923 0.5564903846153846 0.037259615384615384 0.1045673076923077
0 0.4579326923076923 0.5600961538461539 0.04447115384615385 0.10576923076923077
0 0.5084134615384616 0.5576923076923077 0.039663461538461536 0.10216346153846154
0 0.016826923076923076 0.7043269230769231 0.030048076923076924 0.07692307692307693
0 0.08653846153846154 0.6875 0.04447115384615385 0.10817307692307693
0 0.13581730769230768 0.6899038461538461 0.04326923076923077 0.10216346153846154
0 0.19230769230769232 0.6899038461538461 0.046875 0.09975961538461539
0 0.26802884615384615 0.6911057692307693 0.042067307692307696 0.10336538461538461
0 0.3137019230769231 0.7259615384615384 0.03485576923076923 0.025240384615384616
0 0.3088942307692308 0.6911057692307693 0.03125 0.036057692307692304
0 0.24158653846153846 0.8233173076923077 0.037259615384615384 0.08774038461538461
0 0.35336538461538464 0.6923076923076923 0.042067307692307696 0.09134615384615384
0 0.45552884615384615 0.6850961538461539 0.038461538461538464 0.10336538461538461
0 0.5528846153846154 0.6850961538461539 0.03485576923076923 0.10096153846153846
0 0.23076923076923078 0.30649038461538464 0.04567307692307692 0.09014423076923077
0 0.1935096153846154 0.8269230769230769 0.042067307692307696 0.0889423076923077
0 0.140625 0.31850961538461536 0.02283653846153846 0.07211538461538461
0 0.21875 0.03365384615384615 0.056490384615384616 0.051682692307692304
0 0.15144230769230768 0.16105769230769232 0.05889423076923077 0.10096153846153846
0 0.21754807692307693 0.15985576923076922 0.06009615384615385 0.0985576923076923
0 0.27524038461538464 0.15985576923076922 0.046875 0.10096153846153846
0 0.3425480769230769 0.15384615384615385 0.056490384615384616 0.10336538461538461
0 0.41466346153846156 0.14903846153846154 0.06370192307692307 0.10336538461538461
0 0.4855769230769231 0.15745192307692307 0.04567307692307692 0.08533653846153846
0 0.53125 0.15745192307692307 0.03485576923076923 0.08653846153846154
0 0.5961538461538461 0.8112980769230769 0.04567307692307692 0.11177884615384616
0 0.6430288461538461 0.8149038461538461 0.038461538461538464 0.10576923076923077
0 0.49038461538461536 0.8377403846153846 0.04807692307692308 0.019230769230769232
0 0.49038461538461536 0.8569711538461539 0.04927884615384615 0.013221153846153846
0 0.6899038461538461 0.8125 0.042067307692307696 0.11057692307692307
0 0.7403846153846154 0.8497596153846154 0.04326923076923077 0.039663461538461536
0 0.7391826923076923 0.7956730769230769 0.046875 0.055288461538461536
0 0.7872596153846154 0.8112980769230769 0.040865384615384616 0.10817307692307693
0 0.5420673076923077 0.8149038461538461 0.040865384615384616 0.11538461538461539
0 0.8317307692307693 0.8137019230769231 0.039663461538461536 0.10817307692307693
0 0.1814903846153846 0.34134615384615385 0.04927884615384615 0.026442307692307692
0 0.15625 0.03125 0.04927884615384615 0.057692307692307696
0 0.039663461538461536 0.15625 0.06129807692307692 0.11298076923076923
0 0.5793269230769231 0.15504807692307693 0.042067307692307696 0.09014423076923077
0 0.4050480769230769 0.32091346153846156 0.056490384615384616 0.052884615384615384
0 0.8209134615384616 0.2848557692307692 0.046875 0.10096153846153846
0 0.45913461538461536 0.28846153846153844 0.04807692307692308 0.1141826923076923
0 0.051682692307692304 0.3004807692307692 0.040865384615384616 0.109375
0 0.28365384615384615 0.2920673076923077 0.06009615384615385 0.11538461538461539
0 0.09615384615384616 0.30288461538461536 0.03365384615384615 0.10697115384615384
0 0.9423076923076923 0.23918269230769232 0.039663461538461536 0.055288461538461536
0 0.9555288461538461 0.29927884615384615 0.04807692307692308 0.056490384615384616
0 0.8834134615384616 0.2848557692307692 0.04326923076923077 0.0985576923076923
0 0.96875 0.15144230769230768 0.026442307692307692 0.06009615384615385
0 0.8858173076923077 0.15264423076923078 0.051682692307692304 0.06971153846153846
0 0.8257211538461539 0.11778846153846154 0.05048076923076923 0.04927884615384615
0 0.7487980769230769 0.2848557692307692 0.04567307692307692 0.10336538461538461
0 0.6814903846153846 0.28966346153846156 0.040865384615384616 0.10096153846153846
0 0.8269230769230769 0.16947115384615385 0.052884615384615384 0.040865384615384616
0 0.6310096153846154 0.2824519230769231 0.04326923076923077 0.11778846153846154
0 0.5108173076923077 0.2860576923076923 0.04567307692307692 0.11298076923076923
0 0.9338942307692307 0.15264423076923078 0.02283653846153846 0.06009615384615385