0 0.35096153846153844 0.1622596153846154 0.0985576923076923 0.09134615384615384
0 0.5649038461538461 0.15504807692307693 0.10096153846153846 0.09014423076923077
0 0.6983173076923077 0.15985576923076922 0.13701923076923078 0.06850961538461539
0 0.8461538461538461 0.15384615384615385 0.13581730769230768 0.06971153846153846
0 0.06009615384615385 0.2668269230769231 0.06370192307692307 0.046875
0 0.06850961538461539 0.31971153846153844 0.078125 0.04927884615384615
0 0.46274038461538464 0.16105769230769232 0.09134615384615384 0.09375
0 0.2824519230769231 0.25721153846153844 0.07211538461538461 0.051682692307692304
0 0.14543269230769232 0.31850961538461536 0.06971153846153846 0.04447115384615385
0 0.21875 0.31490384615384615 0.06370192307692307 0.04567307692307692
0 0.20552884615384615 0.2644230769230769 0.06971153846153846 0.046875
0 0.4182692307692308 0.3125 0.03125 0.04326923076923077
0 0.4495192307692308 0.3112980769230769 0.025240384615384616 0.042067307692307696
0 0.47716346153846156 0.3088942307692308 0.025240384615384616 0.040865384615384616
0 0.5120192307692307 0.3112980769230769 0.026442307692307692 0.039663461538461536
0 0.5408653846153846 0.3076923076923077 0.02403846153846154 0.038461538461538464
0 0.5721153846153846 0.3088942307692308 0.028846153846153848 0.03365384615384615
0 0.5985576923076923 0.30528846153846156 0.019230769230769232 0.03485576923076923
0 0.6274038461538461 0.30528846153846156 0.025240384615384616 0.037259615384615384
0 0.6610576923076923 0.29927884615384615 0.03125 0.037259615384615384
0 0.6923076923076923 0.29927884615384615 0.026442307692307692 0.040865384615384616
0 0.7572115384615384 0.2932692307692308 0.027644230769230768 0.046875
0 0.3545673076923077 0.25600961538461536 0.06610576923076923 0.04927884615384615
0 0.7932692307692307 0.28966346153846156 0.03365384615384615 0.05048076923076923
0 0.9014423076923077 0.2860576923076923 0.028846153846153848 0.054086538461538464
0 0.41346153846153844 0.26802884615384615 0.028846153846153848 0.040865384615384616
0 0.44471153846153844 0.2668269230769231 0.028846153846153848 0.040865384615384616
0 0.4723557692307692 0.265625 0.025240384615384616 0.038461538461538464
0 0.5072115384615384 0.2668269230769231 0.027644230769230768 0.038461538461538464
0 0.5372596153846154 0.265625 0.028846153846153848 0.040865384615384616
0 0.5685096153846154 0.265625 0.028846153846153848 0.039663461538461536
0 0.24759615384615385 0.16826923076923078 0.09615384615384616 0.10216346153846154
0 0.13221153846153846 0.17548076923076922 0.10216346153846154 0.09495192307692307
0 0.13221153846153846 0.2644230769230769 0.06610576923076923 0.046875
0 0.3629807692307692 0.3112980769230769 0.0673076923076923 0.04807692307692308
0 0.28846153846153844 0.3112980769230769 0.06610576923076923 0.04567307692307692
0 0.828125 0.28966346153846156 0.03245192307692308 0.05048076923076923
0 0.7259615384615384 0.29447115384615385 0.03125 0.04807692307692308
0 0.8461538461538461 0.7439903846153846 0.06129807692307692 0.039663461538461536
0 0.036057692307692304 0.17668269230769232 0.07211538461538461 0.08533653846153846
0 0.036057692307692304 0.71875 0.06129807692307692 0.04326923076923077
0 0.040865384615384616 0.765625 0.06610576923076923 0.040865384615384616
0 0.046875 0.8112980769230769 0.06490384615384616 0.042067307692307696
0 0.8545673076923077 0.4951923076923077 0.07091346153846154 0.04567307692307692
0 0.7800480769230769 0.4963942307692308 0.06610576923076923 0.04326923076923077
0 0.7115384615384616 0.5012019230769231 0.0625 0.04567307692307692
0 0.6430288461538461 0.5024038461538461 0.06129807692307692 0.038461538461538464
0 0.8533653846153846 0.5913461538461539 0.06370192307692307 0.040865384615384616
0 0.7848557692307693 0.59375 0.06490384615384616 0.036057692307692304
0 0.8569711538461539 0.5456730769230769 0.06129807692307692 0.04447115384615385
0 0.7860576923076923 0.546875 0.06971153846153846 0.04567307692307692
0 0.11658653846153846 0.8076923076923077 0.0673076923076923 0.038461538461538464
0 0.7151442307692307 0.5480769230769231 0.06370192307692307 0.037259615384615384
0 0.5769230769230769 0.5576923076923077 0.0673076923076923 0.042067307692307696
0 0.5108173076923077 0.5576923076923077 0.055288461538461536 0.04567307692307692
0 0.5769230769230769 0.5072115384615384 0.06129807692307692 0.04326923076923077
0 0.5072115384615384 0.5096153846153846 0.07091346153846154 0.042067307692307696
0 0.3737980769230769 0.515625 0.0625 0.04326923076923077
0 0.2283653846153846 0.5204326923076923 0.0673076923076923 0.042067307692307696
0 0.3016826923076923 0.5180288461538461 0.06971153846153846 0.04447115384615385
0 0.43990384615384615 0.5576923076923077 0.06490384615384616 0.042067307692307696
0 0.36899038461538464 0.5625 0.057692307692307696 0.039663461538461536
0 0.30528846153846156 0.5685096153846154 0.06370192307692307 0.040865384615384616
0 0.234375 0.5709134615384616 0.06129807692307692 0.04567307692307692
0 0.6454326923076923 0.5516826923076923 0.06009615384615385 0.042067307692307696
0 0.10576923076923077 0.7620192307692307 0.051682692307692304 0.038461538461538464
0 0.1045673076923077 0.7175480769230769 0.05889423076923077 0.036057692307692304
0 0.18509615384615385 0.8100961538461539 0.051682692307692304 0.040865384615384616
0 0.5697115384615384 0.7043269230769231 0.055288461538461536 0.04447115384615385
0 0.6346153846153846 0.7007211538461539 0.06009615384615385 0.046875
0 0.7043269230769231 0.7019230769230769 0.06490384615384616 0.040865384615384616
0 0.7752403846153846 0.703125 0.0673076923076923 0.039663461538461536
0 0.8425480769230769 0.6983173076923077 0.06490384615384616 0.04447115384615385
0 0.45072115384615385 0.6610576923076923 0.05048076923076923 0.037259615384615384
0 0.5060096153846154 0.6634615384615384 0.05048076923076923 0.038461538461538464
0 0.44471153846153844 0.4963942307692308 0.04807692307692308 0.038461538461538464
0 0.6454326923076923 0.7944711538461539 0.057692307692307696 0.037259615384615384
0 0.5709134615384616 0.75 0.056490384615384616 0.040865384615384616
0 0.5036057692307693 0.75 0.06129807692307692 0.04567307692307692
0 0.4411057692307692 0.7524038461538461 0.057692307692307696 0.042067307692307696
0 0.578125 0.7980769230769231 0.06490384615384616 0.04807692307692308
0 0.5132211538461539 0.7992788461538461 0.06009615384615385 0.04567307692307692
0 0.44591346153846156 0.8004807692307693 0.06370192307692307 0.04326923076923077
0 0.3016826923076923 0.7055288461538461 0.06370192307692307 0.04447115384615385
0 0.37259615384615385 0.7548076923076923 0.06490384615384616 0.04326923076923077
0 0.30408653846153844 0.7584134615384616 0.052884615384615384 0.040865384615384616
0 0.3786057692307692 0.8040865384615384 0.06129807692307692 0.04326923076923077
0 0.31490384615384615 0.8028846153846154 0.056490384615384616 0.042067307692307696
0 0.23918269230769232 0.7608173076923077 0.057692307692307696 0.03485576923076923
0 0.23317307692307693 0.7127403846153846 0.06370192307692307 0.039663461538461536
0 0.16947115384615385 0.7163461538461539 0.056490384615384616 0.040865384615384616
0 0.17067307692307693 0.7596153846153846 0.06009615384615385 0.040865384615384616
0 0.24879807692307693 0.8076923076923077 0.0625 0.036057692307692304
0 0.16947115384615385 0.5709134615384616 0.056490384615384616 0.038461538461538464
0 0.15985576923076922 0.5204326923076923 0.054086538461538464 0.038461538461538464
0 0.09014423076923077 0.5252403846153846 0.054086538461538464 0.042067307692307696
0 0.09975961538461539 0.5709134615384616 0.06009615384615385 0.039663461538461536
0 0.30649038461538464 0.38341346153846156 0.0733173076923077 0.046875
0 0.5985576923076923 0.26322115384615385 0.021634615384615384 0.037259615384615384
0 0.6262019230769231 0.2644230769230769 0.021634615384615384 0.040865384615384616
0 0.23798076923076922 0.3858173076923077 0.0625 0.04927884615384615
0 0.171875 0.3918269230769231 0.06370192307692307 0.042067307692307696
0 0.3173076923076923 0.4362980769230769 0.06009615384615385 0.04567307692307692
0 0.24639423076923078 0.4387019230769231 0.07572115384615384 0.040865384615384616
0 0.17307692307692307 0.43990384615384615 0.06370192307692307 0.040865384615384616
0 0.09615384615384616 0.3918269230769231 0.056490384615384616 0.042067307692307696
0 0.03125 0.39663461538461536 0.0625 0.04807692307692308
0 0.10697115384615384 0.43990384615384615 0.0673076923076923 0.039663461538461536
0 0.03485576923076923 0.4483173076923077 0.06971153846153846 0.039663461538461536
0 0.8990384615384616 0.23197115384615385 0.037259615384615384 0.04567307692307692
0 0.8617788461538461 0.23798076923076922 0.03125 0.04447115384615385
0 0.8269230769230769 0.23798076923076922 0.03245192307692308 0.05048076923076923
0 0.7920673076923077 0.23918269230769232 0.028846153846153848 0.04567307692307692
0 0.7548076923076923 0.24278846153846154 0.03125 0.04567307692307692
0 0.7223557692307693 0.24519230769230768 0.026442307692307692 0.04447115384615385
0 0.6911057692307693 0.25721153846153844 0.030048076923076924 0.037259615384615384
0 0.65625 0.25961538461538464 0.026442307692307692 0.036057692307692304
0 0.7091346153846154 0.7463942307692307 0.06129807692307692 0.037259615384615384
0 0.6418269230769231 0.7487980769230769 0.06850961538461539 0.038461538461538464
0 0.8473557692307693 0.7884615384615384 0.05889423076923077 0.037259615384615384
0 0.78125 0.7932692307692307 0.06129807692307692 0.042067307692307696
0 0.7127403846153846 0.7944711538461539 0.06370192307692307 0.038461538461538464
0 0.3858173076923077 0.4326923076923077 0.06009615384615385 0.04326923076923077
0 0.7800480769230769 0.7475961538461539 0.06129807692307692 0.04326923076923077
0 0.4543269230769231 0.43149038461538464 0.06370192307692307 0.046875
0 0.3786057692307692 0.38341346153846156 0.06009615384615385 0.046875
0 0.7151442307692307 0.5973557692307693 0.06850961538461539 0.040865384615384616
0 0.6466346153846154 0.5985576923076923 0.05889423076923077 0.042067307692307696
0 0.5769230769230769 0.6033653846153846 0.06129807692307692 0.04326923076923077
0 0.5120192307692307 0.6045673076923077 0.06009615384615385 0.039663461538461536
0 0.44591346153846156 0.6081730769230769 0.055288461538461536 0.04447115384615385
0 0.38100961538461536 0.609375 0.06009615384615385 0.040865384615384616
0 0.31009615384615385 0.6117788461538461 0.06850961538461539 0.039663461538461536
0 0.23918269230769232 0.6153846153846154 0.06129807692307692 0.039663461538461536
0 0.17427884615384615 0.6177884615384616 0.06490384615384616 0.03365384615384615
0 0.10817307692307693 0.6213942307692307 0.05889423076923077 0.038461538461538464
0 0.028846153846153848 0.5252403846153846 0.057692307692307696 0.04567307692307692
0 0.03125 0.5769230769230769 0.0625 0.04326923076923077
0 0.036057692307692304 0.6213942307692307 0.07091346153846154 0.03485576923076923
0 0.8762019230769231 0.4110576923076923 0.06370192307692307 0.04326923076923077
0 0.8064903846153846 0.41586538461538464 0.0673076923076923 0.04567307692307692
0 0.8786057692307693 0.3581730769230769 0.06129807692307692 0.042067307692307696
0 0.8028846153846154 0.3641826923076923 0.0733173076923077 0.04567307692307692
0 0.7307692307692307 0.36658653846153844 0.06370192307692307 0.046875
0 0.7319711538461539 0.4182692307692308 0.0673076923076923 0.04447115384615385
0 0.6622596153846154 0.4206730769230769 0.06129807692307692 0.04447115384615385
0 0.6394230769230769 0.37740384615384615 0.06129807692307692 0.036057692307692304
0 0.5817307692307693 0.3762019230769231 0.051682692307692304 0.039663461538461536
0 0.59375 0.42427884615384615 0.06610576923076923 0.046875
0 0.5192307692307693 0.375 0.0625 0.04447115384615385
0 0.45072115384615385 0.38221153846153844 0.0673076923076923 0.042067307692307696
0 0.5240384615384616 0.43149038461538464 0.056490384615384616 0.046875
0 0.8641826923076923 0.28846153846153844 0.03365384615384615 0.05048076923076923