0 0.8882211538461539 0.7824519230769231 0.0673076923076923 0.03485576923076923
0 0.09134615384615384 0.9002403846153846 0.10336538461538461 0.040865384615384616
0 0.8473557692307693 0.6682692307692307 0.1045673076923077 0.040865384615384616
0 0.9278846153846154 0.6490384615384616 0.055288461538461536 0.07692307692307693
0 0.9242788461538461 0.5925480769230769 0.06009615384615385 0.037259615384615384
0 0.9555288461538461 0.7884615384615384 0.06370192307692307 0.055288461538461536
0 0.8353365384615384 0.7920673076923077 0.03485576923076923 0.04567307692307692
0 0.8004807692307693 0.7824519230769231 0.03365384615384615 0.06850961538461539
0 0.7596153846153846 0.7836538461538461 0.05048076923076923 0.06971153846153846
0 0.6802884615384616 0.7992788461538461 0.1045673076923077 0.037259615384615384
0 0.5709134615384616 0.7992788461538461 0.109375 0.037259615384615384
0 0.8870192307692307 0.8100961538461539 0.06610576923076923 0.015625
0 0.3473557692307692 0.7980769230769231 0.11057692307692307 0.038461538461538464
0 0.18389423076923078 0.7920673076923077 0.039663461538461536 0.06009615384615385
0 0.13701923076923078 0.7932692307692307 0.05048076923076923 0.05889423076923077
0 0.09134615384615384 0.8028846153846154 0.039663461538461536 0.04447115384615385
0 0.040865384615384616 0.8076923076923077 0.05889423076923077 0.03245192307692308
0 0.04326923076923077 0.7716346153846154 0.057692307692307696 0.03485576923076923
0 0.9771634615384616 0.6598557692307693 0.040865384615384616 0.055288461538461536
0 0.2536057692307692 0.8004807692307693 0.078125 0.036057692307692304
0 0.4651442307692308 0.7992788461538461 0.10336538461538461 0.037259615384615384
0 0.13221153846153846 0.6418269230769231 0.057692307692307696 0.08774038461538461
0 0.7055288461538461 0.6478365384615384 0.051682692307692304 0.0733173076923077
0 0.09375 0.9387019230769231 0.11298076923076923 0.03125
0 0.30528846153846156 0.6430288461538461 0.05889423076923077 0.08173076923076923
0 0.24639423076923078 0.6382211538461539 0.05889423076923077 0.09254807692307693
0 0.1875 0.6526442307692307 0.054086538461538464 0.06971153846153846
0 0.06490384615384616 0.6802884615384616 0.07091346153846154 0.01201923076923077
0 0.06610576923076923 0.6670673076923077 0.06971153846153846 0.015625
0 0.890625 0.45552884615384615 0.11177884615384616 0.02283653846153846
0 0.9242788461538461 0.4831730769230769 0.06009615384615385 0.030048076923076924
0 0.9495192307692307 0.5300480769230769 0.0985576923076923 0.037259615384615384
0 0.8834134615384616 0.5144230769230769 0.021634615384615384 0.07091346153846154
0 0.7992788461538461 0.48677884615384615 0.07211538461538461 0.03485576923076923
0 0.8257211538461539 0.53125 0.09134615384615384 0.03485576923076923
0 0.7355769230769231 0.5288461538461539 0.0829326923076923 0.042067307692307696
0 0.7271634615384616 0.4879807692307692 0.06850961538461539 0.040865384615384616
0 0.6526442307692307 0.5336538461538461 0.07692307692307693 0.027644230769230768
0 0.6538461538461539 0.5084134615384616 0.07572115384615384 0.020432692307692308
0 0.5757211538461539 0.5228365384615384 0.078125 0.051682692307692304
0 0.4951923076923077 0.6334134615384616 0.06009615384615385 0.09375
0 0.5588942307692307 0.6394230769230769 0.0625 0.09735576923076923
0 0.6117788461538461 0.6478365384615384 0.046875 0.07572115384615384
0 0.65625 0.6490384615384616 0.04447115384615385 0.0733173076923077
0 0.7620192307692307 0.6430288461538461 0.06129807692307692 0.08653846153846154
0 0.17908653846153846 0.9278846153846154 0.057692307692307696 0.04927884615384615
0 0.43509615384615385 0.6358173076923077 0.055288461538461536 0.09134615384615384
0 0.28966346153846156 0.9230769230769231 0.036057692307692304 0.056490384615384616
0 0.2956730769230769 0.19831730769230768 0.08052884615384616 0.009615384615384616
0 0.29447115384615385 0.21033653846153846 0.08173076923076923 0.014423076923076924
0 0.2932692307692308 0.2247596153846154 0.07692307692307693 0.014423076923076924
0 0.296875 0.23798076923076922 0.07692307692307693 0.010817307692307692
0 0.2956730769230769 0.24759615384615385 0.07572115384615384 0.01201923076923077
0 0.3605769230769231 0.22596153846153846 0.04927884615384615 0.06129807692307692
0 0.42427884615384615 0.21153846153846154 0.07932692307692307 0.09014423076923077
0 0.49759615384615385 0.20192307692307693 0.0625 0.109375
0 0.5745192307692307 0.2247596153846154 0.06009615384615385 0.06971153846153846
0 0.6418269230769231 0.21754807692307693 0.0733173076923077 0.0829326923076923
0 0.7067307692307693 0.2247596153846154 0.055288461538461536 0.06610576923076923
0 0.7788461538461539 0.23076923076923078 0.07692307692307693 0.055288461538461536
0 0.8473557692307693 0.2247596153846154 0.06129807692307692 0.06610576923076923
0 0.9002403846153846 0.14903846153846154 0.056490384615384616 0.0733173076923077
0 0.90625 0.22355769230769232 0.05048076923076923 0.07572115384615384
0 0.9651442307692307 0.21634615384615385 0.06490384615384616 0.09134615384615384
0 0.039663461538461536 0.3641826923076923 0.07451923076923077 0.010817307692307692
0 0.039663461538461536 0.375 0.07692307692307693 0.01201923076923077
0 0.039663461538461536 0.3870192307692308 0.07211538461538461 0.013221153846153846
0 0.037259615384615384 0.39783653846153844 0.07451923076923077 0.009615384615384616
0 0.10096153846153846 0.3545673076923077 0.04326923076923077 0.010817307692307692
0 0.296875 0.1875 0.07091346153846154 0.010817307692307692
0 0.0985576923076923 0.36658653846153844 0.04326923076923077 0.010817307692307692
0 0.234375 0.9254807692307693 0.04927884615384615 0.052884615384615384
0 0.23798076923076922 0.12379807692307693 0.057692307692307696 0.051682692307692304
0 0.36538461538461536 0.6370192307692307 0.052884615384615384 0.0889423076923077
0 0.6033653846153846 0.9411057692307693 0.02403846153846154 0.01201923076923077
0 0.6045673076923077 0.9290865384615384 0.025240384615384616 0.013221153846153846
0 0.6021634615384616 0.9134615384615384 0.02283653846153846 0.018028846153846152
0 0.6021634615384616 0.8978365384615384 0.02283653846153846 0.01201923076923077
0 0.5997596153846154 0.8834134615384616 0.028846153846153848 0.018028846153846152
0 0.9290865384615384 0.9375 0.039663461538461536 0.02403846153846154
0 0.8858173076923077 0.9362980769230769 0.04447115384615385 0.025240384615384616
0 0.9735576923076923 0.9423076923076923 0.05048076923076923 0.016826923076923076
0 0.9735576923076923 0.9266826923076923 0.04567307692307692 0.015625
0 0.9711538461538461 0.9098557692307693 0.05048076923076923 0.016826923076923076
0 0.9639423076923077 0.8798076923076923 0.04807692307692308 0.038461538461538464
0 0.921875 0.9086538461538461 0.037259615384615384 0.03125
0 0.8810096153846154 0.9074519230769231 0.046875 0.03125
0 0.8016826923076923 0.9182692307692307 0.11298076923076923 0.06009615384615385
0 0.7235576923076923 0.9194711538461539 0.04567307692307692 0.055288461538461536
0 0.6838942307692307 0.9435096153846154 0.03125 0.01201923076923077
0 0.03245192307692308 0.21153846153846154 0.055288461538461536 0.07211538461538461
0 0.09134615384615384 0.22115384615384615 0.05889423076923077 0.0625
0 0.15504807692307693 0.21394230769230768 0.0625 0.07091346153846154
0 0.21995192307692307 0.19831730769230768 0.0673076923076923 0.09735576923076923
0 0.30288461538461536 0.16346153846153846 0.08413461538461539 0.016826923076923076
0 0.09975961538461539 0.37740384615384615 0.04447115384615385 0.01201923076923077
0 0.3004807692307692 0.17668269230769232 0.078125 0.010817307692307692
0 0.0985576923076923 0.39903846153846156 0.04927884615384615 0.010817307692307692
0 0.5336538461538461 0.9435096153846154 0.02403846153846154 0.01201923076923077
0 0.6838942307692307 0.9158653846153846 0.03125 0.042067307692307696
0 0.6442307692307693 0.9146634615384616 0.04326923076923077 0.07451923076923077
0 0.5685096153846154 0.9459134615384616 0.037259615384615384 0.014423076923076924
0 0.5685096153846154 0.9290865384615384 0.037259615384615384 0.016826923076923076
0 0.390625 0.90625 0.05889423076923077 0.09014423076923077
0 0.44471153846153844 0.9074519230769231 0.046875 0.025240384615384616
0 0.44711538461538464 0.9278846153846154 0.046875 0.014423076923076924
0 0.44591346153846156 0.9459134615384616 0.04326923076923077 0.018028846153846152
0 0.4423076923076923 0.5168269230769231 0.06971153846153846 0.06490384615384616
0 0.49399038461538464 0.9423076923076923 0.04927884615384615 0.02403846153846154
0 0.4963942307692308 0.9002403846153846 0.051682692307692304 0.020432692307692308
0 0.49759615384615385 0.8798076923076923 0.04927884615384615 0.020432692307692308
0 0.49759615384615385 0.8581730769230769 0.04807692307692308 0.02283653846153846
0 0.5420673076923077 0.8834134615384616 0.028846153846153848 0.018028846153846152
0 0.33653846153846156 0.9170673076923077 0.046875 0.0673076923076923
0 0.5396634615384616 0.9002403846153846 0.026442307692307692 0.01201923076923077
0 0.5384615384615384 0.9134615384615384 0.027644230769230768 0.014423076923076924
0 0.0985576923076923 0.38822115384615385 0.04927884615384615 0.009615384615384616
0 0.5685096153846154 0.9098557692307693 0.03365384615384615 0.019230769230769232
0 0.4987980769230769 0.921875 0.046875 0.018028846153846152
0 0.375 0.5072115384615384 0.06009615384615385 0.08173076923076923
0 0.5072115384615384 0.5216346153846154 0.057692307692307696 0.052884615384615384
0 0.23317307692307693 0.5060096153846154 0.05889423076923077 0.07932692307692307
0 0.15384615384615385 0.3629807692307692 0.055288461538461536 0.08413461538461539
0 0.2091346153846154 0.3713942307692308 0.054086538461538464 0.06850961538461539
0 0.25961538461538464 0.3737980769230769 0.04326923076923077 0.06370192307692307
0 0.3004807692307692 0.3605769230769231 0.039663461538461536 0.09375
0 0.34134615384615385 0.3605769230769231 0.040865384615384616 0.09254807692307693
0 0.38221153846153844 0.359375 0.042067307692307696 0.09014423076923077
0 0.4230769230769231 0.36177884615384615 0.037259615384615384 0.08653846153846154
0 0.4699519230769231 0.35336538461538464 0.05048076923076923 0.10576923076923077
0 0.5612980769230769 0.3870192307692308 0.1201923076923077 0.03125
0 0.6923076923076923 0.38822115384615385 0.11658653846153846 0.026442307692307692
0 0.8233173076923077 0.38822115384615385 0.11538461538461539 0.03125
0 0.30528846153846156 0.5204326923076923 0.07692307692307693 0.056490384615384616
0 0.5661057692307693 0.41346153846153844 0.12259615384615384 0.021634615384615384
0 0.8221153846153846 0.41225961538461536 0.1201923076923077 0.018028846153846152
0 0.9387019230769231 0.3798076923076923 0.11057692307692307 0.0625
0 0.9579326923076923 0.30649038461538464 0.07932692307692307 0.021634615384615384
0 0.9627403846153846 0.3245192307692308 0.0733173076923077 0.02283653846153846
0 0.9675480769230769 0.34134615384615385 0.06009615384615385 0.014423076923076924
0 0.040865384615384616 0.5180288461538461 0.07932692307692307 0.056490384615384616
0 0.11298076923076923 0.5228365384615384 0.06610576923076923 0.051682692307692304
0 0.17307692307692307 0.5108173076923077 0.054086538461538464 0.07572115384615384
0 0.6947115384615384 0.41346153846153844 0.12860576923076922 0.02283653846153846
0 0.5360576923076923 0.9290865384615384 0.021634615384615384 0.015625