0 0.34615384615384615 0.3762019230769231 0.04927884615384615 0.07211538461538461
0 0.4326923076923077 0.46274038461538464 0.056490384615384616 0.06850961538461539
0 0.8629807692307693 0.7175480769230769 0.06610576923076923 0.04447115384615385
0 0.7956730769230769 0.71875 0.06610576923076923 0.04447115384615385
0 0.6790865384615384 0.7295673076923077 0.06490384615384616 0.04326923076923077
0 0.6009615384615384 0.7079326923076923 0.04567307692307692 0.037259615384615384
0 0.5408653846153846 0.7259615384615384 0.06850961538461539 0.052884615384615384
0 0.48197115384615385 0.7307692307692307 0.05048076923076923 0.06129807692307692
0 0.421875 0.7307692307692307 0.056490384615384616 0.05048076923076923
0 0.36899038461538464 0.7295673076923077 0.030048076923076924 0.057692307692307696
0 0.33653846153846156 0.7223557692307693 0.03125 0.06009615384615385
0 0.29927884615384615 0.734375 0.040865384615384616 0.06370192307692307
0 0.23197115384615385 0.734375 0.036057692307692304 0.057692307692307696
0 0.19230769230769232 0.7355769230769231 0.040865384615384616 0.057692307692307696
0 0.15745192307692307 0.7235576923076923 0.03125 0.057692307692307696
0 0.12620192307692307 0.7139423076923077 0.03365384615384615 0.052884615384615384
0 0.07932692307692307 0.7271634615384616 0.039663461538461536 0.06129807692307692
0 0.03125 0.7199519230769231 0.038461538461538464 0.052884615384615384
0 0.8978365384615384 0.6418269230769231 0.0673076923076923 0.04567307692307692
0 0.828125 0.6418269230769231 0.06971153846153846 0.04567307692307692
0 0.7487980769230769 0.6418269230769231 0.0889423076923077 0.04326923076923077
0 0.6622596153846154 0.6466346153846154 0.08533653846153846 0.05048076923076923
0 0.5973557692307693 0.6490384615384616 0.042067307692307696 0.04567307692307692
0 0.5432692307692307 0.6502403846153846 0.06490384615384616 0.05048076923076923
0 0.484375 0.6430288461538461 0.040865384615384616 0.037259615384615384
0 0.052884615384615384 0.6550480769230769 0.06850961538461539 0.052884615384615384
0 0.4362980769230769 0.6454326923076923 0.04807692307692308 0.03485576923076923
0 0.48677884615384615 0.5372596153846154 0.037259615384615384 0.042067307692307696
0 0.4423076923076923 0.5733173076923077 0.042067307692307696 0.04447115384615385
0 0.5420673076923077 0.4338942307692308 0.06971153846153846 0.052884615384615384
0 0.6983173076923077 0.4254807692307692 0.09254807692307693 0.05048076923076923
0 0.796875 0.43028846153846156 0.06971153846153846 0.051682692307692304
0 0.8665865384615384 0.42908653846153844 0.07091346153846154 0.05048076923076923
0 0.5600961538461539 0.5168269230769231 0.09014423076923077 0.056490384615384616
0 0.6502403846153846 0.515625 0.09254807692307693 0.052884615384615384
0 0.7307692307692307 0.5132211538461539 0.0673076923076923 0.057692307692307696
0 0.8197115384615384 0.5108173076923077 0.09254807692307693 0.056490384615384616
0 0.9086538461538461 0.5072115384615384 0.0829326923076923 0.04807692307692308
0 0.9735576923076923 0.5060096153846154 0.04807692307692308 0.055288461538461536
0 0.5516826923076923 0.5841346153846154 0.08413461538461539 0.05048076923076923
0 0.6298076923076923 0.5829326923076923 0.06850961538461539 0.055288461538461536
0 0.703125 0.5817307692307693 0.0673076923076923 0.04927884615384615
0 0.7980769230769231 0.5793269230769231 0.04567307692307692 0.04927884615384615
0 0.859375 0.5793269230769231 0.06850961538461539 0.046875
0 0.9375 0.5769230769230769 0.09014423076923077 0.052884615384615384
0 0.02403846153846154 0.5805288461538461 0.04807692307692308 0.06009615384615385
0 0.08413461538461539 0.5769230769230769 0.06850961538461539 0.06850961538461539
0 0.15144230769230768 0.5745192307692307 0.0625 0.05889423076923077
0 0.20793269230769232 0.5733173076923077 0.05048076923076923 0.05889423076923077
0 0.25721153846153844 0.5709134615384616 0.046875 0.052884615384615384
0 0.34615384615384615 0.5685096153846154 0.055288461538461536 0.06009615384615385
0 0.39783653846153844 0.5697115384615384 0.04326923076923077 0.06009615384615385
0 0.48677884615384615 0.578125 0.038461538461538464 0.039663461538461536
0 0.20793269230769232 0.6430288461538461 0.040865384615384616 0.052884615384615384
0 0.16346153846153846 0.6466346153846154 0.04567307692307692 0.046875
0 0.054086538461538464 0.14423076923076922 0.05048076923076923 0.07572115384615384
0 0.8257211538461539 0.24879807692307693 0.0673076923076923 0.057692307692307696
0 0.9230769230769231 0.24519230769230768 0.11057692307692307 0.06370192307692307
0 0.05889423076923077 0.3786057692307692 0.054086538461538464 0.0829326923076923
0 0.13942307692307693 0.3786057692307692 0.0985576923076923 0.07451923076923077
0 0.2512019230769231 0.37740384615384615 0.05048076923076923 0.06971153846153846
0 0.29927884615384615 0.375 0.04326923076923077 0.07211538461538461
0 0.390625 0.37740384615384615 0.040865384615384616 0.06971153846153846
0 0.4375 0.37740384615384615 0.05048076923076923 0.06971153846153846
0 0.484375 0.375 0.040865384615384616 0.07211538461538461
0 0.5408653846153846 0.3449519230769231 0.07091346153846154 0.056490384615384616
0 0.6117788461538461 0.34375 0.07091346153846154 0.05048076923076923
0 0.6899038461538461 0.34134615384615385 0.0733173076923077 0.056490384615384616
0 0.7584134615384616 0.33653846153846156 0.06490384615384616 0.054086538461538464
0 0.875 0.33533653846153844 0.10096153846153846 0.057692307692307696
0 0.9579326923076923 0.33413461538461536 0.0673076923076923 0.051682692307692304
0 0.036057692307692304 0.47115384615384615 0.057692307692307696 0.078125
0 0.08533653846153846 0.46875 0.04326923076923077 0.08052884615384616
0 0.1346153846153846 0.4675480769230769 0.055288461538461536 0.07692307692307693
0 0.18509615384615385 0.4675480769230769 0.04326923076923077 0.07572115384615384
0 0.23317307692307693 0.46875 0.055288461538461536 0.0733173076923077
0 0.2824519230769231 0.4639423076923077 0.040865384615384616 0.07572115384615384
0 0.33052884615384615 0.46274038461538464 0.056490384615384616 0.06971153846153846
0 0.38221153846153844 0.46274038461538464 0.04567307692307692 0.06971153846153846
0 0.7379807692307693 0.24879807692307693 0.10336538461538461 0.06490384615384616
0 0.625 0.2548076923076923 0.09014423076923077 0.057692307692307696
0 0.5396634615384616 0.2548076923076923 0.078125 0.057692307692307696
0 0.4375 0.21394230769230768 0.10336538461538461 0.025240384615384616
0 0.10576923076923077 0.14302884615384615 0.051682692307692304 0.07572115384615384
0 0.15504807692307693 0.13822115384615385 0.04927884615384615 0.08413461538461539
0 0.21153846153846154 0.13822115384615385 0.0625 0.08653846153846154
0 0.26802884615384615 0.140625 0.051682692307692304 0.07932692307692307
0 0.31971153846153844 0.140625 0.051682692307692304 0.078125
0 0.36778846153846156 0.14302884615384615 0.042067307692307696 0.0733173076923077
0 0.36778846153846156 0.09735576923076923 0.042067307692307696 0.020432692307692308
0 0.41346153846153844 0.14423076923076922 0.039663461538461536 0.07692307692307693
0 0.47716346153846156 0.14783653846153846 0.07211538461538461 0.06009615384615385
0 0.47716346153846156 0.09975961538461539 0.07572115384615384 0.036057692307692304
0 0.5564903846153846 0.15144230769230768 0.06971153846153846 0.057692307692307696
0 0.484375 0.46033653846153844 0.04447115384615385 0.07211538461538461
0 0.6862980769230769 0.15264423076923078 0.08052884615384616 0.06370192307692307
0 0.7716346153846154 0.14903846153846154 0.07692307692307693 0.05889423076923077
0 0.8473557692307693 0.14903846153846154 0.07451923076923077 0.05889423076923077
0 0.921875 0.14903846153846154 0.07091346153846154 0.05889423076923077
0 0.7608173076923077 0.09495192307692307 0.06370192307692307 0.051682692307692304
0 0.8449519230769231 0.08774038461538461 0.08173076923076923 0.055288461538461536
0 0.0673076923076923 0.25240384615384615 0.08774038461538461 0.10216346153846154
0 0.15865384615384615 0.25240384615384615 0.08774038461538461 0.10336538461538461
0 0.23918269230769232 0.2548076923076923 0.07211538461538461 0.10216346153846154
0 0.3641826923076923 0.265625 0.054086538461538464 0.07572115384615384
0 0.41466346153846156 0.26802884615384615 0.042067307692307696 0.0733173076923077
0 0.46634615384615385 0.26802884615384615 0.054086538461538464 0.07692307692307693
0 0.6899038461538461 0.09014423076923077 0.07211538461538461 0.06009615384615385