0 0.4579326923076923 0.6033653846153846 0.04567307692307692 0.028846153846153848
0 0.4098557692307692 0.609375 0.04447115384615385 0.026442307692307692
0 0.5889423076923077 0.6430288461538461 0.039663461538461536 0.028846153846153848
0 0.546875 0.6526442307692307 0.037259615384615384 0.027644230769230768
0 0.5877403846153846 0.6069711538461539 0.03245192307692308 0.03125
0 0.6526442307692307 0.625 0.0889423076923077 0.028846153846153848
0 0.7572115384615384 0.5348557692307693 0.08774038461538461 0.028846153846153848
0 0.5024038461538461 0.5889423076923077 0.040865384615384616 0.04567307692307692
0 0.6574519230769231 0.5612980769230769 0.07572115384615384 0.036057692307692304
0 0.6550480769230769 0.5949519230769231 0.08173076923076923 0.02403846153846154
0 0.5480769230769231 0.6189903846153846 0.038461538461538464 0.03125
0 0.5012019230769231 0.6286057692307693 0.038461538461538464 0.021634615384615384
0 0.30528846153846156 0.6322115384615384 0.054086538461538464 0.040865384615384616
0 0.4579326923076923 0.6358173076923077 0.04447115384615385 0.026442307692307692
0 0.3112980769230769 0.6742788461538461 0.046875 0.03365384615384615
0 0.3137019230769231 0.7127403846153846 0.04567307692307692 0.037259615384615384
0 0.24639423076923078 0.6454326923076923 0.04927884615384615 0.038461538461538464
0 0.2512019230769231 0.6850961538461539 0.04447115384615385 0.03125
0 0.2608173076923077 0.7283653846153846 0.046875 0.040865384615384616
0 0.7572115384615384 0.5985576923076923 0.10096153846153846 0.039663461538461536
0 0.8461538461538461 0.5120192307692307 0.08173076923076923 0.021634615384615384
0 0.8485576923076923 0.5432692307692307 0.0673076923076923 0.03365384615384615
0 0.8497596153846154 0.5769230769230769 0.07572115384615384 0.03125
0 0.23798076923076922 0.5637019230769231 0.055288461538461536 0.038461538461538464
0 0.296875 0.5576923076923077 0.05048076923076923 0.04447115384615385
0 0.3605769230769231 0.6201923076923077 0.046875 0.037259615384615384
0 0.36658653846153844 0.6586538461538461 0.046875 0.03245192307692308
0 0.36899038461538464 0.7007211538461539 0.042067307692307696 0.03485576923076923
0 0.41586538461538464 0.6862980769230769 0.039663461538461536 0.03365384615384615
0 0.7608173076923077 0.5637019230769231 0.09615384615384616 0.02403846153846154
0 0.46033653846153844 0.6706730769230769 0.042067307692307696 0.03485576923076923
0 0.5048076923076923 0.6634615384615384 0.040865384615384616 0.03485576923076923
0 0.35096153846153844 0.5492788461538461 0.05048076923076923 0.040865384615384616
0 0.4098557692307692 0.6478365384615384 0.039663461538461536 0.027644230769230768
0 0.0625 0.3713942307692308 0.030048076923076924 0.06850961538461539
0 0.609375 0.3485576923076923 0.015625 0.027644230769230768
0 0.7019230769230769 0.3137019230769231 0.021634615384615384 0.027644230769230768
0 0.7199519230769231 0.3137019230769231 0.013221153846153846 0.028846153846153848
0 0.7331730769230769 0.3137019230769231 0.014423076923076924 0.028846153846153848
0 0.6478365384615384 0.3449519230769231 0.019230769230769232 0.026442307692307692
0 0.6646634615384616 0.34375 0.014423076923076924 0.028846153846153848
0 0.6262019230769231 0.3473557692307692 0.015625 0.030048076923076924
0 0.6814903846153846 0.3425480769230769 0.018028846153846152 0.026442307692307692
0 0.7163461538461539 0.3425480769230769 0.010817307692307692 0.027644230769230768
0 0.7307692307692307 0.3425480769230769 0.018028846153846152 0.027644230769230768
0 0.7524038461538461 0.31490384615384615 0.014423076923076924 0.02283653846153846
0 0.7668269230769231 0.3125 0.014423076923076924 0.026442307692307692
0 0.7475961538461539 0.3425480769230769 0.013221153846153846 0.02283653846153846
0 0.7572115384615384 0.34134615384615385 0.010817307692307692 0.02283653846153846
0 0.7007211538461539 0.34375 0.020432692307692308 0.027644230769230768
0 0.578125 0.32091346153846156 0.019230769230769232 0.028846153846153848
0 0.5961538461538461 0.32211538461538464 0.016826923076923076 0.027644230769230768
0 0.6105769230769231 0.32091346153846156 0.01201923076923077 0.026442307692307692
0 0.04927884615384615 0.4362980769230769 0.04447115384615385 0.06009615384615385
0 0.0889423076923077 0.43149038461538464 0.03365384615384615 0.05048076923076923
0 0.12259615384615384 0.43028846153846156 0.03365384615384615 0.054086538461538464
0 0.19951923076923078 0.3894230769230769 0.03245192307692308 0.09615384615384616
0 0.23557692307692307 0.3858173076923077 0.040865384615384616 0.09254807692307693
0 0.2704326923076923 0.3858173076923077 0.027644230769230768 0.09254807692307693
0 0.3004807692307692 0.38100961538461536 0.03125 0.08173076923076923
0 0.3269230769230769 0.3786057692307692 0.021634615384615384 0.08533653846153846
0 0.41225961538461536 0.3894230769230769 0.12379807692307693 0.06850961538461539
0 0.5805288461538461 0.37259615384615385 0.03485576923076923 0.057692307692307696
0 0.6790865384615384 0.3161057692307692 0.016826923076923076 0.026442307692307692
0 0.6646634615384616 0.3161057692307692 0.010817307692307692 0.026442307692307692
0 0.6502403846153846 0.31850961538461536 0.015625 0.03125
0 0.6370192307692307 0.31850961538461536 0.013221153846153846 0.028846153846153848
0 0.6225961538461539 0.31971153846153844 0.014423076923076924 0.028846153846153848
0 0.7716346153846154 0.3401442307692308 0.015625 0.025240384615384616
0 0.6526442307692307 0.3786057692307692 0.02403846153846154 0.028846153846153848
0 0.671875 0.37740384615384615 0.014423076923076924 0.03245192307692308
0 0.6862980769230769 0.375 0.013221153846153846 0.026442307692307692
0 0.328125 0.1971153846153846 0.046875 0.13341346153846154
0 0.3786057692307692 0.20072115384615385 0.04927884615384615 0.125
0 0.43990384615384615 0.2403846153846154 0.056490384615384616 0.03125
0 0.5120192307692307 0.203125 0.04447115384615385 0.10817307692307693
0 0.5552884615384616 0.203125 0.042067307692307696 0.10817307692307693
0 0.5961538461538461 0.203125 0.03365384615384615 0.10576923076923077
0 0.6310096153846154 0.203125 0.03485576923076923 0.10096153846153846
0 0.6646634615384616 0.20432692307692307 0.03245192307692308 0.10096153846153846
0 0.6959134615384616 0.20673076923076922 0.027644230769230768 0.09735576923076923
0 0.7247596153846154 0.20793269230769232 0.026442307692307692 0.09254807692307693
0 0.7524038461538461 0.21153846153846154 0.028846153846153848 0.08653846153846154
0 0.7860576923076923 0.21153846153846154 0.030048076923076924 0.0889423076923077
0 0.8112980769230769 0.2127403846153846 0.02283653846153846 0.08533653846153846
0 0.8377403846153846 0.21153846153846154 0.021634615384615384 0.08413461538461539
0 0.8629807692307693 0.2127403846153846 0.027644230769230768 0.08173076923076923
0 0.2776442307692308 0.19831730769230768 0.042067307692307696 0.12980769230769232
0 0.014423076923076924 0.4387019230769231 0.026442307692307692 0.055288461538461536
0 0.2247596153846154 0.1935096153846154 0.05889423076923077 0.13581730769230768
0 0.05048076923076923 0.1935096153846154 0.055288461538461536 0.13942307692307693
0 0.7019230769230769 0.3737980769230769 0.018028846153846152 0.028846153846153848
0 0.7163461538461539 0.37259615384615385 0.014423076923076924 0.027644230769230768
0 0.7307692307692307 0.3701923076923077 0.014423076923076924 0.027644230769230768
0 0.7451923076923077 0.36899038461538464 0.015625 0.025240384615384616
0 0.7572115384615384 0.36899038461538464 0.010817307692307692 0.026442307692307692
0 0.7704326923076923 0.36778846153846156 0.010817307692307692 0.026442307692307692
0 0.7848557692307693 0.36658653846153844 0.019230769230769232 0.028846153846153848
0 0.8016826923076923 0.3641826923076923 0.013221153846153846 0.025240384615384616
0 0.8173076923076923 0.3641826923076923 0.015625 0.02403846153846154
0 0.7884615384615384 0.33774038461538464 0.016826923076923076 0.02283653846153846
0 0.8040865384615384 0.33653846153846156 0.015625 0.02283653846153846
0 0.8209134615384616 0.33653846153846156 0.018028846153846152 0.025240384615384616
0 0.7884615384615384 0.3076923076923077 0.015625 0.026442307692307692
0 0.8052884615384616 0.3088942307692308 0.014423076923076924 0.025240384615384616
0 0.8221153846153846 0.3076923076923077 0.020432692307692308 0.026442307692307692
0 0.16466346153846154 0.1935096153846154 0.055288461538461536 0.13701923076923078
0 0.025240384615384616 0.3713942307692308 0.04326923076923077 0.06850961538461539
0 0.5444711538461539 0.5829326923076923 0.037259615384615384 0.027644230769230768
0 0.49759615384615385 0.5192307692307693 0.039663461538461536 0.03245192307692308
0 0.7908653846153846 0.46875 0.027644230769230768 0.026442307692307692
0 0.7620192307692307 0.4735576923076923 0.030048076923076924 0.018028846153846152
0 0.7271634615384616 0.4807692307692308 0.028846153846153848 0.025240384615384616
0 0.6947115384615384 0.4855769230769231 0.03485576923076923 0.018028846153846152
0 0.6574519230769231 0.49278846153846156 0.030048076923076924 0.030048076923076924
0 0.5841346153846154 0.5084134615384616 0.038461538461538464 0.03245192307692308
0 0.5444711538461539 0.5096153846153846 0.039663461538461536 0.027644230769230768
0 0.23197115384615385 0.5204326923076923 0.056490384615384616 0.038461538461538464
0 0.2920673076923077 0.5108173076923077 0.054086538461538464 0.03125
0 0.3449519230769231 0.5060096153846154 0.046875 0.040865384615384616
0 0.39903846153846156 0.49278846153846156 0.038461538461538464 0.03485576923076923
0 0.4483173076923077 0.4855769230769231 0.046875 0.04326923076923077
0 0.49399038461538464 0.47836538461538464 0.03365384615384615 0.03245192307692308
0 0.0985576923076923 0.36899038461538464 0.04567307692307692 0.0625
0 0.4483173076923077 0.5276442307692307 0.042067307692307696 0.03365384615384615
0 0.4014423076923077 0.5348557692307693 0.040865384615384616 0.038461538461538464
0 0.5853365384615384 0.5721153846153846 0.026442307692307692 0.026442307692307692
0 0.8233173076923077 0.46033653846153844 0.028846153846153848 0.027644230769230768
0 0.8509615384615384 0.4567307692307692 0.02403846153846154 0.021634615384615384
0 0.625 0.4951923076923077 0.03245192307692308 0.026442307692307692
0 0.5384615384615384 0.4723557692307692 0.04447115384615385 0.030048076923076924
0 0.08533653846153846 0.5360576923076923 0.06971153846153846 0.04447115384615385
0 0.09254807692307693 0.5901442307692307 0.07211538461538461 0.039663461538461536
0 0.875 0.4579326923076923 0.025240384615384616 0.021634615384615384
0 0.13822115384615385 0.671875 0.06850961538461539 0.037259615384615384
0 0.1466346153846154 0.7151442307692307 0.07091346153846154 0.038461538461538464
0 0.06850961538461539 0.734375 0.078125 0.03485576923076923
0 0.14783653846153846 0.7608173076923077 0.04927884615384615 0.03485576923076923
0 0.07692307692307693 0.7824519230769231 0.06610576923076923 0.04326923076923077
0 0.8774038461538461 0.4206730769230769 0.02403846153846154 0.02283653846153846
0 0.0625 0.6875 0.06971153846153846 0.036057692307692304
0 0.8221153846153846 0.4254807692307692 0.030048076923076924 0.02403846153846154
0 0.7920673076923077 0.4362980769230769 0.030048076923076924 0.03125
0 0.7632211538461539 0.4411057692307692 0.026442307692307692 0.021634615384615384
0 0.734375 0.44591346153846156 0.03365384615384615 0.03125
0 0.6983173076923077 0.45072115384615385 0.038461538461538464 0.02283653846153846
0 0.6634615384615384 0.45552884615384615 0.03245192307692308 0.03485576923076923
0 0.6262019230769231 0.46153846153846156 0.040865384615384616 0.02283653846153846
0 0.5829326923076923 0.4675480769230769 0.04326923076923077 0.037259615384615384
0 0.8521634615384616 0.4230769230769231 0.026442307692307692 0.019230769230769232