0 0.15865384615384615 0.8052884615384616 0.0889423076923077 0.06971153846153846
0 0.8112980769230769 0.23197115384615385 0.06370192307692307 0.03245192307692308
0 0.8076923076923077 0.2644230769230769 0.0625 0.03125
0 0.8737980769230769 0.23317307692307693 0.0625 0.03125
0 0.8737980769230769 0.2668269230769231 0.0625 0.03245192307692308
0 0.9387019230769231 0.234375 0.06370192307692307 0.03365384615384615
0 0.9375 0.26802884615384615 0.0625 0.03125
0 0.0625 0.38100961538461536 0.04927884615384615 0.06971153846153846
0 0.019230769230769232 0.3798076923076923 0.038461538461538464 0.07211538461538461
0 0.13822115384615385 0.32091346153846156 0.06490384615384616 0.0673076923076923
0 0.13942307692307693 0.3858173076923077 0.06490384615384616 0.06129807692307692
0 0.20793269230769232 0.3870192307692308 0.06971153846153846 0.0625
0 0.2091346153846154 0.3233173076923077 0.06610576923076923 0.06490384615384616
0 0.27403846153846156 0.32211538461538464 0.057692307692307696 0.06610576923076923
0 0.27163461538461536 0.3870192307692308 0.05889423076923077 0.0625
0 0.3329326923076923 0.32211538461538464 0.057692307692307696 0.06370192307692307
0 0.3942307692307692 0.32211538461538464 0.057692307692307696 0.06370192307692307
0 0.4567307692307692 0.3245192307692308 0.057692307692307696 0.06370192307692307
0 0.5168269230769231 0.32572115384615385 0.056490384615384616 0.0673076923076923
0 0.5769230769230769 0.3269230769230769 0.056490384615384616 0.0673076923076923
0 0.3329326923076923 0.3894230769230769 0.06009615384615385 0.06490384615384616
0 0.39663461538461536 0.3894230769230769 0.057692307692307696 0.06610576923076923
0 0.4567307692307692 0.390625 0.057692307692307696 0.06610576923076923
0 0.5144230769230769 0.3918269230769231 0.054086538461538464 0.0625
0 0.5721153846153846 0.39302884615384615 0.054086538461538464 0.0625
0 0.6334134615384616 0.3942307692307692 0.06009615384615385 0.06129807692307692
0 0.6382211538461539 0.33052884615384615 0.0625 0.06370192307692307
0 0.7007211538461539 0.38341346153846156 0.05889423076923077 0.08774038461538461
0 0.7620192307692307 0.3870192307692308 0.05889423076923077 0.08533653846153846
0 0.8245192307692307 0.3858173076923077 0.0625 0.08774038461538461
0 0.7427884615384616 0.2620192307692308 0.0625 0.03245192307692308
0 0.7451923076923077 0.22956730769230768 0.0625 0.03245192307692308
0 0.6778846153846154 0.2608173076923077 0.0625 0.03245192307692308
0 0.6778846153846154 0.22716346153846154 0.06370192307692307 0.03245192307692308
0 0.036057692307692304 0.14423076923076922 0.07211538461538461 0.052884615384615384
0 0.03485576923076923 0.09014423076923077 0.06971153846153846 0.051682692307692304
0 0.15384615384615385 0.09975961538461539 0.0985576923076923 0.052884615384615384
0 0.25721153846153844 0.09975961538461539 0.09735576923076923 0.052884615384615384
0 0.15504807692307693 0.14903846153846154 0.09735576923076923 0.04807692307692308
0 0.25721153846153844 0.15264423076923078 0.0985576923076923 0.05048076923076923
0 0.36177884615384615 0.15504807692307693 0.09975961538461539 0.054086538461538464
0 0.46634615384615385 0.15985576923076922 0.09375 0.05048076923076923
0 0.46875 0.109375 0.09375 0.04927884615384615
0 0.5516826923076923 0.14903846153846154 0.06370192307692307 0.07572115384615384
0 0.5504807692307693 0.09014423076923077 0.06009615384615385 0.039663461538461536
0 0.6057692307692307 0.15865384615384615 0.038461538461538464 0.06129807692307692
0 0.6598557692307693 0.16466346153846154 0.0625 0.057692307692307696
0 0.7259615384615384 0.16466346153846154 0.0625 0.06009615384615385
0 0.8882211538461539 0.3870192307692308 0.056490384615384616 0.09134615384615384
0 0.7932692307692307 0.1658653846153846 0.06009615384615385 0.06009615384615385
0 0.036057692307692304 0.21995192307692307 0.07211538461538461 0.051682692307692304
0 0.037259615384615384 0.27163461538461536 0.07451923076923077 0.046875
0 0.13701923076923078 0.2247596153846154 0.06490384615384616 0.07451923076923077
0 0.203125 0.22596153846153846 0.06490384615384616 0.0733173076923077
0 0.27283653846153844 0.23076923076923078 0.06850961538461539 0.07091346153846154
0 0.34134615384615385 0.23076923076923078 0.06370192307692307 0.06971153846153846
0 0.40625 0.25240384615384615 0.06370192307692307 0.03245192307692308
0 0.40865384615384615 0.21875 0.0625 0.03125
0 0.4735576923076923 0.2548076923076923 0.0625 0.03245192307692308
0 0.47475961538461536 0.22115384615384615 0.0625 0.03245192307692308
0 0.5408653846153846 0.21995192307692307 0.0625 0.03245192307692308
0 0.5372596153846154 0.2548076923076923 0.0625 0.03245192307692308
0 0.6105769230769231 0.25841346153846156 0.06370192307692307 0.03245192307692308
0 0.6105769230769231 0.22596153846153846 0.06370192307692307 0.03245192307692308
0 0.7932692307692307 0.10817307692307693 0.057692307692307696 0.054086538461538464
0 0.038461538461538464 0.46274038461538464 0.07692307692307693 0.04807692307692308
0 0.25 0.8016826923076923 0.08533653846153846 0.06850961538461539
0 0.15625 0.49158653846153844 0.09254807692307693 0.0625
0 0.6033653846153846 0.71875 0.0829326923076923 0.055288461538461536
0 0.6850961538461539 0.6430288461538461 0.06850961538461539 0.06610576923076923
0 0.7560096153846154 0.6418269230769231 0.0673076923076923 0.06971153846153846
0 0.8245192307692307 0.6430288461538461 0.0625 0.06850961538461539
0 0.6814903846153846 0.7127403846153846 0.06610576923076923 0.06850961538461539
0 0.7536057692307693 0.7139423076923077 0.06610576923076923 0.06971153846153846
0 0.8221153846153846 0.7115384615384616 0.05889423076923077 0.06490384615384616
0 0.9242788461538461 0.6370192307692307 0.06971153846153846 0.054086538461538464
0 0.921875 0.6947115384615384 0.0625 0.0625
0 0.027644230769230768 0.8653846153846154 0.037259615384615384 0.0829326923076923
0 0.0829326923076923 0.8605769230769231 0.030048076923076924 0.08173076923076923
0 0.9591346153846154 0.8653846153846154 0.07572115384615384 0.05889423076923077
0 0.875 0.8653846153846154 0.08173076923076923 0.055288461538461536
0 0.7824519230769231 0.8713942307692307 0.08413461538461539 0.057692307692307696
0 0.6947115384615384 0.8677884615384616 0.08173076923076923 0.05889423076923077
0 0.9627403846153846 0.7980769230769231 0.06971153846153846 0.06610576923076923
0 0.8786057692307693 0.8004807692307693 0.08653846153846154 0.06971153846153846
0 0.7836538461538461 0.8040865384615384 0.08653846153846154 0.07572115384615384
0 0.6947115384615384 0.8040865384615384 0.08413461538461539 0.06971153846153846
0 0.5180288461538461 0.8713942307692307 0.08653846153846154 0.051682692307692304
0 0.42788461538461536 0.8725961538461539 0.08533653846153846 0.052884615384615384
0 0.3389423076923077 0.8725961538461539 0.0829326923076923 0.054086538461538464
0 0.24759615384615385 0.8701923076923077 0.08774038461538461 0.06009615384615385
0 0.15745192307692307 0.8689903846153846 0.0829326923076923 0.06009615384615385
0 0.6057692307692307 0.8064903846153846 0.078125 0.07211538461538461
0 0.5192307692307693 0.8088942307692307 0.0889423076923077 0.0733173076923077
0 0.4254807692307692 0.8052884615384616 0.08413461538461539 0.078125
0 0.3389423076923077 0.8052884615384616 0.078125 0.078125
0 0.039663461538461536 0.5096153846153846 0.07932692307692307 0.04807692307692308
0 0.515625 0.71875 0.08653846153846154 0.052884615384615384
0 0.4266826923076923 0.7175480769230769 0.08173076923076923 0.056490384615384616
0 0.6057692307692307 0.8725961538461539 0.08173076923076923 0.052884615384615384
0 0.6009615384615384 0.6550480769230769 0.08533653846153846 0.06850961538461539
0 0.2620192307692308 0.4879807692307692 0.09134615384615384 0.0625
0 0.3389423076923077 0.71875 0.08653846153846154 0.057692307692307696
0 0.15865384615384615 0.5552884615384616 0.09254807692307693 0.0625
0 0.2536057692307692 0.5528846153846154 0.09134615384615384 0.0625
0 0.3473557692307692 0.5528846153846154 0.09134615384615384 0.0625
0 0.43990384615384615 0.5576923076923077 0.08653846153846154 0.0625
0 0.5276442307692307 0.5600961538461539 0.08653846153846154 0.0625
0 0.7067307692307693 0.5649038461538461 0.08653846153846154 0.057692307692307696
0 0.3545673076923077 0.48677884615384615 0.078125 0.06129807692307692
0 0.43990384615384615 0.4951923076923077 0.0829326923076923 0.06009615384615385
0 0.5300480769230769 0.4963942307692308 0.08173076923076923 0.0625
0 0.6189903846153846 0.4963942307692308 0.08774038461538461 0.0625
0 0.7091346153846154 0.5012019230769231 0.08774038461538461 0.06610576923076923
0 0.7956730769230769 0.5012019230769231 0.0829326923076923 0.0673076923076923
0 0.8822115384615384 0.4987980769230769 0.08533653846153846 0.07091346153846154
0 0.6165865384615384 0.5612980769230769 0.08653846153846154 0.0625
0 0.7944711538461539 0.5637019230769231 0.08533653846153846 0.05048076923076923
0 0.4254807692307692 0.6538461538461539 0.08413461538461539 0.06850961538461539
0 0.5132211538461539 0.6538461538461539 0.08653846153846154 0.06971153846153846
0 0.9639423076923077 0.49399038461538464 0.0673076923076923 0.07451923076923077
0 0.33653846153846156 0.6538461538461539 0.08653846153846154 0.06850961538461539
0 0.052884615384615384 0.7427884615384616 0.09014423076923077 0.038461538461538464
0 0.24639423076923078 0.7223557692307693 0.08533653846153846 0.06009615384615385
0 0.15745192307692307 0.7211538461538461 0.08653846153846154 0.056490384615384616
0 0.054086538461538464 0.6995192307692307 0.08774038461538461 0.042067307692307696
0 0.2439903846153846 0.6586538461538461 0.0889423076923077 0.06370192307692307
0 0.15504807692307693 0.6610576923076923 0.08653846153846154 0.06129807692307692
0 0.051682692307692304 0.6201923076923077 0.08653846153846154 0.042067307692307696
0 0.051682692307692304 0.5757211538461539 0.08653846153846154 0.042067307692307696
0 0.9627403846153846 0.5637019230769231 0.0733173076923077 0.057692307692307696
0 0.8834134615384616 0.5649038461538461 0.0829326923076923 0.055288461538461536