0 0.9411057692307693 0.5576923076923077 0.04447115384615385 0.10697115384615384
0 0.07451923076923077 0.40625 0.046875 0.09615384615384616
0 0.15384615384615385 0.4098557692307692 0.04326923076923077 0.09975961538461539
0 0.44591346153846156 0.4326923076923077 0.036057692307692304 0.046875
0 0.265625 0.4098557692307692 0.046875 0.10216346153846154
0 0.3161057692307692 0.40865384615384615 0.04326923076923077 0.10216346153846154
0 0.3713942307692308 0.4375 0.037259615384615384 0.04326923076923077
0 0.40625 0.4411057692307692 0.027644230769230768 0.036057692307692304
0 0.20793269230769232 0.40625 0.06129807692307692 0.09735576923076923
0 0.7860576923076923 0.5625 0.0733173076923077 0.1045673076923077
0 0.6141826923076923 0.5877403846153846 0.042067307692307696 0.06610576923076923
0 0.6526442307692307 0.5853365384615384 0.03485576923076923 0.07211538461538461
0 0.7836538461538461 0.7163461538461539 0.057692307692307696 0.09615384615384616
0 0.8701923076923077 0.6887019230769231 0.06610576923076923 0.0673076923076923
0 0.875 0.7391826923076923 0.07692307692307693 0.036057692307692304
0 0.9675480769230769 0.734375 0.057692307692307696 0.056490384615384616
0 0.03365384615384615 0.5625 0.04807692307692308 0.11658653846153846
0 0.08173076923076923 0.5649038461538461 0.046875 0.11298076923076923
0 0.12620192307692307 0.5600961538461539 0.039663461538461536 0.12139423076923077
0 0.17548076923076922 0.5612980769230769 0.038461538461538464 0.12860576923076922
0 0.21754807692307693 0.5649038461538461 0.042067307692307696 0.1201923076923077
0 0.3016826923076923 0.5829326923076923 0.054086538461538464 0.08052884615384616
0 0.35216346153846156 0.5661057692307693 0.04567307692307692 0.1141826923076923
0 0.39663461538461536 0.5625 0.042067307692307696 0.10336538461538461
0 0.4338942307692308 0.5612980769230769 0.03485576923076923 0.10817307692307693
0 0.47716346153846156 0.5649038461538461 0.04326923076923077 0.11899038461538461
0 0.5192307692307693 0.5600961538461539 0.042067307692307696 0.12740384615384615
0 0.7091346153846154 0.5661057692307693 0.07211538461538461 0.09975961538461539
0 0.9459134615384616 0.40384615384615385 0.05889423076923077 0.10817307692307693
0 0.15504807692307693 0.22235576923076922 0.052884615384615384 0.12379807692307693
0 0.10576923076923077 0.21995192307692307 0.046875 0.1201923076923077
0 0.41346153846153844 0.039663461538461536 0.04447115384615385 0.07451923076923077
0 0.4735576923076923 0.040865384615384616 0.0673076923076923 0.07091346153846154
0 0.5372596153846154 0.039663461538461536 0.05048076923076923 0.0733173076923077
0 0.6382211538461539 0.042067307692307696 0.06610576923076923 0.06971153846153846
0 0.6983173076923077 0.039663461538461536 0.052884615384615384 0.07211538461538461
0 0.7091346153846154 0.7223557692307693 0.055288461538461536 0.08413461538461539
0 0.7572115384615384 0.040865384615384616 0.055288461538461536 0.07091346153846154
0 0.8305288461538461 0.039663461538461536 0.08774038461538461 0.07211538461538461
0 0.71875 0.4050480769230769 0.05889423076923077 0.10336538461538461
0 0.6694711538461539 0.40625 0.038461538461538464 0.10216346153846154
0 0.6322115384615384 0.40625 0.03365384615384615 0.10096153846153846
0 0.5961538461538461 0.4014423076923077 0.03485576923076923 0.1201923076923077
0 0.5600961538461539 0.4014423076923077 0.036057692307692304 0.11778846153846154
0 0.5228365384615384 0.39663461538461536 0.028846153846153848 0.09495192307692307
0 0.48677884615384615 0.40384615384615385 0.03365384615384615 0.10336538461538461
0 0.36538461538461536 0.040865384615384616 0.04927884615384615 0.07211538461538461
0 0.04807692307692308 0.21995192307692307 0.06129807692307692 0.11658653846153846
0 0.3016826923076923 0.04326923076923077 0.06610576923076923 0.07932692307692307
0 0.19471153846153846 0.040865384615384616 0.04447115384615385 0.07692307692307693
0 0.21514423076923078 0.22115384615384615 0.056490384615384616 0.12620192307692307
0 0.3713942307692308 0.23197115384615385 0.08052884615384616 0.02283653846153846
0 0.2932692307692308 0.265625 0.09735576923076923 0.038461538461538464
0 0.3894230769230769 0.265625 0.08413461538461539 0.03245192307692308
0 0.5444711538461539 0.21754807692307693 0.055288461538461536 0.11899038461538461
0 0.6021634615384616 0.23076923076923078 0.05048076923076923 0.1201923076923077
0 0.6550480769230769 0.22716346153846154 0.055288461538461536 0.12620192307692307
0 0.7079326923076923 0.22235576923076922 0.04807692307692308 0.1141826923076923
0 0.7596153846153846 0.22235576923076922 0.057692307692307696 0.1141826923076923
0 0.8088942307692307 0.22355769230769232 0.039663461538461536 0.1141826923076923
0 0.8569711538461539 0.2247596153846154 0.052884615384615384 0.11057692307692307
0 0.9098557692307693 0.22956730769230768 0.04447115384615385 0.10336538461538461
0 0.9591346153846154 0.2283653846153846 0.052884615384615384 0.10697115384615384
0 0.078125 0.042067307692307696 0.06850961538461539 0.07572115384615384
0 0.13822115384615385 0.04326923076923077 0.04927884615384615 0.07211538461538461
0 0.24278846153846154 0.042067307692307696 0.05048076923076923 0.078125
0 0.6526442307692307 0.71875 0.05889423076923077 0.09495192307692307
0 0.4375 0.8509615384615384 0.06009615384615385 0.040865384615384616
0 0.5120192307692307 0.7163461538461539 0.06009615384615385 0.05889423076923077
0 0.5973557692307693 0.8461538461538461 0.06971153846153846 0.009615384615384616
0 0.5961538461538461 0.828125 0.07572115384615384 0.015625
0 0.5372596153846154 0.8942307692307693 0.026442307692307692 0.06009615384615385
0 0.5060096153846154 0.8966346153846154 0.03365384615384615 0.055288461538461536
0 0.5096153846153846 0.8473557692307693 0.07692307692307693 0.010817307692307692
0 0.5072115384615384 0.8353365384615384 0.08052884615384616 0.01201923076923077
0 0.5084134615384616 0.8233173076923077 0.08173076923076923 0.013221153846153846
0 0.6009615384615384 0.8641826923076923 0.0625 0.008413461538461538
0 0.5048076923076923 0.8100961538461539 0.08052884615384616 0.013221153846153846
0 0.5757211538461539 0.7127403846153846 0.0625 0.1045673076923077
0 0.20072115384615385 0.8701923076923077 0.016826923076923076 0.018028846153846152
0 0.203125 0.9038461538461539 0.020432692307692308 0.03125
0 0.21875 0.9026442307692307 0.014423076923076924 0.027644230769230768
0 0.23677884615384615 0.9050480769230769 0.026442307692307692 0.046875
0 0.28846153846153844 0.8545673076923077 0.052884615384615384 0.04927884615384615
0 0.38100961538461536 0.8774038461538461 0.027644230769230768 0.06370192307692307
0 0.828125 0.4026442307692308 0.051682692307692304 0.10096153846153846
0 0.5961538461538461 0.9026442307692307 0.07091346153846154 0.019230769230769232
0 0.7728365384615384 0.40625 0.037259615384615384 0.09975961538461539
0 0.7608173076923077 0.8677884615384616 0.07091346153846154 0.007211538461538462
0 0.7572115384615384 0.8545673076923077 0.06850961538461539 0.018028846153846152
0 0.2091346153846154 0.7103365384615384 0.04927884615384615 0.10697115384615384
0 0.2536057692307692 0.7103365384615384 0.038461538461538464 0.12379807692307693
0 0.16466346153846154 0.7103365384615384 0.038461538461538464 0.10817307692307693
0 0.33774038461538464 0.7115384615384616 0.027644230769230768 0.11778846153846154
0 0.3870192307692308 0.7091346153846154 0.06009615384615385 0.09495192307692307
0 0.12139423076923077 0.7103365384615384 0.046875 0.11057692307692307
0 0.453125 0.7115384615384616 0.055288461538461536 0.10336538461538461
0 0.2980769230769231 0.7103365384615384 0.04927884615384615 0.12259615384615384
0 0.03485576923076923 0.7139423076923077 0.04326923076923077 0.11538461538461539
0 0.9387019230769231 0.8689903846153846 0.08774038461538461 0.015625
0 0.9338942307692307 0.8521634615384616 0.07932692307692307 0.016826923076923076
0 0.9326923076923077 0.8293269230769231 0.07091346153846154 0.025240384615384616
0 0.84375 0.8329326923076923 0.06610576923076923 0.01201923076923077
0 0.8461538461538461 0.8161057692307693 0.07451923076923077 0.016826923076923076
0 0.07692307692307693 0.7127403846153846 0.03485576923076923 0.11298076923076923
0 0.8521634615384616 0.9110576923076923 0.09014423076923077 0.028846153846153848