0 0.09375 0.2860576923076923 0.052884615384615384 0.08413461538461539
0 0.6790865384615384 0.6778846153846154 0.04326923076923077 0.07451923076923077
0 0.453125 0.4170673076923077 0.046875 0.078125
0 0.6334134615384616 0.6778846153846154 0.04326923076923077 0.078125
0 0.5865384615384616 0.6754807692307693 0.04326923076923077 0.078125
0 0.5420673076923077 0.6766826923076923 0.04567307692307692 0.07692307692307693
0 0.4951923076923077 0.6742788461538461 0.04567307692307692 0.07692307692307693
0 0.44711538461538464 0.6754807692307693 0.046875 0.08052884615384616
0 0.40384615384615385 0.6778846153846154 0.037259615384615384 0.07091346153846154
0 0.36538461538461536 0.6814903846153846 0.038461538461538464 0.06971153846153846
0 0.3245192307692308 0.6838942307692307 0.040865384615384616 0.06370192307692307
0 0.28125 0.6790865384615384 0.039663461538461536 0.07451923076923077
0 0.234375 0.6802884615384616 0.051682692307692304 0.07451923076923077
0 0.1814903846153846 0.6802884615384616 0.046875 0.07211538461538461
0 0.13341346153846154 0.6802884615384616 0.04447115384615385 0.07211538461538461
0 0.08533653846153846 0.6814903846153846 0.046875 0.07451923076923077
0 0.7259615384615384 0.6778846153846154 0.04326923076923077 0.0733173076923077
0 0.03485576923076923 0.6814903846153846 0.04567307692307692 0.07572115384615384
0 0.08052884615384616 0.8221153846153846 0.046875 0.07451923076923077
0 0.12860576923076922 0.8245192307692307 0.04807692307692308 0.07572115384615384
0 0.17548076923076922 0.8137019230769231 0.038461538461538464 0.09254807692307693
0 0.21634615384615385 0.8052884615384616 0.037259615384615384 0.10697115384615384
0 0.2548076923076923 0.8064903846153846 0.036057692307692304 0.10697115384615384
0 0.3173076923076923 0.8052884615384616 0.08413461538461539 0.10697115384615384
0 0.38221153846153844 0.8052884615384616 0.042067307692307696 0.10336538461538461
0 0.4266826923076923 0.8052884615384616 0.042067307692307696 0.10096153846153846
0 0.4675480769230769 0.8004807692307693 0.038461538461538464 0.11177884615384616
0 0.5084134615384616 0.8004807692307693 0.037259615384615384 0.1201923076923077
0 0.5432692307692307 0.8052884615384616 0.03245192307692308 0.09975961538461539
0 0.578125 0.7596153846153846 0.03485576923076923 0.039663461538461536
0 0.5901442307692307 0.8197115384615384 0.042067307692307696 0.07692307692307693
0 0.640625 0.8257211538461539 0.042067307692307696 0.06490384615384616
0 0.03125 0.8233173076923077 0.04447115384615385 0.07692307692307693
0 0.6887019230769231 0.8269230769230769 0.04326923076923077 0.06129807692307692
0 0.7716346153846154 0.6766826923076923 0.04447115384615385 0.0733173076923077
0 0.8629807692307693 0.6778846153846154 0.04567307692307692 0.07451923076923077
0 0.30408653846153844 0.41225961538461536 0.051682692307692304 0.09014423076923077
0 0.25240384615384615 0.41346153846153844 0.04807692307692308 0.08653846153846154
0 0.20072115384615385 0.41466346153846156 0.052884615384615384 0.08653846153846154
0 0.14903846153846154 0.41466346153846156 0.04807692307692308 0.08774038461538461
0 0.09975961538461539 0.41466346153846156 0.046875 0.08653846153846154
0 0.04927884615384615 0.41225961538461536 0.05048076923076923 0.0889423076923077
0 0.015625 0.5456730769230769 0.03125 0.078125
0 0.056490384615384616 0.5528846153846154 0.046875 0.06610576923076923
0 0.10817307692307693 0.5492788461538461 0.05048076923076923 0.06370192307692307
0 0.15625 0.546875 0.04447115384615385 0.07572115384615384
0 0.15144230769230768 0.49399038461538464 0.046875 0.026442307692307692
0 0.20673076923076922 0.5432692307692307 0.04807692307692308 0.07932692307692307
0 0.25600961538461536 0.5420673076923077 0.04567307692307692 0.07932692307692307
0 0.31850961538461536 0.5432692307692307 0.04567307692307692 0.0733173076923077
0 0.8173076923076923 0.6766826923076923 0.04447115384615385 0.07692307692307693
0 0.36658653846153844 0.5432692307692307 0.046875 0.07572115384615384
0 0.46033653846153844 0.5420673076923077 0.04326923076923077 0.08052884615384616
0 0.5060096153846154 0.5408653846153846 0.04567307692307692 0.08173076923076923
0 0.5528846153846154 0.5456730769230769 0.04326923076923077 0.07451923076923077
0 0.5997596153846154 0.5432692307692307 0.046875 0.07932692307692307
0 0.6442307692307693 0.5432692307692307 0.04567307692307692 0.07692307692307693
0 0.6923076923076923 0.5480769230769231 0.04567307692307692 0.06490384615384616
0 0.7391826923076923 0.5456730769230769 0.04326923076923077 0.07572115384615384
0 0.7860576923076923 0.5432692307692307 0.04567307692307692 0.078125
0 0.8293269230769231 0.5408653846153846 0.042067307692307696 0.078125
0 0.8725961538461539 0.5420673076923077 0.042067307692307696 0.07451923076923077
0 0.9663461538461539 0.5600961538461539 0.046875 0.09615384615384616
0 0.9194711538461539 0.5576923076923077 0.04447115384615385 0.09375
0 0.9771634615384616 0.6742788461538461 0.04326923076923077 0.07211538461538461
0 0.921875 0.6742788461538461 0.06610576923076923 0.07572115384615384
0 0.41466346153846156 0.5420673076923077 0.046875 0.08052884615384616
0 0.35697115384615385 0.41225961538461536 0.05048076923076923 0.08413461538461539
0 0.7259615384615384 0.8269230769230769 0.026442307692307692 0.06129807692307692
0 0.7992788461538461 0.8257211538461539 0.037259615384615384 0.0625
0 0.25 0.28725961538461536 0.055288461538461536 0.08533653846153846
0 0.1971153846153846 0.28846153846153844 0.04927884615384615 0.08653846153846154
0 0.14423076923076922 0.28846153846153844 0.04927884615384615 0.08413461538461539
0 0.7596153846153846 0.8269230769230769 0.037259615384615384 0.05889423076923077
0 0.06610576923076923 0.14903846153846154 0.040865384615384616 0.09975961538461539
0 0.109375 0.1502403846153846 0.039663461538461536 0.10336538461538461
0 0.15144230769230768 0.15144230769230768 0.036057692307692304 0.10336538461538461
0 0.18990384615384615 0.1502403846153846 0.038461538461538464 0.10216346153846154
0 0.2704326923076923 0.14903846153846154 0.037259615384615384 0.0985576923076923
0 0.3112980769230769 0.15865384615384615 0.036057692307692304 0.08173076923076923
0 0.35336538461538464 0.15985576923076922 0.04326923076923077 0.08173076923076923
0 0.4014423076923077 0.1502403846153846 0.042067307692307696 0.10817307692307693
0 0.44471153846153844 0.1502403846153846 0.039663461538461536 0.10817307692307693
0 0.4855769230769231 0.14903846153846154 0.039663461538461536 0.10817307692307693
0 0.5252403846153846 0.15264423076923078 0.036057692307692304 0.0985576923076923
0 0.5612980769230769 0.15264423076923078 0.03365384615384615 0.10216346153846154
0 0.5985576923076923 0.1502403846153846 0.037259615384615384 0.1045673076923077
0 0.6370192307692307 0.15144230769230768 0.03485576923076923 0.1045673076923077
0 0.6826923076923077 0.1622596153846154 0.052884615384615384 0.08533653846153846
0 0.7379807692307693 0.16466346153846154 0.05048076923076923 0.08173076923076923
0 0.7884615384615384 0.16466346153846154 0.04927884615384615 0.07932692307692307
0 0.8341346153846154 0.15384615384615385 0.037259615384615384 0.10096153846153846
0 0.875 0.15264423076923078 0.042067307692307696 0.0985576923076923
0 0.9194711538461539 0.15504807692307693 0.037259615384615384 0.0985576923076923
0 0.96875 0.16105769230769232 0.054086538461538464 0.09375
0 0.30649038461538464 0.28846153846153844 0.054086538461538464 0.08653846153846154
0 0.3605769230769231 0.28846153846153844 0.05048076923076923 0.08653846153846154
0 0.018028846153846152 0.14903846153846154 0.03485576923076923 0.1045673076923077
0 0.45913461538461536 0.2932692307692308 0.046875 0.078125
0 0.8413461538461539 0.8233173076923077 0.04326923076923077 0.06009615384615385
0 0.8930288461538461 0.8173076923076923 0.051682692307692304 0.07091346153846154
0 0.9471153846153846 0.8161057692307693 0.05048076923076923 0.06490384615384616
0 0.9867788461538461 0.8161057692307693 0.025240384615384616 0.06850961538461539
0 0.5012019230769231 0.41466346153846156 0.04447115384615385 0.08533653846153846
0 0.5492788461538461 0.41586538461538464 0.04567307692307692 0.08052884615384616
0 0.5973557692307693 0.41466346153846156 0.04807692307692308 0.08533653846153846
0 0.4098557692307692 0.28966346153846156 0.046875 0.08533653846153846
0 0.6923076923076923 0.4170673076923077 0.040865384615384616 0.07692307692307693
0 0.7379807692307693 0.41346153846153844 0.04807692307692308 0.0829326923076923
0 0.7884615384615384 0.4170673076923077 0.04807692307692308 0.07451923076923077
0 0.8365384615384616 0.41346153846153844 0.04326923076923077 0.07932692307692307
0 0.6466346153846154 0.41586538461538464 0.04567307692307692 0.0829326923076923
0 0.9855769230769231 0.28725961538461536 0.027644230769230768 0.11899038461538461
0 0.8858173076923077 0.41586538461538464 0.04927884615384615 0.07572115384615384
0 0.5600961538461539 0.2956730769230769 0.04927884615384615 0.07692307692307693
0 0.609375 0.2932692307692308 0.046875 0.07932692307692307
0 0.5769230769230769 0.2403846153846154 0.10576923076923077 0.019230769230769232
0 0.6598557692307693 0.2932692307692308 0.04807692307692308 0.078125
0 0.5096153846153846 0.29086538461538464 0.04927884615384615 0.0829326923076923
0 0.7560096153846154 0.29447115384615385 0.05048076923076923 0.07572115384615384
0 0.7079326923076923 0.29447115384615385 0.04567307692307692 0.07692307692307693
0 0.9507211538461539 0.28846153846153844 0.037259615384615384 0.12259615384615384
0 0.40625 0.41225961538461536 0.04567307692307692 0.08533653846153846
0 0.8569711538461539 0.2956730769230769 0.05048076923076923 0.07932692307692307
0 0.8064903846153846 0.296875 0.046875 0.078125
0 0.9074519230769231 0.296875 0.046875 0.078125