0 0.39302884615384615 0.23918269230769232 0.015625 0.09134615384615384
0 0.02403846153846154 0.22235576923076922 0.038461538461538464 0.0985576923076923
0 0.06971153846153846 0.22355769230769232 0.04927884615384615 0.09735576923076923
0 0.12139423076923077 0.2247596153846154 0.05048076923076923 0.0985576923076923
0 0.16826923076923078 0.22716346153846154 0.03245192307692308 0.09735576923076923
0 0.20673076923076922 0.2283653846153846 0.036057692307692304 0.09375
0 0.24519230769230768 0.22716346153846154 0.019230769230769232 0.09014423076923077
0 0.265625 0.22716346153846154 0.020432692307692308 0.09134615384615384
0 0.28966346153846156 0.2283653846153846 0.013221153846153846 0.09254807692307693
0 0.30649038461538464 0.2283653846153846 0.015625 0.0889423076923077
0 0.3329326923076923 0.2283653846153846 0.015625 0.09134615384615384
0 0.34975961538461536 0.2283653846153846 0.015625 0.09134615384615384
0 0.43149038461538464 0.2403846153846154 0.015625 0.09134615384615384
0 0.4543269230769231 0.24158653846153846 0.013221153846153846 0.0889423076923077
0 0.9254807692307693 0.3629807692307692 0.015625 0.0829326923076923
0 0.4855769230769231 0.24278846153846154 0.015625 0.09014423076923077
0 0.6117788461538461 0.5528846153846154 0.1310096153846154 0.02403846153846154
0 0.47716346153846156 0.5216346153846154 0.09375 0.07211538461538461
0 0.36778846153846156 0.5192307692307693 0.09735576923076923 0.07451923076923077
0 0.2439903846153846 0.4987980769230769 0.11778846153846154 0.02283653846153846
0 0.2439903846153846 0.5216346153846154 0.11899038461538461 0.020432692307692308
0 0.24278846153846154 0.5444711538461539 0.11778846153846154 0.02403846153846154
0 0.6141826923076923 0.53125 0.1346153846153846 0.018028846153846152
0 0.12740384615384615 0.4963942307692308 0.1141826923076923 0.02283653846153846
0 0.12620192307692307 0.5432692307692307 0.1141826923076923 0.02403846153846154
0 0.03365384615384615 0.49399038461538464 0.0673076923076923 0.021634615384615384
0 0.03365384615384615 0.5168269230769231 0.06610576923076923 0.021634615384615384
0 0.03365384615384615 0.5396634615384616 0.06610576923076923 0.02283653846153846
0 0.03365384615384615 0.421875 0.06610576923076923 0.025240384615384616
0 0.03365384615384615 0.44711538461538464 0.0673076923076923 0.02403846153846154
0 0.12620192307692307 0.5180288461538461 0.1141826923076923 0.020432692307692308
0 0.11778846153846154 0.4254807692307692 0.09495192307692307 0.021634615384615384
0 0.6153846153846154 0.5084134615384616 0.13221153846153846 0.02403846153846154
0 0.7463942307692307 0.5348557692307693 0.12740384615384615 0.019230769230769232
0 0.6009615384615384 0.6550480769230769 0.12860576923076922 0.020432692307692308
0 0.7319711538461539 0.6141826923076923 0.125 0.025240384615384616
0 0.7307692307692307 0.6382211538461539 0.12740384615384615 0.021634615384615384
0 0.7259615384615384 0.6586538461538461 0.12259615384615384 0.020432692307692308
0 0.859375 0.6189903846153846 0.12620192307692307 0.021634615384615384
0 0.8569711538461539 0.640625 0.12379807692307693 0.019230769230769232
0 0.7427884615384616 0.5576923076923077 0.12740384615384615 0.021634615384615384
0 0.8533653846153846 0.6610576923076923 0.12620192307692307 0.019230769230769232
0 0.9603365384615384 0.6430288461538461 0.078125 0.020432692307692308
0 0.9579326923076923 0.6646634615384616 0.07932692307692307 0.021634615384615384
0 0.8774038461538461 0.515625 0.12740384615384615 0.02403846153846154
0 0.8762019230769231 0.5396634615384616 0.12860576923076922 0.021634615384615384
0 0.875 0.5612980769230769 0.13221153846153846 0.020432692307692308
0 0.7475961538461539 0.5120192307692307 0.12740384615384615 0.02403846153846154
0 0.9615384615384616 0.6201923076923077 0.07572115384615384 0.02403846153846154
0 0.6033653846153846 0.6334134615384616 0.125 0.020432692307692308
0 0.11778846153846154 0.4495192307692308 0.09134615384615384 0.02403846153846154
0 0.2247596153846154 0.453125 0.11899038461538461 0.020432692307692308
0 0.8954326923076923 0.3629807692307692 0.019230769230769232 0.08413461538461539
0 0.8665865384615384 0.3605769230769231 0.01201923076923077 0.08774038461538461
0 0.8473557692307693 0.359375 0.021634615384615384 0.09014423076923077
0 0.8233173076923077 0.3605769230769231 0.013221153846153846 0.09134615384615384
0 0.8040865384615384 0.359375 0.020432692307692308 0.09014423076923077
0 0.78125 0.3581730769230769 0.015625 0.09134615384615384
0 0.9110576923076923 0.3629807692307692 0.01201923076923077 0.0829326923076923
0 0.765625 0.35697115384615385 0.013221153846153846 0.09134615384615384
0 0.7331730769230769 0.3545673076923077 0.019230769230769232 0.0889423076923077
0 0.7151442307692307 0.3581730769230769 0.016826923076923076 0.0889423076923077
0 0.6790865384615384 0.35697115384615385 0.020432692307692308 0.08653846153846154
0 0.6971153846153846 0.3581730769230769 0.014423076923076924 0.08774038461538461
0 0.6418269230769231 0.35216346153846156 0.018028846153846152 0.09014423076923077
0 0.6141826923076923 0.35336538461538464 0.02403846153846154 0.09495192307692307
0 0.7512019230769231 0.3557692307692308 0.01201923076923077 0.09014423076923077
0 0.22596153846153846 0.42908653846153844 0.11658653846153846 0.02403846153846154
0 0.9411057692307693 0.3629807692307692 0.01201923076923077 0.08052884615384616
0 0.9771634615384616 0.36538461538461536 0.01201923076923077 0.0829326923076923
0 0.33774038461538464 0.4326923076923077 0.10216346153846154 0.021634615384615384
0 0.33653846153846156 0.45552884615384615 0.09975961538461539 0.021634615384615384
0 0.44471153846153844 0.4375 0.11177884615384616 0.021634615384615384
0 0.4423076923076923 0.45913461538461536 0.11177884615384616 0.020432692307692308
0 0.5564903846153846 0.43990384615384615 0.109375 0.02283653846153846
0 0.5552884615384616 0.46274038461538464 0.109375 0.019230769230769232
0 0.9591346153846154 0.36538461538461536 0.021634615384615384 0.08052884615384616
0 0.6622596153846154 0.4651442307692308 0.10216346153846154 0.020432692307692308
0 0.7728365384615384 0.44471153846153844 0.109375 0.020432692307692308
0 0.7692307692307693 0.4675480769230769 0.109375 0.02403846153846154
0 0.875 0.47115384615384615 0.1045673076923077 0.019230769230769232
0 0.8774038461538461 0.44711538461538464 0.09615384615384616 0.025240384615384616
0 0.9555288461538461 0.4495192307692308 0.055288461538461536 0.06490384615384616
0 0.9915865384615384 0.36538461538461536 0.01201923076923077 0.0829326923076923
0 0.6646634615384616 0.4411057692307692 0.10216346153846154 0.02403846153846154
0 0.6045673076923077 0.6129807692307693 0.125 0.019230769230769232
0 0.4879807692307692 0.6081730769230769 0.10096153846153846 0.020432692307692308
0 0.4879807692307692 0.6310096153846154 0.10216346153846154 0.02283653846153846
0 0.24158653846153846 0.84375 0.12740384615384615 0.021634615384615384
0 0.2403846153846154 0.8629807692307693 0.13221153846153846 0.014423076923076924
0 0.23798076923076922 0.8822115384615384 0.12980769230769232 0.020432692307692308
0 0.10817307692307693 0.8425480769230769 0.13341346153846154 0.016826923076923076
0 0.10697115384615384 0.8605769230769231 0.1310096153846154 0.019230769230769232
0 0.10336538461538461 0.8798076923076923 0.1310096153846154 0.020432692307692308
0 0.3701923076923077 0.8834134615384616 0.12980769230769232 0.020432692307692308
0 0.04326923076923077 0.7584134615384616 0.08653846153846154 0.016826923076923076
0 0.042067307692307696 0.7956730769230769 0.08413461538461539 0.020432692307692308
0 0.15504807692307693 0.7608173076923077 0.13701923076923078 0.021634615384615384
0 0.15625 0.7788461538461539 0.140625 0.014423076923076924
0 0.15625 0.7980769230769231 0.140625 0.019230769230769232
0 0.2932692307692308 0.7608173076923077 0.12860576923076922 0.018028846153846152
0 0.2932692307692308 0.7776442307692307 0.12860576923076922 0.014423076923076924
0 0.042067307692307696 0.7764423076923077 0.08413461538461539 0.015625
0 0.2920673076923077 0.7980769230769231 0.12980769230769232 0.02283653846153846
0 0.3713942307692308 0.8641826923076923 0.12740384615384615 0.015625
0 0.49759615384615385 0.8822115384615384 0.12379807692307693 0.018028846153846152
0 0.9699519230769231 0.5625 0.05889423076923077 0.020432692307692308
0 0.9699519230769231 0.5408653846153846 0.057692307692307696 0.021634615384615384
0 0.9699519230769231 0.5180288461538461 0.055288461538461536 0.026442307692307692
0 0.8882211538461539 0.890625 0.11899038461538461 0.019230769230769232
0 0.8894230769230769 0.8725961538461539 0.12139423076923077 0.018028846153846152
0 0.890625 0.8509615384615384 0.1201923076923077 0.021634615384615384
0 0.3701923076923077 0.8449519230769231 0.12620192307692307 0.02283653846153846
0 0.7644230769230769 0.8918269230769231 0.12139423076923077 0.020432692307692308
0 0.765625 0.8485576923076923 0.12379807692307693 0.02283653846153846
0 0.6310096153846154 0.8473557692307693 0.12740384615384615 0.018028846153846152
0 0.6262019230769231 0.8665865384615384 0.12259615384615384 0.015625
0 0.6225961538461539 0.8858173076923077 0.125 0.020432692307692308
0 0.5012019230769231 0.84375 0.12620192307692307 0.020432692307692308
0 0.5 0.8629807692307693 0.12379807692307693 0.018028846153846152
0 0.7644230769230769 0.8701923076923077 0.11899038461538461 0.019230769230769232
0 0.37740384615384615 0.7824519230769231 0.036057692307692304 0.051682692307692304
0 0.46153846153846156 0.7632211538461539 0.12740384615384615 0.019230769230769232
0 0.46153846153846156 0.78125 0.125 0.016826923076923076
0 0.06129807692307692 0.6838942307692307 0.12259615384615384 0.016826923076923076
0 0.0625 0.7127403846153846 0.12379807692307693 0.038461538461538464
0 0.04807692307692308 0.6418269230769231 0.09615384615384616 0.020432692307692308
0 0.04807692307692308 0.6201923076923077 0.09495192307692307 0.021634615384615384
0 0.04807692307692308 0.5961538461538461 0.09375 0.02283653846153846
0 0.1502403846153846 0.6442307692307693 0.10697115384615384 0.02283653846153846
0 0.1971153846153846 0.6862980769230769 0.1466346153846154 0.016826923076923076
0 0.1502403846153846 0.6213942307692307 0.10576923076923077 0.020432692307692308
0 0.26322115384615385 0.6177884615384616 0.10817307692307693 0.019230769230769232
0 0.265625 0.6418269230769231 0.11778846153846154 0.027644230769230768
0 0.3762019230769231 0.6021634615384616 0.11658653846153846 0.020432692307692308
0 0.3798076923076923 0.625 0.10817307692307693 0.02283653846153846
0 0.3798076923076923 0.6478365384615384 0.10817307692307693 0.020432692307692308
0 0.4855769230769231 0.6526442307692307 0.0985576923076923 0.019230769230769232
0 0.15384615384615385 0.5997596153846154 0.11177884615384616 0.019230769230769232
0 0.20072115384615385 0.7151442307692307 0.14423076923076922 0.037259615384615384
0 0.328125 0.703125 0.10697115384615384 0.019230769230769232
0 0.328125 0.7247596153846154 0.10576923076923077 0.020432692307692308
0 0.45913461538461536 0.8016826923076923 0.125 0.020432692307692308
0 0.5841346153846154 0.7800480769230769 0.11778846153846154 0.020432692307692308
0 0.5829326923076923 0.8028846153846154 0.11658653846153846 0.021634615384615384
0 0.7043269230769231 0.7956730769230769 0.11298076923076923 0.04567307692307692
0 0.8197115384615384 0.796875 0.11177884615384616 0.04447115384615385
0 0.9375 0.7872596153846154 0.11778846153846154 0.021634615384615384
0 0.9350961538461539 0.8100961538461539 0.11658653846153846 0.021634615384615384
0 0.9423076923076923 0.7259615384615384 0.11298076923076923 0.04326923076923077
0 0.8269230769230769 0.7223557692307693 0.11298076923076923 0.04447115384615385
0 0.7103365384615384 0.7103365384615384 0.11658653846153846 0.021634615384615384
0 0.7067307692307693 0.7331730769230769 0.11658653846153846 0.02283653846153846
0 0.5793269230769231 0.7055288461538461 0.12620192307692307 0.021634615384615384
0 0.5793269230769231 0.7283653846153846 0.12620192307692307 0.02283653846153846
0 0.4483173076923077 0.7271634615384616 0.12980769230769232 0.019230769230769232
0 0.4483173076923077 0.7043269230769231 0.12860576923076922 0.02283653846153846
0 0.4699519230769231 0.24278846153846154 0.013221153846153846 0.09014423076923077
0 0.5084134615384616 0.3485576923076923 0.015625 0.08653846153846154
0 0.5829326923076923 0.34975961538461536 0.018028846153846152 0.09254807692307693
0 0.484375 0.34975961538461536 0.019230769230769232 0.09014423076923077
0 0.21394230769230768 0.08533653846153846 0.10576923076923077 0.028846153846153848
0 0.31490384615384615 0.1201923076923077 0.0985576923076923 0.028846153846153848
0 0.31850961538461536 0.0889423076923077 0.09495192307692307 0.030048076923076924
0 0.41466346153846156 0.12139423076923077 0.0985576923076923 0.026442307692307692
0 0.41586538461538464 0.09254807692307693 0.09735576923076923 0.027644230769230768
0 0.5228365384615384 0.12860576923076922 0.11177884615384616 0.026442307692307692
0 0.5276442307692307 0.10336538461538461 0.1201923076923077 0.02283653846153846
0 0.6418269230769231 0.109375 0.10576923076923077 0.021634615384615384
0 0.6382211538461539 0.1346153846153846 0.11298076923076923 0.02403846153846154
0 0.75 0.13581730769230768 0.10576923076923077 0.025240384615384616
0 0.21394230769230768 0.1141826923076923 0.10096153846153846 0.027644230769230768
0 0.75 0.11177884615384616 0.10697115384615384 0.020432692307692308
0 0.8088942307692307 0.24759615384615385 0.015625 0.09014423076923077
0 0.7920673076923077 0.24639423076923078 0.015625 0.09375
0 0.8677884615384616 0.25 0.013221153846153846 0.09134615384615384
0 0.8497596153846154 0.24759615384615385 0.021634615384615384 0.09254807692307693
0 0.9495192307692307 0.2512019230769231 0.030048076923076924 0.09254807692307693
0 0.9831730769230769 0.25 0.03125 0.0985576923076923
0 0.9579326923076923 0.10817307692307693 0.0829326923076923 0.03245192307692308
0 0.9567307692307693 0.13942307692307693 0.08533653846153846 0.027644230769230768
0 0.859375 0.140625 0.109375 0.026442307692307692
0 0.5240384615384616 0.3485576923076923 0.015625 0.08653846153846154
0 0.859375 0.11177884615384616 0.10697115384615384 0.028846153846153848
0 0.109375 0.078125 0.10096153846153846 0.027644230769230768
0 0.9122596153846154 0.24278846153846154 0.037259615384615384 0.09975961538461539
0 0.7283653846153846 0.24519230769230768 0.021634615384615384 0.0985576923076923
0 0.4567307692307692 0.3473557692307692 0.016826923076923076 0.09014423076923077
0 0.11057692307692307 0.109375 0.0985576923076923 0.03245192307692308
0 0.5024038461538461 0.24278846153846154 0.015625 0.09014423076923077
0 0.5240384615384616 0.2403846153846154 0.026442307692307692 0.09014423076923077
0 0.5901442307692307 0.24639423076923078 0.015625 0.09014423076923077
0 0.6262019230769231 0.2439903846153846 0.02283653846153846 0.09014423076923077
0 0.65625 0.2439903846153846 0.02403846153846154 0.09375
0 0.4387019230769231 0.3473557692307692 0.015625 0.08413461538461539
0 0.4206730769230769 0.3485576923076923 0.018028846153846152 0.08533653846153846
0 0.3798076923076923 0.3473557692307692 0.019230769230769232 0.08533653846153846
0 0.39783653846153844 0.34615384615384615 0.014423076923076924 0.08533653846153846
0 0.6045673076923077 0.24639423076923078 0.01201923076923077 0.0889423076923077
0 0.3016826923076923 0.3401442307692308 0.027644230769230768 0.09735576923076923
0 0.34134615384615385 0.34375 0.03125 0.09134615384615384
0 0.7487980769230769 0.24519230769230768 0.018028846153846152 0.09615384615384616
0 0.7043269230769231 0.2439903846153846 0.013221153846153846 0.10096153846153846
0 0.028846153846153848 0.1045673076923077 0.057692307692307696 0.027644230769230768
0 0.07451923076923077 0.3329326923076923 0.039663461538461536 0.09375
0 0.028846153846153848 0.07572115384615384 0.057692307692307696 0.028846153846153848
0 0.11778846153846154 0.3329326923076923 0.04326923076923077 0.09254807692307693
0 0.16947115384615385 0.33533653846153844 0.03485576923076923 0.09254807692307693
0 0.2091346153846154 0.33774038461538464 0.03245192307692308 0.09375
0 0.25240384615384615 0.33653846153846156 0.04447115384615385 0.09014423076923077
0 0.6875 0.2439903846153846 0.015625 0.10096153846153846