0 0.8305288461538461 0.6995192307692307 0.15264423076923078 0.018028846153846152
0 0.08413461538461539 0.5745192307692307 0.042067307692307696 0.08052884615384616
0 0.7259615384615384 0.6658653846153846 0.036057692307692304 0.06971153846153846
0 0.8233173076923077 0.671875 0.140625 0.019230769230769232
0 0.039663461538461536 0.5721153846153846 0.046875 0.07572115384615384
0 0.6706730769230769 0.6682692307692307 0.052884615384615384 0.07572115384615384
0 0.5805288461538461 0.6694711538461539 0.039663461538461536 0.07091346153846154
0 0.12980769230769232 0.5733173076923077 0.037259615384615384 0.08052884615384616
0 0.17668269230769232 0.5733173076923077 0.04927884615384615 0.078125
0 0.22355769230769232 0.5709134615384616 0.040865384615384616 0.08052884615384616
0 0.26802884615384615 0.5733173076923077 0.04927884615384615 0.07932692307692307
0 0.3161057692307692 0.5733173076923077 0.040865384615384616 0.078125
0 0.3605769230769231 0.5709134615384616 0.042067307692307696 0.08052884615384616
0 0.40625 0.5697115384615384 0.04447115384615385 0.08052884615384616
0 0.4519230769230769 0.5721153846153846 0.040865384615384616 0.07692307692307693
0 0.03365384615384615 0.671875 0.042067307692307696 0.078125
0 0.7007211538461539 0.5733173076923077 0.03245192307692308 0.06971153846153846
0 0.7487980769230769 0.5733173076923077 0.03245192307692308 0.06971153846153846
0 0.8185096153846154 0.5649038461538461 0.052884615384615384 0.0829326923076923
0 0.6237980769230769 0.6682692307692307 0.04447115384615385 0.07451923076923077
0 0.8677884615384616 0.5709134615384616 0.03365384615384615 0.06850961538461539
0 0.9495192307692307 0.5637019230769231 0.039663461538461536 0.08413461538461539
0 0.984375 0.5600961538461539 0.026442307692307692 0.08653846153846154
0 0.9194711538461539 0.4735576923076923 0.12740384615384615 0.026442307692307692
0 0.7644230769230769 0.4699519230769231 0.17427884615384615 0.02403846153846154
0 0.08653846153846154 0.671875 0.040865384615384616 0.07692307692307693
0 0.20793269230769232 0.6454326923076923 0.18629807692307693 0.020432692307692308
0 0.20793269230769232 0.6706730769230769 0.18629807692307693 0.021634615384615384
0 0.2091346153846154 0.6971153846153846 0.17668269230769232 0.020432692307692308
0 0.33653846153846156 0.6706730769230769 0.040865384615384616 0.07932692307692307
0 0.4579326923076923 0.6694711538461539 0.17427884615384615 0.030048076923076924
0 0.9591346153846154 0.6971153846153846 0.08052884615384616 0.016826923076923076
0 0.46153846153846156 0.6983173076923077 0.18629807692307693 0.02403846153846154
0 0.9050480769230769 0.5745192307692307 0.03245192307692308 0.06971153846153846
0 0.5793269230769231 0.5793269230769231 0.18990384615384615 0.06129807692307692
0 0.2764423076923077 0.3629807692307692 0.06610576923076923 0.078125
0 0.9194711538461539 0.038461538461538464 0.07211538461538461 0.0733173076923077
0 0.5060096153846154 0.3629807692307692 0.07211538461538461 0.08413461538461539
0 0.4266826923076923 0.3629807692307692 0.06610576923076923 0.07932692307692307
0 0.34975961538461536 0.3629807692307692 0.07091346153846154 0.08052884615384616
0 0.953125 0.6682692307692307 0.0889423076923077 0.02403846153846154
0 0.21394230769230768 0.36177884615384615 0.037259615384615384 0.0829326923076923
0 0.15144230769230768 0.3629807692307692 0.07211538461538461 0.08533653846153846
0 0.0889423076923077 0.359375 0.046875 0.08173076923076923
0 0.7668269230769231 0.4951923076923077 0.17307692307692307 0.021634615384615384
0 0.6177884615384616 0.4675480769230769 0.11177884615384616 0.08173076923076923
0 0.5240384615384616 0.47115384615384615 0.07211538461538461 0.07572115384615384
0 0.45072115384615385 0.46875 0.06850961538461539 0.07451923076923077
0 0.3786057692307692 0.47115384615384615 0.06610576923076923 0.08413461538461539
0 0.30288461538461536 0.4699519230769231 0.0625 0.07932692307692307
0 0.22716346153846154 0.4699519230769231 0.0733173076923077 0.078125
0 0.15144230769230768 0.46875 0.07451923076923077 0.07932692307692307
0 0.07572115384615384 0.4699519230769231 0.06971153846153846 0.07451923076923077
0 0.03365384615384615 0.359375 0.06490384615384616 0.07932692307692307
0 0.5673076923076923 0.3629807692307692 0.039663461538461536 0.08533653846153846
0 0.8161057692307693 0.042067307692307696 0.12740384615384615 0.07091346153846154
0 0.6225961538461539 0.3641826923076923 0.06370192307692307 0.07572115384615384
0 0.8149038461538461 0.3918269230769231 0.16706730769230768 0.02403846153846154
0 0.6887019230769231 0.037259615384615384 0.11057692307692307 0.07451923076923077
0 0.5697115384615384 0.036057692307692304 0.09375 0.06850961538461539
0 0.41947115384615385 0.037259615384615384 0.1814903846153846 0.07091346153846154
0 0.22596153846153846 0.037259615384615384 0.16947115384615385 0.07091346153846154
0 0.0673076923076923 0.25 0.06850961538461539 0.08413461538461539
0 0.1466346153846154 0.2512019230769231 0.0673076923076923 0.07932692307692307
0 0.22596153846153846 0.2512019230769231 0.07451923076923077 0.08533653846153846
0 0.28846153846153844 0.25 0.04447115384615385 0.08413461538461539
0 0.35336538461538464 0.2512019230769231 0.0673076923076923 0.08173076923076923
0 0.43028846153846156 0.25 0.0733173076923077 0.08413461538461539
0 0.5084134615384616 0.2512019230769231 0.07211538461538461 0.08653846153846154
0 0.5673076923076923 0.2512019230769231 0.04567307692307692 0.08413461538461539
0 0.6322115384615384 0.2512019230769231 0.06971153846153846 0.0829326923076923
0 0.6959134615384616 0.24879807692307693 0.040865384615384616 0.07932692307692307
0 0.8112980769230769 0.28125 0.1778846153846154 0.02403846153846154
0 0.8088942307692307 0.2548076923076923 0.17307692307692307 0.025240384615384616
0 0.8173076923076923 0.3641826923076923 0.17668269230769232 0.018028846153846152
0 0.6887019230769231 0.3641826923076923 0.054086538461538464 0.07692307692307693
0 0.9507211538461539 0.6430288461538461 0.09735576923076923 0.020432692307692308
0 0.6298076923076923 0.9495192307692307 0.15504807692307693 0.019230769230769232
0 0.8497596153846154 0.7584134615384616 0.1778846153846154 0.021634615384615384
0 0.9278846153846154 0.8629807692307693 0.13942307692307693 0.019230769230769232
0 0.9326923076923077 0.9002403846153846 0.13341346153846154 0.02283653846153846
0 0.9326923076923077 0.9230769230769231 0.13341346153846154 0.025240384615384616
0 0.9326923076923077 0.9447115384615384 0.13341346153846154 0.020432692307692308
0 0.7848557692307693 0.9483173076923077 0.1502403846153846 0.014423076923076924
0 0.7860576923076923 0.9302884615384616 0.14783653846153846 0.020432692307692308
0 0.7860576923076923 0.9086538461538461 0.14783653846153846 0.016826923076923076
0 0.6262019230769231 0.9074519230769231 0.16346153846153846 0.020432692307692308
0 0.45552884615384615 0.90625 0.16947115384615385 0.016826923076923076
0 0.4579326923076923 0.9302884615384616 0.1658653846153846 0.021634615384615384
0 0.4543269230769231 0.953125 0.1622596153846154 0.016826923076923076
0 0.2932692307692308 0.953125 0.14783653846153846 0.016826923076923076
0 0.1346153846153846 0.9555288461538461 0.15985576923076922 0.01201923076923077
0 0.1346153846153846 0.9326923076923077 0.14783653846153846 0.015625
0 0.2956730769230769 0.9314903846153846 0.14783653846153846 0.020432692307692308
0 0.2932692307692308 0.9098557692307693 0.15625 0.020432692307692308
0 0.1346153846153846 0.9098557692307693 0.1466346153846154 0.020432692307692308
0 0.030048076923076924 0.9350961538461539 0.057692307692307696 0.04567307692307692
0 0.8545673076923077 0.78125 0.17908653846153846 0.020432692307692308
0 0.9254807692307693 0.8353365384615384 0.14423076923076922 0.021634615384615384
0 0.7644230769230769 0.8185096153846154 0.13942307692307693 0.016826923076923076
0 0.6262019230769231 0.9302884615384616 0.16466346153846154 0.019230769230769232
0 0.7776442307692307 0.8665865384615384 0.14783653846153846 0.015625
0 0.7740384615384616 0.84375 0.15144230769230768 0.020432692307692308
0 0.6730769230769231 0.7560096153846154 0.13221153846153846 0.021634615384615384
0 0.6814903846153846 0.78125 0.14783653846153846 0.020432692307692308
0 0.5288461538461539 0.7319711538461539 0.14903846153846154 0.019230769230769232
0 0.5168269230769231 0.7584134615384616 0.16466346153846154 0.02403846153846154
0 0.5192307692307693 0.7824519230769231 0.15264423076923078 0.015625
0 0.33052884615384615 0.765625 0.18269230769230768 0.054086538461538464
0 0.12139423076923077 0.8257211538461539 0.15504807692307693 0.02403846153846154
0 0.12259615384615384 0.8509615384615384 0.15504807692307693 0.015625
0 0.1346153846153846 0.8701923076923077 0.14783653846153846 0.015625
0 0.12139423076923077 0.7644230769230769 0.17668269230769232 0.06009615384615385
0 0.8449519230769231 0.734375 0.18509615384615385 0.020432692307692308
0 0.6189903846153846 0.8677884615384616 0.14543269230769232 0.020432692307692308
0 0.2932692307692308 0.8701923076923077 0.15384615384615385 0.020432692307692308
0 0.6141826923076923 0.8197115384615384 0.140625 0.018028846153846152
0 0.45552884615384615 0.8185096153846154 0.14423076923076922 0.020432692307692308
0 0.6141826923076923 0.8425480769230769 0.15264423076923078 0.02283653846153846
0 0.4579326923076923 0.84375 0.14903846153846154 0.020432692307692308
0 0.28966346153846156 0.8461538461538461 0.15384615384615385 0.021634615384615384
0 0.4519230769230769 0.8689903846153846 0.15384615384615385 0.02283653846153846