0 0.6394230769230769 0.8653846153846154 0.05889423076923077 0.02283653846153846
0 0.6394230769230769 0.8449519230769231 0.05889423076923077 0.018028846153846152
0 0.5793269230769231 0.84375 0.04927884615384615 0.055288461538461536
0 0.5252403846153846 0.8401442307692307 0.054086538461538464 0.08052884615384616
0 0.47115384615384615 0.8329326923076923 0.039663461538461536 0.07932692307692307
0 0.42788461538461536 0.8389423076923077 0.039663461538461536 0.06971153846153846
0 0.34134615384615385 0.8353365384615384 0.05889423076923077 0.09735576923076923
0 0.2800480769230769 0.828125 0.051682692307692304 0.0889423076923077
0 0.9230769230769231 0.6694711538461539 0.05048076923076923 0.08052884615384616
0 0.31850961538461536 0.020432692307692308 0.042067307692307696 0.039663461538461536
0 0.6610576923076923 0.02283653846153846 0.055288461538461536 0.040865384615384616
0 0.6069711538461539 0.021634615384615384 0.04326923076923077 0.042067307692307696
0 0.5625 0.02283653846153846 0.038461538461538464 0.04447115384615385
0 0.48677884615384615 0.02283653846153846 0.09495192307692307 0.04326923076923077
0 0.390625 0.02403846153846154 0.09615384615384616 0.039663461538461536
0 0.6935096153846154 0.8305288461538461 0.03485576923076923 0.078125
0 0.27524038461538464 0.021634615384615384 0.038461538461538464 0.037259615384615384
0 0.20673076923076922 0.021634615384615384 0.09735576923076923 0.038461538461538464
0 0.13581730769230768 0.020432692307692308 0.040865384615384616 0.037259615384615384
0 0.07692307692307693 0.020432692307692308 0.07091346153846154 0.038461538461538464
0 0.2247596153846154 0.8305288461538461 0.051682692307692304 0.08052884615384616
0 0.17668269230769232 0.8473557692307693 0.03125 0.06129807692307692
0 0.13581730769230768 0.8521634615384616 0.04326923076923077 0.055288461538461536
0 0.8401442307692307 0.02403846153846154 0.09975961538461539 0.04326923076923077
0 0.7379807692307693 0.8209134615384616 0.04807692307692308 0.09375
0 0.1658653846153846 0.140625 0.09375 0.06850961538461539
0 0.8557692307692307 0.8197115384615384 0.05048076923076923 0.09615384615384616
0 0.49038461538461536 0.27283653846153844 0.07091346153846154 0.056490384615384616
0 0.41225961538461536 0.2668269230769231 0.078125 0.06971153846153846
0 0.33052884615384615 0.26802884615384615 0.078125 0.06971153846153846
0 0.25600961538461536 0.23317307692307693 0.05889423076923077 0.04326923076923077
0 0.25240384615384615 0.2776442307692308 0.052884615384615384 0.042067307692307696
0 0.20192307692307693 0.2692307692307692 0.04326923076923077 0.06370192307692307
0 0.14903846153846154 0.2668269230769231 0.056490384615384616 0.05889423076923077
0 0.08413461538461539 0.2704326923076923 0.06129807692307692 0.056490384615384616
0 0.9627403846153846 0.15504807692307693 0.028846153846153848 0.05048076923076923
0 0.9074519230769231 0.13822115384615385 0.07211538461538461 0.08413461538461539
0 0.8413461538461539 0.13581730769230768 0.04927884615384615 0.08533653846153846
0 0.5685096153846154 0.265625 0.07572115384615384 0.06971153846153846
0 0.7800480769230769 0.13701923076923078 0.046875 0.0889423076923077
0 0.7307692307692307 0.13341346153846154 0.05048076923076923 0.09014423076923077
0 0.6225961538461539 0.14182692307692307 0.05048076923076923 0.0733173076923077
0 0.5721153846153846 0.1310096153846154 0.05048076923076923 0.09495192307692307
0 0.43149038461538464 0.14423076923076922 0.04447115384615385 0.06129807692307692
0 0.359375 0.14302884615384615 0.09375 0.06850961538461539
0 0.6322115384615384 0.265625 0.04326923076923077 0.06971153846153846
0 0.0625 0.1466346153846154 0.10096153846153846 0.056490384615384616
0 0.9302884615384616 0.02403846153846154 0.0733173076923077 0.046875
0 0.9555288461538461 0.8245192307692307 0.036057692307692304 0.08052884615384616
0 0.9098557692307693 0.828125 0.04807692307692308 0.08052884615384616
0 0.7980769230769231 0.8197115384615384 0.057692307692307696 0.09975961538461539
0 0.6766826923076923 0.13701923076923078 0.04807692307692308 0.08653846153846154
0 0.5997596153846154 0.3954326923076923 0.04927884615384615 0.07091346153846154
0 0.8221153846153846 0.6814903846153846 0.030048076923076924 0.05889423076923077
0 0.6418269230769231 0.5 0.046875 0.08533653846153846
0 0.7019230769230769 0.49038461538461536 0.07091346153846154 0.036057692307692304
0 0.7007211538461539 0.5276442307692307 0.0673076923076923 0.037259615384615384
0 0.8677884615384616 0.6790865384615384 0.057692307692307696 0.057692307692307696
0 0.06009615384615385 0.6009615384615384 0.08052884615384616 0.025240384615384616
0 0.06009615384615385 0.6262019230769231 0.08052884615384616 0.025240384615384616
0 0.12980769230769232 0.5973557692307693 0.055288461538461536 0.04927884615384615
0 0.1875 0.5961538461538461 0.054086538461538464 0.052884615384615384
0 0.546875 0.4254807692307692 0.04326923076923077 0.018028846153846152
0 0.5492788461538461 0.4074519230769231 0.04326923076923077 0.018028846153846152
0 0.546875 0.3894230769230769 0.04326923076923077 0.018028846153846152
0 0.5480769230769231 0.36899038461538464 0.04326923076923077 0.018028846153846152
0 0.49158653846153844 0.3858173076923077 0.057692307692307696 0.09014423076923077
0 0.4338942307692308 0.3918269230769231 0.056490384615384616 0.07932692307692307
0 0.3737980769230769 0.390625 0.05889423076923077 0.078125
0 0.5829326923076923 0.5108173076923077 0.0625 0.0733173076923077
0 0.5276442307692307 0.5096153846153846 0.037259615384615384 0.07211538461538461
0 0.47475961538461536 0.5060096153846154 0.05889423076923077 0.08173076923076923
0 0.4170673076923077 0.5096153846153846 0.054086538461538464 0.07572115384615384
0 0.65625 0.3894230769230769 0.051682692307692304 0.06610576923076923
0 0.7211538461538461 0.4026442307692308 0.0625 0.056490384615384616
0 0.796875 0.3942307692307692 0.06971153846153846 0.07451923076923077
0 0.8677884615384616 0.45072115384615385 0.0625 0.08052884615384616
0 0.9314903846153846 0.45552884615384615 0.06490384615384616 0.0673076923076923
0 0.921875 0.3942307692307692 0.07211538461538461 0.025240384615384616
0 0.9819711538461539 0.4519230769230769 0.03485576923076923 0.07451923076923077
0 0.3137019230769231 0.3870192307692308 0.052884615384615384 0.08653846153846154
0 0.8605769230769231 0.5625 0.0625 0.0673076923076923
0 0.04567307692307692 0.5300480769230769 0.09134615384615384 0.040865384615384616
0 0.04326923076923077 0.4891826923076923 0.08653846153846154 0.040865384615384616
0 0.11778846153846154 0.5096153846153846 0.055288461538461536 0.0733173076923077
0 0.17668269230769232 0.5108173076923077 0.056490384615384616 0.06490384615384616
0 0.24639423076923078 0.5 0.04927884615384615 0.07451923076923077
0 0.30408653846153844 0.5024038461538461 0.06370192307692307 0.08533653846153846
0 0.36177884615384615 0.5120192307692307 0.04807692307692308 0.06850961538461539
0 0.9387019230769231 0.5673076923076923 0.06971153846153846 0.0673076923076923
0 0.2608173076923077 0.3858173076923077 0.052884615384615384 0.08533653846153846
0 0.7776442307692307 0.5036057692307693 0.0733173076923077 0.0829326923076923
0 0.1466346153846154 0.390625 0.054086538461538464 0.08052884615384616
0 0.7848557692307693 0.5949519230769231 0.04326923076923077 0.052884615384615384
0 0.203125 0.390625 0.052884615384615384 0.07932692307692307
0 0.06850961538461539 0.7079326923076923 0.07692307692307693 0.04567307692307692
0 0.12860576923076922 0.6887019230769231 0.037259615384615384 0.051682692307692304
0 0.16706730769230768 0.6826923076923077 0.036057692307692304 0.06370192307692307
0 0.21995192307692307 0.6935096153846154 0.05889423076923077 0.042067307692307696
0 0.29086538461538464 0.6899038461538461 0.078125 0.04326923076923077
0 0.7259615384615384 0.5961538461538461 0.07451923076923077 0.051682692307692304
0 0.36538461538461536 0.6923076923076923 0.06490384615384616 0.040865384615384616
0 0.5 0.6887019230769231 0.06850961538461539 0.042067307692307696
0 0.5733173076923077 0.6911057692307693 0.07451923076923077 0.039663461538461536
0 0.6286057692307693 0.6862980769230769 0.03365384615384615 0.057692307692307696
0 0.6802884615384616 0.6899038461538461 0.06490384615384616 0.051682692307692304
0 0.7391826923076923 0.6802884615384616 0.04326923076923077 0.06850961538461539
0 0.7824519230769231 0.6814903846153846 0.038461538461538464 0.0625
0 0.8401442307692307 0.6358173076923077 0.042067307692307696 0.026442307692307692
0 0.4326923076923077 0.6899038461538461 0.05889423076923077 0.04807692307692308
0 0.6466346153846154 0.5889423076923077 0.06971153846153846 0.046875
0 0.056490384615384616 0.8461538461538461 0.11298076923076923 0.06009615384615385
0 0.5685096153846154 0.5853365384615384 0.078125 0.03125
0 0.35216346153846156 0.5973557692307693 0.05048076923076923 0.056490384615384616
0 0.296875 0.5973557692307693 0.054086538461538464 0.056490384615384616
0 0.24278846153846154 0.6009615384615384 0.05048076923076923 0.04326923076923077
0 0.9747596153846154 0.6742788461538461 0.04807692307692308 0.07451923076923077
0 0.6838942307692307 0.265625 0.05048076923076923 0.06850961538461539
0 0.7367788461538461 0.265625 0.04807692307692308 0.06971153846153846
0 0.40625 0.5985576923076923 0.05048076923076923 0.06009615384615385
0 0.5612980769230769 0.6153846153846154 0.06850961538461539 0.014423076923076924
0 0.8774038461538461 0.27524038461538464 0.05889423076923077 0.11899038461538461
0 0.7956730769230769 0.2536057692307692 0.07211538461538461 0.0889423076923077
0 0.9855769230769231 0.2764423076923077 0.027644230769230768 0.11057692307692307
0 0.013221153846153846 0.40625 0.026442307692307692 0.07451923076923077
0 0.04807692307692308 0.40384615384615385 0.03485576923076923 0.07211538461538461
0 0.09254807692307693 0.3918269230769231 0.054086538461538464 0.078125
0 0.46153846153846156 0.5985576923076923 0.052884615384615384 0.06009615384615385
0 0.5084134615384616 0.6045673076923077 0.03125 0.046875
0 0.9375 0.27524038461538464 0.0625 0.11778846153846154