0 0.2776442307692308 0.609375 0.020432692307692308 0.036057692307692304
0 0.3016826923076923 0.7295673076923077 0.016826923076923076 0.04927884615384615
0 0.44711538461538464 0.7019230769230769 0.037259615384615384 0.055288461538461536
0 0.25600961538461536 0.5961538461538461 0.019230769230769232 0.036057692307692304
0 0.2800480769230769 0.7115384615384616 0.020432692307692308 0.04927884615384615
0 0.59375 0.78125 0.055288461538461536 0.078125
0 0.3485576923076923 0.7632211538461539 0.025240384615384616 0.051682692307692304
0 0.5408653846153846 0.7512019230769231 0.042067307692307696 0.07091346153846154
0 0.3016826923076923 0.6177884615384616 0.019230769230769232 0.039663461538461536
0 0.6550480769230769 0.8269230769230769 0.057692307692307696 0.07211538461538461
0 0.7271634615384616 0.8581730769230769 0.07211538461538461 0.10576923076923077
0 0.8197115384615384 0.9026442307692307 0.08533653846153846 0.11298076923076923
0 0.6598557692307693 0.75 0.06009615384615385 0.08052884615384616
0 0.49759615384615385 0.6778846153846154 0.037259615384615384 0.03485576923076923
0 0.4579326923076923 0.6514423076923077 0.03485576923076923 0.042067307692307696
0 0.42427884615384615 0.6382211538461539 0.026442307692307692 0.046875
0 0.25841346153846156 0.6971153846153846 0.014423076923076924 0.042067307692307696
0 0.3245192307692308 0.6346153846153846 0.016826923076923076 0.042067307692307696
0 0.40865384615384615 0.8100961538461539 0.03125 0.06129807692307692
0 0.38221153846153844 0.6658653846153846 0.03245192307692308 0.042067307692307696
0 0.3894230769230769 0.6213942307692307 0.03365384615384615 0.05048076923076923
0 0.38461538461538464 0.7127403846153846 0.03125 0.04567307692307692
0 0.41466346153846156 0.7271634615384616 0.025240384615384616 0.04447115384615385
0 0.4483173076923077 0.7548076923076923 0.03365384615384615 0.04326923076923077
0 0.49158653846153844 0.7824519230769231 0.04567307692307692 0.04567307692307692
0 0.7091346153846154 0.9651442307692307 0.0673076923076923 0.06490384615384616
0 0.6418269230769231 0.9338942307692307 0.06129807692307692 0.09735576923076923
0 0.5841346153846154 0.8990384615384616 0.04807692307692308 0.10336538461538461
0 0.5336538461538461 0.8677884615384616 0.046875 0.10336538461538461
0 0.484375 0.8737980769230769 0.042067307692307696 0.07091346153846154
0 0.4423076923076923 0.8401442307692307 0.03365384615384615 0.06971153846153846
0 0.37740384615384615 0.7872596153846154 0.030048076923076924 0.06610576923076923
0 0.35216346153846156 0.6875 0.020432692307692308 0.038461538461538464
0 0.30288461538461536 0.6586538461538461 0.019230769230769232 0.036057692307692304
0 0.28125 0.6442307692307693 0.020432692307692308 0.028846153846153848
0 0.25600961538461536 0.6346153846153846 0.015625 0.030048076923076924
0 0.41586538461538464 0.6838942307692307 0.019230769230769232 0.042067307692307696
0 0.34975961538461536 0.6466346153846154 0.02403846153846154 0.038461538461538464
0 0.35216346153846156 0.6057692307692307 0.02403846153846154 0.039663461538461536
0 0.49278846153846156 0.7283653846153846 0.05048076923076923 0.05889423076923077
0 0.30288461538461536 0.5805288461538461 0.016826923076923076 0.03245192307692308
0 0.33774038461538464 0.20192307692307693 0.019230769230769232 0.11057692307692307
0 0.36177884615384615 0.19471153846153846 0.02283653846153846 0.12259615384615384
0 0.38822115384615385 0.18509615384615385 0.02403846153846154 0.12740384615384615
0 0.421875 0.1814903846153846 0.03245192307692308 0.13701923076923078
0 0.4579326923076923 0.171875 0.03485576923076923 0.14182692307692307
0 0.4963942307692308 0.16706730769230768 0.039663461538461536 0.1502403846153846
0 0.5408653846153846 0.15745192307692307 0.040865384615384616 0.15625
0 0.5925480769230769 0.15144230769230768 0.06129807692307692 0.16947115384615385
0 0.6598557692307693 0.14543269230769232 0.055288461538461536 0.16826923076923078
0 0.7716346153846154 0.11298076923076923 0.05889423076923077 0.19951923076923078
0 0.8485576923076923 0.1045673076923077 0.07451923076923077 0.19951923076923078
0 0.9290865384615384 0.09615384615384616 0.07932692307692307 0.19110576923076922
0 0.26322115384615385 0.42427884615384615 0.013221153846153846 0.03125
0 0.2620192307692308 0.45913461538461536 0.009615384615384616 0.03125
0 0.27403846153846156 0.46153846153846156 0.008413461538461538 0.030048076923076924
0 0.2800480769230769 0.43149038461538464 0.009615384615384616 0.03125
0 0.296875 0.4326923076923077 0.018028846153846152 0.036057692307692304
0 0.3173076923076923 0.203125 0.014423076923076924 0.11899038461538461
0 0.2956730769230769 0.20793269230769232 0.020432692307692308 0.1045673076923077
0 0.27163461538461536 0.21033653846153846 0.021634615384615384 0.09014423076923077
0 0.9098557692307693 0.3449519230769231 0.06971153846153846 0.22596153846153846
0 0.2704326923076923 0.33533653846153844 0.014423076923076924 0.10697115384615384
0 0.2860576923076923 0.33533653846153844 0.013221153846153846 0.10817307692307693
0 0.30408653846153844 0.33774038461538464 0.013221153846153846 0.11298076923076923
0 0.3245192307692308 0.33774038461538464 0.020432692307692308 0.11538461538461539
0 0.3449519230769231 0.33774038461538464 0.016826923076923076 0.11899038461538461
0 0.36658653846153844 0.33774038461538464 0.02283653846153846 0.125
0 0.3894230769230769 0.33653846153846156 0.015625 0.125
0 0.41225961538461536 0.33653846153846156 0.025240384615384616 0.12980769230769232
0 0.32572115384615385 0.5889423076923077 0.018028846153846152 0.04567307692307692
0 0.4423076923076923 0.33533653846153844 0.025240384615384616 0.14182692307692307
0 0.5 0.3389423076923077 0.028846153846153848 0.1466346153846154
0 0.5384615384615384 0.3389423076923077 0.028846153846153848 0.15144230769230768
0 0.5709134615384616 0.34134615384615385 0.028846153846153848 0.16826923076923078
0 0.6141826923076923 0.34134615384615385 0.054086538461538464 0.1778846153846154
0 0.6622596153846154 0.33774038461538464 0.036057692307692304 0.17668269230769232
0 0.7115384615384616 0.3389423076923077 0.052884615384615384 0.1875
0 0.765625 0.3317307692307692 0.04807692307692308 0.2091346153846154
0 0.8293269230769231 0.3389423076923077 0.06370192307692307 0.20793269230769232
0 0.47115384615384615 0.3401442307692308 0.02403846153846154 0.13822115384615385
0 0.28966346153846156 0.46634615384615385 0.01201923076923077 0.027644230769230768
0 0.3245192307692308 0.7451923076923077 0.020432692307692308 0.056490384615384616
0 0.4579326923076923 0.5036057692307693 0.02283653846153846 0.04447115384615385
0 0.3557692307692308 0.4423076923076923 0.01201923076923077 0.03485576923076923
0 0.3701923076923077 0.44711538461538464 0.009615384615384616 0.040865384615384616
0 0.3918269230769231 0.45072115384615385 0.018028846153846152 0.04447115384615385
0 0.40865384615384615 0.4543269230769231 0.009615384615384616 0.037259615384615384
0 0.4230769230769231 0.45552884615384615 0.013221153846153846 0.04326923076923077
0 0.3449519230769231 0.48197115384615385 0.008413461538461538 0.038461538461538464
0 0.3557692307692308 0.4831730769230769 0.010817307692307692 0.039663461538461536
0 0.37740384615384615 0.4891826923076923 0.015625 0.037259615384615384
0 0.3918269230769231 0.49278846153846156 0.009615384615384616 0.037259615384615384
0 0.4074519230769231 0.49399038461538464 0.01201923076923077 0.040865384615384616
0 0.4230769230769231 0.4963942307692308 0.010817307692307692 0.042067307692307696
0 0.4375 0.5024038461538461 0.014423076923076924 0.042067307692307696
0 0.3425480769230769 0.4411057692307692 0.008413461538461538 0.039663461538461536
0 0.30288461538461536 0.46875 0.008413461538461538 0.028846153846153848
0 0.4951923076923077 0.46153846153846156 0.02283653846153846 0.042067307692307696
0 0.4831730769230769 0.5048076923076923 0.015625 0.04326923076923077
0 0.5408653846153846 0.5072115384615384 0.04567307692307692 0.09975961538461539
0 0.6081730769230769 0.5204326923076923 0.07091346153846154 0.11177884615384616
0 0.6875 0.5408653846153846 0.07932692307692307 0.12620192307692307
0 0.7932692307692307 0.5637019230769231 0.0985576923076923 0.13341346153846154
0 0.8774038461538461 0.578125 0.05048076923076923 0.140625
0 0.7355769230769231 0.7163461538461539 0.07211538461538461 0.09495192307692307
0 0.8317307692307693 0.75 0.10216346153846154 0.11057692307692307
0 0.6141826923076923 0.6598557692307693 0.06610576923076923 0.08173076923076923
0 0.5504807692307693 0.6418269230769231 0.056490384615384616 0.07932692307692307
0 0.4963942307692308 0.6201923076923077 0.04326923076923077 0.07692307692307693
0 0.46033653846153844 0.46033653846153844 0.03245192307692308 0.037259615384615384
0 0.3245192307692308 0.47596153846153844 0.008413461538461538 0.03485576923076923
0 0.3161057692307692 0.47115384615384615 0.008413461538461538 0.03245192307692308
0 0.3245192307692308 0.4375 0.009615384615384616 0.037259615384615384
0 0.2776442307692308 0.5709134615384616 0.016826923076923076 0.037259615384615384
0 0.25721153846153844 0.5612980769230769 0.016826923076923076 0.03245192307692308
0 0.25961538461538464 0.5204326923076923 0.021634615384615384 0.04807692307692308
0 0.2848557692307692 0.5264423076923077 0.018028846153846152 0.04447115384615385
0 0.31490384615384615 0.4362980769230769 0.008413461538461538 0.036057692307692304
0 0.3088942307692308 0.5372596153846154 0.026442307692307692 0.05048076923076923
0 0.35336538461538464 0.5564903846153846 0.030048076923076924 0.051682692307692304
0 0.4014423076923077 0.5673076923076923 0.02403846153846154 0.05889423076923077
0 0.43149038461538464 0.5829326923076923 0.027644230769230768 0.06009615384615385
0 0.46153846153846156 0.5985576923076923 0.025240384615384616 0.0625