0 0.7103365384615384 0.31009615384615385 0.0625 0.06971153846153846
0 0.03245192307692308 0.0673076923076923 0.06490384615384616 0.0733173076923077
0 0.5817307692307693 0.5024038461538461 0.04326923076923077 0.07091346153846154
0 0.5228365384615384 0.5048076923076923 0.06971153846153846 0.0673076923076923
0 0.45552884615384615 0.5072115384615384 0.0625 0.06850961538461539
0 0.38822115384615385 0.5072115384615384 0.07091346153846154 0.06971153846153846
0 0.3245192307692308 0.5060096153846154 0.052884615384615384 0.07091346153846154
0 0.2620192307692308 0.5096153846153846 0.0625 0.06610576923076923
0 0.13701923076923078 0.5096153846153846 0.056490384615384616 0.06971153846153846
0 0.06850961538461539 0.5132211538461539 0.06850961538461539 0.06610576923076923
0 0.9579326923076923 0.4110576923076923 0.052884615384615384 0.06009615384615385
0 0.9002403846153846 0.40865384615384615 0.055288461538461536 0.07211538461538461
0 0.8365384615384616 0.4050480769230769 0.06129807692307692 0.06971153846153846
0 0.7764423076923077 0.40625 0.054086538461538464 0.07091346153846154
0 0.7163461538461539 0.40865384615384615 0.06129807692307692 0.07211538461538461
0 0.6514423076923077 0.4098557692307692 0.06490384615384616 0.06971153846153846
0 0.5829326923076923 0.4110576923076923 0.06490384615384616 0.06971153846153846
0 0.5132211538461539 0.4110576923076923 0.06370192307692307 0.06850961538461539
0 0.4483173076923077 0.4110576923076923 0.0625 0.06850961538461539
0 0.38100961538461536 0.41225961538461536 0.06850961538461539 0.06971153846153846
0 0.3125 0.41466346153846156 0.0673076923076923 0.06971153846153846
0 0.21153846153846154 0.41586538461538464 0.06370192307692307 0.07091346153846154
0 0.14423076923076922 0.41346153846153844 0.054086538461538464 0.07451923076923077
0 0.6370192307692307 0.5 0.06370192307692307 0.06850961538461539
0 0.07211538461538461 0.4182692307692308 0.055288461538461536 0.078125
0 0.7019230769230769 0.5 0.05889423076923077 0.06850961538461539
0 0.8293269230769231 0.4987980769230769 0.06009615384615385 0.06850961538461539
0 0.11057692307692307 0.8774038461538461 0.09014423076923077 0.06129807692307692
0 0.10096153846153846 0.8149038461538461 0.08173076923076923 0.06370192307692307
0 0.03125 0.8930288461538461 0.06129807692307692 0.054086538461538464
0 0.027644230769230768 0.8365384615384616 0.055288461538461536 0.054086538461538464
0 0.8473557692307693 0.6478365384615384 0.0829326923076923 0.078125
0 0.7512019230769231 0.65625 0.09134615384615384 0.07091346153846154
0 0.7560096153846154 0.5841346153846154 0.08774038461538461 0.0625
0 0.65625 0.6586538461538461 0.0889423076923077 0.06971153846153846
0 0.5600961538461539 0.6694711538461539 0.0889423076923077 0.06971153846153846
0 0.4675480769230769 0.671875 0.09375 0.06610576923076923
0 0.5612980769230769 0.6009615384615384 0.08774038461538461 0.06490384615384616
0 0.4675480769230769 0.6021634615384616 0.09615384615384616 0.0673076923076923
0 0.36658653846153844 0.6658653846153846 0.09014423076923077 0.0673076923076923
0 0.3629807692307692 0.59375 0.09254807692307693 0.06971153846153846
0 0.2692307692307692 0.6742788461538461 0.09375 0.07572115384615384
0 0.1658653846153846 0.6887019230769231 0.10096153846153846 0.06009615384615385
0 0.16706730769230768 0.6213942307692307 0.10336538461538461 0.05889423076923077
0 0.06610576923076923 0.6959134615384616 0.09375 0.05889423076923077
0 0.05889423076923077 0.6298076923076923 0.1045673076923077 0.06490384615384616
0 0.9567307692307693 0.5204326923076923 0.05048076923076923 0.078125
0 0.890625 0.4987980769230769 0.05889423076923077 0.06610576923076923
0 0.7668269230769231 0.5 0.0625 0.07211538461538461
0 0.20072115384615385 0.8161057692307693 0.08774038461538461 0.056490384615384616
0 0.9735576923076923 0.26802884615384615 0.05048076923076923 0.09495192307692307
0 0.7740384615384616 0.3088942307692308 0.056490384615384616 0.06971153846153846
0 0.7872596153846154 0.05889423076923077 0.06850961538461539 0.07692307692307693
0 0.7151442307692307 0.057692307692307696 0.06971153846153846 0.07692307692307693
0 0.6334134615384616 0.13221153846153846 0.06971153846153846 0.07692307692307693
0 0.6322115384615384 0.055288461538461536 0.06610576923076923 0.07572115384615384
0 0.5649038461538461 0.1346153846153846 0.054086538461538464 0.07091346153846154
0 0.5036057692307693 0.1346153846153846 0.0673076923076923 0.07572115384615384
0 0.5649038461538461 0.05889423076923077 0.05889423076923077 0.078125
0 0.49759615384615385 0.056490384615384616 0.06850961538461539 0.078125
0 0.43028846153846156 0.13581730769230768 0.0673076923076923 0.07211538461538461
0 0.35697115384615385 0.13701923076923078 0.07091346153846154 0.07211538461538461
0 0.4266826923076923 0.057692307692307696 0.06971153846153846 0.07572115384615384
0 0.3557692307692308 0.057692307692307696 0.0673076923076923 0.07692307692307693
0 0.2848557692307692 0.13221153846153846 0.06610576923076923 0.07692307692307693
0 0.2824519230769231 0.052884615384615384 0.06610576923076923 0.07572115384615384
0 0.21875 0.13221153846153846 0.05889423076923077 0.07572115384615384
0 0.21514423076923078 0.051682692307692304 0.06370192307692307 0.07692307692307693
0 0.15504807692307693 0.13221153846153846 0.06129807692307692 0.0733173076923077
0 0.15144230769230768 0.051682692307692304 0.06370192307692307 0.0829326923076923
0 0.09975961538461539 0.13701923076923078 0.046875 0.07692307692307693
0 0.09375 0.057692307692307696 0.046875 0.07572115384615384
0 0.03365384615384615 0.13822115384615385 0.0673076923076923 0.06370192307692307
0 0.7115384615384616 0.1346153846153846 0.06490384615384616 0.07451923076923077
0 0.8389423076923077 0.3088942307692308 0.06610576923076923 0.06850961538461539
0 0.7824519230769231 0.13581730769230768 0.06610576923076923 0.07211538461538461
0 0.8846153846153846 0.109375 0.042067307692307696 0.11778846153846154
0 0.8449519230769231 0.234375 0.06009615384615385 0.0733173076923077
0 0.78125 0.23677884615384615 0.06009615384615385 0.0733173076923077
0 0.7139423076923077 0.23557692307692307 0.06370192307692307 0.078125
0 0.640625 0.31009615384615385 0.06129807692307692 0.0673076923076923
0 0.6442307692307693 0.23677884615384615 0.06490384615384616 0.07451923076923077
0 0.5745192307692307 0.23798076923076922 0.06370192307692307 0.06971153846153846
0 0.5745192307692307 0.31009615384615385 0.06370192307692307 0.06971153846153846
0 0.5096153846153846 0.3112980769230769 0.06009615384615385 0.06971153846153846
0 0.5108173076923077 0.23918269230769232 0.05889423076923077 0.07091346153846154
0 0.43990384615384615 0.31009615384615385 0.0673076923076923 0.06971153846153846
0 0.43990384615384615 0.23798076923076922 0.07091346153846154 0.07451923076923077
0 0.3737980769230769 0.3112980769230769 0.06009615384615385 0.07211538461538461
0 0.3088942307692308 0.3112980769230769 0.0625 0.06971153846153846
0 0.3701923076923077 0.23798076923076922 0.06009615384615385 0.07572115384615384
0 0.3076923076923077 0.23677884615384615 0.06129807692307692 0.07451923076923077
0 0.23798076923076922 0.3088942307692308 0.0673076923076923 0.06850961538461539
0 0.23557692307692307 0.23557692307692307 0.06610576923076923 0.07451923076923077
0 0.07932692307692307 0.3161057692307692 0.0829326923076923 0.06971153846153846
0 0.07572115384615384 0.23798076923076922 0.07572115384615384 0.0733173076923077
0 0.96875 0.11057692307692307 0.039663461538461536 0.11778846153846154
0 0.9254807692307693 0.11298076923076923 0.03485576923076923 0.1201923076923077
0 0.8401442307692307 0.109375 0.03485576923076923 0.11778846153846154
0 0.20432692307692307 0.8786057692307693 0.0829326923076923 0.05889423076923077
0 0.9086538461538461 0.3076923076923077 0.06490384615384616 0.07091346153846154
0 0.296875 0.8737980769230769 0.08653846153846154 0.054086538461538464
0 0.3016826923076923 0.8149038461538461 0.09014423076923077 0.06009615384615385
0 0.9819711538461539 0.8341346153846154 0.03485576923076923 0.08173076923076923
0 0.9122596153846154 0.8413461538461539 0.07451923076923077 0.0733173076923077
0 0.7367788461538461 0.8521634615384616 0.07451923076923077 0.06610576923076923
0 0.8305288461538461 0.78125 0.08653846153846154 0.07211538461538461
0 0.7391826923076923 0.7824519230769231 0.08413461538461539 0.06850961538461539
0 0.6526442307692307 0.859375 0.08173076923076923 0.0625
0 0.8209134615384616 0.8509615384615384 0.08173076923076923 0.0625
0 0.4807692307692308 0.8677884615384616 0.08533653846153846 0.06129807692307692
0 0.6550480769230769 0.7932692307692307 0.08173076923076923 0.07091346153846154
0 0.5697115384615384 0.7920673076923077 0.0829326923076923 0.06490384615384616
0 0.48197115384615385 0.8004807692307693 0.09014423076923077 0.06610576923076923
0 0.3894230769230769 0.8725961538461539 0.08653846153846154 0.057692307692307696
0 0.390625 0.8064903846153846 0.08653846153846154 0.06129807692307692
0 0.5685096153846154 0.859375 0.07572115384615384 0.0625