0 0.39302884615384615 0.6165865384615384 0.14783653846153846 0.026442307692307692
0 0.22956730769230768 0.6165865384615384 0.16466346153846154 0.030048076923076924
0 0.8617788461538461 0.5348557692307693 0.05889423076923077 0.06971153846153846
0 0.9639423076923077 0.5324519230769231 0.04807692307692308 0.06490384615384616
0 0.9134615384615384 0.5336538461538461 0.039663461538461536 0.07211538461538461
0 0.7932692307692307 0.5360576923076923 0.04807692307692308 0.06971153846153846
0 0.057692307692307696 0.5913461538461539 0.11177884615384616 0.11658653846153846
0 0.53125 0.5913461538461539 0.0985576923076923 0.018028846153846152
0 0.7163461538461539 0.6262019230769231 0.08173076923076923 0.036057692307692304
0 0.6201923076923077 0.625 0.07932692307692307 0.039663461538461536
0 0.8028846153846154 0.625 0.08413461538461539 0.036057692307692304
0 0.8990384615384616 0.6225961538461539 0.0829326923076923 0.04567307692307692
0 0.040865384615384616 0.7091346153846154 0.06490384615384616 0.09495192307692307
0 0.15865384615384615 0.6850961538461539 0.057692307692307696 0.054086538461538464
0 0.23677884615384615 0.6995192307692307 0.0889423076923077 0.026442307692307692
0 0.6165865384615384 0.7680288461538461 0.018028846153846152 0.05048076923076923
0 0.5192307692307693 0.6213942307692307 0.09134615384615384 0.036057692307692304
0 0.6586538461538461 0.7692307692307693 0.04447115384615385 0.042067307692307696
0 0.2403846153846154 0.8389423076923077 0.04447115384615385 0.06490384615384616
0 0.7596153846153846 0.7692307692307693 0.04927884615384615 0.04447115384615385
0 0.6237980769230769 0.84375 0.016826923076923076 0.056490384615384616
0 0.6009615384615384 0.8425480769230769 0.020432692307692308 0.06009615384615385
0 0.5600961538461539 0.8509615384615384 0.04567307692307692 0.046875
0 0.5180288461538461 0.84375 0.030048076923076924 0.05889423076923077
0 0.484375 0.84375 0.030048076923076924 0.057692307692307696
0 0.4362980769230769 0.8401442307692307 0.05889423076923077 0.054086538461538464
0 0.3870192307692308 0.8413461538461539 0.036057692307692304 0.054086538461538464
0 0.3317307692307692 0.8365384615384616 0.0625 0.0673076923076923
0 0.28125 0.8389423076923077 0.03365384615384615 0.06490384615384616
0 0.3125 0.6899038461538461 0.055288461538461536 0.046875
0 0.1875 0.8485576923076923 0.038461538461538464 0.051682692307692304
0 0.13701923076923078 0.8305288461538461 0.052884615384615384 0.08052884615384616
0 0.07932692307692307 0.8245192307692307 0.056490384615384616 0.08533653846153846
0 0.025240384615384616 0.8221153846153846 0.04567307692307692 0.08653846153846154
0 0.9158653846153846 0.7776442307692307 0.07932692307692307 0.037259615384615384
0 0.8473557692307693 0.7764423076923077 0.04567307692307692 0.03365384615384615
0 0.8052884615384616 0.7728365384615384 0.03365384615384615 0.038461538461538464
0 0.7067307692307693 0.7680288461538461 0.04567307692307692 0.04326923076923077
0 0.3701923076923077 0.6959134615384616 0.04927884615384615 0.038461538461538464
0 0.1814903846153846 0.7548076923076923 0.0733173076923077 0.04807692307692308
0 0.5144230769230769 0.703125 0.07932692307692307 0.025240384615384616
0 0.32211538461538464 0.06610576923076923 0.08173076923076923 0.125
0 0.41586538461538464 0.06971153846153846 0.09735576923076923 0.12139423076923077
0 0.5108173076923077 0.06971153846153846 0.0889423076923077 0.12379807692307693
0 0.5997596153846154 0.0673076923076923 0.08774038461538461 0.12980769230769232
0 0.6754807692307693 0.09254807692307693 0.055288461538461536 0.08413461538461539
0 0.7331730769230769 0.07211538461538461 0.051682692307692304 0.12620192307692307
0 0.7860576923076923 0.07211538461538461 0.05048076923076923 0.13221153846153846
0 0.8473557692307693 0.07091346153846154 0.06129807692307692 0.13701923076923078
0 0.9206730769230769 0.06971153846153846 0.03245192307692308 0.13341346153846154
0 0.96875 0.06850961538461539 0.051682692307692304 0.1346153846153846
0 0.17067307692307693 0.21754807692307693 0.06971153846153846 0.06610576923076923
0 0.24278846153846154 0.21875 0.07211538461538461 0.06370192307692307
0 0.3173076923076923 0.20552884615384615 0.06850961538461539 0.04447115384615385
0 0.31971153846153844 0.24158653846153846 0.06490384615384616 0.025240384615384616
0 0.054086538461538464 0.23557692307692307 0.0985576923076923 0.0673076923076923
0 0.06129807692307692 0.28846153846153844 0.08653846153846154 0.038461538461538464
0 0.06009615384615385 0.3269230769230769 0.09495192307692307 0.03245192307692308
0 0.23798076923076922 0.07932692307692307 0.0625 0.10096153846153846
0 0.4362980769230769 0.6850961538461539 0.06610576923076923 0.05889423076923077
0 0.19230769230769232 0.0829326923076923 0.030048076923076924 0.09375
0 0.11538461538461539 0.06971153846153846 0.036057692307692304 0.11899038461538461
0 0.5889423076923077 0.7019230769230769 0.06490384615384616 0.027644230769230768
0 0.6490384615384616 0.6947115384615384 0.04927884615384615 0.042067307692307696
0 0.703125 0.6887019230769231 0.03485576923076923 0.04927884615384615
0 0.7475961538461539 0.6899038461538461 0.042067307692307696 0.046875
0 0.8245192307692307 0.7091346153846154 0.09375 0.030048076923076924
0 0.921875 0.7115384615384616 0.09254807692307693 0.03365384615384615
0 0.6598557692307693 0.8425480769230769 0.042067307692307696 0.054086538461538464
0 0.2668269230769231 0.7668269230769231 0.0733173076923077 0.038461538461538464
0 0.3233173076923077 0.7596153846153846 0.03485576923076923 0.05048076923076923
0 0.36778846153846156 0.7620192307692307 0.04567307692307692 0.028846153846153848
0 0.36899038461538464 0.7824519230769231 0.046875 0.010817307692307692
0 0.4206730769230769 0.7644230769230769 0.04927884615384615 0.051682692307692304
0 0.4831730769230769 0.7668269230769231 0.052884615384615384 0.04927884615384615
0 0.4170673076923077 0.24158653846153846 0.1141826923076923 0.028846153846153848
0 0.41586538461538464 0.2091346153846154 0.11177884615384616 0.030048076923076924
0 0.07091346153846154 0.46274038461538464 0.08774038461538461 0.03125
0 0.06971153846153846 0.42908653846153844 0.09134615384615384 0.036057692307692304
0 0.15264423076923078 0.07211538461538461 0.03365384615384615 0.11658653846153846
0 0.703125 0.8581730769230769 0.037259615384615384 0.038461538461538464
0 0.6129807692307693 0.23798076923076922 0.09975961538461539 0.040865384615384616
0 0.8076923076923077 0.8533653846153846 0.04567307692307692 0.037259615384615384
0 0.06971153846153846 0.49759615384615385 0.08533653846153846 0.03485576923076923
0 0.9627403846153846 0.4519230769230769 0.06971153846153846 0.052884615384615384
0 0.875 0.4567307692307692 0.07932692307692307 0.039663461538461536
0 0.78125 0.45072115384615385 0.08653846153846154 0.040865384615384616
0 0.7884615384615384 0.41586538461538464 0.0889423076923077 0.02403846153846154
0 0.6923076923076923 0.4266826923076923 0.0829326923076923 0.015625
0 0.6911057692307693 0.453125 0.08173076923076923 0.037259615384615384
0 0.13942307692307693 0.5336538461538461 0.04447115384615385 0.06009615384615385
0 0.6057692307692307 0.44591346153846156 0.07211538461538461 0.051682692307692304
0 0.44350961538461536 0.45072115384615385 0.07692307692307693 0.037259615384615384
0 0.35697115384615385 0.4495192307692308 0.078125 0.03485576923076923
0 0.21995192307692307 0.4483173076923077 0.10817307692307693 0.03365384615384615
0 0.9543269230769231 0.37259615384615385 0.08533653846153846 0.030048076923076924
0 0.9567307692307693 0.3401442307692308 0.08533653846153846 0.027644230769230768
0 0.8533653846153846 0.3713942307692308 0.10096153846153846 0.030048076923076924
0 0.84375 0.34134615384615385 0.0889423076923077 0.02283653846153846
0 0.5264423076923077 0.45072115384615385 0.07692307692307693 0.038461538461538464
0 0.18870192307692307 0.5348557692307693 0.04927884615384615 0.057692307692307696
0 0.25600961538461536 0.5384615384615384 0.07211538461538461 0.04927884615384615
0 0.3293269230769231 0.5276442307692307 0.057692307692307696 0.016826923076923076
0 0.7415865384615384 0.5360576923076923 0.051682692307692304 0.06490384615384616
0 0.6923076923076923 0.5396634615384616 0.038461538461538464 0.056490384615384616
0 0.6610576923076923 0.5420673076923077 0.025240384615384616 0.04326923076923077
0 0.6322115384615384 0.5420673076923077 0.027644230769230768 0.042067307692307696
0 0.6009615384615384 0.5360576923076923 0.025240384615384616 0.054086538461538464
0 0.5685096153846154 0.5372596153846154 0.028846153846153848 0.0625
0 0.515625 0.5228365384615384 0.04326923076923077 0.028846153846153848
0 0.5144230769230769 0.5504807692307693 0.04326923076923077 0.021634615384615384
0 0.4579326923076923 0.5432692307692307 0.0625 0.028846153846153848
0 0.32211538461538464 0.5612980769230769 0.055288461538461536 0.007211538461538462
0 0.38100961538461536 0.5612980769230769 0.0625 0.008413461538461538
0 0.0673076923076923 0.3918269230769231 0.0889423076923077 0.028846153846153848
0 0.38221153846153844 0.5504807692307693 0.056490384615384616 0.007211538461538462
0 0.3233173076923077 0.5516826923076923 0.05889423076923077 0.006009615384615385
0 0.3269230769230769 0.5420673076923077 0.0625 0.008413461538461538
0 0.38822115384615385 0.5408653846153846 0.05889423076923077 0.009615384615384616
0 0.3918269230769231 0.5300480769230769 0.05889423076923077 0.010817307692307692
0 0.8353365384615384 0.3137019230769231 0.10216346153846154 0.025240384615384616
0 0.7620192307692307 0.3581730769230769 0.07091346153846154 0.046875
0 0.6911057692307693 0.35697115384615385 0.0625 0.046875
0 0.6262019230769231 0.3581730769230769 0.06129807692307692 0.04807692307692308
0 0.8990384615384616 0.19951923076923078 0.09254807692307693 0.013221153846153846
0 0.9002403846153846 0.18509615384615385 0.09735576923076923 0.014423076923076924
0 0.9266826923076923 0.16947115384615385 0.09375 0.013221153846153846
0 0.8004807692307693 0.23918269230769232 0.0829326923076923 0.037259615384615384
0 0.7091346153846154 0.23557692307692307 0.08774038461538461 0.042067307692307696
0 0.8004807692307693 0.21394230769230768 0.08774038461538461 0.008413461538461538
0 0.7860576923076923 0.20072115384615385 0.0889423076923077 0.013221153846153846
0 0.6274038461538461 0.18629807692307693 0.0889423076923077 0.013221153846153846
0 0.6274038461538461 0.19831730769230768 0.08653846153846154 0.009615384615384616
0 0.6237980769230769 0.2091346153846154 0.08653846153846154 0.01201923076923077
0 0.515625 0.23557692307692307 0.08173076923076923 0.042067307692307696
0 0.5216346153846154 0.2091346153846154 0.09014423076923077 0.009615384615384616
0 0.5228365384615384 0.1971153846153846 0.09014423076923077 0.01201923076923077
0 0.051682692307692304 0.11298076923076923 0.09134615384615384 0.02403846153846154
0 0.04807692307692308 0.08653846153846154 0.0829326923076923 0.021634615384615384
0 0.046875 0.06610576923076923 0.08533653846153846 0.021634615384615384
0 0.8762019230769231 0.8846153846153846 0.078125 0.03125
0 0.8978365384615384 0.21394230769230768 0.09254807692307693 0.015625
0 0.7427884615384616 0.8569711538461539 0.03485576923076923 0.036057692307692304
0 0.8918269230769231 0.24158653846153846 0.08774038461538461 0.036057692307692304
0 0.16947115384615385 0.2920673076923077 0.054086538461538464 0.030048076923076924
0 0.5588942307692307 0.3641826923076923 0.06009615384615385 0.037259615384615384
0 0.484375 0.33774038461538464 0.04567307692307692 0.08413461538461539
0 0.4266826923076923 0.3137019230769231 0.030048076923076924 0.020432692307692308
0 0.4338942307692308 0.29447115384615385 0.03485576923076923 0.018028846153846152
0 0.43990384615384615 0.33533653846153844 0.03125 0.018028846153846152
0 0.4411057692307692 0.3545673076923077 0.03365384615384615 0.019230769230769232
0 0.4423076923076923 0.37259615384615385 0.03125 0.014423076923076924
0 0.4074519230769231 0.3545673076923077 0.026442307692307692 0.052884615384615384
0 0.375 0.35336538461538464 0.03245192307692308 0.051682692307692304
0 0.33653846153846156 0.37259615384615385 0.026442307692307692 0.014423076923076924
0 0.33774038461538464 0.3581730769230769 0.027644230769230768 0.013221153846153846
0 0.3389423076923077 0.3473557692307692 0.025240384615384616 0.01201923076923077
0 0.29447115384615385 0.29447115384615385 0.054086538461538464 0.03365384615384615
0 0.28725961538461536 0.34615384615384615 0.055288461538461536 0.06370192307692307
0 0.23197115384615385 0.34134615384615385 0.040865384615384616 0.06971153846153846
0 0.17067307692307693 0.359375 0.04807692307692308 0.036057692307692304
0 0.171875 0.3245192307692308 0.04927884615384615 0.03365384615384615
0 0.9675480769230769 0.2403846153846154 0.0625 0.03245192307692308
0 0.0625 0.3605769230769231 0.09615384615384616 0.03125
0 0.5877403846153846 0.7680288461538461 0.027644230769230768 0.04807692307692308
0 0.5432692307692307 0.7740384615384616 0.05048076923076923 0.03485576923076923