0 0.31490384615384615 0.7920673076923077 0.0673076923076923 0.02283653846153846
0 0.3112980769230769 0.8197115384615384 0.06490384615384616 0.03245192307692308
0 0.2439903846153846 0.7680288461538461 0.08052884615384616 0.030048076923076924
0 0.24158653846153846 0.7944711538461539 0.078125 0.019230769230769232
0 0.38822115384615385 0.7692307692307693 0.07932692307692307 0.025240384615384616
0 0.3858173076923077 0.796875 0.06610576923076923 0.02283653846153846
0 0.45552884615384615 0.7932692307692307 0.06610576923076923 0.027644230769230768
0 0.5192307692307693 0.8233173076923077 0.06370192307692307 0.027644230769230768
0 0.5240384615384616 0.7956730769230769 0.056490384615384616 0.028846153846153848
0 0.4495192307692308 0.8221153846153846 0.06971153846153846 0.028846153846153848
0 0.3798076923076923 0.8209134615384616 0.06971153846153846 0.027644230769230768
0 0.5697115384615384 0.6778846153846154 0.07211538461538461 0.02283653846153846
0 0.08413461538461539 0.8149038461538461 0.0625 0.040865384615384616
0 0.025240384615384616 0.7920673076923077 0.05048076923076923 0.05889423076923077
0 0.16346153846153846 0.7608173076923077 0.06850961538461539 0.03125
0 0.10096153846153846 0.7608173076923077 0.054086538461538464 0.030048076923076924
0 0.15745192307692307 0.8125 0.08413461538461539 0.038461538461538464
0 0.5180288461538461 0.7584134615384616 0.055288461538461536 0.026442307692307692
0 0.3786057692307692 0.7295673076923077 0.07211538461538461 0.025240384615384616
0 0.30528846153846156 0.7283653846153846 0.07692307692307693 0.030048076923076924
0 0.22716346153846154 0.7283653846153846 0.078125 0.03125
0 0.07932692307692307 0.6802884615384616 0.056490384615384616 0.04326923076923077
0 0.14423076923076922 0.6850961538461539 0.07091346153846154 0.04807692307692308
0 0.13221153846153846 0.7271634615384616 0.07932692307692307 0.03365384615384615
0 0.04927884615384615 0.7247596153846154 0.07211538461538461 0.03365384615384615
0 0.021634615384615384 0.6790865384615384 0.042067307692307696 0.052884615384615384
0 0.24278846153846154 0.8185096153846154 0.07451923076923077 0.03125
0 0.5889423076923077 0.8221153846153846 0.07091346153846154 0.027644230769230768
0 0.7572115384615384 0.8197115384615384 0.05048076923076923 0.036057692307692304
0 0.5901442307692307 0.7668269230769231 0.0733173076923077 0.030048076923076924
0 0.8569711538461539 0.7271634615384616 0.07211538461538461 0.03245192307692308
0 0.8485576923076923 0.6887019230769231 0.08413461538461539 0.03485576923076923
0 0.7560096153846154 0.6706730769230769 0.06370192307692307 0.04927884615384615
0 0.7728365384615384 0.7247596153846154 0.08533653846153846 0.038461538461538464
0 0.6826923076923077 0.6862980769230769 0.078125 0.037259615384615384
0 0.6814903846153846 0.7259615384615384 0.08173076923076923 0.040865384615384616
0 0.6009615384615384 0.7055288461538461 0.07451923076923077 0.030048076923076924
0 0.9483173076923077 0.6262019230769231 0.09615384615384616 0.039663461538461536
0 0.6033653846153846 0.734375 0.06971153846153846 0.027644230769230768
0 0.3076923076923077 0.703125 0.06850961538461539 0.02403846153846154
0 0.38221153846153844 0.703125 0.07932692307692307 0.026442307692307692
0 0.45913461538461536 0.7043269230769231 0.07451923076923077 0.025240384615384616
0 0.23317307692307693 0.6634615384615384 0.08052884615384616 0.027644230769230768
0 0.3112980769230769 0.6754807692307693 0.07211538461538461 0.028846153846153848
0 0.38822115384615385 0.6778846153846154 0.078125 0.02403846153846154
0 0.46153846153846156 0.6742788461538461 0.06610576923076923 0.02283653846153846
0 0.23076923076923078 0.7019230769230769 0.0829326923076923 0.027644230769230768
0 0.5949519230769231 0.7956730769230769 0.06971153846153846 0.02403846153846154
0 0.9543269230769231 0.5841346153846154 0.08653846153846154 0.04807692307692308
0 0.6081730769230769 0.5600961538461539 0.03485576923076923 0.027644230769230768
0 0.6538461538461539 0.8197115384615384 0.04927884615384615 0.03485576923076923
0 0.6550480769230769 0.78125 0.046875 0.039663461538461536
0 0.7055288461538461 0.8221153846153846 0.04927884615384615 0.03125
0 0.7055288461538461 0.7860576923076923 0.04807692307692308 0.039663461538461536
0 0.8076923076923077 0.8209134615384616 0.05048076923076923 0.039663461538461536
0 0.8581730769230769 0.8221153846153846 0.05048076923076923 0.038461538461538464
0 0.7584134615384616 0.7800480769230769 0.04807692307692308 0.04447115384615385
0 0.45552884615384615 0.7319711538461539 0.08173076923076923 0.027644230769230768
0 0.8076923076923077 0.7800480769230769 0.051682692307692304 0.04567307692307692
0 0.07692307692307693 0.18509615384615385 0.08052884615384616 0.03365384615384615
0 0.45552884615384615 0.7632211538461539 0.054086538461538464 0.02403846153846154
0 0.9435096153846154 0.6983173076923077 0.06850961538461539 0.07091346153846154
0 0.4519230769230769 0.4951923076923077 0.07932692307692307 0.027644230769230768
0 0.5336538461538461 0.6009615384615384 0.08413461538461539 0.03245192307692308
0 0.5480769230769231 0.5673076923076923 0.078125 0.03245192307692308
0 0.6033653846153846 0.59375 0.04927884615384615 0.026442307692307692
0 0.8617788461538461 0.7824519230769231 0.055288461538461536 0.040865384615384616
0 0.27163461538461536 0.4206730769230769 0.04927884615384615 0.040865384615384616
0 0.53125 0.7067307692307693 0.06610576923076923 0.027644230769230768
0 0.9627403846153846 0.2403846153846154 0.0625 0.052884615384615384
0 0.10576923076923077 0.29927884615384615 0.0625 0.04807692307692308
0 0.16947115384615385 0.2980769230769231 0.06490384615384616 0.04927884615384615
0 0.23677884615384615 0.30528846153846156 0.0625 0.030048076923076924
0 0.23677884615384615 0.27403846153846156 0.06490384615384616 0.03245192307692308
0 0.23317307692307693 0.2439903846153846 0.05889423076923077 0.030048076923076924
0 0.171875 0.24519230769230768 0.06129807692307692 0.03365384615384615
0 0.04567307692307692 0.24879807692307693 0.06610576923076923 0.05048076923076923
0 0.109375 0.24879807692307693 0.055288461538461536 0.05048076923076923
0 0.3317307692307692 0.30288461538461536 0.11658653846153846 0.027644230769230768
0 0.2704326923076923 0.5949519230769231 0.03125 0.04326923076923077
0 0.23197115384615385 0.59375 0.04567307692307692 0.038461538461538464
0 0.09615384615384616 0.5817307692307693 0.06971153846153846 0.04447115384615385
0 0.17067307692307693 0.59375 0.06971153846153846 0.036057692307692304
0 0.21033653846153846 0.6334134615384616 0.08052884615384616 0.03485576923076923
0 0.14302884615384615 0.6298076923076923 0.055288461538461536 0.037259615384615384
0 0.08413461538461539 0.625 0.0625 0.040865384615384616
0 0.026442307692307692 0.6262019230769231 0.052884615384615384 0.04567307692307692
0 0.9435096153846154 0.4735576923076923 0.06009615384615385 0.028846153846153848
0 0.953125 0.5132211538461539 0.08173076923076923 0.04927884615384615
0 0.8786057692307693 0.5 0.057692307692307696 0.0829326923076923
0 0.8161057692307693 0.4987980769230769 0.06610576923076923 0.07932692307692307
0 0.7463942307692307 0.5264423076923077 0.06370192307692307 0.027644230769230768
0 0.6802884615384616 0.5264423076923077 0.0625 0.027644230769230768
0 0.7451923076923077 0.484375 0.054086538461538464 0.046875
0 0.6850961538461539 0.48677884615384615 0.0625 0.05048076923076923
0 0.6346153846153846 0.4855769230769231 0.038461538461538464 0.052884615384615384
0 0.6177884615384616 0.5252403846153846 0.05048076923076923 0.025240384615384616
0 0.30528846153846156 0.6334134615384616 0.037259615384615384 0.03125
0 0.36538461538461536 0.6310096153846154 0.0829326923076923 0.028846153846153848
0 0.44471153846153844 0.6322115384615384 0.078125 0.026442307692307692
0 0.33533653846153844 0.6021634615384616 0.07692307692307693 0.027644230769230768
0 0.47115384615384615 0.13822115384615385 0.056490384615384616 0.03365384615384615
0 0.53125 0.140625 0.06009615384615385 0.030048076923076924
0 0.5865384615384616 0.13822115384615385 0.054086538461538464 0.030048076923076924
0 0.6502403846153846 0.16826923076923078 0.0625 0.051682692307692304
0 0.875 0.5841346153846154 0.06009615384615385 0.038461538461538464
0 0.8173076923076923 0.5841346153846154 0.055288461538461536 0.036057692307692304
0 0.7608173076923077 0.5853365384615384 0.056490384615384616 0.038461538461538464
0 0.7019230769230769 0.5733173076923077 0.04927884615384615 0.052884615384615384
0 0.6550480769230769 0.5721153846153846 0.04326923076923077 0.046875
0 0.8689903846153846 0.6225961538461539 0.052884615384615384 0.04326923076923077
0 0.8149038461538461 0.625 0.05048076923076923 0.038461538461538464
0 0.71875 0.17067307692307693 0.07451923076923077 0.055288461538461536
0 0.7992788461538461 0.16947115384615385 0.08533653846153846 0.057692307692307696
0 0.5709134615384616 0.4855769230769231 0.09134615384615384 0.03365384615384615
0 0.8810096153846154 0.16706730769230768 0.08052884615384616 0.054086538461538464
0 0.6490384615384616 0.11298076923076923 0.06370192307692307 0.054086538461538464
0 0.7175480769230769 0.11899038461538461 0.057692307692307696 0.040865384615384616
0 0.8052884615384616 0.11177884615384616 0.08533653846153846 0.04927884615384615
0 0.8870192307692307 0.10817307692307693 0.07572115384615384 0.055288461538461536
0 0.9603365384615384 0.109375 0.06610576923076923 0.052884615384615384
0 0.04326923076923077 0.3004807692307692 0.057692307692307696 0.04927884615384615
0 0.7620192307692307 0.6237980769230769 0.056490384615384616 0.037259615384615384
0 0.7091346153846154 0.6225961538461539 0.05048076923076923 0.042067307692307696
0 0.6574519230769231 0.6237980769230769 0.05048076923076923 0.04447115384615385
0 0.5973557692307693 0.6322115384615384 0.06971153846153846 0.027644230769230768
0 0.5240384615384616 0.6322115384615384 0.07572115384615384 0.027644230769230768
0 0.4338942307692308 0.5697115384615384 0.0829326923076923 0.025240384615384616
0 0.41346153846153844 0.6021634615384616 0.07451923076923077 0.030048076923076924
0 0.9567307692307693 0.16466346153846154 0.06490384615384616 0.057692307692307696
0 0.5384615384615384 0.5252403846153846 0.09375 0.03485576923076923
0 0.4543269230769231 0.5240384615384616 0.07451923076923077 0.03365384615384615
0 0.38221153846153844 0.4951923076923077 0.046875 0.027644230769230768
0 0.5625 0.3798076923076923 0.09375 0.040865384615384616
0 0.5673076923076923 0.4170673076923077 0.08533653846153846 0.03365384615384615
0 0.4795673076923077 0.41947115384615385 0.09014423076923077 0.03125
0 0.3870192307692308 0.4170673076923077 0.08774038461538461 0.030048076923076924
0 0.3004807692307692 0.3894230769230769 0.08533653846153846 0.020432692307692308
0 0.5300480769230769 0.7319711538461539 0.06370192307692307 0.027644230769230768
0 0.21033653846153846 0.4254807692307692 0.06850961538461539 0.026442307692307692
0 0.15625 0.40384615384615385 0.038461538461538464 0.06610576923076923
0 0.10576923076923077 0.4170673076923077 0.06610576923076923 0.039663461538461536
0 0.078125 0.3701923076923077 0.0625 0.04447115384615385
0 0.02283653846153846 0.3737980769230769 0.04567307692307692 0.040865384615384616
0 0.027644230769230768 0.4170673076923077 0.055288461538461536 0.040865384615384616
0 0.33052884615384615 0.27283653846153844 0.11778846153846154 0.03365384615384615
0 0.4675480769230769 0.3894230769230769 0.0829326923076923 0.021634615384615384
0 0.8930288461538461 0.2403846153846154 0.07692307692307693 0.054086538461538464
0 0.71875 0.24278846153846154 0.07451923076923077 0.04807692307692308
0 0.6502403846153846 0.24278846153846154 0.05889423076923077 0.04927884615384615
0 0.5721153846153846 0.23918269230769232 0.09014423076923077 0.046875
0 0.484375 0.2403846153846154 0.08533653846153846 0.04447115384615385
0 0.7980769230769231 0.29086538461538464 0.07932692307692307 0.051682692307692304
0 0.7199519230769231 0.29086538461538464 0.078125 0.05048076923076923
0 0.6478365384615384 0.29086538461538464 0.06490384615384616 0.052884615384615384
0 0.5733173076923077 0.2920673076923077 0.0829326923076923 0.04807692307692308
0 0.48677884615384615 0.29447115384615385 0.08653846153846154 0.051682692307692304
0 0.4266826923076923 0.24158653846153846 0.020432692307692308 0.030048076923076924
0 0.4050480769230769 0.2403846153846154 0.02283653846153846 0.03125
0 0.4110576923076923 0.27283653846153844 0.021634615384615384 0.03245192307692308
0 0.3293269230769231 0.24158653846153846 0.11778846153846154 0.030048076923076924
0 0.7884615384615384 0.24278846153846154 0.06850961538461539 0.046875
0 0.5877403846153846 0.17668269230769232 0.06009615384615385 0.037259615384615384
0 0.4723557692307692 0.36538461538461536 0.07572115384615384 0.02283653846153846
0 0.671875 0.4098557692307692 0.04447115384615385 0.046875
0 0.33774038461538464 0.4963942307692308 0.039663461538461536 0.03125
0 0.28846153846153844 0.5 0.046875 0.026442307692307692
0 0.2439903846153846 0.5012019230769231 0.042067307692307696 0.025240384615384616
0 0.20432692307692307 0.5012019230769231 0.03485576923076923 0.02283653846153846
0 0.16466346153846154 0.5024038461538461 0.042067307692307696 0.020432692307692308
0 0.3894230769230769 0.5264423076923077 0.039663461538461536 0.027644230769230768
0 0.34975961538461536 0.5288461538461539 0.04326923076923077 0.03245192307692308
0 0.30528846153846156 0.5300480769230769 0.04326923076923077 0.028846153846153848
0 0.2644230769230769 0.5324519230769231 0.039663461538461536 0.03125
0 0.22115384615384615 0.5288461538461539 0.039663461538461536 0.03485576923076923
0 0.18269230769230768 0.5288461538461539 0.036057692307692304 0.03245192307692308
0 0.4483173076923077 0.47716346153846156 0.08413461538461539 0.01201923076923077
0 0.3870192307692308 0.46634615384615385 0.03125 0.02403846153846154
0 0.6322115384615384 0.4098557692307692 0.036057692307692304 0.04567307692307692
0 0.35216346153846156 0.4651442307692308 0.039663461538461536 0.027644230769230768
0 0.21995192307692307 0.4735576923076923 0.055288461538461536 0.027644230769230768
0 0.17427884615384615 0.4699519230769231 0.040865384615384616 0.026442307692307692
0 0.11298076923076923 0.47596153846153844 0.078125 0.03365384615384615
0 0.09375 0.5216346153846154 0.09375 0.04807692307692308
0 0.02403846153846154 0.5192307692307693 0.046875 0.04326923076923077
0 0.9675480769230769 0.3557692307692308 0.06009615384615385 0.057692307692307696
0 0.9639423076923077 0.4074519230769231 0.06490384615384616 0.046875
0 0.8990384615384616 0.4170673076923077 0.040865384615384616 0.030048076923076924
0 0.8533653846153846 0.40384615384615385 0.046875 0.056490384615384616
0 0.8064903846153846 0.40384615384615385 0.046875 0.055288461538461536
0 0.671875 0.36177884615384615 0.038461538461538464 0.04927884615384615
0 0.6298076923076923 0.36177884615384615 0.028846153846153848 0.05048076923076923
0 0.7475961538461539 0.40625 0.06610576923076923 0.046875
0 0.2824519230769231 0.47596153846153844 0.046875 0.02283653846153846
0 0.4074519230769231 0.30528846153846156 0.02283653846153846 0.03365384615384615
0 0.42908653846153844 0.30288461538461536 0.020432692307692308 0.03125
0 0.22956730769230768 0.1502403846153846 0.04447115384615385 0.021634615384615384
0 0.2824519230769231 0.15384615384615385 0.04447115384615385 0.02283653846153846
0 0.3269230769230769 0.15625 0.03365384615384615 0.02403846153846154
0 0.3641826923076923 0.15144230769230768 0.03365384615384615 0.019230769230769232
0 0.40865384615384615 0.14543269230769232 0.054086538461538464 0.026442307692307692
0 0.41947115384615385 0.18269230769230768 0.04447115384615385 0.03485576923076923
0 0.5288461538461539 0.17668269230769232 0.057692307692307696 0.037259615384615384
0 0.47475961538461536 0.17908653846153846 0.05048076923076923 0.038461538461538464
0 0.3713942307692308 0.18028846153846154 0.04807692307692308 0.038461538461538464
0 0.32091346153846156 0.18509615384615385 0.04326923076923077 0.03125
0 0.17067307692307693 0.18269230769230768 0.1045673076923077 0.040865384615384616
0 0.26802884615384615 0.18389423076923078 0.06129807692307692 0.03365384615384615