0 0.2764423076923077 0.2920673076923077 0.05048076923076923 0.08413461538461539
0 0.7151442307692307 0.28365384615384615 0.052884615384615384 0.07451923076923077
0 0.3269230769230769 0.2920673076923077 0.05048076923076923 0.06850961538461539
0 0.3737980769230769 0.2932692307692308 0.036057692307692304 0.07091346153846154
0 0.4230769230769231 0.2848557692307692 0.057692307692307696 0.08173076923076923
0 0.53125 0.28125 0.06009615384615385 0.08774038461538461
0 0.5901442307692307 0.2764423076923077 0.057692307692307696 0.0889423076923077
0 0.6598557692307693 0.28725961538461536 0.04927884615384615 0.08173076923076923
0 0.7728365384615384 0.2548076923076923 0.055288461538461536 0.06370192307692307
0 0.6586538461538461 0.8269230769230769 0.030048076923076924 0.04326923076923077
0 0.7115384615384616 0.3942307692307692 0.04447115384615385 0.0829326923076923
0 0.65625 0.39663461538461536 0.04927884615384615 0.08052884615384616
0 0.6045673076923077 0.39783653846153844 0.046875 0.078125
0 0.5576923076923077 0.40024038461538464 0.046875 0.0733173076923077
0 0.5072115384615384 0.40024038461538464 0.04567307692307692 0.07211538461538461
0 0.45913461538461536 0.4050480769230769 0.04447115384615385 0.06850961538461539
0 0.40865384615384615 0.40865384615384615 0.04807692307692308 0.057692307692307696
0 0.23677884615384615 0.29927884615384615 0.02403846153846154 0.06971153846153846
0 0.7644230769230769 0.3954326923076923 0.04447115384615385 0.08413461538461539
0 0.20432692307692307 0.29927884615384615 0.028846153846153848 0.06971153846153846
0 0.5012019230769231 0.10096153846153846 0.06009615384615385 0.13341346153846154
0 0.10216346153846154 0.30408653846153844 0.051682692307692304 0.0625
0 0.7704326923076923 0.12259615384615384 0.037259615384615384 0.0625
0 0.7295673076923077 0.125 0.038461538461538464 0.06370192307692307
0 0.6838942307692307 0.12740384615384615 0.04567307692307692 0.06490384615384616
0 0.6286057692307693 0.13221153846153846 0.04567307692307692 0.0625
0 0.5685096153846154 0.09975961538461539 0.0625 0.13701923076923078
0 0.3581730769230769 0.4074519230769231 0.046875 0.05889423076923077
0 0.43990384615384615 0.11658653846153846 0.051682692307692304 0.11538461538461539
0 0.390625 0.12379807692307693 0.040865384615384616 0.10576923076923077
0 0.3473557692307692 0.12860576923076922 0.040865384615384616 0.0985576923076923
0 0.30649038461538464 0.140625 0.037259615384615384 0.08173076923076923
0 0.25841346153846156 0.1466346153846154 0.056490384615384616 0.06971153846153846
0 0.20072115384615385 0.12620192307692307 0.04326923076923077 0.11778846153846154
0 0.15144230769230768 0.13341346153846154 0.054086538461538464 0.11177884615384616
0 0.09735576923076923 0.13701923076923078 0.04807692307692308 0.11057692307692307
0 0.038461538461538464 0.11899038461538461 0.0673076923076923 0.15264423076923078
0 0.028846153846153848 0.24278846153846154 0.057692307692307696 0.052884615384615384
0 0.027644230769230768 0.30408653846153844 0.055288461538461536 0.05048076923076923
0 0.16826923076923078 0.29927884615384615 0.040865384615384616 0.06850961538461539
0 0.30649038461538464 0.40865384615384615 0.046875 0.056490384615384616
0 0.2644230769230769 0.40865384615384615 0.03365384615384615 0.05889423076923077
0 0.21754807692307693 0.4098557692307692 0.054086538461538464 0.06490384615384616
0 0.23317307692307693 0.6959134615384616 0.036057692307692304 0.05048076923076923
0 0.27403846153846156 0.6983173076923077 0.040865384615384616 0.05048076923076923
0 0.3173076923076923 0.7007211538461539 0.028846153846153848 0.054086538461538464
0 0.3557692307692308 0.7019230769230769 0.04447115384615385 0.06370192307692307
0 0.5060096153846154 0.7079326923076923 0.040865384615384616 0.052884615384615384
0 0.5564903846153846 0.7007211538461539 0.04447115384615385 0.04927884615384615
0 0.5997596153846154 0.7127403846153846 0.04807692307692308 0.052884615384615384
0 0.7067307692307693 0.7091346153846154 0.042067307692307696 0.04807692307692308
0 0.7548076923076923 0.7079326923076923 0.042067307692307696 0.025240384615384616
0 0.7536057692307693 0.8245192307692307 0.028846153846153848 0.042067307692307696
0 0.16346153846153846 0.8870192307692307 0.13822115384615385 0.08052884615384616
0 0.2644230769230769 0.8822115384615384 0.04807692307692308 0.10216346153846154
0 0.33653846153846156 0.8858173076923077 0.04807692307692308 0.10817307692307693
0 0.38341346153846156 0.9002403846153846 0.03125 0.11778846153846154
0 0.4375 0.9098557692307693 0.06850961538461539 0.10096153846153846
0 0.49399038461538464 0.921875 0.039663461538461536 0.09735576923076923
0 0.5516826923076923 0.9026442307692307 0.04567307692307692 0.15745192307692307
0 0.6237980769230769 0.8221153846153846 0.03365384615384615 0.04326923076923077
0 0.5961538461538461 0.8100961538461539 0.019230769230769232 0.03245192307692308
0 0.49399038461538464 0.8257211538461539 0.038461538461538464 0.0889423076923077
0 0.4495192307692308 0.8197115384615384 0.042067307692307696 0.08413461538461539
0 0.40625 0.8173076923076923 0.03125 0.052884615384615384
0 0.375 0.8137019230769231 0.027644230769230768 0.04927884615384615
0 0.19951923076923078 0.6814903846153846 0.027644230769230768 0.04447115384615385
0 0.35096153846153844 0.8028846153846154 0.018028846153846152 0.046875
0 0.27163461538461536 0.7884615384615384 0.02403846153846154 0.051682692307692304
0 0.22235576923076922 0.796875 0.03485576923076923 0.06129807692307692
0 0.17548076923076922 0.7956730769230769 0.03245192307692308 0.08052884615384616
0 0.056490384615384616 0.8497596153846154 0.11298076923076923 0.11658653846153846
0 0.6742788461538461 0.9290865384615384 0.07572115384615384 0.12379807692307693
0 0.6057692307692307 0.9158653846153846 0.06129807692307692 0.14182692307692307
0 0.3161057692307692 0.8028846153846154 0.027644230769230768 0.052884615384615384
0 0.6983173076923077 0.8401442307692307 0.036057692307692304 0.052884615384615384
0 0.15504807692307693 0.6850961538461539 0.04927884615384615 0.054086538461538464
0 0.01201923076923077 0.6262019230769231 0.02403846153846154 0.06971153846153846
0 0.03125 0.4182692307692308 0.039663461538461536 0.06009615384615385
0 0.042067307692307696 0.5036057692307693 0.08413461538461539 0.08774038461538461
0 0.15745192307692307 0.4951923076923077 0.038461538461538464 0.052884615384615384
0 0.1971153846153846 0.4951923076923077 0.03365384615384615 0.05048076923076923
0 0.23677884615384615 0.4987980769230769 0.039663461538461536 0.055288461538461536
0 0.27884615384615385 0.4987980769230769 0.039663461538461536 0.057692307692307696
0 0.3245192307692308 0.5024038461538461 0.036057692307692304 0.054086538461538464
0 0.36778846153846156 0.5024038461538461 0.042067307692307696 0.051682692307692304
0 0.41346153846153844 0.5048076923076923 0.038461538461538464 0.055288461538461536
0 0.4567307692307692 0.5096153846153846 0.040865384615384616 0.055288461538461536
0 0.5060096153846154 0.5048076923076923 0.040865384615384616 0.057692307692307696
0 0.5540865384615384 0.5072115384615384 0.04447115384615385 0.06009615384615385
0 0.6081730769230769 0.5096153846153846 0.04447115384615385 0.06129807692307692
0 0.6550480769230769 0.5084134615384616 0.04326923076923077 0.05889423076923077
0 0.7103365384615384 0.5072115384615384 0.046875 0.06370192307692307
0 0.7596153846153846 0.5084134615384616 0.04807692307692308 0.0625
0 0.7572115384615384 0.6105769230769231 0.04567307692307692 0.055288461538461536
0 0.04927884615384615 0.6298076923076923 0.04567307692307692 0.06971153846153846
0 0.15504807692307693 0.5769230769230769 0.025240384615384616 0.039663461538461536
0 0.19110576923076922 0.59375 0.04567307692307692 0.056490384615384616
0 0.23317307692307693 0.5913461538461539 0.020432692307692308 0.04567307692307692
0 0.26802884615384615 0.6009615384615384 0.04807692307692308 0.054086538461538464
0 0.3245192307692308 0.5961538461538461 0.046875 0.05048076923076923
0 0.055288461538461536 0.7271634615384616 0.11057692307692307 0.12860576923076922
0 0.37259615384615385 0.5997596153846154 0.039663461538461536 0.056490384615384616
0 0.4579326923076923 0.6021634615384616 0.039663461538461536 0.04927884615384615
0 0.5048076923076923 0.6057692307692307 0.051682692307692304 0.056490384615384616
0 0.5564903846153846 0.6033653846153846 0.036057692307692304 0.04927884615384615
0 0.5997596153846154 0.6141826923076923 0.046875 0.055288461538461536
0 0.6490384615384616 0.6117788461538461 0.04927884615384615 0.056490384615384616
0 0.7067307692307693 0.6069711538461539 0.04927884615384615 0.055288461538461536
0 0.41586538461538464 0.5985576923076923 0.038461538461538464 0.04927884615384615
0 0.6538461538461539 0.7091346153846154 0.04447115384615385 0.05048076923076923