0 0.37259615384615385 0.4951923076923077 0.03125 0.06370192307692307
0 0.14543269230769232 0.7091346153846154 0.028846153846153848 0.0673076923076923
0 0.4266826923076923 0.47475961538461536 0.028846153846153848 0.051682692307692304
0 0.4651442307692308 0.4987980769230769 0.03485576923076923 0.06009615384615385
0 0.49759615384615385 0.49399038461538464 0.02403846153846154 0.054086538461538464
0 0.5288461538461539 0.49759615384615385 0.03485576923076923 0.06009615384615385
0 0.1778846153846154 0.7007211538461539 0.037259615384615384 0.04927884615384615
0 0.6694711538461539 0.6057692307692307 0.04326923076923077 0.06009615384615385
0 0.6334134615384616 0.6045673076923077 0.030048076923076924 0.06129807692307692
0 0.5985576923076923 0.6057692307692307 0.037259615384615384 0.06370192307692307
0 0.5661057692307693 0.6045673076923077 0.03245192307692308 0.06610576923076923
0 0.5216346153846154 0.6045673076923077 0.056490384615384616 0.06490384615384616
0 0.4651442307692308 0.578125 0.02403846153846154 0.052884615384615384
0 0.4362980769230769 0.578125 0.03245192307692308 0.052884615384615384
0 0.36778846153846156 0.6069711538461539 0.04567307692307692 0.07451923076923077
0 0.3076923076923077 0.5961538461538461 0.03365384615384615 0.06610576923076923
0 0.25 0.609375 0.02283653846153846 0.0625
0 0.22235576923076922 0.6033653846153846 0.028846153846153848 0.07932692307692307
0 0.21634615384615385 0.7163461538461539 0.027644230769230768 0.06490384615384616
0 0.1935096153846154 0.5985576923076923 0.03125 0.06850961538461539
0 0.15745192307692307 0.6021634615384616 0.038461538461538464 0.06009615384615385
0 0.1201923076923077 0.6117788461538461 0.027644230769230768 0.06971153846153846
0 0.0889423076923077 0.6105769230769231 0.037259615384615384 0.07211538461538461
0 0.6754807692307693 0.484375 0.04326923076923077 0.0829326923076923
0 0.6189903846153846 0.47596153846153844 0.04326923076923077 0.07692307692307693
0 0.5612980769230769 0.453125 0.036057692307692304 0.025240384615384616
0 0.5649038461538461 0.4951923076923077 0.03485576923076923 0.054086538461538464
0 0.10817307692307693 0.7223557692307693 0.039663461538461536 0.057692307692307696
0 0.33413461538461536 0.5985576923076923 0.019230769230769232 0.06009615384615385
0 0.296875 0.7992788461538461 0.026442307692307692 0.06490384615384616
0 0.3425480769230769 0.7043269230769231 0.05889423076923077 0.06971153846153846
0 0.5973557692307693 0.8076923076923077 0.028846153846153848 0.0625
0 0.6237980769230769 0.8016826923076923 0.020432692307692308 0.042067307692307696
0 0.6586538461538461 0.8052884615384616 0.039663461538461536 0.07211538461538461
0 0.7115384615384616 0.7764423076923077 0.05048076923076923 0.07211538461538461
0 0.7632211538461539 0.7716346153846154 0.055288461538461536 0.054086538461538464
0 0.7223557692307693 0.47836538461538464 0.025240384615384616 0.056490384615384616
0 0.7632211538461539 0.4699519230769231 0.039663461538461536 0.07932692307692307
0 0.796875 0.4675480769230769 0.025240384615384616 0.08173076923076923
0 0.8329326923076923 0.4735576923076923 0.04447115384615385 0.06009615384615385
0 0.8870192307692307 0.4723557692307692 0.05048076923076923 0.06370192307692307
0 0.9314903846153846 0.46875 0.037259615384615384 0.06971153846153846
0 0.9747596153846154 0.4699519230769231 0.04927884615384615 0.06971153846153846
0 0.7247596153846154 0.5913461538461539 0.052884615384615384 0.055288461538461536
0 0.7740384615384616 0.5817307692307693 0.04447115384615385 0.0733173076923077
0 0.8329326923076923 0.5817307692307693 0.055288461538461536 0.05889423076923077
0 0.8786057692307693 0.578125 0.037259615384615384 0.0673076923076923
0 0.9122596153846154 0.5757211538461539 0.02403846153846154 0.0733173076923077
0 0.9459134615384616 0.5769230769230769 0.04447115384615385 0.07211538461538461
0 0.984375 0.5721153846153846 0.030048076923076924 0.07572115384615384
0 0.49278846153846156 0.7764423076923077 0.020432692307692308 0.038461538461538464
0 0.4675480769230769 0.7836538461538461 0.030048076923076924 0.051682692307692304
0 0.4375 0.7920673076923077 0.027644230769230768 0.055288461538461536
0 0.4074519230769231 0.7908653846153846 0.02403846153846154 0.052884615384615384
0 0.28846153846153844 0.7115384615384616 0.04927884615384615 0.03245192307692308
0 0.3918269230769231 0.7199519230769231 0.04447115384615385 0.046875
0 0.4543269230769231 0.703125 0.026442307692307692 0.06610576923076923
0 0.4831730769230769 0.7067307692307693 0.03245192307692308 0.06009615384615385
0 0.5661057692307693 0.6983173076923077 0.030048076923076924 0.0625
0 0.5985576923076923 0.6875 0.027644230769230768 0.057692307692307696
0 0.6899038461538461 0.6742788461538461 0.036057692307692304 0.052884615384615384
0 0.7307692307692307 0.671875 0.046875 0.057692307692307696
0 0.7800480769230769 0.6706730769230769 0.05048076923076923 0.056490384615384616
0 0.2403846153846154 0.7151442307692307 0.020432692307692308 0.06490384615384616
0 0.84375 0.6850961538461539 0.04447115384615385 0.05048076923076923
0 0.9290865384615384 0.6790865384615384 0.04927884615384615 0.06490384615384616
0 0.9759615384615384 0.6742788461538461 0.04326923076923077 0.07932692307692307
0 0.140625 0.8088942307692307 0.03485576923076923 0.07572115384615384
0 0.203125 0.8088942307692307 0.03245192307692308 0.08052884615384616
0 0.265625 0.8028846153846154 0.03245192307692308 0.07572115384615384
0 0.3317307692307692 0.4951923076923077 0.051682692307692304 0.06610576923076923
0 0.3233173076923077 0.8004807692307693 0.030048076923076924 0.06971153846153846
0 0.35216346153846156 0.8137019230769231 0.030048076923076924 0.06490384615384616
0 0.38100961538461536 0.7752403846153846 0.015625 0.02403846153846154
0 0.8870192307692307 0.6802884615384616 0.037259615384615384 0.055288461538461536
0 0.28966346153846156 0.5024038461538461 0.03245192307692308 0.055288461538461536
0 0.9783653846153846 0.3449519230769231 0.038461538461538464 0.08413461538461539
0 0.21634615384615385 0.4951923076923077 0.04326923076923077 0.0673076923076923
0 0.25600961538461536 0.4951923076923077 0.03365384615384615 0.07091346153846154
0 0.37259615384615385 0.16826923076923078 0.055288461538461536 0.11538461538461539
0 0.3245192307692308 0.17668269230769232 0.042067307692307696 0.09975961538461539
0 0.43149038461538464 0.16947115384615385 0.056490384615384616 0.11899038461538461
0 0.48197115384615385 0.15865384615384615 0.046875 0.14302884615384615
0 0.5697115384615384 0.16346153846153846 0.055288461538461536 0.1310096153846154
0 0.6262019230769231 0.16826923076923078 0.05889423076923077 0.12259615384615384
0 0.7548076923076923 0.17427884615384615 0.07211538461538461 0.12139423076923077
0 0.8197115384615384 0.17668269230769232 0.06129807692307692 0.11538461538461539
0 0.8858173076923077 0.17668269230769232 0.057692307692307696 0.11658653846153846
0 0.9375 0.16826923076923078 0.04567307692307692 0.13221153846153846
0 0.11899038461538461 0.33413461538461536 0.14302884615384615 0.09495192307692307
0 0.21634615384615385 0.3485576923076923 0.04927884615384615 0.07451923076923077
0 0.4110576923076923 0.33653846153846156 0.109375 0.0985576923076923
0 0.4963942307692308 0.3473557692307692 0.057692307692307696 0.07451923076923077
0 0.9831730769230769 0.1658653846153846 0.03245192307692308 0.13942307692307693
0 0.6081730769230769 0.34375 0.07091346153846154 0.07211538461538461
0 0.1814903846153846 0.5024038461538461 0.027644230769230768 0.054086538461538464
0 0.1502403846153846 0.49278846153846156 0.027644230769230768 0.056490384615384616
0 0.5504807692307693 0.3449519230769231 0.04807692307692308 0.07091346153846154
0 0.07211538461538461 0.4987980769230769 0.036057692307692304 0.06610576923076923
0 0.06971153846153846 0.1658653846153846 0.05048076923076923 0.13822115384615385
0 0.13341346153846154 0.15865384615384615 0.07451923076923077 0.15264423076923078
0 0.11298076923076923 0.4987980769230769 0.04326923076923077 0.0673076923076923
0 0.2512019230769231 0.17668269230769232 0.06490384615384616 0.11658653846153846
0 0.9314903846153846 0.3473557692307692 0.05048076923076923 0.0829326923076923
0 0.84375 0.3557692307692308 0.12620192307692307 0.06610576923076923
0 0.7451923076923077 0.35697115384615385 0.054086538461538464 0.0625
0 0.1935096153846154 0.15865384615384615 0.04927884615384615 0.15264423076923078
0 0.6862980769230769 0.3425480769230769 0.06490384615384616 0.09254807692307693