0 0.8942307692307693 0.6598557692307693 0.028846153846153848 0.03125
0 0.8557692307692307 0.6694711538461539 0.03365384615384615 0.030048076923076924
0 0.8173076923076923 0.6730769230769231 0.03245192307692308 0.040865384615384616
0 0.8966346153846154 0.6225961538461539 0.03125 0.027644230769230768
0 0.8581730769230769 0.6322115384615384 0.03365384615384615 0.03125
0 0.8197115384615384 0.6286057692307693 0.03245192307692308 0.03125
0 0.8978365384615384 0.5841346153846154 0.030048076923076924 0.03485576923076923
0 0.9314903846153846 0.6033653846153846 0.027644230769230768 0.03245192307692308
0 0.859375 0.5913461538461539 0.03485576923076923 0.03365384615384615
0 0.8197115384615384 0.5877403846153846 0.03365384615384615 0.03365384615384615
0 0.7319711538461539 0.6911057692307693 0.040865384615384616 0.052884615384615384
0 0.9302884615384616 0.6466346153846154 0.027644230769230768 0.039663461538461536
0 0.7752403846153846 0.6814903846153846 0.039663461538461536 0.05048076923076923
0 0.9639423076923077 0.5973557692307693 0.030048076923076924 0.027644230769230768
0 0.9639423076923077 0.6370192307692307 0.030048076923076924 0.037259615384615384
0 0.8125 0.7980769230769231 0.03485576923076923 0.038461538461538464
0 0.3786057692307692 0.9170673076923077 0.13942307692307693 0.0673076923076923
0 0.515625 0.8713942307692307 0.12259615384615384 0.06850961538461539
0 0.5901442307692307 0.8473557692307693 0.026442307692307692 0.08533653846153846
0 0.6466346153846154 0.828125 0.026442307692307692 0.08413461538461539
0 0.6189903846153846 0.8389423076923077 0.025240384615384616 0.08533653846153846
0 0.7259615384615384 0.7596153846153846 0.12980769230769232 0.04447115384615385
0 0.7295673076923077 0.8088942307692307 0.11778846153846154 0.04447115384615385
0 0.8149038461538461 0.7463942307692307 0.036057692307692304 0.03485576923076923
0 0.8509615384615384 0.7860576923076923 0.03365384615384615 0.03245192307692308
0 0.8918269230769231 0.7680288461538461 0.036057692307692304 0.04326923076923077
0 0.9350961538461539 0.7572115384615384 0.03485576923076923 0.040865384615384616
0 0.9326923076923077 0.7043269230769231 0.03365384615384615 0.038461538461538464
0 0.6850961538461539 0.703125 0.040865384615384616 0.052884615384615384
0 0.9735576923076923 0.7403846153846154 0.037259615384615384 0.04567307692307692
0 0.22355769230769232 0.9567307692307693 0.1502403846153846 0.06370192307692307
0 0.7788461538461539 0.6189903846153846 0.039663461538461536 0.055288461538461536
0 0.9495192307692307 0.4206730769230769 0.016826923076923076 0.06009615384615385
0 0.6814903846153846 0.6382211538461539 0.046875 0.057692307692307696
0 0.96875 0.24278846153846154 0.016826923076923076 0.0625
0 0.6165865384615384 0.46875 0.02283653846153846 0.08653846153846154
0 0.7391826923076923 0.4411057692307692 0.021634615384615384 0.07211538461538461
0 0.7680288461538461 0.4387019230769231 0.025240384615384616 0.06610576923076923
0 0.7956730769230769 0.43509615384615385 0.021634615384615384 0.0625
0 0.8197115384615384 0.43149038461538464 0.025240384615384616 0.0625
0 0.8473557692307693 0.4266826923076923 0.025240384615384616 0.0625
0 0.8774038461538461 0.421875 0.026442307692307692 0.05889423076923077
0 0.9038461538461539 0.4230769230769231 0.018028846153846152 0.06129807692307692
0 0.9266826923076923 0.4230769230769231 0.018028846153846152 0.06009615384615385
0 0.9675480769230769 0.4170673076923077 0.014423076923076924 0.057692307692307696
0 0.9891826923076923 0.41586538461538464 0.016826923076923076 0.0625
0 0.6526442307692307 0.46033653846153844 0.03245192307692308 0.046875
0 0.054086538461538464 0.6850961538461539 0.10817307692307693 0.13341346153846154
0 0.18028846153846154 0.6610576923076923 0.1141826923076923 0.12379807692307693
0 0.3004807692307692 0.6394230769230769 0.109375 0.11298076923076923
0 0.4110576923076923 0.6213942307692307 0.0889423076923077 0.10817307692307693
0 0.5961538461538461 0.7403846153846154 0.09254807692307693 0.0673076923076923
0 0.4855769230769231 0.7728365384615384 0.10697115384615384 0.07572115384615384
0 0.3701923076923077 0.7992788461538461 0.11298076923076923 0.0673076923076923
0 0.23197115384615385 0.8293269230769231 0.13701923076923078 0.07932692307692307
0 0.08052884615384616 0.8629807692307693 0.14302884615384615 0.10817307692307693
0 0.9783653846153846 0.49278846153846156 0.038461538461538464 0.057692307692307696
0 0.7319711538461539 0.6298076923076923 0.04326923076923077 0.054086538461538464
0 0.9362980769230769 0.5012019230769231 0.037259615384615384 0.06009615384615385
0 0.8413461538461539 0.5168269230769231 0.040865384615384616 0.055288461538461536
0 0.7872596153846154 0.5252403846153846 0.04807692307692308 0.06009615384615385
0 0.7319711538461539 0.5360576923076923 0.05048076923076923 0.056490384615384616
0 0.6730769230769231 0.5420673076923077 0.052884615384615384 0.06129807692307692
0 0.59375 0.5901442307692307 0.06850961538461539 0.10336538461538461
0 0.5024038461538461 0.6021634615384616 0.07932692307692307 0.10576923076923077
0 0.8882211538461539 0.5108173076923077 0.039663461538461536 0.054086538461538464
0 0.9891826923076923 0.24158653846153846 0.016826923076923076 0.06490384615384616
0 0.2956730769230769 0.38221153846153844 0.04326923076923077 0.09975961538461539
0 0.47115384615384615 0.4855769230769231 0.028846153846153848 0.09134615384615384
0 0.8449519230769231 0.33774038461538464 0.03245192307692308 0.06610576923076923
0 0.7992788461538461 0.34134615384615385 0.021634615384615384 0.06850961538461539
0 0.7704326923076923 0.3425480769230769 0.030048076923076924 0.07091346153846154
0 0.7379807692307693 0.34615384615384615 0.027644230769230768 0.06850961538461539
0 0.5504807692307693 0.3605769230769231 0.03485576923076923 0.08413461538461539
0 0.5048076923076923 0.36778846153846156 0.04567307692307692 0.08774038461538461
0 0.4639423076923077 0.3701923076923077 0.03365384615384615 0.08774038461538461
0 0.42427884615384615 0.3713942307692308 0.03365384615384615 0.08653846153846154
0 0.3870192307692308 0.3762019230769231 0.039663461538461536 0.09254807692307693
0 0.39302884615384615 0.4951923076923077 0.039663461538461536 0.09495192307692307
0 0.43509615384615385 0.4891826923076923 0.03245192307692308 0.09014423076923077
0 0.028846153846153848 0.07211538461538461 0.04927884615384615 0.12740384615384615
0 0.34375 0.3786057692307692 0.038461538461538464 0.09254807692307693
0 0.2127403846153846 0.24639423076923078 0.04927884615384615 0.09134615384615384
0 0.24639423076923078 0.38341346153846156 0.040865384615384616 0.09975961538461539
0 0.08413461538461539 0.07572115384615384 0.055288461538461536 0.12620192307692307
0 0.13942307692307693 0.07932692307692307 0.04567307692307692 0.1201923076923077
0 0.19230769230769232 0.08173076923076923 0.04807692307692308 0.11899038461538461
0 0.234375 0.09615384615384616 0.028846153846153848 0.09615384615384616
0 0.2764423076923077 0.0985576923076923 0.042067307692307696 0.09495192307692307
0 0.31850961538461536 0.10336538461538461 0.036057692307692304 0.09014423076923077
0 0.36177884615384615 0.1045673076923077 0.03365384615384615 0.0889423076923077
0 0.4014423076923077 0.10336538461538461 0.03365384615384615 0.09014423076923077
0 0.8737980769230769 0.33653846153846156 0.02283653846153846 0.06490384615384616
0 0.9014423076923077 0.33413461538461536 0.025240384615384616 0.0625
0 0.9266826923076923 0.33413461538461536 0.02283653846153846 0.0625
0 0.34975961538461536 0.5012019230769231 0.039663461538461536 0.09735576923076923
0 0.47716346153846156 0.24278846153846154 0.027644230769230768 0.09495192307692307
0 0.5108173076923077 0.2439903846153846 0.030048076923076924 0.08533653846153846
0 0.5673076923076923 0.24639423076923078 0.0673076923076923 0.07451923076923077
0 0.6117788461538461 0.23076923076923078 0.019230769230769232 0.030048076923076924
0 0.6502403846153846 0.2644230769230769 0.046875 0.08653846153846154
0 0.7247596153846154 0.23798076923076922 0.030048076923076924 0.08052884615384616
0 0.7524038461538461 0.24278846153846154 0.02283653846153846 0.07091346153846154
0 0.7764423076923077 0.24759615384615385 0.016826923076923076 0.06009615384615385
0 0.796875 0.24278846153846154 0.021634615384615384 0.06850961538461539
0 0.8209134615384616 0.23918269230769232 0.019230769230769232 0.0733173076923077
0 0.8449519230769231 0.24158653846153846 0.019230769230769232 0.0673076923076923
0 0.44591346153846156 0.10697115384615384 0.042067307692307696 0.09254807692307693
0 0.8677884615384616 0.24278846153846154 0.02403846153846154 0.0673076923076923
0 0.9290865384615384 0.23918269230769232 0.019230769230769232 0.06129807692307692
0 0.36177884615384615 0.24278846153846154 0.039663461538461536 0.09495192307692307
0 0.9627403846153846 0.3293269230769231 0.030048076923076924 0.06610576923076923
0 0.9903846153846154 0.328125 0.014423076923076924 0.06490384615384616
0 0.5985576923076923 0.3629807692307692 0.025240384615384616 0.06850961538461539
0 0.04326923076923077 0.5336538461538461 0.04447115384615385 0.11298076923076923
0 0.0985576923076923 0.5276442307692307 0.054086538461538464 0.10817307692307693
0 0.15745192307692307 0.5216346153846154 0.046875 0.10576923076923077
0 0.20673076923076922 0.515625 0.040865384615384616 0.1045673076923077
0 0.2548076923076923 0.5096153846153846 0.039663461538461536 0.1045673076923077
0 0.3004807692307692 0.5060096153846154 0.04447115384615385 0.09615384615384616
0 0.9026442307692307 0.24278846153846154 0.028846153846153848 0.06490384615384616
0 0.44471153846153844 0.24278846153846154 0.03365384615384615 0.09615384615384616
0 0.5985576923076923 0.11298076923076923 0.06009615384615385 0.08173076923076923
0 0.6766826923076923 0.1346153846153846 0.025240384615384616 0.07932692307692307
0 0.6370192307692307 0.33533653846153844 0.042067307692307696 0.021634615384615384
0 0.6478365384615384 0.3641826923076923 0.051682692307692304 0.021634615384615384
0 0.6538461538461539 0.3954326923076923 0.06009615384615385 0.021634615384615384
0 0.6790865384615384 0.42427884615384615 0.054086538461538464 0.021634615384615384
0 0.03245192307692308 0.39302884615384615 0.055288461538461536 0.109375
0 0.0889423076923077 0.3918269230769231 0.052884615384615384 0.10817307692307693
0 0.9507211538461539 0.2439903846153846 0.016826923076923076 0.0673076923076923
0 0.5444711538461539 0.47716346153846156 0.03485576923076923 0.08774038461538461
0 0.5853365384615384 0.47475961538461536 0.03245192307692308 0.08774038461538461
0 0.15985576923076922 0.24519230769230768 0.046875 0.09254807692307693
0 0.11057692307692307 0.24639423076923078 0.052884615384615384 0.09254807692307693
0 0.14302884615384615 0.3894230769230769 0.04807692307692308 0.10336538461538461
0 0.6454326923076923 0.13341346153846154 0.02403846153846154 0.08413461538461539
0 0.40625 0.24278846153846154 0.038461538461538464 0.09495192307692307
0 0.014423076923076924 0.24639423076923078 0.028846153846153848 0.10336538461538461
0 0.7091346153846154 0.13701923076923078 0.028846153846153848 0.07932692307692307
0 0.7379807692307693 0.13942307692307693 0.02283653846153846 0.07692307692307693
0 0.7644230769230769 0.13942307692307693 0.025240384615384616 0.07572115384615384
0 0.7944711538461539 0.140625 0.025240384615384616 0.0733173076923077
0 0.8449519230769231 0.14543269230769232 0.036057692307692304 0.07091346153846154
0 0.8774038461538461 0.1466346153846154 0.018028846153846152 0.06850961538461539
0 0.921875 0.15144230769230768 0.03245192307692308 0.06129807692307692
0 0.953125 0.15144230769230768 0.02283653846153846 0.0625
0 0.5060096153846154 0.4795673076923077 0.03365384615384615 0.0889423076923077
0 0.057692307692307696 0.24519230769230768 0.04447115384615385 0.09375
0 0.1971153846153846 0.3870192307692308 0.04807692307692308 0.09975961538461539