0 0.8689903846153846 0.2764423076923077 0.040865384615384616 0.09735576923076923
0 0.24879807692307693 0.6826923076923077 0.042067307692307696 0.057692307692307696
0 0.3798076923076923 0.4110576923076923 0.046875 0.0733173076923077
0 0.9543269230769231 0.2800480769230769 0.04567307692307692 0.09014423076923077
0 0.11538461538461539 0.4110576923076923 0.052884615384615384 0.07211538461538461
0 0.1658653846153846 0.4098557692307692 0.037259615384615384 0.07211538461538461
0 0.21514423076923078 0.40865384615384615 0.05048076923076923 0.07211538461538461
0 0.2692307692307692 0.4098557692307692 0.051682692307692304 0.0733173076923077
0 0.32211538461538464 0.4098557692307692 0.04326923076923077 0.07091346153846154
0 0.8221153846153846 0.2764423076923077 0.042067307692307696 0.09254807692307693
0 0.9122596153846154 0.2800480769230769 0.037259615384615384 0.08653846153846154
0 0.7788461538461539 0.28125 0.04326923076923077 0.0829326923076923
0 0.9495192307692307 0.09735576923076923 0.03485576923076923 0.08052884615384616
0 0.09375 0.10697115384615384 0.039663461538461536 0.08533653846153846
0 0.36658653846153844 0.2860576923076923 0.03485576923076923 0.08533653846153846
0 0.40865384615384615 0.2848557692307692 0.040865384615384616 0.08533653846153846
0 0.44711538461538464 0.2980769230769231 0.027644230769230768 0.057692307692307696
0 0.4951923076923077 0.3016826923076923 0.055288461538461536 0.055288461538461536
0 0.5552884615384616 0.3004807692307692 0.052884615384615384 0.04927884615384615
0 0.6033653846153846 0.296875 0.039663461538461536 0.057692307692307696
0 0.6875 0.2800480769230769 0.04927884615384615 0.09014423076923077
0 0.22956730769230768 0.2860576923076923 0.037259615384615384 0.08653846153846154
0 0.1875 0.2860576923076923 0.042067307692307696 0.08774038461538461
0 0.13942307692307693 0.2824519230769231 0.04807692307692308 0.09495192307692307
0 0.08774038461538461 0.28125 0.04447115384615385 0.09735576923076923
0 0.984375 0.1141826923076923 0.030048076923076924 0.052884615384615384
0 0.4362980769230769 0.40865384615384615 0.04447115384615385 0.07091346153846154
0 0.9038461538461539 0.10096153846153846 0.04567307692307692 0.078125
0 0.8425480769230769 0.09975961538461539 0.06370192307692307 0.08173076923076923
0 0.421875 0.1045673076923077 0.06370192307692307 0.08533653846153846
0 0.3557692307692308 0.10216346153846154 0.06009615384615385 0.08052884615384616
0 0.1875 0.10096153846153846 0.055288461538461536 0.0889423076923077
0 0.13581730769230768 0.10216346153846154 0.04326923076923077 0.08774038461538461
0 0.7355769230769231 0.2824519230769231 0.038461538461538464 0.08653846153846154
0 0.49278846153846156 0.40384615384615385 0.051682692307692304 0.0829326923076923
0 0.9723557692307693 0.4891826923076923 0.054086538461538464 0.09735576923076923
0 0.5925480769230769 0.41225961538461536 0.038461538461538464 0.06490384615384616
0 0.8269230769230769 0.5240384615384616 0.03365384615384615 0.027644230769230768
0 0.921875 0.4987980769230769 0.039663461538461536 0.0673076923076923
0 0.11899038461538461 0.5961538461538461 0.042067307692307696 0.06971153846153846
0 0.16346153846153846 0.5949519230769231 0.036057692307692304 0.07091346153846154
0 0.2091346153846154 0.5949519230769231 0.04326923076923077 0.06850961538461539
0 0.2548076923076923 0.5949519230769231 0.040865384615384616 0.0673076923076923
0 0.29927884615384615 0.5961538461538461 0.040865384615384616 0.07091346153846154
0 0.5721153846153846 0.5961538461538461 0.040865384615384616 0.06129807692307692
0 0.6189903846153846 0.59375 0.039663461538461536 0.06610576923076923
0 0.6634615384615384 0.5925480769230769 0.038461538461538464 0.06610576923076923
0 0.7067307692307693 0.59375 0.040865384615384616 0.06490384615384616
0 0.7512019230769231 0.59375 0.039663461538461536 0.06490384615384616
0 0.7956730769230769 0.5961538461538461 0.04326923076923077 0.06850961538461539
0 0.8413461538461539 0.5961538461538461 0.037259615384615384 0.07091346153846154
0 0.8858173076923077 0.5961538461538461 0.040865384615384616 0.0673076923076923
0 0.9242788461538461 0.5853365384615384 0.027644230769230768 0.04567307692307692
0 0.11778846153846154 0.6826923076923077 0.04447115384615385 0.06129807692307692
0 0.04447115384615385 0.7596153846153846 0.038461538461538464 0.030048076923076924
0 0.16346153846153846 0.6826923076923077 0.040865384615384616 0.06370192307692307
0 0.7788461538461539 0.5024038461538461 0.052884615384615384 0.07091346153846154
0 0.5456730769230769 0.4182692307692308 0.04326923076923077 0.05048076923076923
0 0.7247596153846154 0.5012019230769231 0.04567307692307692 0.07091346153846154
0 0.6105769230769231 0.5048076923076923 0.05889423076923077 0.07211538461538461
0 0.640625 0.4074519230769231 0.05048076923076923 0.06971153846153846
0 0.6935096153846154 0.40384615384615385 0.039663461538461536 0.08533653846153846
0 0.7463942307692307 0.40024038461538464 0.046875 0.08774038461538461
0 0.7980769230769231 0.40024038461538464 0.04447115384615385 0.08173076923076923
0 0.84375 0.4014423076923077 0.040865384615384616 0.030048076923076924
0 0.8473557692307693 0.43028846153846156 0.04927884615384615 0.025240384615384616
0 0.8990384615384616 0.40625 0.04447115384615385 0.0625
0 0.9555288461538461 0.41466346153846156 0.051682692307692304 0.04807692307692308
0 0.9699519230769231 0.5853365384615384 0.05889423076923077 0.04807692307692308
0 0.9543269230769231 0.6550480769230769 0.055288461538461536 0.0889423076923077
0 0.9302884615384616 0.7403846153846154 0.051682692307692304 0.039663461538461536
0 0.12379807692307693 0.5024038461538461 0.056490384615384616 0.06971153846153846
0 0.18870192307692307 0.5024038461538461 0.057692307692307696 0.07451923076923077
0 0.24759615384615385 0.5024038461538461 0.04326923076923077 0.06971153846153846
0 0.31490384615384615 0.5036057692307693 0.052884615384615384 0.07211538461538461
0 0.375 0.5012019230769231 0.04927884615384615 0.07211538461538461
0 0.43149038461538464 0.5 0.057692307692307696 0.07211538461538461
0 0.49278846153846156 0.5012019230769231 0.051682692307692304 0.07211538461538461
0 0.5504807692307693 0.5012019230769231 0.056490384615384616 0.06971153846153846
0 0.6682692307692307 0.5024038461538461 0.04567307692307692 0.06971153846153846
0 0.8569711538461539 0.5192307692307693 0.020432692307692308 0.02403846153846154
0 0.20432692307692307 0.6826923076923077 0.03485576923076923 0.0625
0 0.8052884615384616 0.8545673076923077 0.054086538461538464 0.0673076923076923
0 0.2956730769230769 0.6838942307692307 0.040865384615384616 0.0625
0 0.3401442307692308 0.6838942307692307 0.039663461538461536 0.0625
0 0.3798076923076923 0.6838942307692307 0.036057692307692304 0.06610576923076923
0 0.5120192307692307 0.6826923076923077 0.038461538461538464 0.06490384615384616
0 0.3233173076923077 0.28365384615384615 0.037259615384615384 0.0889423076923077
0 0.5564903846153846 0.6814903846153846 0.042067307692307696 0.06129807692307692
0 0.5997596153846154 0.6814903846153846 0.037259615384615384 0.0625
0 0.640625 0.6838942307692307 0.037259615384615384 0.0625
0 0.6862980769230769 0.6838942307692307 0.046875 0.0625
0 0.7776442307692307 0.6826923076923077 0.042067307692307696 0.06610576923076923
0 0.8233173076923077 0.6814903846153846 0.039663461538461536 0.06610576923076923
0 0.8677884615384616 0.6850961538461539 0.038461538461538464 0.06490384615384616
0 0.9050480769230769 0.6850961538461539 0.026442307692307692 0.06490384615384616
0 0.2764423076923077 0.28125 0.04927884615384615 0.09495192307692307
0 0.5384615384615384 0.7680288461538461 0.04927884615384615 0.06009615384615385
0 0.2548076923076923 0.7692307692307693 0.054086538461538464 0.06009615384615385
0 0.13942307692307693 0.8545673076923077 0.057692307692307696 0.06490384615384616
0 0.3173076923076923 0.8533653846153846 0.04927884615384615 0.0673076923076923
0 0.3713942307692308 0.8521634615384616 0.052884615384615384 0.06850961538461539
0 0.43149038461538464 0.8533653846153846 0.04927884615384615 0.0673076923076923
0 0.9326923076923077 0.78125 0.05048076923076923 0.038461538461538464
0 0.9819711538461539 0.7668269230769231 0.03365384615384615 0.04927884615384615
0 0.8197115384615384 0.7668269230769231 0.054086538461538464 0.0625
0 0.7620192307692307 0.7668269230769231 0.04927884615384615 0.06009615384615385
0 0.7079326923076923 0.765625 0.04807692307692308 0.0625
0 0.6502403846153846 0.765625 0.05048076923076923 0.0625
0 0.5925480769230769 0.7680288461538461 0.051682692307692304 0.06009615384615385
0 0.8762019230769231 0.7680288461538461 0.04807692307692308 0.0625