0 0.5949519230769231 0.8305288461538461 0.038461538461538464 0.1141826923076923
0 0.6766826923076923 0.8317307692307693 0.036057692307692304 0.11538461538461539
0 0.7151442307692307 0.8317307692307693 0.040865384615384616 0.11298076923076923
0 0.7560096153846154 0.8365384615384616 0.039663461538461536 0.11778846153846154
0 0.7944711538461539 0.8353365384615384 0.038461538461538464 0.1201923076923077
0 0.8365384615384616 0.8365384615384616 0.04447115384615385 0.11778846153846154
0 0.875 0.8341346153846154 0.03365384615384615 0.12259615384615384
0 0.5204326923076923 0.6875 0.038461538461538464 0.10096153846153846
0 0.5612980769230769 0.6971153846153846 0.036057692307692304 0.11899038461538461
0 0.5973557692307693 0.6971153846153846 0.037259615384615384 0.12259615384615384
0 0.6382211538461539 0.6947115384615384 0.03365384615384615 0.1310096153846154
0 0.03365384615384615 0.3088942307692308 0.05048076923076923 0.05048076923076923
0 0.08052884615384616 0.31009615384615385 0.04447115384615385 0.05048076923076923
0 0.12620192307692307 0.31009615384615385 0.04567307692307692 0.05048076923076923
0 0.28966346153846156 0.5564903846153846 0.04567307692307692 0.04927884615384615
0 0.33653846153846156 0.5552884615384616 0.042067307692307696 0.04927884615384615
0 0.2920673076923077 0.6069711538461539 0.039663461538461536 0.04567307692307692
0 0.33653846153846156 0.6081730769230769 0.046875 0.04567307692307692
0 0.29447115384615385 0.6598557692307693 0.04447115384615385 0.040865384615384616
0 0.34134615384615385 0.6598557692307693 0.04326923076923077 0.040865384615384616
0 0.6322115384615384 0.8257211538461539 0.03485576923076923 0.1201923076923077
0 0.2920673076923077 0.7091346153846154 0.038461538461538464 0.04326923076923077
0 0.1658653846153846 0.25 0.06370192307692307 0.05889423076923077
0 0.5180288461538461 0.8161057692307693 0.037259615384615384 0.11538461538461539
0 0.4735576923076923 0.8653846153846154 0.036057692307692304 0.04447115384615385
0 0.32091346153846156 0.12259615384615384 0.054086538461538464 0.06370192307692307
0 0.2692307692307692 0.18990384615384615 0.04807692307692308 0.05889423076923077
0 0.32211538461538464 0.19230769230769232 0.04567307692307692 0.055288461538461536
0 0.27163461538461536 0.25240384615384615 0.04567307692307692 0.056490384615384616
0 0.3233173076923077 0.25721153846153844 0.039663461538461536 0.06009615384615385
0 0.27524038461538464 0.3137019230769231 0.04326923076923077 0.06009615384615385
0 0.0829326923076923 0.3713942307692308 0.04807692307692308 0.05048076923076923
0 0.2776442307692308 0.3786057692307692 0.042067307692307696 0.06490384615384616
0 0.3317307692307692 0.38461538461538464 0.042067307692307696 0.057692307692307696
0 0.2860576923076923 0.4387019230769231 0.04326923076923077 0.04807692307692308
0 0.3329326923076923 0.4411057692307692 0.04567307692307692 0.054086538461538464
0 0.2860576923076923 0.49759615384615385 0.04326923076923077 0.055288461538461536
0 0.33052884615384615 0.4987980769230769 0.039663461538461536 0.057692307692307696
0 0.07451923076923077 0.24519230769230768 0.05048076923076923 0.07091346153846154
0 0.11899038461538461 0.2439903846153846 0.03245192307692308 0.06610576923076923
0 0.7199519230769231 0.6598557692307693 0.040865384615384616 0.04567307692307692
0 0.7175480769230769 0.609375 0.05048076923076923 0.04447115384615385
0 0.7199519230769231 0.5372596153846154 0.046875 0.078125
0 0.5552884615384616 0.8197115384615384 0.036057692307692304 0.10817307692307693
0 0.4338942307692308 0.8665865384615384 0.04326923076923077 0.046875
0 0.3389423076923077 0.7115384615384616 0.04326923076923077 0.03485576923076923
0 0.34134615384615385 0.7596153846153846 0.042067307692307696 0.038461538461538464
0 0.03485576923076923 0.8545673076923077 0.03365384615384615 0.042067307692307696
0 0.03245192307692308 0.8088942307692307 0.036057692307692304 0.040865384615384616
0 0.02283653846153846 0.7512019230769231 0.040865384615384616 0.04927884615384615
0 0.15384615384615385 0.6538461538461539 0.04807692307692308 0.04927884615384615
0 0.10697115384615384 0.6514423076923077 0.042067307692307696 0.04567307692307692
0 0.0625 0.6514423076923077 0.04567307692307692 0.04807692307692308
0 0.15144230769230768 0.5973557692307693 0.046875 0.04567307692307692
0 0.10336538461538461 0.5985576923076923 0.04567307692307692 0.04567307692307692
0 0.05889423076923077 0.5985576923076923 0.04326923076923077 0.04447115384615385
0 0.14423076923076922 0.5432692307692307 0.04567307692307692 0.052884615384615384
0 0.0985576923076923 0.5444711538461539 0.04326923076923077 0.046875
0 0.056490384615384616 0.5408653846153846 0.04326923076923077 0.052884615384615384
0 0.14543269230769232 0.484375 0.04567307692307692 0.04807692307692308
0 0.0985576923076923 0.48677884615384615 0.04927884615384615 0.04927884615384615
0 0.04807692307692308 0.484375 0.04807692307692308 0.046875
0 0.140625 0.43028846153846156 0.04927884615384615 0.04807692307692308
0 0.09134615384615384 0.43028846153846156 0.05048076923076923 0.04927884615384615
0 0.04447115384615385 0.42908653846153844 0.04447115384615385 0.04927884615384615
0 0.13221153846153846 0.3701923076923077 0.05048076923076923 0.05048076923076923
0 0.08052884615384616 0.8473557692307693 0.04326923076923077 0.05889423076923077
0 0.296875 0.7572115384615384 0.046875 0.042067307692307696
0 0.12259615384615384 0.8509615384615384 0.039663461538461536 0.052884615384615384
0 0.21153846153846154 0.8569711538461539 0.040865384615384616 0.05889423076923077
0 0.29927884615384615 0.8076923076923077 0.04447115384615385 0.04447115384615385
0 0.3425480769230769 0.8088942307692307 0.039663461538461536 0.04326923076923077
0 0.29927884615384615 0.8617788461538461 0.04447115384615385 0.04807692307692308
0 0.34375 0.8617788461538461 0.042067307692307696 0.046875
0 0.22355769230769232 0.25 0.04326923076923077 0.054086538461538464
0 0.17548076923076922 0.30649038461538464 0.04927884615384615 0.05048076923076923
0 0.22956730769230768 0.3173076923076923 0.036057692307692304 0.06009615384615385
0 0.23197115384615385 0.3737980769230769 0.037259615384615384 0.04326923076923077
0 0.18389423076923078 0.36538461538461536 0.04447115384615385 0.06370192307692307
0 0.18870192307692307 0.4338942307692308 0.04326923076923077 0.051682692307692304
0 0.23677884615384615 0.4338942307692308 0.039663461538461536 0.06009615384615385
0 0.18990384615384615 0.48677884615384615 0.040865384615384616 0.04927884615384615
0 0.23798076923076922 0.4951923076923077 0.038461538461538464 0.052884615384615384
0 0.19951923076923078 0.5408653846153846 0.03485576923076923 0.05048076923076923
0 0.24278846153846154 0.5504807692307693 0.042067307692307696 0.05048076923076923
0 0.1971153846153846 0.5997596153846154 0.036057692307692304 0.05048076923076923
0 0.24639423076923078 0.6105769230769231 0.04447115384615385 0.037259615384615384
0 0.19471153846153846 0.6550480769230769 0.036057692307692304 0.04807692307692308
0 0.24519230769230768 0.6610576923076923 0.04447115384615385 0.052884615384615384
0 0.16346153846153846 0.8533653846153846 0.042067307692307696 0.05889423076923077
0 0.3870192307692308 0.8617788461538461 0.040865384615384616 0.05048076923076923
0 0.3269230769230769 0.31971153846153844 0.04567307692307692 0.06009615384615385
0 0.4338942307692308 0.8149038461538461 0.04326923076923077 0.046875
0 0.6177884615384616 0.23798076923076922 0.042067307692307696 0.17668269230769232
0 0.6610576923076923 0.2403846153846154 0.04326923076923077 0.16826923076923078
0 0.7091346153846154 0.23798076923076922 0.04807692307692308 0.17668269230769232
0 0.7512019230769231 0.2403846153846154 0.036057692307692304 0.17067307692307693
0 0.8028846153846154 0.2439903846153846 0.04447115384615385 0.17427884615384615
0 0.8473557692307693 0.24278846153846154 0.04567307692307692 0.17307692307692307
0 0.5709134615384616 0.23197115384615385 0.040865384615384616 0.16826923076923078
0 0.43149038461538464 0.3245192307692308 0.046875 0.06370192307692307
0 0.43149038461538464 0.3858173076923077 0.05048076923076923 0.054086538461538464
0 0.4795673076923077 0.3858173076923077 0.04567307692307692 0.055288461538461536
0 0.47836538461538464 0.44471153846153844 0.042067307692307696 0.04807692307692308
0 0.42788461538461536 0.44711538461538464 0.04567307692307692 0.051682692307692304
0 0.3798076923076923 0.43990384615384615 0.039663461538461536 0.05048076923076923
0 0.3786057692307692 0.5 0.04567307692307692 0.04807692307692308
0 0.38100961538461536 0.38100961538461536 0.04567307692307692 0.052884615384615384
0 0.5252403846153846 0.23557692307692307 0.04447115384615385 0.15144230769230768
0 0.47475961538461536 0.8149038461538461 0.037259615384615384 0.04807692307692308
0 0.8834134615384616 0.4074519230769231 0.05048076923076923 0.14903846153846154
0 0.025240384615384616 0.23677884615384615 0.04807692307692308 0.08533653846153846
0 0.7632211538461539 0.7019230769230769 0.037259615384615384 0.12259615384615384
0 0.8064903846153846 0.7007211538461539 0.04447115384615385 0.12259615384615384
0 0.8485576923076923 0.6983173076923077 0.042067307692307696 0.12620192307692307
0 0.5192307692307693 0.5540865384615384 0.03485576923076923 0.13822115384615385
0 0.5637019230769231 0.5576923076923077 0.04326923076923077 0.13942307692307693
0 0.6045673076923077 0.5540865384615384 0.036057692307692304 0.1466346153846154
0 0.5228365384615384 0.4026442307692308 0.039663461538461536 0.14182692307692307
0 0.5685096153846154 0.40384615384615385 0.04807692307692308 0.14182692307692307
0 0.6129807692307693 0.4050480769230769 0.039663461538461536 0.13942307692307693
0 0.6538461538461539 0.40865384615384615 0.037259615384615384 0.14903846153846154
0 0.6935096153846154 0.40625 0.04326923076923077 0.14543269230769232
0 0.7391826923076923 0.40865384615384615 0.04447115384615385 0.140625
0 0.7860576923076923 0.4098557692307692 0.04567307692307692 0.14423076923076922
0 0.8329326923076923 0.40865384615384615 0.04927884615384615 0.14903846153846154
0 0.42908653846153844 0.5036057692307693 0.04927884615384615 0.052884615384615384
0 0.47836538461538464 0.5012019230769231 0.04447115384615385 0.04447115384615385
0 0.9278846153846154 0.4074519230769231 0.03485576923076923 0.15384615384615385
0 0.037259615384615384 0.36899038461538464 0.04326923076923077 0.056490384615384616
0 0.3870192307692308 0.8112980769230769 0.042067307692307696 0.04447115384615385
0 0.47716346153846156 0.7620192307692307 0.039663461538461536 0.037259615384615384
0 0.43149038461538464 0.7632211538461539 0.038461538461538464 0.04927884615384615
0 0.38822115384615385 0.7620192307692307 0.04326923076923077 0.040865384615384616
0 0.47596153846153844 0.7127403846153846 0.040865384615384616 0.042067307692307696
0 0.43028846153846156 0.7175480769230769 0.04567307692307692 0.040865384615384616
0 0.38461538461538464 0.7127403846153846 0.039663461538461536 0.04447115384615385
0 0.47836538461538464 0.6634615384615384 0.040865384615384616 0.052884615384615384
0 0.4326923076923077 0.6610576923076923 0.042067307692307696 0.052884615384615384
0 0.390625 0.6634615384615384 0.04326923076923077 0.04447115384615385
0 0.4795673076923077 0.6069711538461539 0.038461538461538464 0.042067307692307696
0 0.43149038461538464 0.6117788461538461 0.04326923076923077 0.046875
0 0.38100961538461536 0.5552884615384616 0.042067307692307696 0.052884615384615384
0 0.43028846153846156 0.5552884615384616 0.04447115384615385 0.04567307692307692
0 0.47716346153846156 0.5540865384615384 0.04447115384615385 0.04927884615384615
0 0.38341346153846156 0.6105769230769231 0.040865384615384616 0.04326923076923077