0 0.5192307692307693 0.23197115384615385 0.056490384615384616 0.027644230769230768
0 0.7800480769230769 0.6983173076923077 0.0625 0.028846153846153848
0 0.7824519230769231 0.6778846153846154 0.051682692307692304 0.010817307692307692
0 0.8449519230769231 0.7019230769230769 0.05889423076923077 0.02283653846153846
0 0.8449519230769231 0.6802884615384616 0.06370192307692307 0.013221153846153846
0 0.9110576923076923 0.7235576923076923 0.055288461538461536 0.021634615384615384
0 0.8473557692307693 0.7235576923076923 0.056490384615384616 0.016826923076923076
0 0.3918269230769231 0.33413461538461536 0.06129807692307692 0.03125
0 0.6502403846153846 0.234375 0.06490384615384616 0.028846153846153848
0 0.46033653846153844 0.23076923076923078 0.06009615384615385 0.026442307692307692
0 0.4543269230769231 0.2536057692307692 0.056490384615384616 0.018028846153846152
0 0.4014423076923077 0.22355769230769232 0.06009615384615385 0.03245192307692308
0 0.39663461538461536 0.25240384615384615 0.055288461538461536 0.021634615384615384
0 0.33653846153846156 0.21995192307692307 0.06129807692307692 0.027644230769230768
0 0.7139423076923077 0.2644230769230769 0.06129807692307692 0.02403846153846154
0 0.7752403846153846 0.2668269230769231 0.05889423076923077 0.025240384615384616
0 0.5144230769230769 0.25600961538461536 0.0625 0.019230769230769232
0 0.9086538461538461 0.6983173076923077 0.05889423076923077 0.028846153846153848
0 0.13942307692307693 0.35336538461538464 0.06009615384615385 0.028846153846153848
0 0.1971153846153846 0.21514423076923078 0.07572115384615384 0.026442307692307692
0 0.3894230769230769 0.359375 0.06129807692307692 0.019230769230769232
0 0.7668269230769231 0.24519230769230768 0.06129807692307692 0.014423076923076924
0 0.328125 0.359375 0.057692307692307696 0.025240384615384616
0 0.328125 0.3293269230769231 0.06009615384615385 0.028846153846153848
0 0.2668269230769231 0.3581730769230769 0.06129807692307692 0.020432692307692308
0 0.2668269230769231 0.3317307692307692 0.06009615384615385 0.030048076923076924
0 0.20432692307692307 0.3545673076923077 0.057692307692307696 0.02403846153846154
0 0.5841346153846154 0.25721153846153844 0.0625 0.02283653846153846
0 0.20673076923076922 0.328125 0.05889423076923077 0.026442307692307692
0 0.14302884615384615 0.3245192307692308 0.0625 0.028846153846153848
0 0.036057692307692304 0.33774038461538464 0.03125 0.11538461538461539
0 0.009615384615384616 0.3389423076923077 0.019230769230769232 0.12379807692307693
0 0.021634615384615384 0.24639423076923078 0.04326923076923077 0.04567307692307692
0 0.020432692307692308 0.20793269230769232 0.040865384615384616 0.036057692307692304
0 0.19591346153846154 0.24278846153846154 0.07451923076923077 0.025240384615384616
0 0.96875 0.7247596153846154 0.057692307692307696 0.021634615384615384
0 0.8509615384615384 0.25240384615384615 0.054086538461538464 0.018028846153846152
0 0.90625 0.2403846153846154 0.042067307692307696 0.040865384615384616
0 0.27403846153846156 0.84375 0.09975961538461539 0.12980769230769232
0 0.953125 0.21875 0.04447115384615385 0.018028846153846152
0 0.9555288461538461 0.19591346153846154 0.05048076923076923 0.02283653846153846
0 0.9627403846153846 0.14783653846153846 0.05889423076923077 0.030048076923076924
0 0.9639423076923077 0.11778846153846154 0.052884615384615384 0.030048076923076924
0 0.8978365384615384 0.140625 0.0625 0.026442307692307692
0 0.9026442307692307 0.109375 0.06490384615384616 0.03365384615384615
0 0.5144230769230769 0.6971153846153846 0.13942307692307693 0.08774038461538461
0 0.36658653846153844 0.6947115384615384 0.12860576923076922 0.0889423076923077
0 0.1971153846153846 0.6983173076923077 0.14543269230769232 0.09975961538461539
0 0.16466346153846154 0.8485576923076923 0.11778846153846154 0.12740384615384615
0 0.2704326923076923 0.23798076923076922 0.056490384615384616 0.03125
0 0.2704326923076923 0.20673076923076922 0.06009615384615385 0.025240384615384616
0 0.2692307692307692 0.1778846153846154 0.056490384615384616 0.02283653846153846
0 0.3329326923076923 0.24879807692307693 0.057692307692307696 0.020432692307692308
0 0.4519230769230769 0.3269230769230769 0.056490384615384616 0.036057692307692304
0 0.9519230769230769 0.23798076923076922 0.04326923076923077 0.020432692307692308
0 0.9555288461538461 0.25841346153846156 0.046875 0.018028846153846152
0 0.8557692307692307 0.19951923076923078 0.06370192307692307 0.030048076923076924
0 0.9122596153846154 0.8846153846153846 0.054086538461538464 0.04447115384615385
0 0.37740384615384615 0.8425480769230769 0.09735576923076923 0.13221153846153846
0 0.47596153846153844 0.8401442307692307 0.09495192307692307 0.13581730769230768
0 0.5913461538461539 0.8533653846153846 0.12259615384615384 0.11538461538461539
0 0.78125 0.7235576923076923 0.0625 0.02283653846153846
0 0.6995192307692307 0.8521634615384616 0.09134615384615384 0.11057692307692307
0 0.6766826923076923 0.7019230769230769 0.1346153846153846 0.09495192307692307
0 0.7644230769230769 0.7800480769230769 0.051682692307692304 0.021634615384615384
0 0.8533653846153846 0.23076923076923078 0.0625 0.02403846153846154
0 0.7728365384615384 0.8040865384615384 0.054086538461538464 0.021634615384615384
0 0.8341346153846154 0.8064903846153846 0.05889423076923077 0.019230769230769232
0 0.8978365384615384 0.7824519230769231 0.0625 0.030048076923076924
0 0.8966346153846154 0.8064903846153846 0.056490384615384616 0.020432692307692308
0 0.9615384615384616 0.7836538461538461 0.05048076923076923 0.037259615384615384
0 0.9555288461538461 0.8112980769230769 0.05048076923076923 0.018028846153846152
0 0.9699519230769231 0.8713942307692307 0.055288461538461536 0.03125
0 0.9711538461538461 0.9014423076923077 0.052884615384615384 0.028846153846153848
0 0.8317307692307693 0.7836538461538461 0.06490384615384616 0.026442307692307692
0 0.8858173076923077 0.39663461538461536 0.0625 0.018028846153846152
0 0.8004807692307693 0.6370192307692307 0.054086538461538464 0.018028846153846152
0 0.9699519230769231 0.6826923076923077 0.055288461538461536 0.014423076923076924
0 0.453125 0.359375 0.057692307692307696 0.025240384615384616
0 0.5144230769230769 0.30528846153846156 0.057692307692307696 0.03125
0 0.5120192307692307 0.33413461538461536 0.05889423076923077 0.025240384615384616
0 0.5132211538461539 0.36177884615384615 0.055288461538461536 0.028846153846153848
0 0.5769230769230769 0.3125 0.056490384615384616 0.03125
0 0.6382211538461539 0.3137019230769231 0.057692307692307696 0.030048076923076924
0 0.5733173076923077 0.3425480769230769 0.06370192307692307 0.027644230769230768
0 0.6382211538461539 0.3449519230769231 0.06129807692307692 0.028846153846153848
0 0.5721153846153846 0.36899038461538464 0.06370192307692307 0.02283653846153846
0 0.6358173076923077 0.3713942307692308 0.06009615384615385 0.021634615384615384
0 0.7007211538461539 0.31850961538461536 0.06490384615384616 0.028846153846153848
0 0.9699519230769231 0.7007211538461539 0.055288461538461536 0.026442307692307692
0 0.7019230769230769 0.3485576923076923 0.06370192307692307 0.026442307692307692
0 0.7007211538461539 0.3713942307692308 0.05889423076923077 0.018028846153846152
0 0.765625 0.32211538461538464 0.06009615384615385 0.030048076923076924
0 0.7668269230769231 0.29927884615384615 0.06129807692307692 0.01201923076923077
0 0.703125 0.296875 0.06009615384615385 0.009615384615384616
0 0.7644230769230769 0.35096153846153844 0.056490384615384616 0.02283653846153846
0 0.9783653846153846 0.4495192307692308 0.038461538461538464 0.028846153846153848
0 0.9819711538461539 0.4735576923076923 0.03125 0.019230769230769232
0 0.9026442307692307 0.46875 0.07211538461538461 0.020432692307692308
0 0.8161057692307693 0.4411057692307692 0.06129807692307692 0.026442307692307692
0 0.8185096153846154 0.46634615384615385 0.06009615384615385 0.021634615384615384
0 0.7704326923076923 0.3737980769230769 0.06490384615384616 0.020432692307692308
0 0.8257211538461539 0.3004807692307692 0.04567307692307692 0.02403846153846154
0 0.6478365384615384 0.2608173076923077 0.06009615384615385 0.021634615384615384
0 0.8305288461538461 0.3233173076923077 0.05889423076923077 0.015625
0 0.8341346153846154 0.14423076923076922 0.05048076923076923 0.020432692307692308
0 0.8341346153846154 0.12139423076923077 0.05048076923076923 0.019230769230769232
0 0.8365384615384616 0.1045673076923077 0.05048076923076923 0.013221153846153846
0 0.7836538461538461 0.140625 0.04567307692307692 0.020432692307692308
0 0.7848557692307693 0.11899038461538461 0.04567307692307692 0.019230769230769232
0 0.78125 0.10096153846153846 0.04567307692307692 0.015625
0 0.734375 0.12379807692307693 0.04567307692307692 0.04927884615384615
0 0.6875 0.1201923076923077 0.04567307692307692 0.04807692307692308
0 0.5925480769230769 0.0829326923076923 0.14182692307692307 0.1310096153846154
0 0.9591346153846154 0.39783653846153844 0.08052884615384616 0.027644230769230768
0 0.8701923076923077 0.3762019230769231 0.06490384615384616 0.025240384615384616
0 0.7463942307692307 0.47596153846153844 0.06610576923076923 0.05889423076923077
0 0.9495192307692307 0.37259615384615385 0.055288461538461536 0.019230769230769232
0 0.9807692307692307 0.3137019230769231 0.037259615384615384 0.018028846153846152
0 0.9675480769230769 0.2932692307692308 0.05048076923076923 0.014423076923076924
0 0.9278846153846154 0.3137019230769231 0.03365384615384615 0.014423076923076924
0 0.9375 0.3293269230769231 0.04807692307692308 0.015625
0 0.8870192307692307 0.32211538461538464 0.04567307692307692 0.020432692307692308
0 0.859375 0.8870192307692307 0.046875 0.040865384615384616
0 0.8016826923076923 0.8653846153846154 0.06129807692307692 0.036057692307692304
0 0.8016826923076923 0.8942307692307693 0.0625 0.020432692307692308
0 0.021634615384615384 0.038461538461538464 0.042067307692307696 0.04326923076923077
0 0.020432692307692308 0.08052884615384616 0.040865384615384616 0.03485576923076923
0 0.021634615384615384 0.11778846153846154 0.042067307692307696 0.038461538461538464
0 0.9795673076923077 0.33052884615384615 0.039663461538461536 0.015625
0 0.6826923076923077 0.47475961538461536 0.051682692307692304 0.0625
0 0.5817307692307693 0.23076923076923078 0.06370192307692307 0.027644230769230768
0 0.4050480769230769 0.44711538461538464 0.10096153846153846 0.10576923076923077
0 0.18269230769230768 0.06850961538461539 0.1201923076923077 0.1045673076923077
0 0.6225961538461539 0.47596153846153844 0.057692307692307696 0.06009615384615385
0 0.5661057692307693 0.4723557692307692 0.046875 0.06129807692307692
0 0.5012019230769231 0.46875 0.0733173076923077 0.06490384615384616
0 0.3004807692307692 0.44591346153846156 0.10336538461538461 0.10336538461538461
0 0.19471153846153846 0.43990384615384615 0.10336538461538461 0.10576923076923077
0 0.015625 0.4831730769230769 0.030048076923076924 0.12740384615384615
0 0.2091346153846154 0.5721153846153846 0.17067307692307693 0.10096153846153846
0 0.3954326923076923 0.5745192307692307 0.15985576923076922 0.10216346153846154
0 0.7019230769230769 0.5805288461538461 0.14302884615384615 0.10576923076923077
0 0.8161057692307693 0.5276442307692307 0.06370192307692307 0.030048076923076924
0 0.8798076923076923 0.5300480769230769 0.06009615384615385 0.02403846153846154
0 0.3016826923076923 0.06971153846153846 0.11778846153846154 0.1201923076923077
0 0.5552884615384616 0.5805288461538461 0.13942307692307693 0.10336538461538461
0 0.8221153846153846 0.5552884615384616 0.06610576923076923 0.018028846153846152
0 0.8257211538461539 0.39783653846153844 0.052884615384615384 0.015625
0 0.796875 0.6141826923076923 0.04807692307692308 0.026442307692307692
0 0.4411057692307692 0.0829326923076923 0.15625 0.10216346153846154
0 0.8533653846153846 0.6141826923076923 0.056490384615384616 0.027644230769230768
0 0.9134615384615384 0.6346153846153846 0.04447115384615385 0.030048076923076924
0 0.9110576923076923 0.6081730769230769 0.052884615384615384 0.019230769230769232
0 0.859375 0.640625 0.05889423076923077 0.021634615384615384
0 0.9855769230769231 0.6165865384615384 0.027644230769230768 0.028846153846153848
0 0.9555288461538461 0.5540865384615384 0.056490384615384616 0.02283653846153846
0 0.9326923076923077 0.5240384615384616 0.042067307692307696 0.030048076923076924
0 0.8894230769230769 0.5528846153846154 0.06610576923076923 0.019230769230769232
0 0.9663461538461539 0.6430288461538461 0.052884615384615384 0.020432692307692308