0 0.4675480769230769 0.6081730769230769 0.036057692307692304 0.03485576923076923
0 0.25240384615384615 0.5204326923076923 0.03125 0.03245192307692308
0 0.08653846153846154 0.4699519230769231 0.06129807692307692 0.056490384615384616
0 0.027644230769230768 0.4699519230769231 0.055288461538461536 0.05889423076923077
0 0.09375 0.53125 0.06610576923076923 0.052884615384615384
0 0.020432692307692308 0.5300480769230769 0.039663461538461536 0.057692307692307696
0 0.5012019230769231 0.5576923076923077 0.028846153846153848 0.036057692307692304
0 0.3088942307692308 0.515625 0.025240384615384616 0.037259615384615384
0 0.5673076923076923 0.5817307692307693 0.03125 0.028846153846153848
0 0.5024038461538461 0.59375 0.027644230769230768 0.026442307692307692
0 0.5745192307692307 0.6201923076923077 0.030048076923076924 0.030048076923076924
0 0.5396634615384616 0.6298076923076923 0.036057692307692304 0.03125
0 0.46634615384615385 0.5661057692307693 0.037259615384615384 0.03485576923076923
0 0.5024038461538461 0.6298076923076923 0.025240384615384616 0.030048076923076924
0 0.578125 0.6574519230769231 0.03125 0.03125
0 0.5348557692307693 0.5901442307692307 0.027644230769230768 0.030048076923076924
0 0.33413461538461536 0.5132211538461539 0.021634615384615384 0.03485576923076923
0 0.3557692307692308 0.5132211538461539 0.021634615384615384 0.03485576923076923
0 0.3786057692307692 0.5108173076923077 0.021634615384615384 0.028846153846153848
0 0.7175480769230769 0.47716346153846156 0.03485576923076923 0.03365384615384615
0 0.6117788461538461 0.4879807692307692 0.03485576923076923 0.028846153846153848
0 0.5721153846153846 0.49158653846153844 0.040865384615384616 0.036057692307692304
0 0.5300480769230769 0.49278846153846156 0.040865384615384616 0.03365384615384615
0 0.49038461538461536 0.4951923076923077 0.036057692307692304 0.037259615384615384
0 0.6117788461538461 0.4543269230769231 0.038461538461538464 0.038461538461538464
0 0.5733173076923077 0.4519230769230769 0.037259615384615384 0.040865384615384616
0 0.5336538461538461 0.453125 0.038461538461538464 0.039663461538461536
0 0.49399038461538464 0.4543269230769231 0.039663461538461536 0.03485576923076923
0 0.4519230769230769 0.4543269230769231 0.036057692307692304 0.042067307692307696
0 0.4519230769230769 0.49759615384615385 0.036057692307692304 0.036057692307692304
0 0.2824519230769231 0.4879807692307692 0.028846153846153848 0.03485576923076923
0 0.25240384615384615 0.4855769230769231 0.027644230769230768 0.036057692307692304
0 0.41586538461538464 0.5060096153846154 0.02283653846153846 0.026442307692307692
0 0.39663461538461536 0.5096153846153846 0.013221153846153846 0.03125
0 0.5408653846153846 0.6646634615384616 0.03245192307692308 0.03485576923076923
0 0.4254807692307692 0.7319711538461539 0.04447115384615385 0.030048076923076924
0 0.27163461538461536 0.7199519230769231 0.05048076923076923 0.04326923076923077
0 0.35096153846153844 0.7067307692307693 0.0985576923076923 0.039663461538461536
0 0.2848557692307692 0.18389423076923078 0.05048076923076923 0.13221153846153846
0 0.3329326923076923 0.19230769230769232 0.042067307692307696 0.1201923076923077
0 0.37740384615384615 0.1971153846153846 0.04807692307692308 0.13221153846153846
0 0.41947115384615385 0.20793269230769232 0.037259615384615384 0.10817307692307693
0 0.4579326923076923 0.21634615384615385 0.037259615384615384 0.125
0 0.49278846153846156 0.22115384615384615 0.03365384615384615 0.11658653846153846
0 0.5264423076923077 0.22355769230769232 0.036057692307692304 0.12259615384615384
0 0.5612980769230769 0.22956730769230768 0.036057692307692304 0.10336538461538461
0 0.6682692307692307 0.24879807692307693 0.036057692307692304 0.09254807692307693
0 0.6995192307692307 0.2512019230769231 0.02403846153846154 0.09495192307692307
0 0.7235576923076923 0.2548076923076923 0.02283653846153846 0.08774038461538461
0 0.39302884615384615 0.04927884615384615 0.055288461538461536 0.0985576923076923
0 0.5817307692307693 0.6959134615384616 0.037259615384615384 0.02403846153846154
0 0.5444711538461539 0.6983173076923077 0.03245192307692308 0.027644230769230768
0 0.5108173076923077 0.7079326923076923 0.030048076923076924 0.03485576923076923
0 0.7283653846153846 0.37259615384615385 0.020432692307692308 0.08052884615384616
0 0.7524038461538461 0.46875 0.03245192307692308 0.03245192307692308
0 0.7800480769230769 0.14543269230769232 0.025240384615384616 0.028846153846153848
0 0.7800480769230769 0.17427884615384615 0.025240384615384616 0.028846153846153848
0 0.34375 0.7548076923076923 0.0985576923076923 0.036057692307692304
0 0.27283653846153844 0.7632211538461539 0.040865384615384616 0.037259615384615384
0 0.1045673076923077 0.7644230769230769 0.07211538461538461 0.037259615384615384
0 0.15985576923076922 0.8064903846153846 0.06009615384615385 0.03365384615384615
0 0.09375 0.8209134615384616 0.052884615384615384 0.03245192307692308
0 0.5060096153846154 0.6682692307692307 0.030048076923076924 0.030048076923076924
0 0.5084134615384616 0.057692307692307696 0.03245192307692308 0.042067307692307696
0 0.5300480769230769 0.08653846153846154 0.02283653846153846 0.07932692307692307
0 0.5588942307692307 0.09495192307692307 0.036057692307692304 0.09495192307692307
0 0.6201923076923077 0.13341346153846154 0.026442307692307692 0.025240384615384616
0 0.6538461538461539 0.14182692307692307 0.026442307692307692 0.03245192307692308
0 0.6262019230769231 0.09615384615384616 0.03485576923076923 0.038461538461538464
0 0.6586538461538461 0.10576923076923077 0.027644230769230768 0.036057692307692304
0 0.6862980769230769 0.14543269230769232 0.025240384615384616 0.037259615384615384
0 0.7487980769230769 0.16947115384615385 0.030048076923076924 0.03245192307692308
0 0.7512019230769231 0.13221153846153846 0.025240384615384616 0.03485576923076923
0 0.7524038461538461 0.4375 0.026442307692307692 0.028846153846153848
0 0.28125 0.5192307692307693 0.027644230769230768 0.028846153846153848
0 0.025240384615384616 0.31971153846153844 0.05048076923076923 0.11057692307692307
0 0.46875 0.6502403846153846 0.038461538461538464 0.03125
0 0.4675480769230769 0.04927884615384615 0.03365384615384615 0.03245192307692308
0 0.5012019230769231 0.10216346153846154 0.030048076923076924 0.03245192307692308
0 0.46274038461538464 0.09254807692307693 0.037259615384615384 0.03245192307692308
0 0.47475961538461536 0.7259615384615384 0.04447115384615385 0.03365384615384615
0 0.8257211538461539 0.4651442307692308 0.04326923076923077 0.026442307692307692
0 0.4206730769230769 0.6923076923076923 0.038461538461538464 0.03365384615384615
0 0.47115384615384615 0.6814903846153846 0.04567307692307692 0.028846153846153848
0 0.41947115384615385 0.6514423076923077 0.056490384615384616 0.03365384615384615
0 0.7043269230769231 0.36538461538461536 0.028846153846153848 0.09254807692307693
0 0.6514423076923077 0.36538461538461536 0.025240384615384616 0.09375
0 0.6286057692307693 0.3641826923076923 0.02283653846153846 0.09254807692307693
0 0.6009615384615384 0.36177884615384615 0.027644230769230768 0.09735576923076923
0 0.5745192307692307 0.3605769230769231 0.025240384615384616 0.09615384615384616
0 0.5432692307692307 0.3605769230769231 0.036057692307692304 0.09735576923076923
0 0.5036057692307693 0.36177884615384615 0.04326923076923077 0.10096153846153846
0 0.2620192307692308 0.34375 0.05889423076923077 0.11538461538461539
0 0.13701923076923078 0.32091346153846156 0.04807692307692308 0.09254807692307693
0 0.08173076923076923 0.32572115384615385 0.06129807692307692 0.09975961538461539
0 0.6766826923076923 0.36538461538461536 0.02283653846153846 0.09375