0 0.5649038461538461 0.4326923076923077 0.057692307692307696 0.10096153846153846
0 0.4483173076923077 0.17067307692307693 0.030048076923076924 0.057692307692307696
0 0.9819711538461539 0.47475961538461536 0.03125 0.07451923076923077
0 0.9399038461538461 0.47475961538461536 0.04567307692307692 0.07692307692307693
0 0.8834134615384616 0.47716346153846156 0.054086538461538464 0.07211538461538461
0 0.8221153846153846 0.4675480769230769 0.05889423076923077 0.0733173076923077
0 0.9747596153846154 0.3737980769230769 0.04807692307692308 0.06850961538461539
0 0.9290865384615384 0.375 0.042067307692307696 0.06490384615384616
0 0.6814903846153846 0.41346153846153844 0.06610576923076923 0.11177884615384616
0 0.8161057692307693 0.36899038461538464 0.05889423076923077 0.0733173076923077
0 0.7451923076923077 0.4254807692307692 0.057692307692307696 0.11057692307692307
0 0.6177884615384616 0.4230769230769231 0.04447115384615385 0.12139423076923077
0 0.8762019230769231 0.3786057692307692 0.054086538461538464 0.0625
0 0.3485576923076923 0.5673076923076923 0.051682692307692304 0.11177884615384616
0 0.8509615384615384 0.5612980769230769 0.057692307692307696 0.10576923076923077
0 0.13341346153846154 0.5853365384615384 0.026442307692307692 0.08052884615384616
0 0.5072115384615384 0.4266826923076923 0.055288461538461536 0.11538461538461539
0 0.09014423076923077 0.5649038461538461 0.051682692307692304 0.1201923076923077
0 0.17548076923076922 0.5697115384615384 0.04447115384615385 0.10576923076923077
0 0.03245192307692308 0.5925480769230769 0.057692307692307696 0.06129807692307692
0 0.22956730769230768 0.5721153846153846 0.054086538461538464 0.10216346153846154
0 0.28966346153846156 0.5697115384615384 0.06610576923076923 0.09735576923076923
0 0.9086538461538461 0.5853365384615384 0.037259615384615384 0.056490384615384616
0 0.39903846153846156 0.5637019230769231 0.04447115384615385 0.11177884615384616
0 0.4987980769230769 0.5637019230769231 0.04567307692307692 0.11057692307692307
0 0.5444711538461539 0.5600961538461539 0.04447115384615385 0.11057692307692307
0 0.5985576923076923 0.5600961538461539 0.054086538461538464 0.1141826923076923
0 0.6466346153846154 0.5600961538461539 0.042067307692307696 0.11177884615384616
0 0.6923076923076923 0.5625 0.04447115384615385 0.10697115384615384
0 0.7451923076923077 0.5637019230769231 0.04326923076923077 0.10576923076923077
0 0.7980769230769231 0.5637019230769231 0.04567307692307692 0.1045673076923077
0 0.4495192307692308 0.5649038461538461 0.052884615384615384 0.11538461538461539
0 0.4483173076923077 0.4254807692307692 0.04927884615384615 0.12139423076923077
0 0.5168269230769231 0.171875 0.021634615384615384 0.056490384615384616
0 0.3401442307692308 0.4254807692307692 0.04567307692307692 0.125
0 0.2692307692307692 0.2920673076923077 0.040865384615384616 0.10817307692307693
0 0.22716346153846154 0.2920673076923077 0.039663461538461536 0.10697115384615384
0 0.18389423076923078 0.33413461538461536 0.037259615384615384 0.02283653846153846
0 0.18509615384615385 0.3004807692307692 0.038461538461538464 0.039663461538461536
0 0.14423076923076922 0.2920673076923077 0.03485576923076923 0.11057692307692307
0 0.09495192307692307 0.29086538461538464 0.04447115384615385 0.10697115384615384
0 0.04447115384615385 0.3076923076923077 0.04927884615384615 0.07572115384615384
0 0.9711538461538461 0.15745192307692307 0.052884615384615384 0.06009615384615385
0 0.8918269230769231 0.16466346153846154 0.04927884615384615 0.07211538461538461
0 0.8305288461538461 0.1622596153846154 0.06490384615384616 0.0829326923076923
0 0.7632211538461539 0.14302884615384615 0.046875 0.11538461538461539
0 0.71875 0.15264423076923078 0.03245192307692308 0.09375
0 0.6598557692307693 0.16826923076923078 0.06370192307692307 0.052884615384615384
0 0.5913461538461539 0.15745192307692307 0.056490384615384616 0.0829326923076923
0 0.5456730769230769 0.15625 0.027644230769230768 0.09375
0 0.3173076923076923 0.30528846153846156 0.046875 0.08173076923076923
0 0.36899038461538464 0.28365384615384615 0.051682692307692304 0.12139423076923077
0 0.4266826923076923 0.28725961538461536 0.056490384615384616 0.11899038461538461
0 0.484375 0.2860576923076923 0.04567307692307692 0.11778846153846154
0 0.28846153846153844 0.43149038461538464 0.04807692307692308 0.1141826923076923
0 0.23557692307692307 0.4266826923076923 0.05048076923076923 0.12379807692307693
0 0.17548076923076922 0.4254807692307692 0.05889423076923077 0.12379807692307693
0 0.12379807692307693 0.4483173076923077 0.039663461538461536 0.07692307692307693
0 0.07572115384615384 0.44591346153846156 0.046875 0.07211538461538461
0 0.03245192307692308 0.4579326923076923 0.025240384615384616 0.05048076923076923
0 0.9819711538461539 0.26802884615384615 0.03125 0.06971153846153846
0 0.39302884615384615 0.4266826923076923 0.05048076923076923 0.1201923076923077
0 0.9338942307692307 0.26322115384615385 0.051682692307692304 0.06129807692307692
0 0.8197115384615384 0.27524038461538464 0.046875 0.06850961538461539
0 0.7307692307692307 0.3112980769230769 0.07211538461538461 0.05889423076923077
0 0.6622596153846154 0.29447115384615385 0.036057692307692304 0.09375
0 0.4855769230769231 0.17908653846153846 0.038461538461538464 0.042067307692307696
0 0.6081730769230769 0.33052884615384615 0.05889423076923077 0.025240384615384616
0 0.4098557692307692 0.15384615384615385 0.03485576923076923 0.09014423076923077
0 0.5408653846153846 0.28125 0.054086538461538464 0.12620192307692307
0 0.8822115384615384 0.2608173076923077 0.046875 0.052884615384615384
0 0.3629807692307692 0.15384615384615385 0.04807692307692308 0.09134615384615384
0 0.9627403846153846 0.5841346153846154 0.06610576923076923 0.056490384615384616
0 0.2644230769230769 0.16826923076923078 0.046875 0.06129807692307692
0 0.054086538461538464 0.8882211538461539 0.08774038461538461 0.08533653846153846
0 0.14302884615384615 0.9038461538461539 0.06971153846153846 0.057692307692307696
0 0.21514423076923078 0.90625 0.06490384615384616 0.05048076923076923
0 0.2764423076923077 0.8677884615384616 0.055288461538461536 0.12980769230769232
0 0.3425480769230769 0.8605769230769231 0.06129807692307692 0.1346153846153846
0 0.4026442307692308 0.8605769230769231 0.046875 0.12379807692307693
0 0.45552884615384615 0.8689903846153846 0.04807692307692308 0.11658653846153846
0 0.5096153846153846 0.875 0.052884615384615384 0.10216346153846154
0 0.9026442307692307 0.6862980769230769 0.054086538461538464 0.1141826923076923
0 0.5697115384615384 0.859375 0.057692307692307696 0.1045673076923077
0 0.6802884615384616 0.859375 0.06490384615384616 0.11538461538461539
0 0.7355769230769231 0.8665865384615384 0.037259615384615384 0.0985576923076923
0 0.7716346153846154 0.8461538461538461 0.026442307692307692 0.10096153846153846
0 0.8125 0.8497596153846154 0.039663461538461536 0.12379807692307693
0 0.8557692307692307 0.859375 0.03125 0.109375
0 0.8882211538461539 0.8509615384615384 0.037259615384615384 0.11177884615384616
0 0.9302884615384616 0.8389423076923077 0.030048076923076924 0.08774038461538461
0 0.31490384615384615 0.16826923076923078 0.04567307692307692 0.06490384615384616
0 0.6274038461538461 0.8665865384615384 0.038461538461538464 0.09735576923076923
0 0.8473557692307693 0.6887019230769231 0.04567307692307692 0.1201923076923077
0 0.08173076923076923 0.6754807692307693 0.10096153846153846 0.051682692307692304
0 0.7584134615384616 0.6983173076923077 0.04447115384615385 0.1141826923076923
0 0.22355769230769232 0.1622596153846154 0.028846153846153848 0.0733173076923077
0 0.7980769230769231 0.6814903846153846 0.03245192307692308 0.09975961538461539
0 0.028846153846153848 0.13701923076923078 0.056490384615384616 0.12139423076923077
0 0.07692307692307693 0.14543269230769232 0.03485576923076923 0.10576923076923077
0 0.11899038461538461 0.1466346153846154 0.038461538461538464 0.1045673076923077
0 0.19110576923076922 0.14903846153846154 0.036057692307692304 0.10096153846153846
0 0.0829326923076923 0.7391826923076923 0.10096153846153846 0.05889423076923077
0 0.15865384615384615 0.7163461538461539 0.04326923076923077 0.109375
0 0.21033653846153846 0.7151442307692307 0.046875 0.11177884615384616
0 0.15625 0.15144230769230768 0.028846153846153848 0.09615384615384616
0 0.3112980769230769 0.7055288461538461 0.04567307692307692 0.12860576923076922
0 0.7067307692307693 0.6995192307692307 0.056490384615384616 0.11177884615384616
0 0.25961538461538464 0.7127403846153846 0.04567307692307692 0.11538461538461539
0 0.5877403846153846 0.7067307692307693 0.040865384615384616 0.10697115384615384
0 0.5444711538461539 0.7067307692307693 0.040865384615384616 0.11298076923076923
0 0.49158653846153844 0.7043269230769231 0.04927884615384615 0.11899038461538461
0 0.6442307692307693 0.6983173076923077 0.056490384615384616 0.11298076923076923
0 0.4423076923076923 0.7007211538461539 0.037259615384615384 0.12860576923076922
0 0.39783653846153844 0.7043269230769231 0.038461538461538464 0.13221153846153846
0 0.3557692307692308 0.7055288461538461 0.042067307692307696 0.12860576923076922