0 0.2283653846153846 0.19110576923076922 0.036057692307692304 0.11057692307692307
0 0.6550480769230769 0.17067307692307693 0.021634615384615384 0.14903846153846154
0 0.1875 0.46274038461538464 0.02403846153846154 0.08173076923076923
0 0.16466346153846154 0.46153846153846156 0.02283653846153846 0.08413461538461539
0 0.34134615384615385 0.1935096153846154 0.02283653846153846 0.12139423076923077
0 0.38461538461538464 0.8173076923076923 0.019230769230769232 0.06850961538461539
0 0.5793269230769231 0.18389423076923078 0.026442307692307692 0.125
0 0.36778846153846156 0.19110576923076922 0.030048076923076924 0.125
0 0.4891826923076923 0.18629807692307693 0.027644230769230768 0.12860576923076922
0 0.6850961538461539 0.17307692307692307 0.03245192307692308 0.15985576923076922
0 0.42788461538461536 0.19110576923076922 0.030048076923076924 0.12379807692307693
0 0.45913461538461536 0.18509615384615385 0.026442307692307692 0.1310096153846154
0 0.5204326923076923 0.1875 0.03365384615384615 0.12620192307692307
0 0.5516826923076923 0.18629807692307693 0.030048076923076924 0.12379807692307693
0 0.13942307692307693 0.45913461538461536 0.025240384615384616 0.08052884615384616
0 0.7175480769230769 0.17908653846153846 0.030048076923076924 0.140625
0 0.39903846153846156 0.1935096153846154 0.027644230769230768 0.1201923076923077
0 0.21514423076923078 0.4639423076923077 0.027644230769230768 0.08653846153846154
0 0.21033653846153846 0.33413461538461536 0.025240384615384616 0.09014423076923077
0 0.3401442307692308 0.3581730769230769 0.03125 0.11778846153846154
0 0.08413461538461539 0.328125 0.021634615384615384 0.10576923076923077
0 0.06009615384615385 0.33052884615384615 0.026442307692307692 0.09975961538461539
0 0.9302884615384616 0.3329326923076923 0.03485576923076923 0.1466346153846154
0 0.8966346153846154 0.3329326923076923 0.03365384615384615 0.14543269230769232
0 0.8569711538461539 0.35697115384615385 0.03485576923076923 0.0625
0 0.8185096153846154 0.3449519230769231 0.036057692307692304 0.13221153846153846
0 0.10697115384615384 0.3269230769230769 0.02403846153846154 0.10336538461538461
0 0.7848557692307693 0.3449519230769231 0.03125 0.13341346153846154
0 0.7235576923076923 0.34615384615384615 0.030048076923076924 0.12980769230769232
0 0.6875 0.3449519230769231 0.03485576923076923 0.13221153846153846
0 0.65625 0.3485576923076923 0.030048076923076924 0.12620192307692307
0 0.5805288461538461 0.3581730769230769 0.027644230769230768 0.11538461538461539
0 0.5516826923076923 0.3581730769230769 0.030048076923076924 0.11538461538461539
0 0.5204326923076923 0.3581730769230769 0.03245192307692308 0.11778846153846154
0 0.7536057692307693 0.3449519230769231 0.03125 0.13221153846153846
0 0.1310096153846154 0.328125 0.02403846153846154 0.10096153846153846
0 0.15865384615384615 0.3293269230769231 0.030048076923076924 0.10336538461538461
0 0.18509615384615385 0.3293269230769231 0.02403846153846154 0.1045673076923077
0 0.3701923076923077 0.35336538461538464 0.03125 0.12379807692307693
0 0.4014423076923077 0.35216346153846156 0.03125 0.12259615384615384
0 0.43149038461538464 0.35336538461538464 0.028846153846153848 0.1201923076923077
0 0.46274038461538464 0.3557692307692308 0.03245192307692308 0.12379807692307693
0 0.49038461538461536 0.3581730769230769 0.027644230769230768 0.11778846153846154
0 0.020432692307692308 0.20072115384615385 0.026442307692307692 0.109375
0 0.046875 0.20192307692307693 0.025240384615384616 0.1045673076923077
0 0.07211538461538461 0.20192307692307693 0.026442307692307692 0.1045673076923077
0 0.09735576923076923 0.203125 0.02283653846153846 0.10096153846153846
0 0.12259615384615384 0.20072115384615385 0.026442307692307692 0.09735576923076923
0 0.14783653846153846 0.19471153846153846 0.025240384615384616 0.10576923076923077
0 0.17307692307692307 0.19471153846153846 0.026442307692307692 0.10697115384615384
0 0.19831730769230768 0.19471153846153846 0.02283653846153846 0.10817307692307693
0 0.23677884615384615 0.33533653846153844 0.026442307692307692 0.08533653846153846
0 0.11538461538461539 0.45072115384615385 0.02283653846153846 0.09615384615384616
0 0.24278846153846154 0.46153846153846156 0.027644230769230768 0.08774038461538461
0 0.09014423076923077 0.4519230769230769 0.026442307692307692 0.10096153846153846
0 0.9242788461538461 0.4951923076923077 0.03485576923076923 0.12740384615384615
0 0.13221153846153846 0.5673076923076923 0.025240384615384616 0.0829326923076923
0 0.5456730769230769 0.6502403846153846 0.021634615384615384 0.07932692307692307
0 0.5685096153846154 0.6514423076923077 0.021634615384615384 0.08052884615384616
0 0.6790865384615384 0.6586538461538461 0.03245192307692308 0.11899038461538461
0 0.7103365384615384 0.6610576923076923 0.03125 0.11177884615384616
0 0.7427884615384616 0.6622596153846154 0.030048076923076924 0.11057692307692307
0 0.7728365384615384 0.6610576923076923 0.027644230769230768 0.11538461538461539
0 0.8028846153846154 0.6610576923076923 0.03365384615384615 0.11778846153846154
0 0.8377403846153846 0.6610576923076923 0.03485576923076923 0.11899038461538461
0 0.8858173076923077 0.6634615384615384 0.036057692307692304 0.11538461538461539
0 0.921875 0.6634615384615384 0.03485576923076923 0.11538461538461539
0 0.10576923076923077 0.5685096153846154 0.026442307692307692 0.08173076923076923
0 0.06490384615384616 0.4579326923076923 0.02283653846153846 0.09495192307692307
0 0.16105769230769232 0.5709134615384616 0.03125 0.08533653846153846
0 0.6514423076923077 0.6598557692307693 0.019230769230769232 0.11778846153846154
0 0.9651442307692307 0.15865384615384615 0.028846153846153848 0.14543269230769232
0 0.9338942307692307 0.16105769230769232 0.03485576923076923 0.1502403846153846
0 0.8978365384615384 0.16466346153846154 0.037259615384615384 0.15264423076923078
0 0.8581730769230769 0.1622596153846154 0.03365384615384615 0.15504807692307693
0 0.8221153846153846 0.16346153846153846 0.036057692307692304 0.15384615384615385
0 0.5228365384615384 0.6514423076923077 0.02403846153846154 0.078125
0 0.7860576923076923 0.16706730769230768 0.036057692307692304 0.15745192307692307
0 0.5 0.6502403846153846 0.021634615384615384 0.07692307692307693
0 0.25961538461538464 0.8100961538461539 0.026442307692307692 0.0889423076923077
0 0.5649038461538461 0.8149038461538461 0.025240384615384616 0.09014423076923077
0 0.6514423076923077 0.8317307692307693 0.02403846153846154 0.0829326923076923
0 0.6766826923076923 0.8341346153846154 0.02283653846153846 0.07932692307692307
0 0.703125 0.8389423076923077 0.026442307692307692 0.08173076923076923
0 0.7307692307692307 0.8377403846153846 0.026442307692307692 0.08413461538461539
0 0.7596153846153846 0.8377403846153846 0.027644230769230768 0.08413461538461539
0 0.7872596153846154 0.8329326923076923 0.027644230769230768 0.09254807692307693
0 0.8161057692307693 0.8317307692307693 0.026442307692307692 0.08653846153846154
0 0.8461538461538461 0.8473557692307693 0.025240384615384616 0.08173076923076923
0 0.875 0.8497596153846154 0.028846153846153848 0.08653846153846154
0 0.9074519230769231 0.8413461538461539 0.028846153846153848 0.08173076923076923
0 0.34134615384615385 0.6466346153846154 0.021634615384615384 0.078125
0 0.23317307692307693 0.8088942307692307 0.015625 0.07572115384615384
0 0.3641826923076923 0.6454326923076923 0.020432692307692308 0.08052884615384616
0 0.3858173076923077 0.6442307692307693 0.02403846153846154 0.07932692307692307
0 0.40865384615384615 0.6454326923076923 0.02283653846153846 0.07692307692307693
0 0.43149038461538464 0.6466346153846154 0.02283653846153846 0.078125
0 0.4543269230769231 0.6466346153846154 0.02283653846153846 0.07692307692307693
0 0.47836538461538464 0.6490384615384616 0.021634615384615384 0.078125
0 0.08173076923076923 0.6790865384615384 0.027644230769230768 0.08052884615384616
0 0.5396634615384616 0.8112980769230769 0.02403846153846154 0.09014423076923077
0 0.7512019230769231 0.17427884615384615 0.03485576923076923 0.1466346153846154
0 0.22956730769230768 0.5709134615384616 0.019230769230769232 0.08533653846153846
0 0.578125 0.49759615384615385 0.027644230769230768 0.12379807692307693
0 0.65625 0.49759615384615385 0.027644230769230768 0.12259615384615384
0 0.6838942307692307 0.49759615384615385 0.027644230769230768 0.11899038461538461
0 0.7139423076923077 0.4963942307692308 0.03125 0.12139423076923077
0 0.1045673076923077 0.6790865384615384 0.018028846153846152 0.08052884615384616
0 0.12860576923076922 0.6814903846153846 0.02403846153846154 0.08413461538461539
0 0.15264423076923078 0.6754807692307693 0.021634615384615384 0.09254807692307693
0 0.17548076923076922 0.6826923076923077 0.02403846153846154 0.07932692307692307
0 0.20192307692307693 0.6838942307692307 0.027644230769230768 0.08413461538461539
0 0.2283653846153846 0.6826923076923077 0.02283653846153846 0.08413461538461539
0 0.2548076923076923 0.6838942307692307 0.026442307692307692 0.0829326923076923
0 0.36538461538461536 0.8149038461538461 0.020432692307692308 0.07091346153846154
0 0.7463942307692307 0.4987980769230769 0.030048076923076924 0.12259615384615384
0 0.7788461538461539 0.49759615384615385 0.036057692307692304 0.125
0 0.8137019230769231 0.4963942307692308 0.03125 0.125
0 0.8461538461538461 0.5 0.03245192307692308 0.1201923076923077
0 0.8858173076923077 0.49399038461538464 0.037259615384615384 0.125
0 0.5528846153846154 0.5 0.02283653846153846 0.11778846153846154
0 0.20673076923076922 0.5673076923076923 0.025240384615384616 0.08774038461538461
0 0.5132211538461539 0.8173076923076923 0.026442307692307692 0.08413461538461539
0 0.44711538461538464 0.8173076923076923 0.019230769230769232 0.06490384615384616
0 0.4651442307692308 0.5012019230769231 0.03125 0.10697115384615384
0 0.49399038461538464 0.5 0.026442307692307692 0.10817307692307693
0 0.5240384615384616 0.5012019230769231 0.03365384615384615 0.11298076923076923
0 0.4879807692307692 0.8149038461538461 0.021634615384615384 0.078125
0 0.46634615384615385 0.8185096153846154 0.021634615384615384 0.06850961538461539
0 0.3786057692307692 0.5024038461538461 0.027644230769230768 0.10817307692307693
0 0.2127403846153846 0.8076923076923077 0.02403846153846154 0.07572115384615384
0 0.43509615384615385 0.5012019230769231 0.030048076923076924 0.10576923076923077
0 0.18629807692307693 0.8076923076923077 0.02403846153846154 0.07692307692307693
0 0.14302884615384615 0.8040865384615384 0.02403846153846154 0.08052884615384616
0 0.1201923076923077 0.8040865384615384 0.019230769230769232 0.07932692307692307
0 0.09735576923076923 0.8016826923076923 0.025240384615384616 0.08052884615384616
0 0.4266826923076923 0.8161057692307693 0.020432692307692308 0.06490384615384616
0 0.34975961538461536 0.5012019230769231 0.030048076923076924 0.11057692307692307
0 0.2548076923076923 0.5709134615384616 0.026442307692307692 0.08533653846153846
0 0.4050480769230769 0.8209134615384616 0.019230769230769232 0.07091346153846154
0 0.16346153846153846 0.8052884615384616 0.019230769230769232 0.07932692307692307
0 0.4074519230769231 0.5012019230769231 0.028846153846153848 0.10697115384615384