0 0.5204326923076923 0.3269230769230769 0.03365384615384615 0.057692307692307696
0 0.5516826923076923 0.421875 0.078125 0.027644230769230768
0 0.34615384615384615 0.41346153846153844 0.109375 0.04807692307692308
0 0.5516826923076923 0.3269230769230769 0.027644230769230768 0.05889423076923077
0 0.2620192307692308 0.4098557692307692 0.055288461538461536 0.052884615384615384
0 0.203125 0.4098557692307692 0.06370192307692307 0.05048076923076923
0 0.027644230769230768 0.4014423076923077 0.055288461538461536 0.06009615384615385
0 0.9086538461538461 0.33413461538461536 0.054086538461538464 0.057692307692307696
0 0.8533653846153846 0.3425480769230769 0.055288461538461536 0.039663461538461536
0 0.796875 0.3293269230769231 0.04807692307692308 0.06129807692307692
0 0.734375 0.3293269230769231 0.07932692307692307 0.06370192307692307
0 0.5841346153846154 0.328125 0.039663461538461536 0.06129807692307692
0 0.4567307692307692 0.41346153846153844 0.109375 0.046875
0 0.6658653846153846 0.3269230769230769 0.055288461538461536 0.0625
0 0.875 0.41586538461538464 0.09134615384615384 0.052884615384615384
0 0.8509615384615384 0.08173076923076923 0.06129807692307692 0.027644230769230768
0 0.31850961538461536 0.4951923076923077 0.039663461538461536 0.04807692307692308
0 0.45552884615384615 0.3245192307692308 0.06129807692307692 0.06610576923076923
0 0.3581730769230769 0.4963942307692308 0.037259615384615384 0.04567307692307692
0 0.6310096153846154 0.6586538461538461 0.06370192307692307 0.028846153846153848
0 0.5576923076923077 0.6574519230769231 0.08413461538461539 0.028846153846153848
0 0.46875 0.6538461538461539 0.07572115384615384 0.030048076923076924
0 0.3858173076923077 0.6550480769230769 0.08653846153846154 0.028846153846153848
0 0.8413461538461539 0.11538461538461539 0.07211538461538461 0.03485576923076923
0 0.3125 0.6538461538461539 0.06129807692307692 0.03125
0 0.17668269230769232 0.6538461538461539 0.08173076923076923 0.03245192307692308
0 0.10096153846153846 0.6610576923076923 0.06850961538461539 0.018028846153846152
0 0.03245192307692308 0.65625 0.06370192307692307 0.03365384615384615
0 0.9447115384615384 0.4699519230769231 0.04326923076923077 0.17307692307692307
0 0.7884615384615384 0.4098557692307692 0.08533653846153846 0.06490384615384616
0 0.7139423076923077 0.4254807692307692 0.078125 0.039663461538461536
0 0.6322115384615384 0.4266826923076923 0.0829326923076923 0.036057692307692304
0 0.25240384615384615 0.6442307692307693 0.052884615384615384 0.02283653846153846
0 0.8569711538461539 0.7223557692307693 0.06009615384615385 0.046875
0 0.18629807692307693 0.11298076923076923 0.08052884615384616 0.0625
0 0.7716346153846154 0.7271634615384616 0.042067307692307696 0.04447115384615385
0 0.24879807692307693 0.12379807692307693 0.042067307692307696 0.05048076923076923
0 0.29086538461538464 0.12379807692307693 0.037259615384615384 0.04807692307692308
0 0.3581730769230769 0.1346153846153846 0.09014423076923077 0.030048076923076924
0 0.3557692307692308 0.10096153846153846 0.09495192307692307 0.037259615384615384
0 0.44471153846153844 0.1310096153846154 0.08653846153846154 0.02403846153846154
0 0.5108173076923077 0.12740384615384615 0.04447115384615385 0.04447115384615385
0 0.5588942307692307 0.11658653846153846 0.055288461538461536 0.06610576923076923
0 0.6201923076923077 0.11298076923076923 0.07211538461538461 0.0829326923076923
0 0.6862980769230769 0.14543269230769232 0.06370192307692307 0.025240384615384616
0 0.6826923076923077 0.12379807692307693 0.057692307692307696 0.018028846153846152
0 0.7451923076923077 0.12740384615384615 0.06370192307692307 0.020432692307692308
0 0.7427884615384616 0.1466346153846154 0.06129807692307692 0.018028846153846152
0 0.7908653846153846 0.12860576923076922 0.03245192307692308 0.054086538461538464
0 0.84375 0.14543269230769232 0.08052884615384616 0.025240384615384616
0 0.25721153846153844 0.49759615384615385 0.07091346153846154 0.055288461538461536
0 0.11778846153846154 0.12259615384615384 0.057692307692307696 0.042067307692307696
0 0.8125 0.7271634615384616 0.038461538461538464 0.04567307692307692
0 0.054086538461538464 0.1201923076923077 0.057692307692307696 0.04927884615384615
0 0.06370192307692307 0.0733173076923077 0.0625 0.04326923076923077
0 0.6935096153846154 0.7175480769230769 0.08413461538461539 0.038461538461538464
0 0.6117788461538461 0.7235576923076923 0.05889423076923077 0.028846153846153848
0 0.5444711538461539 0.7175480769230769 0.04927884615384615 0.04447115384615385
0 0.49038461538461536 0.7223557692307693 0.051682692307692304 0.040865384615384616
0 0.3329326923076923 0.7019230769230769 0.09375 0.02403846153846154
0 0.34375 0.7283653846153846 0.07692307692307693 0.028846153846153848
0 0.2512019230769231 0.7295673076923077 0.06490384615384616 0.03125
0 0.24879807692307693 0.703125 0.05889423076923077 0.021634615384615384
0 0.038461538461538464 0.875 0.07211538461538461 0.027644230769230768
0 0.03365384615384615 0.9038461538461539 0.06610576923076923 0.026442307692307692
0 0.09495192307692307 0.8918269230769231 0.046875 0.05048076923076923
0 0.2536057692307692 0.8978365384615384 0.06850961538461539 0.036057692307692304
0 0.25 0.859375 0.0625 0.040865384615384616
0 0.46033653846153844 0.8822115384615384 0.030048076923076924 0.06009615384615385
0 0.49759615384615385 0.8870192307692307 0.037259615384615384 0.05048076923076923
0 0.007211538461538462 0.11177884615384616 0.014423076923076924 0.05048076923076923
0 0.19230769230769232 0.4855769230769231 0.06850961538461539 0.05889423076923077
0 0.8677884615384616 0.6574519230769231 0.07451923076923077 0.028846153846153848
0 0.7944711538461539 0.5817307692307693 0.07451923076923077 0.06370192307692307
0 0.34975961538461536 0.3269230769230769 0.06370192307692307 0.05048076923076923
0 0.4026442307692308 0.33413461538461536 0.04326923076923077 0.04927884615384615
0 0.02283653846153846 0.49759615384615385 0.04447115384615385 0.055288461538461536
0 0.040865384615384616 0.7235576923076923 0.08052884615384616 0.04567307692307692
0 0.14783653846153846 0.7980769230769231 0.04927884615384615 0.055288461538461536
0 0.19591346153846154 0.796875 0.046875 0.057692307692307696
0 0.28725961538461536 0.31971153846153844 0.05889423076923077 0.06610576923076923
0 0.2439903846153846 0.7920673076923077 0.04807692307692308 0.04807692307692308
0 0.3485576923076923 0.7980769230769231 0.039663461538461536 0.046875
0 0.3942307692307692 0.7980769230769231 0.05048076923076923 0.046875
0 0.4423076923076923 0.7956730769230769 0.04447115384615385 0.042067307692307696
0 0.49278846153846156 0.7956730769230769 0.051682692307692304 0.04807692307692308
0 0.5516826923076923 0.8028846153846154 0.06370192307692307 0.039663461538461536
0 0.6262019230769231 0.8076923076923077 0.07932692307692307 0.028846153846153848
0 0.29927884615384615 0.7956730769230769 0.06009615384615385 0.042067307692307696
0 0.23197115384615385 0.31850961538461536 0.051682692307692304 0.06370192307692307
0 0.17548076923076922 0.32211538461538464 0.06129807692307692 0.05889423076923077
0 0.11658653846153846 0.32091346153846156 0.056490384615384616 0.056490384615384616
0 0.7908653846153846 0.6574519230769231 0.07932692307692307 0.030048076923076924
0 0.7127403846153846 0.6574519230769231 0.07572115384615384 0.030048076923076924
0 0.8701923076923077 0.2536057692307692 0.055288461538461536 0.051682692307692304
0 0.7620192307692307 0.24759615384615385 0.04447115384615385 0.05889423076923077
0 0.6899038461538461 0.24759615384615385 0.04567307692307692 0.06370192307692307
0 0.6298076923076923 0.23076923076923078 0.06971153846153846 0.09615384615384616
0 0.4699519230769231 0.22355769230769232 0.06490384615384616 0.09014423076923077
0 0.35336538461538464 0.23317307692307693 0.06370192307692307 0.0829326923076923
0 0.2956730769230769 0.22956730769230768 0.04927884615384615 0.08052884615384616
0 0.23677884615384615 0.24879807692307693 0.06009615384615385 0.037259615384615384
0 0.23317307692307693 0.20793269230769232 0.06850961538461539 0.04447115384615385
0 0.13581730769230768 0.23918269230769232 0.07211538461538461 0.056490384615384616
0 0.040865384615384616 0.22355769230769232 0.04447115384615385 0.08533653846153846
0 0.021634615384615384 0.32211538461538464 0.038461538461538464 0.056490384615384616
0 0.06490384615384616 0.3233173076923077 0.04927884615384615 0.054086538461538464
0 0.6875 0.7980769230769231 0.04927884615384615 0.038461538461538464
0 0.8701923076923077 0.5817307692307693 0.04927884615384615 0.06009615384615385
0 0.7740384615384616 0.8016826923076923 0.07211538461538461 0.025240384615384616
0 0.8497596153846154 0.8581730769230769 0.051682692307692304 0.038461538461538464
0 0.015625 0.5829326923076923 0.028846153846153848 0.057692307692307696
0 0.0625 0.5829326923076923 0.039663461538461536 0.057692307692307696
0 0.19471153846153846 0.578125 0.04927884615384615 0.0673076923076923
0 0.24278846153846154 0.5853365384615384 0.040865384615384616 0.052884615384615384
0 0.28125 0.5865384615384616 0.037259615384615384 0.055288461538461536
0 0.3293269230769231 0.5769230769230769 0.057692307692307696 0.0733173076923077
0 0.0673076923076923 0.5 0.039663461538461536 0.052884615384615384
0 0.3870192307692308 0.5769230769230769 0.057692307692307696 0.07211538461538461
0 0.5024038461538461 0.5817307692307693 0.06370192307692307 0.07211538461538461
0 0.5588942307692307 0.5841346153846154 0.03485576923076923 0.054086538461538464
0 0.5961538461538461 0.5817307692307693 0.03245192307692308 0.052884615384615384
0 0.6430288461538461 0.5817307692307693 0.040865384615384616 0.0673076923076923
0 0.6838942307692307 0.5829326923076923 0.040865384615384616 0.06490384615384616
0 0.7331730769230769 0.5793269230769231 0.046875 0.06850961538461539
0 0.44471153846153844 0.5769230769230769 0.054086538461538464 0.07211538461538461
0 0.9170673076923077 0.15384615384615385 0.07211538461538461 0.020432692307692308
0 0.5504807692307693 0.8774038461538461 0.04447115384615385 0.02283653846153846
0 0.5480769230769231 0.8978365384615384 0.038461538461538464 0.018028846153846152
0 0.8557692307692307 0.8942307692307693 0.06129807692307692 0.03365384615384615
0 0.46033653846153844 0.5036057692307693 0.05048076923076923 0.051682692307692304
0 0.5120192307692307 0.5012019230769231 0.051682692307692304 0.04807692307692308
0 0.6262019230769231 0.5048076923076923 0.055288461538461536 0.04927884615384615
0 0.6778846153846154 0.5012019230769231 0.04567307692307692 0.055288461538461536
0 0.7295673076923077 0.5036057692307693 0.06009615384615385 0.055288461538461536
0 0.7992788461538461 0.5060096153846154 0.054086538461538464 0.04807692307692308
0 0.8713942307692307 0.5084134615384616 0.07091346153846154 0.046875
0 0.8052884615384616 0.8966346153846154 0.05048076923076923 0.030048076923076924
0 0.7439903846153846 0.8846153846153846 0.05889423076923077 0.05048076923076923
0 0.6838942307692307 0.8978365384615384 0.06370192307692307 0.02403846153846154
0 0.6814903846153846 0.8737980769230769 0.06009615384615385 0.02403846153846154
0 0.6081730769230769 0.8569711538461539 0.06490384615384616 0.030048076923076924
0 0.609375 0.8810096153846154 0.07211538461538461 0.014423076923076924
0 0.6129807692307693 0.9002403846153846 0.07451923076923077 0.019230769230769232
0 0.8401442307692307 0.8016826923076923 0.055288461538461536 0.02403846153846154
0 0.9146634615384616 0.12740384615384615 0.06370192307692307 0.03365384615384615