0 0.33774038461538464 0.4254807692307692 0.0733173076923077 0.037259615384615384
0 0.34375 0.46875 0.06490384615384616 0.037259615384615384
0 0.21153846153846154 0.4206730769230769 0.06490384615384616 0.039663461538461536
0 0.2764423076923077 0.421875 0.04447115384615385 0.042067307692307696
0 0.27524038461538464 0.46274038461538464 0.046875 0.037259615384615384
0 0.21033653846153846 0.4639423076923077 0.06850961538461539 0.03485576923076923
0 0.7403846153846154 0.2764423076923077 0.09014423076923077 0.04567307692307692
0 0.9579326923076923 0.3317307692307692 0.07932692307692307 0.027644230769230768
0 0.8569711538461539 0.3233173076923077 0.11057692307692307 0.042067307692307696
0 0.4074519230769231 0.4254807692307692 0.05048076923076923 0.039663461538461536
0 0.7283653846153846 0.3269230769230769 0.1201923076923077 0.04447115384615385
0 0.6069711538461539 0.32572115384615385 0.0889423076923077 0.039663461538461536
0 0.6009615384615384 0.2800480769230769 0.10216346153846154 0.037259615384615384
0 0.9627403846153846 0.29086538461538464 0.0733173076923077 0.042067307692307696
0 0.41225961538461536 0.46875 0.05048076923076923 0.037259615384615384
0 0.8449519230769231 0.4254807692307692 0.171875 0.04567307692307692
0 0.578125 0.4375 0.08413461538461539 0.0985576923076923
0 0.019230769230769232 0.5564903846153846 0.03485576923076923 0.030048076923076924
0 0.6754807692307693 0.6021634615384616 0.07451923076923077 0.042067307692307696
0 0.7524038461538461 0.6009615384615384 0.07451923076923077 0.04807692307692308
0 0.8329326923076923 0.6033653846153846 0.078125 0.039663461538461536
0 0.8413461538461539 0.5564903846153846 0.08413461538461539 0.04567307692307692
0 0.7487980769230769 0.546875 0.07091346153846154 0.038461538461538464
0 0.6670673076923077 0.5516826923076923 0.0625 0.04807692307692308
0 0.9314903846153846 0.6105769230769231 0.08774038461538461 0.030048076923076924
0 0.9338942307692307 0.5673076923076923 0.08533653846153846 0.042067307692307696
0 0.703125 0.4723557692307692 0.15264423076923078 0.03365384615384615
0 0.8629807692307693 0.4735576923076923 0.1346153846153846 0.03485576923076923
0 0.9747596153846154 0.47716346153846156 0.04927884615384615 0.02283653846153846
0 0.9711538461538461 0.4411057692307692 0.04447115384615385 0.03365384615384615
0 0.47716346153846156 0.28125 0.078125 0.039663461538461536
0 0.6862980769230769 0.41947115384615385 0.109375 0.04326923076923077
0 0.48677884615384615 0.4411057692307692 0.0733173076923077 0.09495192307692307
0 0.5036057692307693 0.3269230769230769 0.09254807692307693 0.03485576923076923
0 0.056490384615384616 0.3245192307692308 0.06971153846153846 0.039663461538461536
0 0.28846153846153844 0.32572115384615385 0.05889423076923077 0.040865384615384616
0 0.6478365384615384 0.09254807692307693 0.057692307692307696 0.03125
0 0.7451923076923077 0.09735576923076923 0.11177884615384616 0.03485576923076923
0 0.7596153846153846 0.0625 0.11298076923076923 0.027644230769230768
0 0.84375 0.10576923076923077 0.07572115384615384 0.025240384615384616
0 0.9350961538461539 0.10576923076923077 0.09495192307692307 0.020432692307692308
0 0.9206730769230769 0.08052884615384616 0.09375 0.018028846153846152
0 0.5865384615384616 0.09134615384615384 0.055288461538461536 0.037259615384615384
0 0.9567307692307693 0.1935096153846154 0.08533653846153846 0.052884615384615384
0 0.7295673076923077 0.19831730769230768 0.10697115384615384 0.042067307692307696
0 0.028846153846153848 0.20432692307692307 0.057692307692307696 0.02283653846153846
0 0.028846153846153848 0.17548076923076922 0.056490384615384616 0.027644230769230768
0 0.09134615384615384 0.18389423076923078 0.04807692307692308 0.015625
0 0.12860576923076922 0.20673076923076922 0.04927884615384615 0.016826923076923076
0 0.2283653846153846 0.20192307692307693 0.06971153846153846 0.03125
0 0.84375 0.1971153846153846 0.10817307692307693 0.037259615384615384
0 0.5072115384615384 0.09254807692307693 0.07932692307692307 0.038461538461538464
0 0.4254807692307692 0.09375 0.078125 0.038461538461538464
0 0.018028846153846152 0.5997596153846154 0.036057692307692304 0.040865384615384616
0 0.21153846153846154 0.32572115384615385 0.04567307692307692 0.039663461538461536
0 0.13581730769230768 0.32572115384615385 0.07932692307692307 0.040865384615384616
0 0.23798076923076922 0.28365384615384615 0.06370192307692307 0.028846153846153848
0 0.13942307692307693 0.27403846153846156 0.07572115384615384 0.042067307692307696
0 0.054086538461538464 0.2776442307692308 0.07091346153846154 0.040865384615384616
0 0.6262019230769231 0.19471153846153846 0.06370192307692307 0.052884615384615384
0 0.5625 0.1971153846153846 0.05048076923076923 0.055288461538461536
0 0.4879807692307692 0.20192307692307693 0.06490384615384616 0.03485576923076923
0 0.41225961538461536 0.20192307692307693 0.07091346153846154 0.039663461538461536
0 0.49158653846153844 0.15985576923076922 0.07692307692307693 0.036057692307692304
0 0.4098557692307692 0.15985576923076922 0.07451923076923077 0.03365384615384615
0 0.3329326923076923 0.20192307692307693 0.078125 0.037259615384615384
0 0.1045673076923077 0.08653846153846154 0.08533653846153846 0.039663461538461536
0 0.20673076923076922 0.08774038461538461 0.10216346153846154 0.04326923076923077
0 0.34134615384615385 0.09134615384615384 0.07932692307692307 0.038461538461538464
0 0.4074519230769231 0.328125 0.06610576923076923 0.037259615384615384
0 0.15384615384615385 0.6033653846153846 0.18509615384615385 0.04326923076923077
0 0.328125 0.16826923076923078 0.07091346153846154 0.021634615384615384
0 0.3473557692307692 0.6045673076923077 0.16947115384615385 0.040865384615384616
0 0.6021634615384616 0.9038461538461539 0.0829326923076923 0.06129807692307692
0 0.6081730769230769 0.8245192307692307 0.06850961538461539 0.06370192307692307
0 0.5048076923076923 0.8269230769230769 0.09495192307692307 0.054086538461538464
0 0.32091346153846156 0.8004807692307693 0.0985576923076923 0.028846153846153848
0 0.057692307692307696 0.8149038461538461 0.09615384615384616 0.038461538461538464
0 0.17067307692307693 0.8112980769230769 0.09134615384615384 0.04326923076923077
0 0.018028846153846152 0.9050480769230769 0.036057692307692304 0.051682692307692304
0 0.09134615384615384 0.8990384615384616 0.08653846153846154 0.07091346153846154
0 0.18028846153846154 0.8990384615384616 0.07211538461538461 0.06971153846153846
0 0.15865384615384615 0.6887019230769231 0.07451923076923077 0.038461538461538464
0 0.27524038461538464 0.6995192307692307 0.055288461538461536 0.03245192307692308
0 0.35697115384615385 0.6947115384615384 0.05048076923076923 0.028846153846153848
0 0.3713942307692308 0.6634615384615384 0.051682692307692304 0.018028846153846152
0 0.41225961538461536 0.6923076923076923 0.046875 0.03365384615384615
0 0.3786057692307692 0.7331730769230769 0.11538461538461539 0.037259615384615384
0 0.5 0.7331730769230769 0.05889423076923077 0.039663461538461536
0 0.49759615384615385 0.6862980769230769 0.057692307692307696 0.04807692307692308
0 0.5709134615384616 0.6838942307692307 0.05889423076923077 0.04567307692307692
0 0.6346153846153846 0.6850961538461539 0.05889423076923077 0.04807692307692308
0 0.34375 0.5528846153846154 0.17668269230769232 0.04567307692307692
0 0.5637019230769231 0.7331730769230769 0.055288461538461536 0.037259615384615384
0 0.6262019230769231 0.7319711538461539 0.05889423076923077 0.03485576923076923
0 0.7151442307692307 0.7055288461538461 0.078125 0.08173076923076923
0 0.5096153846153846 0.9038461538461539 0.08052884615384616 0.06129807692307692
0 0.4050480769230769 0.9074519230769231 0.11177884615384616 0.04807692307692308
0 0.41346153846153844 0.8004807692307693 0.05048076923076923 0.030048076923076924
0 0.7115384615384616 0.9038461538461539 0.109375 0.06610576923076923
0 0.7752403846153846 0.7079326923076923 0.028846153846153848 0.07692307692307693
0 0.7512019230769231 0.8293269230769231 0.11538461538461539 0.056490384615384616
0 0.8377403846153846 0.9050480769230769 0.10697115384615384 0.07091346153846154
0 0.9483173076923077 0.9098557692307693 0.0985576923076923 0.06490384615384616
0 0.07692307692307693 0.6875 0.06850961538461539 0.036057692307692304
0 0.9483173076923077 0.8341346153846154 0.10216346153846154 0.078125
0 0.96875 0.6850961538461539 0.057692307692307696 0.03365384615384615
0 0.9675480769230769 0.7283653846153846 0.06370192307692307 0.046875
0 0.8725961538461539 0.7019230769230769 0.06610576923076923 0.0673076923076923
0 0.8149038461538461 0.7091346153846154 0.036057692307692304 0.08173076923076923
0 0.020432692307692308 0.6911057692307693 0.037259615384615384 0.036057692307692304
0 0.2848557692307692 0.9098557692307693 0.11658653846153846 0.04807692307692308
0 0.53125 0.5625 0.17548076923076922 0.05048076923076923
0 0.5360576923076923 0.6069711538461539 0.18870192307692307 0.02403846153846154
0 0.16105769230769232 0.5600961538461539 0.17427884615384615 0.03485576923076923