0 0.3605769230769231 0.3173076923076923 0.0625 0.038461538461538464
0 0.44350961538461536 0.3317307692307692 0.06850961538461539 0.008413461538461538
0 0.5216346153846154 0.31490384615384615 0.08774038461538461 0.009615384615384616
0 0.5204326923076923 0.32572115384615385 0.08533653846153846 0.01201923076923077
0 0.5997596153846154 0.3269230769230769 0.0829326923076923 0.01201923076923077
0 0.6009615384615384 0.31490384615384615 0.08173076923076923 0.01201923076923077
0 0.6778846153846154 0.3137019230769231 0.08533653846153846 0.01201923076923077
0 0.8149038461538461 0.32091346153846156 0.06009615384615385 0.02403846153846154
0 0.7548076923076923 0.3173076923076923 0.06850961538461539 0.030048076923076924
0 0.9038461538461539 0.3161057692307692 0.12379807692307693 0.028846153846153848
0 0.96875 0.4074519230769231 0.06129807692307692 0.08052884615384616
0 0.8581730769230769 0.4230769230769231 0.054086538461538464 0.06129807692307692
0 0.7836538461538461 0.40625 0.06610576923076923 0.07932692307692307
0 0.7151442307692307 0.4050480769230769 0.040865384615384616 0.0625
0 0.6394230769230769 0.4110576923076923 0.03485576923076923 0.06610576923076923
0 0.5673076923076923 0.4326923076923077 0.11899038461538461 0.020432692307692308
0 0.6778846153846154 0.3269230769230769 0.08173076923076923 0.01201923076923077
0 0.296875 0.3173076923076923 0.0625 0.037259615384615384
0 0.17668269230769232 0.31490384615384615 0.06009615384615385 0.040865384615384616
0 0.1141826923076923 0.3088942307692308 0.054086538461538464 0.052884615384615384
0 0.0889423076923077 0.22235576923076922 0.10817307692307693 0.06490384615384616
0 0.15745192307692307 0.23317307692307693 0.018028846153846152 0.04326923076923077
0 0.1935096153846154 0.23317307692307693 0.046875 0.038461538461538464
0 0.23317307692307693 0.23076923076923078 0.03245192307692308 0.039663461538461536
0 0.3425480769230769 0.23197115384615385 0.056490384615384616 0.037259615384615384
0 0.4026442307692308 0.22235576923076922 0.0673076923076923 0.06129807692307692
0 0.45913461538461536 0.21634615384615385 0.042067307692307696 0.0673076923076923
0 0.5048076923076923 0.22716346153846154 0.04326923076923077 0.04567307692307692
0 0.5444711538461539 0.234375 0.025240384615384616 0.036057692307692304
0 0.5709134615384616 0.234375 0.027644230769230768 0.036057692307692304
0 0.5997596153846154 0.23317307692307693 0.03245192307692308 0.03365384615384615
0 0.6346153846153846 0.23076923076923078 0.03485576923076923 0.040865384615384616
0 0.6706730769230769 0.23076923076923078 0.036057692307692304 0.039663461538461536
0 0.7055288461538461 0.23197115384615385 0.03485576923076923 0.036057692307692304
0 0.7427884615384616 0.23197115384615385 0.037259615384615384 0.036057692307692304
0 0.7920673076923077 0.23197115384615385 0.05889423076923077 0.03365384615384615
0 0.8762019230769231 0.2403846153846154 0.07692307692307693 0.018028846153846152
0 0.054086538461538464 0.31490384615384615 0.06971153846153846 0.016826923076923076
0 0.052884615384615384 0.3293269230769231 0.06850961538461539 0.01201923076923077
0 0.23677884615384615 0.3161057692307692 0.05889423076923077 0.036057692307692304
0 0.9519230769230769 0.2403846153846154 0.078125 0.019230769230769232
0 0.2800480769230769 0.234375 0.06610576923076923 0.03125
0 0.3605769230769231 0.43990384615384615 0.09375 0.05048076923076923
0 0.12860576923076922 0.8112980769230769 0.10216346153846154 0.0625
0 0.037259615384615384 0.7956730769230769 0.07091346153846154 0.09615384615384616
0 0.03245192307692308 0.7055288461538461 0.057692307692307696 0.055288461538461536
0 0.11298076923076923 0.6911057692307693 0.10697115384615384 0.08413461538461539
0 0.19471153846153846 0.7283653846153846 0.04927884615384615 0.06129807692307692
0 0.2512019230769231 0.7223557692307693 0.057692307692307696 0.07211538461538461
0 0.30649038461538464 0.7223557692307693 0.054086538461538464 0.07091346153846154
0 0.35336538461538464 0.7211538461538461 0.042067307692307696 0.0733173076923077
0 0.3954326923076923 0.7235576923076923 0.040865384615384616 0.07692307692307693
0 0.4567307692307692 0.7451923076923077 0.08052884615384616 0.03365384615384615
0 0.5252403846153846 0.7199519230769231 0.056490384615384616 0.06850961538461539
0 0.5865384615384616 0.7199519230769231 0.06009615384615385 0.06490384615384616
0 0.6370192307692307 0.7199519230769231 0.042067307692307696 0.06490384615384616
0 0.6850961538461539 0.7175480769230769 0.04807692307692308 0.06370192307692307
0 0.7271634615384616 0.7139423076923077 0.03485576923076923 0.07091346153846154
0 0.2091346153846154 0.8125 0.056490384615384616 0.06610576923076923
0 0.26802884615384615 0.8185096153846154 0.05889423076923077 0.04447115384615385
0 0.3173076923076923 0.796875 0.042067307692307696 0.03125
0 0.31850961538461536 0.8257211538461539 0.04326923076923077 0.028846153846153848
0 0.9507211538461539 0.7956730769230769 0.026442307692307692 0.06009615384615385
0 0.9807692307692307 0.7992788461538461 0.03365384615384615 0.06971153846153846
0 0.90625 0.7944711538461539 0.05048076923076923 0.06971153846153846
0 0.8485576923076923 0.8100961538461539 0.037259615384615384 0.04567307692307692
0 0.8028846153846154 0.7992788461538461 0.051682692307692304 0.0673076923076923
0 0.7548076923076923 0.8004807692307693 0.046875 0.06850961538461539
0 0.6887019230769231 0.8245192307692307 0.09014423076923077 0.018028846153846152
0 0.7572115384615384 0.7127403846153846 0.026442307692307692 0.06850961538461539
0 0.6887019230769231 0.8040865384615384 0.0889423076923077 0.02283653846153846
0 0.59375 0.8016826923076923 0.03485576923076923 0.06370192307692307
0 0.5480769230769231 0.8088942307692307 0.06850961538461539 0.052884615384615384
0 0.4795673076923077 0.8076923076923077 0.06971153846153846 0.056490384615384616
0 0.43028846153846156 0.8040865384615384 0.03485576923076923 0.04927884615384615
0 0.43028846153846156 0.8341346153846154 0.030048076923076924 0.009615384615384616
0 0.3918269230769231 0.8100961538461539 0.03365384615384615 0.055288461538461536
0 0.3581730769230769 0.8088942307692307 0.03485576923076923 0.05048076923076923
0 0.6274038461538461 0.8028846153846154 0.03245192307692308 0.0625
0 0.4543269230769231 0.4423076923076923 0.07692307692307693 0.036057692307692304
0 0.796875 0.7139423076923077 0.05048076923076923 0.06610576923076923
0 0.8846153846153846 0.7163461538461539 0.03365384615384615 0.06610576923076923
0 0.27283653846153844 0.6430288461538461 0.042067307692307696 0.056490384615384616
0 0.23677884615384615 0.6418269230769231 0.038461538461538464 0.0625
0 0.1935096153846154 0.640625 0.046875 0.06610576923076923
0 0.013221153846153846 0.609375 0.025240384615384616 0.009615384615384616
0 0.014423076923076924 0.6165865384615384 0.026442307692307692 0.010817307692307692
0 0.016826923076923076 0.6274038461538461 0.03365384615384615 0.009615384615384616
0 0.051682692307692304 0.5961538461538461 0.04326923076923077 0.07211538461538461
0 0.09615384615384616 0.5949519230769231 0.038461538461538464 0.07211538461538461
0 0.14182692307692307 0.5913461538461539 0.04447115384615385 0.07572115384615384
0 0.18269230769230768 0.5637019230769231 0.036057692307692304 0.051682692307692304
0 0.21995192307692307 0.5625 0.038461538461538464 0.052884615384615384
0 0.25721153846153844 0.5625 0.036057692307692304 0.05048076923076923
0 0.31850961538461536 0.5685096153846154 0.0733173076923077 0.03125
0 0.3701923076923077 0.5588942307692307 0.036057692307692304 0.04567307692307692
0 0.4074519230769231 0.5576923076923077 0.038461538461538464 0.05048076923076923
0 0.3088942307692308 0.6418269230769231 0.03125 0.056490384615384616
0 0.35216346153846156 0.6454326923076923 0.051682692307692304 0.04927884615384615
0 0.40024038461538464 0.6334134615384616 0.046875 0.0733173076923077
0 0.4495192307692308 0.6358173076923077 0.052884615384615384 0.06009615384615385
0 0.9206730769230769 0.7163461538461539 0.037259615384615384 0.06490384615384616
0 0.953125 0.7139423076923077 0.03125 0.06009615384615385
0 0.984375 0.7151442307692307 0.025240384615384616 0.05889423076923077
0 0.9891826923076923 0.6550480769230769 0.016826923076923076 0.021634615384615384
0 0.96875 0.6538461538461539 0.028846153846153848 0.018028846153846152
0 0.9675480769230769 0.6370192307692307 0.028846153846153848 0.016826923076923076
0 0.9194711538461539 0.6334134615384616 0.06610576923076923 0.057692307692307696
0 0.8473557692307693 0.7223557692307693 0.037259615384615384 0.04807692307692308
0 0.8569711538461539 0.6430288461538461 0.042067307692307696 0.03485576923076923
0 0.7836538461538461 0.6490384615384616 0.036057692307692304 0.028846153846153848
0 0.7403846153846154 0.6430288461538461 0.05048076923076923 0.04326923076923077
0 0.6911057692307693 0.6514423076923077 0.04567307692307692 0.027644230769230768
0 0.6538461538461539 0.6466346153846154 0.03125 0.039663461538461536
0 0.6213942307692307 0.6502403846153846 0.03485576923076923 0.03245192307692308
0 0.5793269230769231 0.6430288461538461 0.052884615384615384 0.039663461538461536
0 0.5204326923076923 0.6550480769230769 0.06850961538461539 0.016826923076923076
0 0.8185096153846154 0.6370192307692307 0.03365384615384615 0.052884615384615384
0 0.44471153846153844 0.5564903846153846 0.036057692307692304 0.04927884615384615
0 0.47836538461538464 0.5564903846153846 0.036057692307692304 0.04927884615384615
0 0.5132211538461539 0.5564903846153846 0.03365384615384615 0.04927884615384615
0 0.5492788461538461 0.5576923076923077 0.038461538461538464 0.046875
0 0.5853365384615384 0.5661057692307693 0.027644230769230768 0.02283653846153846
0 0.6105769230769231 0.5612980769230769 0.021634615384615384 0.03245192307692308
0 0.6346153846153846 0.5576923076923077 0.026442307692307692 0.038461538461538464
0 0.6658653846153846 0.5564903846153846 0.03485576923076923 0.040865384615384616
0 0.47716346153846156 0.5216346153846154 0.03365384615384615 0.02403846153846154
0 0.7427884615384616 0.5516826923076923 0.037259615384615384 0.051682692307692304
0 0.7860576923076923 0.546875 0.026442307692307692 0.056490384615384616
0 0.703125 0.5552884615384616 0.040865384615384616 0.038461538461538464
0 0.9086538461538461 0.5552884615384616 0.052884615384615384 0.046875
0 0.8185096153846154 0.5492788461538461 0.038461538461538464 0.06129807692307692
0 0.203125 0.43990384615384615 0.052884615384615384 0.04927884615384615
0 0.11298076923076923 0.4206730769230769 0.07091346153846154 0.01201923076923077
0 0.036057692307692304 0.4014423076923077 0.07211538461538461 0.06129807692307692
0 0.28365384615384615 0.4411057692307692 0.055288461538461536 0.05048076923076923
0 0.12139423076923077 0.49158653846153844 0.06490384615384616 0.06490384615384616
0 0.9567307692307693 0.5564903846153846 0.04567307692307692 0.04447115384615385
0 0.03125 0.5144230769230769 0.057692307692307696 0.02403846153846154