0 0.9603365384615384 0.7199519230769231 0.04567307692307692 0.02403846153846154
0 0.9903846153846154 0.7067307692307693 0.014423076923076924 0.038461538461538464
0 0.8930288461538461 0.7259615384615384 0.018028846153846152 0.02283653846153846
0 0.9098557692307693 0.7163461538461539 0.018028846153846152 0.037259615384615384
0 0.9266826923076923 0.7163461538461539 0.018028846153846152 0.03365384615384615
0 0.9831730769230769 0.5192307692307693 0.03125 0.028846153846153848
0 0.9302884615384616 0.6274038461538461 0.03125 0.02403846153846154
0 0.9002403846153846 0.6322115384615384 0.02403846153846154 0.030048076923076924
0 0.8677884615384616 0.6322115384615384 0.021634615384615384 0.03125
0 0.9867788461538461 0.5745192307692307 0.021634615384615384 0.03365384615384615
0 0.9543269230769231 0.578125 0.038461538461538464 0.030048076923076924
0 0.8978365384615384 0.5841346153846154 0.028846153846153848 0.028846153846153848
0 0.8641826923076923 0.5853365384615384 0.036057692307692304 0.026442307692307692
0 0.9050480769230769 0.46875 0.03125 0.027644230769230768
0 0.9471153846153846 0.5228365384615384 0.042067307692307696 0.030048076923076924
0 0.9110576923076923 0.5216346153846154 0.02403846153846154 0.028846153846153848
0 0.8798076923076923 0.5252403846153846 0.039663461538461536 0.03125
0 0.9771634615384616 0.6346153846153846 0.04447115384615385 0.027644230769230768
0 0.054086538461538464 0.4495192307692308 0.05048076923076923 0.04807692307692308
0 0.6694711538461539 0.4639423076923077 0.038461538461538464 0.03245192307692308
0 0.17427884615384615 0.47596153846153844 0.038461538461538464 0.020432692307692308
0 0.020432692307692308 0.5805288461538461 0.03365384615384615 0.04447115384615385
0 0.0625 0.5817307692307693 0.038461538461538464 0.042067307692307696
0 0.10336538461538461 0.5829326923076923 0.039663461538461536 0.046875
0 0.13822115384615385 0.5564903846153846 0.036057692307692304 0.051682692307692304
0 0.17427884615384615 0.5552884615384616 0.03245192307692308 0.04927884615384615
0 0.2127403846153846 0.5504807692307693 0.037259615384615384 0.054086538461538464
0 0.25600961538461536 0.5528846153846154 0.040865384615384616 0.040865384615384616
0 0.2980769230769231 0.5480769230769231 0.039663461538461536 0.038461538461538464
0 0.3329326923076923 0.5420673076923077 0.03485576923076923 0.051682692307692304
0 0.36778846153846156 0.5408653846153846 0.036057692307692304 0.04927884615384615
0 0.40625 0.5396634615384616 0.038461538461538464 0.046875
0 0.4495192307692308 0.5372596153846154 0.04447115384615385 0.04326923076923077
0 0.49399038461538464 0.5324519230769231 0.04326923076923077 0.04567307692307692
0 0.5408653846153846 0.5300480769230769 0.04447115384615385 0.046875
0 0.5817307692307693 0.5264423076923077 0.039663461538461536 0.04807692307692308
0 0.6201923076923077 0.5252403846153846 0.03125 0.046875
0 0.6478365384615384 0.5252403846153846 0.025240384615384616 0.04326923076923077
0 0.6766826923076923 0.5228365384615384 0.027644230769230768 0.042067307692307696
0 0.71875 0.5192307692307693 0.055288461538461536 0.04447115384615385
0 0.06610576923076923 0.5192307692307693 0.08173076923076923 0.02283653846153846
0 0.1310096153846154 0.47836538461538464 0.04326923076923077 0.020432692307692308
0 0.8365384615384616 0.46033653846153844 0.03245192307692308 0.030048076923076924
0 0.7836538461538461 0.4543269230769231 0.030048076923076924 0.046875
0 0.1346153846153846 0.5012019230769231 0.039663461538461536 0.021634615384615384
0 0.17427884615384615 0.5 0.039663461538461536 0.019230769230769232
0 0.20793269230769232 0.4891826923076923 0.025240384615384616 0.03245192307692308
0 0.23317307692307693 0.49038461538461536 0.025240384615384616 0.03125
0 0.27283653846153844 0.4831730769230769 0.040865384615384616 0.039663461538461536
0 0.3173076923076923 0.48197115384615385 0.04326923076923077 0.037259615384615384
0 0.3557692307692308 0.4795673076923077 0.030048076923076924 0.03365384615384615
0 0.3942307692307692 0.47836538461538464 0.037259615384615384 0.030048076923076924
0 0.4230769230769231 0.47115384615384615 0.018028846153846152 0.037259615384615384
0 0.7487980769230769 0.7271634615384616 0.04326923076923077 0.057692307692307696
0 0.4423076923076923 0.47115384615384615 0.019230769230769232 0.036057692307692304
0 0.5216346153846154 0.4651442307692308 0.056490384615384616 0.042067307692307696
0 0.5721153846153846 0.4639423076923077 0.038461538461538464 0.04927884615384615
0 0.6165865384615384 0.4699519230769231 0.05048076923076923 0.009615384615384616
0 0.6201923076923077 0.4795673076923077 0.054086538461538464 0.010817307692307692
0 0.9471153846153846 0.4675480769230769 0.054086538461538464 0.028846153846153848
0 0.7067307692307693 0.46274038461538464 0.038461538461538464 0.03485576923076923
0 0.7355769230769231 0.46033653846153844 0.021634615384615384 0.038461538461538464
0 0.7572115384615384 0.45913461538461536 0.021634615384615384 0.036057692307692304
0 0.8088942307692307 0.46153846153846156 0.02403846153846154 0.03245192307692308
0 0.8737980769230769 0.47475961538461536 0.03245192307692308 0.027644230769230768
0 0.7896634615384616 0.71875 0.036057692307692304 0.06009615384615385
0 0.890625 0.40384615384615385 0.055288461538461536 0.04567307692307692
0 0.44711538461538464 0.4050480769230769 0.052884615384615384 0.038461538461538464
0 0.4014423076923077 0.4050480769230769 0.039663461538461536 0.04326923076923077
0 0.36538461538461536 0.40625 0.026442307692307692 0.040865384615384616
0 0.33774038461538464 0.4074519230769231 0.027644230769230768 0.04567307692307692
0 0.3016826923076923 0.40865384615384615 0.040865384615384616 0.042067307692307696
0 0.23076923076923078 0.41346153846153844 0.037259615384615384 0.04567307692307692
0 0.19591346153846154 0.41346153846153844 0.037259615384615384 0.04326923076923077
0 0.15985576923076922 0.41466346153846156 0.03365384615384615 0.042067307692307696
0 0.12259615384615384 0.41346153846153844 0.042067307692307696 0.04447115384615385
0 0.9603365384615384 0.32211538461538464 0.03365384615384615 0.04927884615384615
0 0.9302884615384616 0.3245192307692308 0.025240384615384616 0.046875
0 0.9050480769230769 0.3245192307692308 0.025240384615384616 0.04807692307692308
0 0.8798076923076923 0.3233173076923077 0.02283653846153846 0.05048076923076923
0 0.8545673076923077 0.3233173076923077 0.021634615384615384 0.05048076923076923
0 0.2704326923076923 0.3329326923076923 0.036057692307692304 0.04447115384615385
0 0.8209134615384616 0.3389423076923077 0.042067307692307696 0.02283653846153846
0 0.7391826923076923 0.3317307692307692 0.027644230769230768 0.038461538461538464
0 0.7091346153846154 0.33052884615384615 0.03125 0.039663461538461536
0 0.6754807692307693 0.3317307692307692 0.036057692307692304 0.039663461538461536
0 0.6334134615384616 0.3317307692307692 0.039663461538461536 0.039663461538461536
0 0.5985576923076923 0.3317307692307692 0.020432692307692308 0.040865384615384616
0 0.5733173076923077 0.3317307692307692 0.027644230769230768 0.040865384615384616
0 0.5420673076923077 0.33052884615384615 0.03365384615384615 0.042067307692307696
0 0.49399038461538464 0.34134615384615385 0.056490384615384616 0.027644230769230768
0 0.49399038461538464 0.3125 0.05889423076923077 0.030048076923076924
0 0.4411057692307692 0.3329326923076923 0.039663461538461536 0.040865384615384616
0 0.4098557692307692 0.3329326923076923 0.02283653846153846 0.039663461538461536
0 0.37740384615384615 0.3317307692307692 0.03365384615384615 0.042067307692307696
0 0.3449519230769231 0.3329326923076923 0.036057692307692304 0.04326923076923077
0 0.3088942307692308 0.3317307692307692 0.037259615384615384 0.04326923076923077
0 0.7764423076923077 0.3389423076923077 0.04447115384615385 0.020432692307692308
0 0.9459134615384616 0.40384615384615385 0.051682692307692304 0.04447115384615385
0 0.23317307692307693 0.3329326923076923 0.036057692307692304 0.04447115384615385
0 0.11057692307692307 0.3329326923076923 0.05048076923076923 0.046875
0 0.8473557692307693 0.3942307692307692 0.02403846153846154 0.040865384615384616
0 0.8233173076923077 0.3942307692307692 0.02403846153846154 0.040865384615384616
0 0.7980769230769231 0.3942307692307692 0.025240384615384616 0.039663461538461536
0 0.7740384615384616 0.3942307692307692 0.026442307692307692 0.042067307692307696
0 0.7463942307692307 0.3954326923076923 0.030048076923076924 0.042067307692307696
0 0.7055288461538461 0.3954326923076923 0.046875 0.040865384615384616
0 0.6358173076923077 0.40024038461538464 0.039663461538461536 0.039663461538461536
0 0.5865384615384616 0.3954326923076923 0.03125 0.05048076923076923
0 0.5564903846153846 0.39663461538461536 0.030048076923076924 0.05048076923076923
0 0.5276442307692307 0.39903846153846156 0.028846153846153848 0.04927884615384615
0 0.5024038461538461 0.40384615384615385 0.016826923076923076 0.037259615384615384
0 0.4831730769230769 0.4050480769230769 0.016826923076923076 0.038461538461538464
0 0.7632211538461539 0.515625 0.03365384615384615 0.042067307692307696
0 0.8389423076923077 0.23677884615384615 0.03245192307692308 0.040865384615384616
0 0.18990384615384615 0.3317307692307692 0.046875 0.046875
0 0.8701923076923077 0.23918269230769232 0.026442307692307692 0.038461538461538464
0 0.9266826923076923 0.23557692307692307 0.030048076923076924 0.036057692307692304
0 0.9603365384615384 0.23798076923076922 0.030048076923076924 0.037259615384615384
0 0.9867788461538461 0.23798076923076922 0.02403846153846154 0.037259615384615384
0 0.15384615384615385 0.2439903846153846 0.16346153846153846 0.046875
0 0.3112980769230769 0.24759615384615385 0.15264423076923078 0.037259615384615384
0 0.4483173076923077 0.2548076923076923 0.11538461538461539 0.03245192307692308
0 0.5372596153846154 0.2548076923076923 0.06009615384615385 0.03125
0 0.5973557692307693 0.25600961538461536 0.057692307692307696 0.03365384615384615
0 0.6526442307692307 0.25721153846153844 0.056490384615384616 0.030048076923076924
0 0.7103365384615384 0.25841346153846156 0.056490384615384616 0.030048076923076924
0 0.7524038461538461 0.25 0.026442307692307692 0.04567307692307692
0 0.7764423076923077 0.25 0.02283653846153846 0.04567307692307692
0 0.8016826923076923 0.2512019230769231 0.026442307692307692 0.042067307692307696
0 0.04326923076923077 0.30288461538461536 0.08052884615384616 0.037259615384615384
0 0.8978365384615384 0.23677884615384615 0.02403846153846154 0.037259615384615384
0 0.8209134615384616 0.515625 0.052884615384615384 0.036057692307692304
0 0.9879807692307693 0.32091346153846156 0.021634615384615384 0.04567307692307692
0 0.10336538461538461 0.8004807692307693 0.06850961538461539 0.026442307692307692
0 0.7980769230769231 0.5817307692307693 0.019230769230769232 0.027644230769230768
0 0.16105769230769232 0.6382211538461539 0.052884615384615384 0.036057692307692304
0 0.23197115384615385 0.6225961538461539 0.057692307692307696 0.038461538461538464
0 0.30649038461538464 0.6334134615384616 0.0733173076923077 0.01201923076923077
0 0.38100961538461536 0.6057692307692307 0.07451923076923077 0.010817307692307692
0 0.3858173076923077 0.6165865384615384 0.07211538461538461 0.010817307692307692
0 0.7752403846153846 0.5841346153846154 0.025240384615384616 0.028846153846153848
0 0.03245192307692308 0.7908653846153846 0.06009615384615385 0.02283653846153846
0 0.04567307692307692 0.8485576923076923 0.07451923076923077 0.02283653846153846
0 0.1201923076923077 0.8389423076923077 0.06370192307692307 0.021634615384615384
0 0.18269230769230768 0.8076923076923077 0.05048076923076923 0.051682692307692304
0 0.23677884615384615 0.7944711538461539 0.054086538461538464 0.06009615384615385
0 0.28725961538461536 0.7860576923076923 0.04447115384615385 0.0733173076923077
0 0.34134615384615385 0.78125 0.040865384615384616 0.04927884615384615
0 0.3737980769230769 0.7680288461538461 0.026442307692307692 0.04807692307692308
0 0.4651442307692308 0.7824519230769231 0.109375 0.030048076923076924
0 0.5420673076923077 0.7620192307692307 0.036057692307692304 0.051682692307692304
0 0.5793269230769231 0.7620192307692307 0.039663461538461536 0.046875
0 0.6189903846153846 0.7451923076923077 0.039663461538461536 0.06971153846153846
0 0.65625 0.7379807692307693 0.03485576923076923 0.06610576923076923
0 0.3858173076923077 0.6274038461538461 0.07091346153846154 0.010817307692307692
0 0.44471153846153844 0.6081730769230769 0.042067307692307696 0.03485576923076923
0 0.5324519230769231 0.6057692307692307 0.04927884615384615 0.025240384615384616
0 0.5877403846153846 0.5949519230769231 0.051682692307692304 0.03125
0 0.6478365384615384 0.5877403846153846 0.051682692307692304 0.040865384615384616
0 0.8245192307692307 0.578125 0.037259615384615384 0.03125
0 0.18269230769230768 0.6995192307692307 0.06850961538461539 0.04447115384615385
0 0.7007211538461539 0.7319711538461539 0.04927884615384615 0.06129807692307692
0 0.08413461538461539 0.7367788461538461 0.06490384615384616 0.021634615384615384
0 0.027644230769230768 0.6658653846153846 0.026442307692307692 0.056490384615384616
0 0.3161057692307692 0.6826923076923077 0.06490384615384616 0.037259615384615384
0 0.06370192307692307 0.6682692307692307 0.038461538461538464 0.06009615384615385
0 0.109375 0.6646634615384616 0.04567307692307692 0.05889423076923077
0 0.8305288461538461 0.7163461538461539 0.04326923076923077 0.057692307692307696
0 0.6875 0.5877403846153846 0.026442307692307692 0.037259615384615384
0 0.2512019230769231 0.6899038461538461 0.0673076923076923 0.039663461538461536
0 0.37740384615384615 0.6754807692307693 0.055288461538461536 0.042067307692307696
0 0.4375 0.6706730769230769 0.05889423076923077 0.038461538461538464
0 0.8665865384615384 0.7115384615384616 0.03125 0.056490384615384616
0 0.5420673076923077 0.6610576923076923 0.04567307692307692 0.03125
0 0.8149038461538461 0.6358173076923077 0.030048076923076924 0.03245192307692308
0 0.7872596153846154 0.6370192307692307 0.027644230769230768 0.03245192307692308
0 0.49278846153846156 0.6670673076923077 0.05048076923076923 0.03365384615384615
0 0.7536057692307693 0.640625 0.038461538461538464 0.03125
0 0.7415865384615384 0.5829326923076923 0.03245192307692308 0.03125
0 0.6778846153846154 0.6430288461538461 0.04326923076923077 0.04447115384615385
0 0.6322115384615384 0.6490384615384616 0.042067307692307696 0.040865384615384616
0 0.5877403846153846 0.6526442307692307 0.04567307692307692 0.038461538461538464
0 0.7151442307692307 0.6394230769230769 0.03125 0.04447115384615385