0 0.5240384615384616 0.7644230769230769 0.04807692307692308 0.06850961538461539
0 0.5372596153846154 0.6009615384615384 0.052884615384615384 0.06129807692307692
0 0.5817307692307693 0.6117788461538461 0.030048076923076924 0.0673076923076923
0 0.6117788461538461 0.6117788461538461 0.027644230769230768 0.06490384615384616
0 0.65625 0.6225961538461539 0.036057692307692304 0.07091346153846154
0 0.7451923076923077 0.5288461538461539 0.039663461538461536 0.07932692307692307
0 0.6899038461538461 0.625 0.03245192307692308 0.06971153846153846
0 0.7427884615384616 0.6370192307692307 0.06850961538461539 0.08173076923076923
0 0.8112980769230769 0.6478365384615384 0.06850961538461539 0.0625
0 0.9579326923076923 0.6682692307692307 0.078125 0.0673076923076923
0 0.33653846153846156 0.4987980769230769 0.019230769230769232 0.056490384615384616
0 0.3629807692307692 0.4987980769230769 0.03365384615384615 0.055288461538461536
0 0.40384615384615385 0.5012019230769231 0.02283653846153846 0.05889423076923077
0 0.42788461538461536 0.5036057692307693 0.02283653846153846 0.054086538461538464
0 0.8834134615384616 0.6586538461538461 0.0733173076923077 0.08653846153846154
0 0.47596153846153844 0.5060096153846154 0.03365384615384615 0.0673076923076923
0 0.5012019230769231 0.5084134615384616 0.018028846153846152 0.06370192307692307
0 0.5252403846153846 0.5132211538461539 0.027644230769230768 0.07211538461538461
0 0.5588942307692307 0.5144230769230769 0.040865384615384616 0.06971153846153846
0 0.7115384615384616 0.5252403846153846 0.025240384615384616 0.08413461538461539
0 0.484375 0.5961538461538461 0.052884615384615384 0.07091346153846154
0 0.609375 0.8894230769230769 0.1141826923076923 0.08413461538461539
0 0.43990384615384615 0.5853365384615384 0.03365384615384615 0.06129807692307692
0 0.35336538461538464 0.5733173076923077 0.06610576923076923 0.052884615384615384
0 0.4699519230769231 0.7512019230769231 0.055288461538461536 0.042067307692307696
0 0.4110576923076923 0.7283653846153846 0.06370192307692307 0.036057692307692304
0 0.6370192307692307 0.8004807692307693 0.12620192307692307 0.07932692307692307
0 0.7908653846153846 0.9447115384615384 0.140625 0.0829326923076923
0 0.7920673076923077 0.8521634615384616 0.1658653846153846 0.07091346153846154
0 0.9459134615384616 0.8834134615384616 0.09735576923076923 0.06129807692307692
0 0.34375 0.6502403846153846 0.042067307692307696 0.06370192307692307
0 0.3858173076923077 0.6526442307692307 0.040865384615384616 0.057692307692307696
0 0.4230769230769231 0.6622596153846154 0.019230769230769232 0.07211538461538461
0 0.44711538461538464 0.6682692307692307 0.025240384615384616 0.06129807692307692
0 0.5420673076923077 0.6742788461538461 0.05048076923076923 0.037259615384615384
0 0.5168269230769231 0.8449519230769231 0.052884615384615384 0.04447115384615385
0 0.6069711538461539 0.7091346153846154 0.07211538461538461 0.0673076923076923
0 0.6754807692307693 0.7139423076923077 0.0625 0.05889423076923077
0 0.7403846153846154 0.7391826923076923 0.057692307692307696 0.07692307692307693
0 0.4326923076923077 0.8137019230769231 0.10697115384615384 0.06370192307692307
0 0.8052884615384616 0.75 0.07211538461538461 0.056490384615384616
0 0.8737980769230769 0.7692307692307693 0.06610576923076923 0.09254807692307693
0 0.9471153846153846 0.78125 0.07932692307692307 0.0673076923076923
0 0.40384615384615385 0.5817307692307693 0.03485576923076923 0.06850961538461539
0 0.7776442307692307 0.5324519230769231 0.025240384615384616 0.08653846153846154
0 0.4483173076923077 0.5060096153846154 0.02283653846153846 0.06610576923076923
0 0.8521634615384616 0.5408653846153846 0.037259615384615384 0.09014423076923077
0 0.9435096153846154 0.16706730769230768 0.040865384615384616 0.09735576923076923
0 0.9002403846153846 0.171875 0.04326923076923077 0.10697115384615384
0 0.8581730769230769 0.17908653846153846 0.040865384615384616 0.09254807692307693
0 0.8161057692307693 0.1814903846153846 0.038461538461538464 0.10096153846153846
0 0.7776442307692307 0.1875 0.039663461538461536 0.09014423076923077
0 0.7403846153846154 0.19110576923076922 0.03245192307692308 0.09735576923076923
0 0.7067307692307693 0.19471153846153846 0.037259615384615384 0.0889423076923077
0 0.5673076923076923 0.22355769230769232 0.026442307692307692 0.08052884615384616
0 0.5384615384615384 0.22596153846153846 0.03245192307692308 0.07572115384615384
0 0.5072115384615384 0.2283653846153846 0.028846153846153848 0.08052884615384616
0 0.8125 0.5360576923076923 0.04326923076923077 0.08052884615384616
0 0.45552884615384615 0.234375 0.02403846153846154 0.07692307692307693
0 0.4110576923076923 0.24759615384615385 0.028846153846153848 0.06370192307692307
0 0.38341346153846156 0.24759615384615385 0.025240384615384616 0.06129807692307692
0 0.36177884615384615 0.24879807692307693 0.019230769230769232 0.0625
0 0.9807692307692307 0.16105769230769232 0.03485576923076923 0.109375
0 0.3112980769230769 0.15504807692307693 0.03245192307692308 0.08173076923076923
0 0.3389423076923077 0.14783653846153846 0.02403846153846154 0.09735576923076923
0 0.36658653846153844 0.14423076923076922 0.027644230769230768 0.09014423076923077
0 0.9158653846153846 0.04807692307692308 0.055288461538461536 0.08774038461538461
0 0.8641826923076923 0.052884615384615384 0.046875 0.07932692307692307
0 0.8185096153846154 0.06129807692307692 0.04326923076923077 0.09495192307692307
0 0.7740384615384616 0.06610576923076923 0.04807692307692308 0.08413461538461539
0 0.7271634615384616 0.07572115384615384 0.04326923076923077 0.09975961538461539
0 0.6875 0.08533653846153846 0.037259615384615384 0.08413461538461539
0 0.6538461538461539 0.09134615384615384 0.027644230769230768 0.09495192307692307
0 0.3401442307692308 0.25 0.021634615384615384 0.06009615384615385
0 0.6177884615384616 0.09495192307692307 0.027644230769230768 0.10216346153846154
0 0.5528846153846154 0.10817307692307693 0.027644230769230768 0.10216346153846154
0 0.5240384615384616 0.11177884615384616 0.028846153846153848 0.09615384615384616
0 0.49759615384615385 0.1201923076923077 0.021634615384615384 0.09495192307692307
0 0.47475961538461536 0.12620192307692307 0.02403846153846154 0.08533653846153846
0 0.44711538461538464 0.12860576923076922 0.026442307692307692 0.09134615384615384
0 0.41947115384615385 0.12980769230769232 0.03125 0.08774038461538461
0 0.3918269230769231 0.13822115384615385 0.02283653846153846 0.10216346153846154
0 0.5865384615384616 0.10096153846153846 0.036057692307692304 0.09014423076923077
0 0.3173076923076923 0.2512019230769231 0.02283653846153846 0.06129807692307692
0 0.4807692307692308 0.23317307692307693 0.025240384615384616 0.07211538461538461
0 0.5168269230769231 0.4254807692307692 0.026442307692307692 0.0733173076923077
0 0.7644230769230769 0.3112980769230769 0.03485576923076923 0.07091346153846154
0 0.7067307692307693 0.3112980769230769 0.037259615384615384 0.07451923076923077
0 0.5504807692307693 0.31850961538461536 0.028846153846153848 0.06850961538461539
0 0.5216346153846154 0.31971153846153844 0.027644230769230768 0.06610576923076923
0 0.49399038461538464 0.3233173076923077 0.026442307692307692 0.0733173076923077
0 0.4639423076923077 0.32572115384615385 0.03365384615384615 0.06971153846153846
0 0.43509615384615385 0.3269230769230769 0.02403846153846154 0.07091346153846154
0 0.41225961538461536 0.3293269230769231 0.019230769230769232 0.06490384615384616
0 0.3942307692307692 0.33052884615384615 0.018028846153846152 0.06490384615384616
0 0.3701923076923077 0.3317307692307692 0.030048076923076924 0.06129807692307692
0 0.3449519230769231 0.3329326923076923 0.016826923076923076 0.06490384615384616
0 0.32091346153846156 0.33413461538461536 0.03125 0.06370192307692307
0 0.9663461538461539 0.4254807692307692 0.04567307692307692 0.109375
0 0.9194711538461539 0.4254807692307692 0.04326923076923077 0.10817307692307693
0 0.8040865384615384 0.3076923076923077 0.04447115384615385 0.07932692307692307
0 0.875 0.41947115384615385 0.04567307692307692 0.0985576923076923
0 0.7896634615384616 0.42427884615384615 0.04567307692307692 0.10216346153846154
0 0.7475961538461539 0.4230769230769231 0.03365384615384615 0.10216346153846154
0 0.7103365384615384 0.4206730769230769 0.042067307692307696 0.09735576923076923
0 0.5432692307692307 0.42427884615384615 0.025240384615384616 0.07572115384615384
0 0.49038461538461536 0.42427884615384615 0.026442307692307692 0.07091346153846154
0 0.4639423076923077 0.42427884615384615 0.025240384615384616 0.07211538461538461
0 0.4387019230769231 0.421875 0.02283653846153846 0.06850961538461539
0 0.41947115384615385 0.4230769230769231 0.018028846153846152 0.0673076923076923
0 0.38341346153846156 0.421875 0.02403846153846154 0.06129807692307692
0 0.35697115384615385 0.4206730769230769 0.025240384615384616 0.06370192307692307
0 0.3317307692307692 0.4182692307692308 0.025240384615384616 0.06009615384615385
0 0.9735576923076923 0.5504807692307693 0.05048076923076923 0.09254807692307693
0 0.9290865384615384 0.5480769230769231 0.037259615384615384 0.09615384615384616
0 0.8918269230769231 0.5420673076923077 0.039663461538461536 0.08533653846153846
0 0.8317307692307693 0.421875 0.039663461538461536 0.09615384615384616
0 0.84375 0.3076923076923077 0.036057692307692304 0.07692307692307693
0 0.7355769230769231 0.3125 0.020432692307692308 0.07211538461538461
0 0.9206730769230769 0.3004807692307692 0.038461538461538464 0.07932692307692307
0 0.8810096153846154 0.30288461538461536 0.038461538461538464 0.08533653846153846
0 0.9579326923076923 0.29927884615384615 0.036057692307692304 0.0829326923076923