0 0.5889423076923077 0.4362980769230769 0.04927884615384615 0.06490384615384616
0 0.1971153846153846 0.16947115384615385 0.10697115384615384 0.07932692307692307
0 0.09615384615384616 0.171875 0.09495192307692307 0.0829326923076923
0 0.030048076923076924 0.1814903846153846 0.039663461538461536 0.0625
0 0.22716346153846154 0.07692307692307693 0.06490384615384616 0.02403846153846154
0 0.29447115384615385 0.07932692307692307 0.06850961538461539 0.026442307692307692
0 0.7235576923076923 0.5576923076923077 0.055288461538461536 0.06610576923076923
0 0.36658653846153844 0.07692307692307693 0.07572115384615384 0.030048076923076924
0 0.5877403846153846 0.04447115384615385 0.04807692307692308 0.08413461538461539
0 0.6550480769230769 0.04567307692307692 0.08533653846153846 0.08653846153846154
0 0.7247596153846154 0.07091346153846154 0.052884615384615384 0.037259615384615384
0 0.7908653846153846 0.04807692307692308 0.07572115384615384 0.025240384615384616
0 0.7944711538461539 0.07692307692307693 0.07451923076923077 0.025240384615384616
0 0.8533653846153846 0.05048076923076923 0.04326923076923077 0.08052884615384616
0 0.8918269230769231 0.05048076923076923 0.03245192307692308 0.08173076923076923
0 0.9411057692307693 0.04807692307692308 0.06610576923076923 0.08653846153846154
0 0.9855769230769231 0.051682692307692304 0.02403846153846154 0.09375
0 0.2980769230769231 0.5480769230769231 0.042067307692307696 0.07572115384615384
0 0.34615384615384615 0.5384615384615384 0.054086538461538464 0.09495192307692307
0 0.4026442307692308 0.5432692307692307 0.056490384615384616 0.08774038461538461
0 0.47115384615384615 0.5408653846153846 0.08052884615384616 0.09254807692307693
0 0.5420673076923077 0.5252403846153846 0.04567307692307692 0.07211538461538461
0 0.6033653846153846 0.5444711538461539 0.0625 0.08653846153846154
0 0.29927884615384615 0.17307692307692307 0.0985576923076923 0.07211538461538461
0 0.010817307692307692 0.4266826923076923 0.020432692307692308 0.08653846153846154
0 0.08052884615384616 0.31490384615384615 0.04326923076923077 0.07451923076923077
0 0.7800480769230769 0.5576923076923077 0.057692307692307696 0.06490384615384616
0 0.12620192307692307 0.3112980769230769 0.046875 0.08173076923076923
0 0.17307692307692307 0.3125 0.04807692307692308 0.08413461538461539
0 0.234375 0.2956730769230769 0.07211538461538461 0.11658653846153846
0 0.5264423076923077 0.4423076923076923 0.054086538461538464 0.06610576923076923
0 0.04807692307692308 0.31490384615384615 0.02283653846153846 0.0733173076923077
0 0.39302884615384615 0.17668269230769232 0.08774038461538461 0.078125
0 0.48197115384615385 0.18028846153846154 0.06009615384615385 0.06971153846153846
0 0.5504807692307693 0.1814903846153846 0.078125 0.07211538461538461
0 0.7836538461538461 0.5072115384615384 0.054086538461538464 0.03245192307692308
0 0.7271634615384616 0.5072115384615384 0.056490384615384616 0.030048076923076924
0 0.8545673076923077 0.5408653846153846 0.08413461538461539 0.1045673076923077
0 0.9206730769230769 0.5036057692307693 0.046875 0.030048076923076924
0 0.9266826923076923 0.5576923076923077 0.05048076923076923 0.07091346153846154
0 0.9759615384615384 0.5444711538461539 0.04567307692307692 0.09014423076923077
0 0.014423076923076924 0.31490384615384615 0.027644230769230768 0.08413461538461539
0 0.9759615384615384 0.4375 0.04567307692307692 0.0889423076923077
0 0.8569711538461539 0.4266826923076923 0.06850961538461539 0.10817307692307693
0 0.7896634615384616 0.4423076923076923 0.054086538461538464 0.07692307692307693
0 0.7211538461538461 0.421875 0.06370192307692307 0.109375
0 0.6538461538461539 0.421875 0.07091346153846154 0.10817307692307693
0 0.013221153846153846 0.7247596153846154 0.025240384615384616 0.038461538461538464
0 0.009615384615384616 0.6586538461538461 0.015625 0.0733173076923077
0 0.9194711538461539 0.43149038461538464 0.054086538461538464 0.09014423076923077
0 0.2644230769230769 0.5432692307692307 0.025240384615384616 0.06610576923076923
0 0.32572115384615385 0.3245192307692308 0.046875 0.06370192307692307
0 0.4543269230769231 0.30408653846153844 0.06971153846153846 0.10576923076923077
0 0.6346153846153846 0.18389423076923078 0.0889423076923077 0.06490384615384616
0 0.75 0.18389423076923078 0.11298076923076923 0.07692307692307693
0 0.875 0.19110576923076922 0.08413461538461539 0.06370192307692307
0 0.9639423076923077 0.1875 0.054086538461538464 0.07091346153846154
0 0.8509615384615384 0.2668269230769231 0.04326923076923077 0.021634615384615384
0 0.9110576923076923 0.2800480769230769 0.056490384615384616 0.030048076923076924
0 0.38221153846153844 0.296875 0.0673076923076923 0.11778846153846154
0 0.9675480769230769 0.3293269230769231 0.054086538461538464 0.06610576923076923
0 0.8545673076923077 0.31850961538461536 0.054086538461538464 0.08052884615384616
0 0.7848557692307693 0.2980769230769231 0.08173076923076923 0.12139423076923077
0 0.7103365384615384 0.3161057692307692 0.05048076923076923 0.08533653846153846
0 0.6382211538461539 0.30288461538461536 0.06850961538461539 0.11298076923076923
0 0.5733173076923077 0.3245192307692308 0.052884615384615384 0.06971153846153846
0 0.515625 0.32211538461538464 0.054086538461538464 0.06971153846153846
0 0.9086538461538461 0.328125 0.054086538461538464 0.06490384615384616
0 0.234375 0.5324519230769231 0.03365384615384615 0.08774038461538461
0 0.6646634615384616 0.5432692307692307 0.05889423076923077 0.0889423076923077
0 0.13822115384615385 0.5324519230769231 0.046875 0.08413461538461539
0 0.5721153846153846 0.8533653846153846 0.04567307692307692 0.07932692307692307
0 0.6129807692307693 0.8521634615384616 0.039663461538461536 0.08052884615384616
0 0.6526442307692307 0.8521634615384616 0.039663461538461536 0.08052884615384616
0 0.6923076923076923 0.8533653846153846 0.036057692307692304 0.078125
0 0.7307692307692307 0.8509615384615384 0.037259615384615384 0.0829326923076923
0 0.7692307692307693 0.8485576923076923 0.039663461538461536 0.07692307692307693
0 0.8197115384615384 0.8485576923076923 0.04447115384615385 0.09014423076923077
0 0.8629807692307693 0.8509615384615384 0.042067307692307696 0.09615384615384616
0 0.9086538461538461 0.8533653846153846 0.046875 0.09254807692307693
0 0.9519230769230769 0.8521634615384616 0.039663461538461536 0.0889423076923077
0 0.9855769230769231 0.8497596153846154 0.027644230769230768 0.09375
0 0.9723557692307693 0.7536057692307693 0.04447115384615385 0.0625
0 0.8317307692307693 0.7415865384615384 0.06610576923076923 0.056490384615384616
0 0.7632211538461539 0.7427884615384616 0.06490384615384616 0.05889423076923077
0 0.6935096153846154 0.7536057692307693 0.0625 0.06370192307692307
0 0.6009615384615384 0.75 0.109375 0.056490384615384616
0 0.4987980769230769 0.7379807692307693 0.0829326923076923 0.06610576923076923
0 0.5276442307692307 0.8533653846153846 0.04326923076923077 0.07932692307692307
0 0.40865384615384615 0.734375 0.0985576923076923 0.05889423076923077
0 0.46634615384615385 0.8533653846153846 0.042067307692307696 0.08052884615384616
0 0.3786057692307692 0.8509615384615384 0.038461538461538464 0.078125
0 0.019230769230769232 0.8581730769230769 0.036057692307692304 0.06850961538461539
0 0.08774038461538461 0.8329326923076923 0.04927884615384615 0.0889423076923077
0 0.14903846153846154 0.8401442307692307 0.04927884615384615 0.10096153846153846
0 0.1971153846153846 0.8425480769230769 0.04447115384615385 0.09735576923076923
0 0.24519230769230768 0.8425480769230769 0.04927884615384615 0.09615384615384616
0 0.5288461538461539 0.390625 0.05889423076923077 0.036057692307692304
0 0.4639423076923077 0.44591346153846156 0.05889423076923077 0.057692307692307696
0 0.4735576923076923 0.39903846153846156 0.046875 0.028846153846153848
0 0.40024038461538464 0.4266826923076923 0.06610576923076923 0.09375
0 0.33653846153846156 0.4387019230769231 0.056490384615384616 0.07091346153846154
0 0.2608173076923077 0.42788461538461536 0.08173076923076923 0.10096153846153846
0 0.20072115384615385 0.43990384615384615 0.038461538461538464 0.06370192307692307
0 0.15264423076923078 0.4362980769230769 0.055288461538461536 0.06971153846153846
0 0.109375 0.4338942307692308 0.03125 0.06129807692307692
0 0.055288461538461536 0.4375 0.06129807692307692 0.07091346153846154
0 0.28966346153846156 0.8413461538461539 0.042067307692307696 0.09615384615384616
0 0.33533653846153844 0.8413461538461539 0.04927884615384615 0.09615384615384616
0 0.4182692307692308 0.8509615384615384 0.040865384615384616 0.07932692307692307
0 0.18990384615384615 0.53125 0.056490384615384616 0.08653846153846154
0 0.3245192307692308 0.7487980769230769 0.054086538461538464 0.06009615384615385
0 0.21995192307692307 0.734375 0.040865384615384616 0.051682692307692304
0 0.5192307692307693 0.6478365384615384 0.040865384615384616 0.09134615384615384
0 0.5600961538461539 0.6418269230769231 0.042067307692307696 0.07932692307692307
0 0.6201923076923077 0.6514423076923077 0.037259615384615384 0.08653846153846154
0 0.6622596153846154 0.6526442307692307 0.04927884615384615 0.08774038461538461
0 0.7091346153846154 0.6514423076923077 0.04326923076923077 0.09014423076923077
0 0.2704326923076923 0.75 0.054086538461538464 0.06490384615384616
0 0.7536057692307693 0.6526442307692307 0.046875 0.09254807692307693
0 0.8112980769230769 0.6538461538461539 0.05889423076923077 0.08533653846153846
0 0.8689903846153846 0.6514423076923077 0.057692307692307696 0.0829326923076923
0 0.9591346153846154 0.6598557692307693 0.08052884615384616 0.078125
0 0.4362980769230769 0.6538461538461539 0.039663461538461536 0.08173076923076923
0 0.03365384615384615 0.546875 0.06129807692307692 0.078125
0 0.39302884615384615 0.6538461538461539 0.038461538461538464 0.08413461538461539
0 0.3557692307692308 0.6514423076923077 0.03485576923076923 0.08052884615384616
0 0.31971153846153844 0.6430288461538461 0.026442307692307692 0.09375
0 0.28966346153846156 0.6442307692307693 0.03485576923076923 0.09134615384615384
0 0.25721153846153844 0.6454326923076923 0.030048076923076924 0.09254807692307693
0 0.2247596153846154 0.6454326923076923 0.03245192307692308 0.09254807692307693
0 0.19110576923076922 0.6454326923076923 0.03245192307692308 0.09375
0 0.15384615384615385 0.6574519230769231 0.036057692307692304 0.06490384615384616
0 0.11177884615384616 0.6586538461538461 0.046875 0.06610576923076923
0 0.054086538461538464 0.6574519230769231 0.05889423076923077 0.06971153846153846
0 0.057692307692307696 0.7487980769230769 0.0625 0.056490384615384616
0 0.17067307692307693 0.7355769230769231 0.04447115384615385 0.052884615384615384
0 0.08774038461538461 0.5372596153846154 0.038461538461538464 0.08173076923076923
0 0.47475961538461536 0.6526442307692307 0.037259615384615384 0.08173076923076923