0 0.21394230769230768 0.6670673076923077 0.05048076923076923 0.10336538461538461
0 0.5661057692307693 0.5324519230769231 0.030048076923076924 0.08413461538461539
0 0.6057692307692307 0.5228365384615384 0.046875 0.10216346153846154
0 0.6526442307692307 0.5228365384615384 0.042067307692307696 0.09375
0 0.6923076923076923 0.5240384615384616 0.03365384615384615 0.0985576923076923
0 0.7319711538461539 0.5252403846153846 0.037259615384615384 0.09615384615384616
0 0.3894230769230769 0.6862980769230769 0.06610576923076923 0.051682692307692304
0 0.78125 0.5240384615384616 0.05048076923076923 0.10096153846153846
0 0.8257211538461539 0.5276442307692307 0.038461538461538464 0.10096153846153846
0 0.8629807692307693 0.5252403846153846 0.039663461538461536 0.09375
0 0.9122596153846154 0.5204326923076923 0.046875 0.10817307692307693
0 0.9639423076923077 0.5240384615384616 0.04447115384615385 0.10096153846153846
0 0.06971153846153846 0.6634615384615384 0.037259615384615384 0.1141826923076923
0 0.11899038461538461 0.6622596153846154 0.04447115384615385 0.10817307692307693
0 0.16346153846153846 0.6610576923076923 0.04447115384615385 0.10817307692307693
0 0.2668269230769231 0.6658653846153846 0.05048076923076923 0.10336538461538461
0 0.3245192307692308 0.6862980769230769 0.06490384615384616 0.052884615384615384
0 0.9387019230769231 0.1971153846153846 0.057692307692307696 0.10576923076923077
0 0.45913461538461536 0.6875 0.06129807692307692 0.04927884615384615
0 0.027644230769230768 0.21514423076923078 0.020432692307692308 0.06971153846153846
0 0.04807692307692308 0.21394230769230768 0.020432692307692308 0.06971153846153846
0 0.07091346153846154 0.19230769230769232 0.025240384615384616 0.109375
0 0.09615384615384616 0.19230769230769232 0.02403846153846154 0.10697115384615384
0 0.1201923076923077 0.21394230769230768 0.019230769230769232 0.06971153846153846
0 0.15865384615384615 0.203125 0.056490384615384616 0.09134615384615384
0 0.21995192307692307 0.22596153846153846 0.06971153846153846 0.038461538461538464
0 0.22115384615384615 0.1778846153846154 0.07091346153846154 0.05889423076923077
0 0.75 0.6742788461538461 0.036057692307692304 0.09254807692307693
0 0.7091346153846154 0.6742788461538461 0.04567307692307692 0.08653846153846154
0 0.6646634615384616 0.6706730769230769 0.040865384615384616 0.09735576923076923
0 0.030048076923076924 0.6610576923076923 0.037259615384615384 0.1141826923076923
0 0.6225961538461539 0.6826923076923077 0.04567307692307692 0.0889423076923077
0 0.578125 0.6838942307692307 0.040865384615384616 0.08052884615384616
0 0.5216346153846154 0.6911057692307693 0.06610576923076923 0.04927884615384615
0 0.5324519230769231 0.5276442307692307 0.030048076923076924 0.08413461538461539
0 0.5048076923076923 0.5276442307692307 0.02403846153846154 0.08173076923076923
0 0.9435096153846154 0.38100961538461536 0.05048076923076923 0.08052884615384616
0 0.42908653846153844 0.5420673076923077 0.06490384615384616 0.056490384615384616
0 0.2932692307692308 0.23076923076923078 0.07451923076923077 0.03245192307692308
0 0.21394230769230768 0.1201923076923077 0.06971153846153846 0.052884615384615384
0 0.7163461538461539 0.19471153846153846 0.026442307692307692 0.10576923076923077
0 0.7608173076923077 0.19471153846153846 0.057692307692307696 0.1045673076923077
0 0.8233173076923077 0.1935096153846154 0.057692307692307696 0.1045673076923077
0 0.42908653846153844 0.34975961538461536 0.0733173076923077 0.05048076923076923
0 0.42788461538461536 0.3954326923076923 0.0673076923076923 0.03125
0 0.359375 0.3473557692307692 0.06971153846153846 0.051682692307692304
0 0.359375 0.3954326923076923 0.06850961538461539 0.039663461538461536
0 0.30649038461538464 0.375 0.037259615384615384 0.08413461538461539
0 0.26802884615384615 0.36899038461538464 0.037259615384615384 0.0829326923076923
0 0.23076923076923078 0.37259615384615385 0.037259615384615384 0.08413461538461539
0 0.1935096153846154 0.3713942307692308 0.037259615384615384 0.08413461538461539
0 0.15625 0.375 0.037259615384615384 0.08413461538461539
0 0.11899038461538461 0.37259615384615385 0.037259615384615384 0.08413461538461539
0 0.08052884615384616 0.375 0.037259615384615384 0.08413461538461539
0 0.04447115384615385 0.37259615384615385 0.037259615384615384 0.08413461538461539
0 0.2920673076923077 0.19110576923076922 0.07211538461538461 0.05048076923076923
0 0.6706730769230769 0.1935096153846154 0.06009615384615385 0.10817307692307693
0 0.6081730769230769 0.19471153846153846 0.06490384615384616 0.11177884615384616
0 0.4831730769230769 0.21153846153846154 0.05048076923076923 0.0733173076923077
0 0.38100961538461536 0.5252403846153846 0.03245192307692308 0.09014423076923077
0 0.3269230769230769 0.5444711538461539 0.06971153846153846 0.04447115384615385
0 0.25600961538461536 0.5132211538461539 0.06971153846153846 0.10817307692307693
0 0.1875 0.5480769230769231 0.06850961538461539 0.03365384615384615
0 0.12980769230769232 0.5036057692307693 0.06490384615384616 0.03245192307692308
0 0.0673076923076923 0.5036057692307693 0.06009615384615385 0.039663461538461536
0 0.12259615384615384 0.546875 0.06850961538461539 0.03365384615384615
0 0.056490384615384616 0.5456730769230769 0.06490384615384616 0.040865384615384616
0 0.47716346153846156 0.5288461538461539 0.030048076923076924 0.08413461538461539
0 0.8822115384615384 0.19471153846153846 0.057692307692307696 0.10576923076923077
0 0.8425480769230769 0.38100961538461536 0.046875 0.06971153846153846
0 0.7932692307692307 0.38100961538461536 0.04567307692307692 0.0733173076923077
0 0.7415865384615384 0.37740384615384615 0.046875 0.08052884615384616
0 0.6947115384615384 0.37740384615384615 0.046875 0.078125
0 0.6418269230769231 0.36177884615384615 0.051682692307692304 0.10576923076923077
0 0.5865384615384616 0.36177884615384615 0.054086538461538464 0.10576923076923077
0 0.5336538461538461 0.359375 0.05048076923076923 0.11298076923076923
0 0.48677884615384615 0.36177884615384615 0.04447115384615385 0.1141826923076923
0 0.8930288461538461 0.37740384615384615 0.05048076923076923 0.08052884615384616
0 0.5420673076923077 0.20192307692307693 0.06490384615384616 0.09495192307692307
0 0.36538461538461536 0.20072115384615385 0.04447115384615385 0.10096153846153846
0 0.8293269230769231 0.9471153846153846 0.057692307692307696 0.10336538461538461
0 0.24639423076923078 0.9651442307692307 0.06370192307692307 0.05048076923076923
0 0.19831730769230768 0.9375 0.03245192307692308 0.0985576923076923
0 0.1466346153846154 0.9639423076923077 0.06129807692307692 0.04326923076923077
0 0.08533653846153846 0.953125 0.06129807692307692 0.05889423076923077
0 0.038461538461538464 0.9447115384615384 0.03245192307692308 0.08533653846153846
0 0.021634615384615384 0.7944711538461539 0.03485576923076923 0.09254807692307693
0 0.96875 0.8221153846153846 0.038461538461538464 0.07572115384615384
0 0.9206730769230769 0.8112980769230769 0.056490384615384616 0.09375
0 0.8629807692307693 0.8100961538461539 0.052884615384615384 0.09735576923076923
0 0.8112980769230769 0.8088942307692307 0.052884615384615384 0.09615384615384616
0 0.7632211538461539 0.8112980769230769 0.037259615384615384 0.08413461538461539
0 0.7271634615384616 0.8112980769230769 0.036057692307692304 0.09014423076923077
0 0.6935096153846154 0.8088942307692307 0.028846153846153848 0.08052884615384616
0 0.6598557692307693 0.8125 0.03485576923076923 0.08173076923076923
0 0.6225961538461539 0.8076923076923077 0.038461538461538464 0.09254807692307693
0 0.8990384615384616 0.9471153846153846 0.06610576923076923 0.1045673076923077
0 0.9555288461538461 0.6730769230769231 0.040865384615384616 0.09975961538461539
0 0.9663461538461539 0.9459134615384616 0.0625 0.10336538461538461
0 0.7692307692307693 0.9471153846153846 0.057692307692307696 0.1045673076923077
0 0.7872596153846154 0.6742788461538461 0.037259615384615384 0.09375
0 0.8269230769230769 0.6706730769230769 0.040865384615384616 0.09735576923076923
0 0.8689903846153846 0.6742788461538461 0.038461538461538464 0.09375
0 0.9134615384615384 0.6802884615384616 0.042067307692307696 0.08653846153846154
0 0.3112980769230769 0.9675480769230769 0.06490384615384616 0.04326923076923077
0 0.37740384615384615 0.9699519230769231 0.05889423076923077 0.039663461538461536
0 0.41346153846153844 0.20072115384615385 0.04807692307692308 0.10096153846153846
0 0.4423076923076923 0.9290865384615384 0.06009615384615385 0.046875
0 0.3954326923076923 0.828125 0.06610576923076923 0.03245192307692308
0 0.4387019230769231 0.9723557692307693 0.06129807692307692 0.039663461538461536
0 0.34134615384615385 0.8004807692307693 0.038461538461538464 0.09735576923076923
0 0.45913461538461536 0.8317307692307693 0.06370192307692307 0.03125
0 0.46033653846153844 0.7956730769230769 0.06490384615384616 0.040865384615384616
0 0.5432692307692307 0.8064903846153846 0.036057692307692304 0.08413461538461539
0 0.5817307692307693 0.8028846153846154 0.037259615384615384 0.09014423076923077
0 0.28725961538461536 0.8257211538461539 0.06129807692307692 0.04326923076923077
0 0.22596153846153846 0.7776442307692307 0.06370192307692307 0.04447115384615385
0 0.22115384615384615 0.8221153846153846 0.06490384615384616 0.04326923076923077
0 0.15264423076923078 0.8209134615384616 0.06370192307692307 0.04447115384615385
0 0.5108173076923077 0.8064903846153846 0.03485576923076923 0.08413461538461539
0 0.09735576923076923 0.796875 0.038461538461538464 0.09615384615384616
0 0.4879807692307692 0.9459134615384616 0.028846153846153848 0.09254807692307693
0 0.5192307692307693 0.9507211538461539 0.026442307692307692 0.08413461538461539
0 0.15144230769230768 0.7752403846153846 0.06850961538461539 0.04927884615384615
0 0.5805288461538461 0.9591346153846154 0.03485576923076923 0.06490384615384616
0 0.6165865384615384 0.9615384615384616 0.028846153846153848 0.06850961538461539
0 0.546875 0.9495192307692307 0.026442307692307692 0.08413461538461539
0 0.6454326923076923 0.9663461538461539 0.025240384615384616 0.056490384615384616
0 0.05889423076923077 0.796875 0.03485576923076923 0.09375
0 0.7259615384615384 0.9663461538461539 0.028846153846153848 0.06610576923076923
0 0.6959134615384616 0.9627403846153846 0.025240384615384616 0.06610576923076923
0 0.3954326923076923 0.7920673076923077 0.06370192307692307 0.040865384615384616
0 0.6706730769230769 0.9639423076923077 0.021634615384615384 0.0625