0 0.31490384615384615 0.6490384615384616 0.04326923076923077 0.06009615384615385
0 0.23197115384615385 0.39903846153846156 0.027644230769230768 0.09014423076923077
0 0.19951923076923078 0.39663461538461536 0.03125 0.0889423076923077
0 0.16826923076923078 0.3954326923076923 0.026442307692307692 0.08413461538461539
0 0.09134615384615384 0.37740384615384615 0.06129807692307692 0.09735576923076923
0 0.03485576923076923 0.37259615384615385 0.04567307692307692 0.10216346153846154
0 0.9747596153846154 0.46153846153846156 0.04807692307692308 0.12980769230769232
0 0.265625 0.3545673076923077 0.037259615384615384 0.0625
0 0.9206730769230769 0.46033653846153844 0.051682692307692304 0.1201923076923077
0 0.8137019230769231 0.4387019230769231 0.052884615384615384 0.11057692307692307
0 0.7584134615384616 0.4411057692307692 0.05048076923076923 0.10697115384615384
0 0.9314903846153846 0.29086538461538464 0.07692307692307693 0.12740384615384615
0 0.859375 0.28725961538461536 0.0625 0.12259615384615384
0 0.7932692307692307 0.29086538461538464 0.057692307692307696 0.11538461538461539
0 0.7307692307692307 0.29086538461538464 0.04927884615384615 0.11899038461538461
0 0.8665865384615384 0.44350961538461536 0.04326923076923077 0.11658653846153846
0 0.6430288461538461 0.22235576923076922 0.0625 0.055288461538461536
0 0.3112980769230769 0.3557692307692308 0.04807692307692308 0.06009615384615385
0 0.32091346153846156 0.42427884615384615 0.046875 0.0625
0 0.14302884615384615 0.6177884615384616 0.07692307692307693 0.055288461538461536
0 0.0673076923076923 0.5949519230769231 0.055288461538461536 0.055288461538461536
0 0.12980769230769232 0.47475961538461536 0.0673076923076923 0.06370192307692307
0 0.057692307692307696 0.4651442307692308 0.055288461538461536 0.0673076923076923
0 0.6358173076923077 0.3713942307692308 0.0733173076923077 0.07572115384615384
0 0.6430288461538461 0.4567307692307692 0.07692307692307693 0.08052884615384616
0 0.27283653846153844 0.4170673076923077 0.040865384615384616 0.057692307692307696
0 0.5841346153846154 0.8341346153846154 0.028846153846153848 0.078125
0 0.4807692307692308 0.3641826923076923 0.06129807692307692 0.07091346153846154
0 0.49278846153846156 0.4411057692307692 0.05889423076923077 0.06971153846153846
0 0.43028846153846156 0.4338942307692308 0.04807692307692308 0.0673076923076923
0 0.4206730769230769 0.3605769230769231 0.05048076923076923 0.06610576923076923
0 0.3701923076923077 0.4266826923076923 0.03485576923076923 0.06370192307692307
0 0.36538461538461536 0.3581730769230769 0.05048076923076923 0.06370192307692307
0 0.5600961538461539 0.36778846153846156 0.0625 0.07692307692307693
0 0.6382211538461539 0.2824519230769231 0.06129807692307692 0.056490384615384616
0 0.5757211538461539 0.28125 0.05889423076923077 0.051682692307692304
0 0.5817307692307693 0.2247596153846154 0.056490384615384616 0.054086538461538464
0 0.9399038461538461 0.7932692307692307 0.04567307692307692 0.09014423076923077
0 0.038461538461538464 0.6742788461538461 0.07091346153846154 0.04807692307692308
0 0.12620192307692307 0.7091346153846154 0.08774038461538461 0.04567307692307692
0 0.2439903846153846 0.7259615384615384 0.02403846153846154 0.0625
0 0.2704326923076923 0.7331730769230769 0.02283653846153846 0.0625
0 0.2980769230769231 0.7403846153846154 0.021634615384615384 0.0625
0 0.8858173076923077 0.7800480769230769 0.04447115384615385 0.08774038461538461
0 0.33052884615384615 0.7475961538461539 0.03365384615384615 0.0625
0 0.6694711538461539 0.8581730769230769 0.036057692307692304 0.08533653846153846
0 0.6201923076923077 0.8425480769230769 0.037259615384615384 0.08413461538461539
0 0.46153846153846156 0.7920673076923077 0.02283653846153846 0.07211538461538461
0 0.4891826923076923 0.8016826923076923 0.021634615384615384 0.0733173076923077
0 0.5180288461538461 0.8112980769230769 0.026442307692307692 0.07932692307692307
0 0.5504807692307693 0.8221153846153846 0.028846153846153848 0.07692307692307693
0 0.42908653846153844 0.7788461538461539 0.03485576923076923 0.07932692307692307
0 0.8365384615384616 0.7704326923076923 0.03485576923076923 0.08533653846153846
0 0.7944711538461539 0.7572115384615384 0.038461538461538464 0.08533653846153846
0 0.7560096153846154 0.7463942307692307 0.03365384615384615 0.0829326923076923
0 0.2644230769230769 0.6334134615384616 0.037259615384615384 0.06370192307692307
0 0.31490384615384615 0.5829326923076923 0.042067307692307696 0.06129807692307692
0 0.36658653846153844 0.5961538461538461 0.04567307692307692 0.06490384615384616
0 0.3641826923076923 0.6610576923076923 0.051682692307692304 0.055288461538461536
0 0.41947115384615385 0.6057692307692307 0.052884615384615384 0.0673076923076923
0 0.41586538461538464 0.6730769230769231 0.046875 0.06009615384615385
0 0.47716346153846156 0.6189903846153846 0.054086538461538464 0.06610576923076923
0 0.47115384615384615 0.6862980769230769 0.05048076923076923 0.05889423076923077
0 0.5384615384615384 0.6346153846153846 0.06009615384615385 0.0673076923076923
0 0.5336538461538461 0.703125 0.05889423076923077 0.06370192307692307
0 0.7115384615384616 0.8665865384615384 0.03245192307692308 0.0889423076923077
0 0.6057692307692307 0.6490384615384616 0.06610576923076923 0.07211538461538461
0 0.6045673076923077 0.7211538461538461 0.06850961538461539 0.06490384615384616
0 0.6766826923076923 0.7295673076923077 0.036057692307692304 0.08413461538461539
0 0.7151442307692307 0.7355769230769231 0.03245192307692308 0.08413461538461539
0 0.17427884615384615 0.4831730769230769 0.015625 0.06129807692307692
0 0.19471153846153846 0.484375 0.019230769230769232 0.06129807692307692
0 0.5612980769230769 0.44711538461538464 0.06129807692307692 0.0733173076923077
0 0.24278846153846154 0.49278846153846156 0.020432692307692308 0.06129807692307692
0 0.17307692307692307 0.16346153846153846 0.021634615384615384 0.057692307692307696
0 0.11538461538461539 0.17307692307692307 0.036057692307692304 0.0673076923076923
0 0.7451923076923077 0.875 0.026442307692307692 0.0889423076923077
0 0.7824519230769231 0.8918269230769231 0.03365384615384615 0.0889423076923077
0 0.8257211538461539 0.9050480769230769 0.03365384615384615 0.09254807692307693
0 0.8713942307692307 0.9182692307692307 0.038461538461538464 0.09254807692307693
0 0.19591346153846154 0.16466346153846154 0.018028846153846152 0.06009615384615385
0 0.21875 0.4891826923076923 0.021634615384615384 0.06009615384615385
0 0.9783653846153846 0.9507211538461539 0.040865384615384616 0.09735576923076923
0 0.08413461538461539 0.15985576923076922 0.025240384615384616 0.036057692307692304
0 0.057692307692307696 0.1658653846153846 0.019230769230769232 0.03125
0 0.037259615384615384 0.16706730769230768 0.015625 0.03365384615384615
0 0.7836538461538461 0.13581730769230768 0.039663461538461536 0.13701923076923078
0 0.019230769230769232 0.16947115384615385 0.018028846153846152 0.03245192307692308
0 0.9194711538461539 0.9362980769230769 0.042067307692307696 0.09615384615384616
0 0.8329326923076923 0.13221153846153846 0.039663461538461536 0.13701923076923078
0 0.21634615384615385 0.1622596153846154 0.018028846153846152 0.06370192307692307
0 0.7439903846153846 0.13822115384615385 0.02403846153846154 0.12980769230769232
0 0.30649038461538464 0.15745192307692307 0.019230769230769232 0.051682692307692304
0 0.3293269230769231 0.15625 0.021634615384615384 0.052884615384615384
0 0.3581730769230769 0.1502403846153846 0.025240384615384616 0.06610576923076923
0 0.38341346153846156 0.14783653846153846 0.019230769230769232 0.06850961538461539
0 0.4098557692307692 0.14543269230769232 0.026442307692307692 0.06971153846153846
0 0.44711538461538464 0.13701923076923078 0.02283653846153846 0.07692307692307693
0 0.23677884615384615 0.16105769230769232 0.018028846153846152 0.06370192307692307
0 0.47716346153846156 0.1310096153846154 0.027644230769230768 0.09134615384615384
0 0.5324519230769231 0.13942307692307693 0.027644230769230768 0.0625
0 0.5612980769230769 0.13701923076923078 0.026442307692307692 0.06490384615384616
0 0.5925480769230769 0.12860576923076922 0.03125 0.08173076923076923
0 0.6334134615384616 0.12740384615384615 0.03125 0.08052884615384616
0 0.6694711538461539 0.11899038461538461 0.027644230769230768 0.09254807692307693
0 0.7043269230769231 0.14182692307692307 0.03485576923076923 0.12980769230769232
0 0.5060096153846154 0.14182692307692307 0.020432692307692308 0.06129807692307692
0 0.28125 0.1622596153846154 0.021634615384615384 0.04927884615384615
0 0.8810096153846154 0.12980769230769232 0.04326923076923077 0.13942307692307693
0 0.9783653846153846 0.12139423076923077 0.040865384615384616 0.14783653846153846
0 0.6850961538461539 0.5793269230769231 0.038461538461538464 0.1141826923076923
0 0.6526442307692307 0.5348557692307693 0.02283653846153846 0.054086538461538464
0 0.6165865384615384 0.5336538461538461 0.030048076923076924 0.0625
0 0.9302884615384616 0.6165865384615384 0.046875 0.1346153846153846
0 0.9807692307692307 0.6274038461538461 0.03485576923076923 0.14182692307692307
0 0.5552884615384616 0.5384615384615384 0.037259615384615384 0.07451923076923077
0 0.5120192307692307 0.5348557692307693 0.028846153846153848 0.07211538461538461
0 0.47836538461538464 0.5288461538461539 0.027644230769230768 0.07211538461538461
0 0.44711538461538464 0.5264423076923077 0.02403846153846154 0.07091346153846154
0 0.41466346153846156 0.5204326923076923 0.026442307692307692 0.0673076923076923
0 0.38822115384615385 0.5168269230769231 0.02283653846153846 0.06850961538461539
0 0.34975961538461536 0.5072115384615384 0.03485576923076923 0.0673076923076923
0 0.3161057692307692 0.5060096153846154 0.02403846153846154 0.06610576923076923
0 0.2860576923076923 0.5 0.02283653846153846 0.06129807692307692
0 0.2644230769230769 0.4963942307692308 0.014423076923076924 0.06009615384615385
0 0.7307692307692307 0.5853365384615384 0.038461538461538464 0.12139423076923077
0 0.9290865384615384 0.125 0.04326923076923077 0.14182692307692307
0 0.7800480769230769 0.5949519230769231 0.040865384615384616 0.1201923076923077
0 0.828125 0.6009615384615384 0.04326923076923077 0.1201923076923077
0 0.08533653846153846 0.2848557692307692 0.11057692307692307 0.03245192307692308
0 0.19951923076923078 0.23677884615384615 0.10096153846153846 0.040865384615384616
0 0.19831730769230768 0.2800480769230769 0.09975961538461539 0.038461538461538464
0 0.27283653846153844 0.28125 0.04326923076923077 0.04567307692307692
0 0.2704326923076923 0.234375 0.039663461538461536 0.04567307692307692
0 0.3161057692307692 0.23317307692307693 0.04567307692307692 0.04447115384615385
0 0.3161057692307692 0.2824519230769231 0.040865384615384616 0.046875
0 0.36177884615384615 0.23197115384615385 0.042067307692307696 0.04807692307692308
0 0.41225961538461536 0.22956730769230768 0.04927884615384615 0.05048076923076923
0 0.4110576923076923 0.2824519230769231 0.04807692307692308 0.04927884615384615
0 0.36177884615384615 0.28125 0.04326923076923077 0.046875
0 0.4651442307692308 0.23076923076923078 0.04927884615384615 0.052884615384615384
0 0.5216346153846154 0.2247596153846154 0.05889423076923077 0.055288461538461536
0 0.49158653846153844 0.28365384615384615 0.10096153846153846 0.04807692307692308
0 0.8774038461538461 0.6033653846153846 0.042067307692307696 0.12860576923076922
0 0.25841346153846156 0.15985576923076922 0.019230769230769232 0.06850961538461539