0 0.9302884615384616 0.9411057692307693 0.07692307692307693 0.04447115384615385
0 0.578125 0.7956730769230769 0.046875 0.03245192307692308
0 0.0625 0.43149038461538464 0.02283653846153846 0.07091346153846154
0 0.08413461538461539 0.42908653846153844 0.020432692307692308 0.07211538461538461
0 0.5853365384615384 0.7572115384615384 0.05048076923076923 0.03365384615384615
0 0.5036057692307693 0.8713942307692307 0.046875 0.04567307692307692
0 0.46875 0.6826923076923077 0.054086538461538464 0.040865384615384616
0 0.6694711538461539 0.04807692307692308 0.03125 0.08774038461538461
0 0.6370192307692307 0.052884615384615384 0.027644230769230768 0.078125
0 0.6069711538461539 0.05889423076923077 0.028846153846153848 0.07451923076923077
0 0.5733173076923077 0.05889423076923077 0.027644230769230768 0.08173076923076923
0 0.8040865384615384 0.14423076923076922 0.038461538461538464 0.09975961538461539
0 0.7668269230769231 0.1502403846153846 0.026442307692307692 0.0985576923076923
0 0.7355769230769231 0.14543269230769232 0.025240384615384616 0.09134615384615384
0 0.7019230769230769 0.14543269230769232 0.03365384615384615 0.08774038461538461
0 0.5588942307692307 0.15504807692307693 0.030048076923076924 0.08774038461538461
0 0.3557692307692308 0.7427884615384616 0.038461538461538464 0.026442307692307692
0 0.36538461538461536 0.7079326923076923 0.039663461538461536 0.03365384615384615
0 0.359375 0.6598557692307693 0.04447115384615385 0.04447115384615385
0 0.39783653846153844 0.8353365384615384 0.04447115384615385 0.036057692307692304
0 0.40625 0.796875 0.042067307692307696 0.030048076923076924
0 0.4074519230769231 0.7560096153846154 0.04326923076923077 0.038461538461538464
0 0.41466346153846156 0.7139423076923077 0.046875 0.030048076923076924
0 0.036057692307692304 0.4326923076923077 0.026442307692307692 0.06610576923076923
0 0.29086538461538464 0.4543269230769231 0.025240384615384616 0.07211538461538461
0 0.3173076923076923 0.4519230769230769 0.02283653846153846 0.078125
0 0.34134615384615385 0.4519230769230769 0.019230769230769232 0.07692307692307693
0 0.9002403846153846 0.03485576923076923 0.038461538461538464 0.0673076923076923
0 0.859375 0.04567307692307692 0.03245192307692308 0.08533653846153846
0 0.8197115384615384 0.04326923076923077 0.036057692307692304 0.08533653846153846
0 0.7872596153846154 0.04567307692307692 0.026442307692307692 0.08533653846153846
0 0.7463942307692307 0.046875 0.036057692307692304 0.08173076923076923
0 0.7055288461538461 0.05048076923076923 0.038461538461538464 0.09014423076923077
0 0.5240384615384616 0.7439903846153846 0.04567307692307692 0.037259615384615384
0 0.5276442307692307 0.78125 0.04807692307692308 0.03485576923076923
0 0.5144230769230769 0.8257211538461539 0.04927884615384615 0.03245192307692308
0 0.5528846153846154 0.4795673076923077 0.028846153846153848 0.09014423076923077
0 0.41466346153846156 0.6742788461538461 0.04807692307692308 0.04567307692307692
0 0.5228365384615384 0.4735576923076923 0.030048076923076924 0.08774038461538461
0 0.4675480769230769 0.46634615384615385 0.021634615384615384 0.07572115384615384
0 0.43990384615384615 0.46634615384615385 0.025240384615384616 0.07211538461538461
0 0.41466346153846156 0.46274038461538464 0.02283653846153846 0.07932692307692307
0 0.38822115384615385 0.4543269230769231 0.02283653846153846 0.08774038461538461
0 0.30528846153846156 0.7283653846153846 0.037259615384615384 0.03125
0 0.31490384615384615 0.6923076923076923 0.038461538461538464 0.03125
0 0.31009615384615385 0.6526442307692307 0.038461538461538464 0.03125
0 0.3485576923076923 0.8221153846153846 0.037259615384615384 0.03125
0 0.35216346153846156 0.7836538461538461 0.040865384615384616 0.030048076923076924
0 0.3641826923076923 0.45552884615384615 0.018028846153846152 0.07692307692307693
0 0.49158653846153844 0.46875 0.027644230769230768 0.0889423076923077
0 0.9459134615384616 0.038461538461538464 0.037259615384615384 0.0733173076923077
0 0.1045673076923077 0.4338942307692308 0.019230769230769232 0.06850961538461539
0 0.14302884615384615 0.4387019230769231 0.021634615384615384 0.06850961538461539
0 0.14783653846153846 0.5612980769230769 0.04567307692307692 0.026442307692307692
0 0.9555288461538461 0.7860576923076923 0.08774038461538461 0.052884615384615384
0 0.9483173076923077 0.8449519230769231 0.07211538461538461 0.05048076923076923
0 0.9423076923076923 0.8930288461538461 0.07091346153846154 0.04807692307692308
0 0.9122596153846154 0.9795673076923077 0.09735576923076923 0.025240384615384616
0 0.3581730769230769 0.30649038461538464 0.03125 0.11778846153846154
0 0.39903846153846156 0.30528846153846156 0.036057692307692304 0.12139423076923077
0 0.44471153846153844 0.31490384615384615 0.040865384615384616 0.13341346153846154
0 0.49399038461538464 0.30649038461538464 0.042067307692307696 0.13341346153846154
0 0.546875 0.31009615384615385 0.057692307692307696 0.1201923076923077
0 0.6057692307692307 0.3125 0.052884615384615384 0.12620192307692307
0 0.6875 0.31971153846153844 0.051682692307692304 0.12259615384615384
0 0.7463942307692307 0.3173076923076923 0.04567307692307692 0.12379807692307693
0 0.7920673076923077 0.3173076923076923 0.036057692307692304 0.12740384615384615
0 0.8461538461538461 0.3137019230769231 0.06850961538461539 0.1466346153846154
0 0.921875 0.3137019230769231 0.07091346153846154 0.1466346153846154
0 0.9795673076923077 0.3173076923076923 0.039663461538461536 0.15625
0 0.026442307692307692 0.20432692307692307 0.026442307692307692 0.03245192307692308
0 0.019230769230769232 0.16947115384615385 0.028846153846153848 0.030048076923076924
0 0.45072115384615385 0.8509615384615384 0.037259615384615384 0.037259615384615384
0 0.46033653846153844 0.8100961538461539 0.04567307692307692 0.03485576923076923
0 0.14783653846153846 0.5228365384615384 0.038461538461538464 0.03485576923076923
0 0.18990384615384615 0.5264423076923077 0.03245192307692308 0.03485576923076923
0 0.1935096153846154 0.5649038461538461 0.028846153846153848 0.027644230769230768
0 0.23076923076923078 0.5733173076923077 0.038461538461538464 0.030048076923076924
0 0.1658653846153846 0.4411057692307692 0.021634615384615384 0.0733173076923077
0 0.18870192307692307 0.4423076923076923 0.019230769230769232 0.07091346153846154
0 0.21153846153846154 0.44711538461538464 0.020432692307692308 0.06850961538461539
0 0.24158653846153846 0.4519230769230769 0.03125 0.07211538461538461
0 0.8665865384615384 0.7740384615384616 0.05889423076923077 0.0733173076923077
0 0.9447115384615384 0.6382211538461539 0.02403846153846154 0.08413461538461539
0 0.9014423076923077 0.6634615384615384 0.04447115384615385 0.0985576923076923
0 0.9567307692307693 0.5228365384615384 0.028846153846153848 0.10336538461538461
0 0.9254807692307693 0.5408653846153846 0.026442307692307692 0.09615384615384616
0 0.8713942307692307 0.5612980769230769 0.04567307692307692 0.08774038461538461
0 0.12379807692307693 0.4362980769230769 0.018028846153846152 0.06850961538461539
0 0.014423076923076924 0.2956730769230769 0.028846153846153848 0.10576923076923077
0 0.08173076923076923 0.29927884615384615 0.036057692307692304 0.0985576923076923
0 0.1310096153846154 0.30408653846153844 0.03245192307692308 0.09735576923076923
0 0.17067307692307693 0.30528846153846156 0.03485576923076923 0.10576923076923077
0 0.20673076923076922 0.30649038461538464 0.030048076923076924 0.10697115384615384
0 0.2403846153846154 0.30408653846153844 0.030048076923076924 0.11538461538461539
0 0.27524038461538464 0.30528846153846156 0.03485576923076923 0.11658653846153846
0 0.3173076923076923 0.30649038461538464 0.037259615384615384 0.1141826923076923
0 0.27283653846153844 0.5420673076923077 0.03365384615384615 0.038461538461538464
0 0.27163461538461536 0.5841346153846154 0.038461538461538464 0.03365384615384615
0 0.22956730769230768 0.5336538461538461 0.036057692307692304 0.03485576923076923
0 0.04567307692307692 0.3004807692307692 0.030048076923076924 0.09615384615384616
0 0.9807692307692307 0.042067307692307696 0.037259615384615384 0.078125
0 0.8894230769230769 0.14182692307692307 0.03125 0.09975961538461539
0 0.8485576923076923 0.14302884615384615 0.037259615384615384 0.0985576923076923
0 0.3161057692307692 0.16947115384615385 0.020432692307692308 0.0829326923076923
0 0.5685096153846154 0.8413461538461539 0.052884615384615384 0.042067307692307696
0 0.3401442307692308 0.171875 0.020432692307692308 0.08533653846153846
0 0.2692307692307692 0.09495192307692307 0.02283653846153846 0.06610576923076923
0 0.296875 0.09375 0.016826923076923076 0.07211538461538461
0 0.31971153846153844 0.09254807692307693 0.016826923076923076 0.07211538461538461
0 0.3449519230769231 0.08774038461538461 0.020432692307692308 0.07692307692307693
0 0.19110576923076922 0.09975961538461539 0.018028846153846152 0.07451923076923077
0 0.21033653846153846 0.0985576923076923 0.016826923076923076 0.07451923076923077
0 0.2620192307692308 0.7223557692307693 0.037259615384615384 0.03125
0 0.26802884615384615 0.6802884615384616 0.037259615384615384 0.03125
0 0.2620192307692308 0.6430288461538461 0.038461538461538464 0.03125
0 0.3004807692307692 0.8064903846153846 0.037259615384615384 0.03125
0 0.3004807692307692 0.7680288461538461 0.038461538461538464 0.03125
0 0.23317307692307693 0.09615384615384616 0.018028846153846152 0.07211538461538461
0 0.18028846153846154 0.18509615384615385 0.016826923076923076 0.0733173076923077
0 0.19831730769230768 0.18629807692307693 0.014423076923076924 0.0673076923076923
0 0.21875 0.18028846153846154 0.018028846153846152 0.07692307692307693
0 0.9855769230769231 0.7019230769230769 0.02403846153846154 0.07692307692307693
0 0.9483173076923077 0.7079326923076923 0.03245192307692308 0.027644230769230768
0 0.7896634615384616 0.65625 0.036057692307692304 0.07692307692307693
0 0.2932692307692308 0.17427884615384615 0.019230769230769232 0.08173076923076923
0 0.2668269230769231 0.17427884615384615 0.02403846153846154 0.08052884615384616
0 0.46153846153846156 0.06370192307692307 0.02403846153846154 0.06009615384615385
0 0.43028846153846156 0.06129807692307692 0.02283653846153846 0.04927884615384615
0 0.5877403846153846 0.7139423076923077 0.057692307692307696 0.04807692307692308
0 0.59375 0.15384615384615385 0.03365384615384615 0.0889423076923077
0 0.6274038461538461 0.15625 0.028846153846153848 0.09254807692307693
0 0.6646634615384616 0.15384615384615385 0.036057692307692304 0.09014423076923077
0 0.5096153846153846 0.18028846153846154 0.06370192307692307 0.052884615384615384
0 0.4423076923076923 0.16105769230769232 0.03245192307692308 0.07211538461538461
0 0.41346153846153844 0.16706730769230768 0.02403846153846154 0.07572115384615384
0 0.38822115384615385 0.16947115384615385 0.021634615384615384 0.07572115384615384
0 0.36177884615384615 0.171875 0.02283653846153846 0.078125
0 0.3737980769230769 0.06971153846153846 0.02283653846153846 0.052884615384615384
0 0.7548076923076923 0.6478365384615384 0.02283653846153846 0.06009615384615385
0 0.4014423076923077 0.0625 0.021634615384615384 0.04807692307692308
0 0.17668269230769232 0.734375 0.038461538461538464 0.03125
0 0.17668269230769232 0.7019230769230769 0.038461538461538464 0.03125
0 0.18028846153846154 0.6610576923076923 0.038461538461538464 0.03125
0 0.20673076923076922 0.7836538461538461 0.038461538461538464 0.03125
0 0.21995192307692307 0.7415865384615384 0.038461538461538464 0.03125
0 0.21875 0.7067307692307693 0.037259615384615384 0.03125
0 0.2247596153846154 0.6706730769230769 0.037259615384615384 0.03125
0 0.21875 0.6346153846153846 0.037259615384615384 0.03125
0 0.24879807692307693 0.7944711538461539 0.037259615384615384 0.03125
0 0.25841346153846156 0.7572115384615384 0.038461538461538464 0.03125
0 0.17067307692307693 0.7704326923076923 0.038461538461538464 0.03125
0 0.7199519230769231 0.6430288461538461 0.030048076923076924 0.06610576923076923
0 0.6887019230769231 0.6382211538461539 0.02403846153846154 0.06850961538461539
0 0.6538461538461539 0.6322115384615384 0.03245192307692308 0.057692307692307696
0 0.7151442307692307 0.7872596153846154 0.06129807692307692 0.04927884615384615
0 0.7175480769230769 0.7355769230769231 0.06009615384615385 0.04447115384615385
0 0.75 0.9471153846153846 0.06009615384615385 0.04807692307692308
0 0.7668269230769231 0.8990384615384616 0.05889423076923077 0.037259615384615384
0 0.7764423076923077 0.8521634615384616 0.07211538461538461 0.046875
0 0.7848557692307693 0.8052884615384616 0.06129807692307692 0.04447115384615385
0 0.7896634615384616 0.7524038461538461 0.06850961538461539 0.05048076923076923
0 0.8569711538461539 0.8329326923076923 0.06370192307692307 0.03245192307692308
0 0.8521634615384616 0.8725961538461539 0.06971153846153846 0.037259615384615384
0 0.8389423076923077 0.9194711538461539 0.0733173076923077 0.042067307692307696
0 0.7019230769230769 0.8365384615384616 0.06610576923076923 0.04326923076923077
0 0.8269230769230769 0.9675480769230769 0.07572115384615384 0.05048076923076923
0 0.5276442307692307 0.6959134615384616 0.05889423076923077 0.04927884615384615
0 0.9735576923076923 0.1346153846153846 0.04326923076923077 0.10336538461538461
0 0.7896634615384616 0.5012019230769231 0.042067307692307696 0.0985576923076923
0 0.7463942307692307 0.4987980769230769 0.038461538461538464 0.09495192307692307
0 0.7091346153846154 0.49759615384615385 0.028846153846153848 0.09615384615384616
0 0.6778846153846154 0.49278846153846156 0.03365384615384615 0.09615384615384616
0 0.6430288461538461 0.4891826923076923 0.030048076923076924 0.08774038461538461
0 0.6117788461538461 0.4855769230769231 0.02283653846153846 0.09014423076923077
0 0.5841346153846154 0.48197115384615385 0.02403846153846154 0.09014423076923077
0 0.9266826923076923 0.13581730769230768 0.04447115384615385 0.10576923076923077
0 0.5685096153846154 0.8870192307692307 0.054086538461538464 0.04326923076923077
0 0.46634615384615385 0.7704326923076923 0.039663461538461536 0.030048076923076924
0 0.6995192307692307 0.8810096153846154 0.06490384615384616 0.039663461538461536
0 0.6514423076923077 0.7235576923076923 0.057692307692307696 0.05048076923076923
0 0.6177884615384616 0.6286057692307693 0.030048076923076924 0.0673076923076923
0 0.5805288461538461 0.6237980769230769 0.03245192307692308 0.0673076923076923
0 0.5492788461538461 0.6189903846153846 0.020432692307692308 0.06009615384615385
0 0.5252403846153846 0.6081730769230769 0.027644230769230768 0.06009615384615385
0 0.49759615384615385 0.6081730769230769 0.02403846153846154 0.056490384615384616
0 0.47115384615384615 0.6021634615384616 0.02283653846153846 0.06009615384615385
0 0.4423076923076923 0.5973557692307693 0.020432692307692308 0.057692307692307696
0 0.41466346153846156 0.59375 0.026442307692307692 0.054086538461538464
0 0.3737980769230769 0.5504807692307693 0.04807692307692308 0.04326923076923077
0 0.3762019230769231 0.5961538461538461 0.046875 0.030048076923076924
0 0.6935096153846154 0.9242788461538461 0.052884615384615384 0.040865384615384616
0 0.3173076923076923 0.5889423076923077 0.04807692307692308 0.037259615384615384
0 0.24278846153846154 0.17668269230769232 0.021634615384615384 0.07091346153846154
0 0.12259615384615384 0.16105769230769232 0.078125 0.04447115384615385
0 0.12379807692307693 0.20432692307692307 0.06850961538461539 0.027644230769230768
0 0.06129807692307692 0.20432692307692307 0.039663461538461536 0.040865384615384616
0 0.056490384615384616 0.1658653846153846 0.037259615384615384 0.028846153846153848
0 0.040865384615384616 0.12379807692307693 0.06971153846153846 0.039663461538461536
0 0.6298076923076923 0.9026442307692307 0.05889423076923077 0.040865384615384616
0 0.6334134615384616 0.859375 0.05048076923076923 0.03485576923076923
0 0.6370192307692307 0.8173076923076923 0.054086538461538464 0.037259615384615384
0 0.6490384615384616 0.7740384615384616 0.056490384615384616 0.040865384615384616
0 0.31850961538461536 0.5432692307692307 0.04326923076923077 0.04567307692307692
0 0.4639423076923077 0.7295673076923077 0.04927884615384615 0.038461538461538464