0 0.5060096153846154 0.7259615384615384 0.05048076923076923 0.02403846153846154
0 0.5036057692307693 0.7584134615384616 0.04807692307692308 0.03245192307692308
0 0.3762019230769231 0.35697115384615385 0.04326923076923077 0.05048076923076923
0 0.41586538461538464 0.35697115384615385 0.03485576923076923 0.052884615384615384
0 0.7355769230769231 0.6550480769230769 0.042067307692307696 0.06129807692307692
0 0.5504807692307693 0.7536057692307693 0.03125 0.038461538461538464
0 0.5036057692307693 0.3581730769230769 0.038461538461538464 0.04807692307692308
0 0.5661057692307693 0.359375 0.0889423076923077 0.04567307692307692
0 0.6550480769230769 0.35096153846153844 0.08533653846153846 0.057692307692307696
0 0.7512019230769231 0.35336538461538464 0.09495192307692307 0.055288461538461536
0 0.8389423076923077 0.3581730769230769 0.0733173076923077 0.057692307692307696
0 0.4579326923076923 0.3581730769230769 0.046875 0.04927884615384615
0 0.5817307692307693 0.7560096153846154 0.030048076923076924 0.03485576923076923
0 0.8016826923076923 0.7512019230769231 0.04447115384615385 0.03485576923076923
0 0.6634615384615384 0.7463942307692307 0.030048076923076924 0.038461538461538464
0 0.703125 0.7391826923076923 0.04567307692307692 0.052884615384615384
0 0.7524038461538461 0.7524038461538461 0.04927884615384615 0.037259615384615384
0 0.84375 0.7439903846153846 0.03365384615384615 0.055288461538461536
0 0.8774038461538461 0.7451923076923077 0.03125 0.052884615384615384
0 0.9122596153846154 0.7451923076923077 0.03245192307692308 0.056490384615384616
0 0.9266826923076923 0.359375 0.07211538461538461 0.05048076923076923
0 0.9711538461538461 0.7163461538461539 0.052884615384615384 0.10096153846153846
0 0.9122596153846154 0.6754807692307693 0.04326923076923077 0.025240384615384616
0 0.8665865384615384 0.6682692307692307 0.03485576923076923 0.037259615384615384
0 0.8257211538461539 0.6658653846153846 0.03245192307692308 0.042067307692307696
0 0.7836538461538461 0.6658653846153846 0.05048076923076923 0.039663461538461536
0 0.6213942307692307 0.7415865384615384 0.05048076923076923 0.057692307692307696
0 0.014423076923076924 0.47115384615384615 0.028846153846153848 0.052884615384615384
0 0.625 0.45913461538461536 0.051682692307692304 0.07572115384615384
0 0.171875 0.4519230769230769 0.07692307692307693 0.0829326923076923
0 0.9290865384615384 0.5625 0.04567307692307692 0.06490384615384616
0 0.8774038461538461 0.5625 0.05048076923076923 0.0673076923076923
0 0.828125 0.5612980769230769 0.046875 0.06610576923076923
0 0.7764423076923077 0.5600961538461539 0.051682692307692304 0.06850961538461539
0 0.7271634615384616 0.5588942307692307 0.046875 0.06610576923076923
0 0.6802884615384616 0.5588942307692307 0.04447115384615385 0.06850961538461539
0 0.6310096153846154 0.5588942307692307 0.05048076923076923 0.06971153846153846
0 0.5817307692307693 0.5588942307692307 0.04567307692307692 0.06610576923076923
0 0.5348557692307693 0.5588942307692307 0.04326923076923077 0.0625
0 0.484375 0.5600961538461539 0.04807692307692308 0.0673076923076923
0 0.4338942307692308 0.5576923076923077 0.04927884615384615 0.06850961538461539
0 0.38461538461538464 0.5588942307692307 0.046875 0.0673076923076923
0 0.33653846153846156 0.5612980769230769 0.04927884615384615 0.06971153846153846
0 0.2860576923076923 0.5612980769230769 0.04567307692307692 0.06971153846153846
0 0.234375 0.5600961538461539 0.051682692307692304 0.06850961538461539
0 0.17908653846153846 0.5697115384615384 0.054086538461538464 0.051682692307692304
0 0.12139423076923077 0.5709134615384616 0.054086538461538464 0.055288461538461536
0 0.05889423076923077 0.5697115384615384 0.06610576923076923 0.054086538461538464
0 0.7391826923076923 0.4567307692307692 0.04567307692307692 0.07451923076923077
0 0.6814903846153846 0.4567307692307692 0.0625 0.07932692307692307
0 0.6911057692307693 0.6538461538461539 0.040865384615384616 0.06129807692307692
0 0.5709134615384616 0.46033653846153844 0.04927884615384615 0.0733173076923077
0 0.5228365384615384 0.46153846153846156 0.04447115384615385 0.06971153846153846
0 0.4675480769230769 0.4567307692307692 0.056490384615384616 0.07692307692307693
0 0.41346153846153844 0.46033653846153844 0.052884615384615384 0.06850961538461539
0 0.3425480769230769 0.4543269230769231 0.07692307692307693 0.07932692307692307
0 0.25841346153846156 0.4519230769230769 0.09134615384615384 0.08533653846153846
0 0.08653846153846154 0.46033653846153844 0.054086538461538464 0.06370192307692307
0 0.6490384615384616 0.6538461538461539 0.040865384615384616 0.06370192307692307
0 0.3004807692307692 0.6574519230769231 0.04447115384615385 0.06009615384615385
0 0.5637019230769231 0.65625 0.037259615384615384 0.05889423076923077
0 0.036057692307692304 0.8533653846153846 0.04326923076923077 0.0829326923076923
0 0.08173076923076923 0.8533653846153846 0.046875 0.0829326923076923
0 0.17548076923076922 0.8509615384615384 0.037259615384615384 0.08052884615384616
0 0.21634615384615385 0.8509615384615384 0.04567307692307692 0.08052884615384616
0 0.2608173076923077 0.8509615384615384 0.04447115384615385 0.08052884615384616
0 0.30288461538461536 0.8509615384615384 0.039663461538461536 0.08173076923076923
0 0.34615384615384615 0.8497596153846154 0.040865384615384616 0.08052884615384616
0 0.3918269230769231 0.8485576923076923 0.046875 0.0829326923076923
0 0.43509615384615385 0.8521634615384616 0.03245192307692308 0.078125
0 0.4723557692307692 0.8533653846153846 0.042067307692307696 0.07692307692307693
0 0.5096153846153846 0.8521634615384616 0.03245192307692308 0.07451923076923077
0 0.5432692307692307 0.8497596153846154 0.03125 0.078125
0 0.018028846153846152 0.75 0.036057692307692304 0.057692307692307696
0 0.5865384615384616 0.8786057692307693 0.046875 0.021634615384615384
0 0.6923076923076923 0.8798076923076923 0.054086538461538464 0.021634615384615384
0 0.7463942307692307 0.8641826923076923 0.038461538461538464 0.046875
0 0.7872596153846154 0.8665865384615384 0.037259615384615384 0.04807692307692308
0 0.8317307692307693 0.8689903846153846 0.05048076923076923 0.042067307692307696
0 0.8822115384615384 0.8798076923076923 0.04927884615384615 0.021634615384615384
0 0.4026442307692308 0.7463942307692307 0.04326923076923077 0.056490384615384616
0 0.9819711538461539 0.4651442307692308 0.03245192307692308 0.06850961538461539
0 0.9375 0.46274038461538464 0.04807692307692308 0.06971153846153846
0 0.8882211538461539 0.46153846153846156 0.046875 0.0733173076923077
0 0.8377403846153846 0.46153846153846156 0.054086538461538464 0.0733173076923077
0 0.7872596153846154 0.46634615384615385 0.046875 0.06490384615384616
0 0.9447115384615384 0.8401442307692307 0.052884615384615384 0.08533653846153846
0 0.6382211538461539 0.8786057692307693 0.052884615384615384 0.02283653846153846
0 0.05889423076923077 0.7512019230769231 0.046875 0.04927884615384615
0 0.10697115384615384 0.7487980769230769 0.046875 0.052884615384615384
0 0.15745192307692307 0.7487980769230769 0.04927884615384615 0.051682692307692304
0 0.5324519230769231 0.6550480769230769 0.028846153846153848 0.06129807692307692
0 0.49399038461538464 0.6550480769230769 0.04326923076923077 0.0625
0 0.4543269230769231 0.65625 0.03245192307692308 0.05889423076923077
0 0.4170673076923077 0.65625 0.038461538461538464 0.06129807692307692
0 0.3798076923076923 0.6574519230769231 0.03485576923076923 0.05889423076923077
0 0.34375 0.6586538461538461 0.039663461538461536 0.0625
0 0.25600961538461536 0.6586538461538461 0.040865384615384616 0.06009615384615385
0 0.21514423076923078 0.6598557692307693 0.038461538461538464 0.057692307692307696
0 0.16346153846153846 0.6646634615384616 0.0625 0.04807692307692308
0 0.10096153846153846 0.6658653846153846 0.05889423076923077 0.04807692307692308
0 0.19951923076923078 0.22716346153846154 0.09975961538461539 0.07692307692307693
0 0.30288461538461536 0.22716346153846154 0.1045673076923077 0.07572115384615384
0 0.40384615384615385 0.2283653846153846 0.09375 0.08052884615384616
0 0.5024038461538461 0.23076923076923078 0.09615384615384616 0.07692307692307693
0 0.5973557692307693 0.22956730769230768 0.08653846153846154 0.078125
0 0.6875 0.24759615384615385 0.09495192307692307 0.042067307692307696
0 0.7752403846153846 0.24879807692307693 0.08173076923076923 0.046875
0 0.8665865384615384 0.234375 0.09735576923076923 0.07692307692307693
0 0.9579326923076923 0.25240384615384615 0.07932692307692307 0.057692307692307696
0 0.057692307692307696 0.3485576923076923 0.056490384615384616 0.15745192307692307
0 0.125 0.3557692307692308 0.06610576923076923 0.04447115384615385
0 0.21153846153846154 0.35096153846153844 0.10096153846153846 0.052884615384615384
0 0.31009615384615385 0.3425480769230769 0.09254807692307693 0.078125
0 0.35697115384615385 0.7463942307692307 0.04807692307692308 0.054086538461538464
0 0.30528846153846156 0.7475961538461539 0.04927884615384615 0.051682692307692304
0 0.25600961538461536 0.7463942307692307 0.04807692307692308 0.04927884615384615
0 0.20793269230769232 0.7487980769230769 0.04447115384615385 0.052884615384615384
0 0.6057692307692307 0.6550480769230769 0.042067307692307696 0.06009615384615385
0 0.453125 0.7451923076923077 0.051682692307692304 0.06129807692307692
0 0.040865384615384616 0.6586538461538461 0.056490384615384616 0.06129807692307692
0 0.9783653846153846 0.5913461538461539 0.042067307692307696 0.09975961538461539