0 0.8341346153846154 0.8149038461538461 0.07932692307692307 0.06009615384615385
0 0.7752403846153846 0.8161057692307693 0.027644230769230768 0.06009615384615385
0 0.7391826923076923 0.8161057692307693 0.03245192307692308 0.057692307692307696
0 0.6550480769230769 0.6478365384615384 0.038461538461538464 0.06610576923076923
0 0.4951923076923077 0.8197115384615384 0.03365384615384615 0.06129807692307692
0 0.14423076923076922 0.7932692307692307 0.07572115384615384 0.12259615384615384
0 0.07211538461538461 0.7956730769230769 0.06490384615384616 0.12259615384615384
0 0.018028846153846152 0.8004807692307693 0.036057692307692304 0.11899038461538461
0 0.27403846153846156 0.5961538461538461 0.038461538461538464 0.06850961538461539
0 0.23557692307692307 0.5985576923076923 0.03485576923076923 0.07091346153846154
0 0.1971153846153846 0.5973557692307693 0.03365384615384615 0.07211538461538461
0 0.15625 0.5973557692307693 0.036057692307692304 0.06971153846153846
0 0.11899038461538461 0.5985576923076923 0.037259615384615384 0.06850961538461539
0 0.08052884615384616 0.5997596153846154 0.038461538461538464 0.07091346153846154
0 0.040865384615384616 0.5997596153846154 0.036057692307692304 0.07211538461538461
0 0.009615384615384616 0.5961538461538461 0.019230769230769232 0.06610576923076923
0 0.9555288461538461 0.5588942307692307 0.05889423076923077 0.05889423076923077
0 0.33413461538461536 0.5661057692307693 0.06009615384615385 0.06129807692307692
0 0.4014423076923077 0.5637019230769231 0.06490384615384616 0.0625
0 0.5264423076923077 0.5096153846153846 0.18269230769230768 0.055288461538461536
0 0.5288461538461539 0.5661057692307693 0.1814903846153846 0.055288461538461536
0 0.7115384615384616 0.5084134615384616 0.18509615384615385 0.057692307692307696
0 0.7115384615384616 0.5649038461538461 0.18028846153846154 0.054086538461538464
0 0.8365384615384616 0.5060096153846154 0.06129807692307692 0.057692307692307696
0 0.8365384615384616 0.5649038461538461 0.0625 0.054086538461538464
0 0.9002403846153846 0.5036057692307693 0.0625 0.051682692307692304
0 0.9615384615384616 0.5012019230769231 0.057692307692307696 0.054086538461538464
0 0.8966346153846154 0.5600961538461539 0.054086538461538464 0.057692307692307696
0 0.2800480769230769 0.7932692307692307 0.06009615384615385 0.12139423076923077
0 0.3485576923076923 0.7391826923076923 0.06971153846153846 0.0625
0 0.421875 0.7391826923076923 0.07091346153846154 0.06610576923076923
0 0.49278846153846156 0.7355769230769231 0.07091346153846154 0.0625
0 0.4567307692307692 0.8197115384615384 0.03245192307692308 0.06009615384615385
0 0.9459134615384616 0.7307692307692307 0.036057692307692304 0.05889423076923077
0 0.9110576923076923 0.7319711538461539 0.03125 0.0625
0 0.875 0.7307692307692307 0.026442307692307692 0.06129807692307692
0 0.8413461538461539 0.7319711538461539 0.028846153846153848 0.06610576923076923
0 0.8064903846153846 0.734375 0.03485576923076923 0.06490384615384616
0 0.7716346153846154 0.734375 0.03245192307692308 0.06610576923076923
0 0.7163461538461539 0.7307692307692307 0.0673076923076923 0.0625
0 0.9663461538461539 0.6454326923076923 0.036057692307692304 0.06850961538461539
0 0.9290865384615384 0.6430288461538461 0.03485576923076923 0.0673076923076923
0 0.8858173076923077 0.6478365384615384 0.03365384615384615 0.07211538461538461
0 0.9194711538461539 0.8125 0.0889423076923077 0.06129807692307692
0 0.8449519230769231 0.6466346153846154 0.036057692307692304 0.07091346153846154
0 0.7259615384615384 0.6430288461538461 0.03365384615384615 0.06610576923076923
0 0.6911057692307693 0.6442307692307693 0.03125 0.06610576923076923
0 0.6177884615384616 0.6466346153846154 0.03485576923076923 0.06850961538461539
0 0.5829326923076923 0.6454326923076923 0.03485576923076923 0.07091346153846154
0 0.5084134615384616 0.6478365384615384 0.03365384615384615 0.06610576923076923
0 0.47115384615384615 0.6478365384615384 0.03365384615384615 0.06610576923076923
0 0.43509615384615385 0.6478365384615384 0.03485576923076923 0.06490384615384616
0 0.39783653846153844 0.6478365384615384 0.036057692307692304 0.0673076923076923
0 0.3605769230769231 0.6502403846153846 0.036057692307692304 0.06971153846153846
0 0.3245192307692308 0.6466346153846154 0.03125 0.06610576923076923
0 0.5673076923076923 0.734375 0.07211538461538461 0.06610576923076923
0 0.8064903846153846 0.6490384615384616 0.039663461538461536 0.06850961538461539
0 0.546875 0.6466346153846154 0.03485576923076923 0.06610576923076923
0 0.3269230769230769 0.5060096153846154 0.06009615384615385 0.056490384615384616
0 0.5769230769230769 0.8088942307692307 0.037259615384615384 0.05048076923076923
0 0.453125 0.37740384615384615 0.06610576923076923 0.05048076923076923
0 0.3870192307692308 0.3798076923076923 0.06490384615384616 0.04927884615384615
0 0.38461538461538464 0.328125 0.0673076923076923 0.051682692307692304
0 0.17668269230769232 0.3786057692307692 0.04807692307692308 0.0985576923076923
0 0.05889423076923077 0.37740384615384615 0.04807692307692308 0.09735576923076923
0 0.016826923076923076 0.3786057692307692 0.03365384615384615 0.09375
0 0.9807692307692307 0.234375 0.03365384615384615 0.07451923076923077
0 0.9471153846153846 0.234375 0.03125 0.0733173076923077
0 0.9098557692307693 0.23317307692307693 0.036057692307692304 0.07211538461538461
0 0.8786057692307693 0.234375 0.026442307692307692 0.07451923076923077
0 0.8473557692307693 0.234375 0.03365384615384615 0.07451923076923077
0 0.8137019230769231 0.234375 0.027644230769230768 0.07932692307692307
0 0.78125 0.23798076923076922 0.036057692307692304 0.07451923076923077
0 0.7439903846153846 0.23798076923076922 0.03485576923076923 0.07211538461538461
0 0.7079326923076923 0.23918269230769232 0.027644230769230768 0.07091346153846154
0 0.38822115384615385 0.4266826923076923 0.06370192307692307 0.04447115384615385
0 0.6802884615384616 0.2403846153846154 0.02403846153846154 0.06610576923076923
0 0.453125 0.4266826923076923 0.06850961538461539 0.04447115384615385
0 0.5949519230769231 0.3401442307692308 0.06850961538461539 0.07451923076923077
0 0.9098557692307693 0.40865384615384615 0.17908653846153846 0.06850961538461539
0 0.015625 0.4879807692307692 0.030048076923076924 0.08653846153846154
0 0.056490384615384616 0.4891826923076923 0.040865384615384616 0.0889423076923077
0 0.09735576923076923 0.4891826923076923 0.040865384615384616 0.08774038461538461
0 0.13942307692307693 0.4879807692307692 0.039663461538461536 0.08653846153846154
0 0.18028846153846154 0.4879807692307692 0.04326923076923077 0.09134615384615384
0 0.23076923076923078 0.5144230769230769 0.02403846153846154 0.09615384615384616
0 0.2620192307692308 0.4987980769230769 0.037259615384615384 0.08774038461538461
0 0.6778846153846154 0.8028846153846154 0.08533653846153846 0.038461538461538464
0 0.3918269230769231 0.4963942307692308 0.06370192307692307 0.06610576923076923
0 0.9110576923076923 0.33533653846153844 0.17668269230769232 0.07451923076923077
0 0.7235576923076923 0.4110576923076923 0.18509615384615385 0.0673076923076923
0 0.7259615384615384 0.33774038461538464 0.18990384615384615 0.0733173076923077
0 0.5925480769230769 0.41346153846153844 0.06850961538461539 0.06971153846153846
0 0.5240384615384616 0.41346153846153844 0.06490384615384616 0.06971153846153846
0 0.5228365384615384 0.3425480769230769 0.06971153846153846 0.0733173076923077
0 0.6490384615384616 0.23798076923076922 0.03365384615384615 0.07451923076923077
0 0.11778846153846154 0.3798076923076923 0.0625 0.09735576923076923
0 0.5817307692307693 0.2439903846153846 0.03365384615384615 0.06610576923076923
0 0.5564903846153846 0.1141826923076923 0.03485576923076923 0.078125
0 0.29086538461538464 0.1141826923076923 0.039663461538461536 0.078125
0 0.4723557692307692 0.1141826923076923 0.037259615384615384 0.08173076923076923
0 0.4338942307692308 0.11538461538461539 0.039663461538461536 0.0829326923076923
0 0.39903846153846156 0.11778846153846154 0.021634615384615384 0.0733173076923077
0 0.33774038461538464 0.1141826923076923 0.04326923076923077 0.07692307692307693
0 0.6153846153846154 0.23798076923076922 0.03245192307692308 0.07451923076923077
0 0.6081730769230769 0.12860576923076922 0.06370192307692307 0.057692307692307696
0 0.014423076923076924 0.14423076923076922 0.027644230769230768 0.10697115384615384
0 0.11778846153846154 0.09735576923076923 0.06490384615384616 0.05889423076923077
0 0.18389423076923078 0.10096153846153846 0.057692307692307696 0.056490384615384616
0 0.24278846153846154 0.09975961538461539 0.054086538461538464 0.054086538461538464
0 0.06009615384615385 0.1622596153846154 0.056490384615384616 0.056490384615384616
0 0.12259615384615384 0.15985576923076922 0.0625 0.06009615384615385
0 0.18629807692307693 0.1622596153846154 0.057692307692307696 0.05889423076923077
0 0.2439903846153846 0.15865384615384615 0.052884615384615384 0.056490384615384616
0 0.056490384615384616 0.10096153846153846 0.054086538461538464 0.056490384615384616
0 0.6730769230769231 0.12740384615384615 0.06490384615384616 0.054086538461538464
0 0.515625 0.1141826923076923 0.042067307692307696 0.08173076923076923
0 0.8425480769230769 0.1141826923076923 0.07091346153846154 0.07932692307692307
0 0.5492788461538461 0.2439903846153846 0.030048076923076924 0.0673076923076923
0 0.5132211538461539 0.2283653846153846 0.042067307692307696 0.09375
0 0.4735576923076923 0.234375 0.03125 0.08413461538461539
0 0.4375 0.23557692307692307 0.037259615384615384 0.08173076923076923
0 0.4014423076923077 0.23798076923076922 0.027644230769230768 0.07932692307692307
0 0.36658653846153844 0.23798076923076922 0.038461538461538464 0.07932692307692307
0 0.3293269230769231 0.24519230769230768 0.027644230769230768 0.0673076923076923
0 0.29927884615384615 0.2439903846153846 0.030048076923076924 0.06610576923076923
0 0.25600961538461536 0.26322115384615385 0.04447115384615385 0.09495192307692307
0 0.7487980769230769 0.12620192307692307 0.07932692307692307 0.054086538461538464
0 0.20552884615384615 0.265625 0.04807692307692308 0.09735576923076923
0 0.1502403846153846 0.26322115384615385 0.06009615384615385 0.09975961538461539
0 0.09134615384615384 0.265625 0.04567307692307692 0.09615384615384616
0 0.038461538461538464 0.265625 0.054086538461538464 0.09615384615384616
0 0.9783653846153846 0.1201923076923077 0.040865384615384616 0.06850961538461539
0 0.9182692307692307 0.11538461538461539 0.07692307692307693 0.07572115384615384