0 0.6430288461538461 0.8173076923076923 0.037259615384615384 0.09254807692307693
0 0.5384615384615384 0.49278846153846156 0.052884615384615384 0.08052884615384616
0 0.8413461538461539 0.24278846153846154 0.04567307692307692 0.0733173076923077
0 0.7788461538461539 0.25240384615384615 0.07572115384615384 0.08653846153846154
0 0.7103365384615384 0.2512019230769231 0.04447115384615385 0.08774038461538461
0 0.6538461538461539 0.24519230769230768 0.06370192307692307 0.09254807692307693
0 0.5721153846153846 0.24278846153846154 0.052884615384615384 0.08774038461538461
0 0.5072115384615384 0.2439903846153846 0.06610576923076923 0.0829326923076923
0 0.4375 0.24278846153846154 0.04927884615384615 0.10096153846153846
0 0.3605769230769231 0.2512019230769231 0.08173076923076923 0.07692307692307693
0 0.42908653846153844 0.1141826923076923 0.08653846153846154 0.08774038461538461
0 0.4951923076923077 0.12139423076923077 0.03365384615384615 0.0985576923076923
0 0.9230769230769231 0.24639423076923078 0.09495192307692307 0.09134615384615384
0 0.5432692307692307 0.1310096153846154 0.052884615384615384 0.07451923076923077
0 0.6754807692307693 0.12980769230769232 0.039663461538461536 0.07211538461538461
0 0.7127403846153846 0.12860576923076922 0.037259615384615384 0.06971153846153846
0 0.10817307692307693 0.6117788461538461 0.039663461538461536 0.09735576923076923
0 0.15144230769230768 0.609375 0.042067307692307696 0.09254807692307693
0 0.20432692307692307 0.6081730769230769 0.030048076923076924 0.0889423076923077
0 0.24639423076923078 0.6129807692307693 0.04326923076923077 0.09975961538461539
0 0.2956730769230769 0.609375 0.055288461538461536 0.10697115384615384
0 0.36177884615384615 0.6225961538461539 0.06129807692307692 0.07211538461538461
0 0.4423076923076923 0.6237980769230769 0.08533653846153846 0.06850961538461539
0 0.5240384615384616 0.6262019230769231 0.06610576923076923 0.07451923076923077
0 0.6057692307692307 0.13701923076923078 0.08653846153846154 0.06971153846153846
0 0.03485576923076923 0.36177884615384615 0.06490384615384616 0.08413461538461539
0 0.10336538461538461 0.3581730769230769 0.06610576923076923 0.09014423076923077
0 0.16466346153846154 0.36778846153846156 0.06009615384615385 0.09254807692307693
0 0.8810096153846154 0.36658653846153844 0.10817307692307693 0.09495192307692307
0 0.9675480769230769 0.375 0.0625 0.0733173076923077
0 0.03245192307692308 0.49038461538461536 0.06490384615384616 0.09735576923076923
0 0.17307692307692307 0.4831730769230769 0.09615384615384616 0.11538461538461539
0 0.25721153846153844 0.49038461538461536 0.05889423076923077 0.07932692307692307
0 0.32572115384615385 0.48677884615384615 0.06850961538461539 0.09975961538461539
0 0.3918269230769231 0.49038461538461536 0.05889423076923077 0.08653846153846154
0 0.4699519230769231 0.48677884615384615 0.07572115384615384 0.09495192307692307
0 0.31971153846153844 0.11538461538461539 0.0889423076923077 0.07572115384615384
0 0.5997596153846154 0.49278846153846156 0.0673076923076923 0.10096153846153846
0 0.6911057692307693 0.4879807692307692 0.057692307692307696 0.10216346153846154
0 0.765625 0.49158653846153844 0.078125 0.109375
0 0.8341346153846154 0.4891826923076923 0.05889423076923077 0.09014423076923077
0 0.8942307692307693 0.49278846153846156 0.05889423076923077 0.0985576923076923
0 0.9567307692307693 0.4879807692307692 0.0625 0.09495192307692307
0 0.0625 0.609375 0.038461538461538464 0.09134615384615384
0 0.21995192307692307 0.1201923076923077 0.06850961538461539 0.06971153846153846
0 0.10576923076923077 0.11298076923076923 0.140625 0.08173076923076923
0 0.5336538461538461 0.3641826923076923 0.07211538461538461 0.09975961538461539
0 0.4543269230769231 0.3641826923076923 0.08653846153846154 0.0985576923076923
0 0.3737980769230769 0.36538461538461536 0.04326923076923077 0.1045673076923077
0 0.3016826923076923 0.3581730769230769 0.07572115384615384 0.11538461538461539
0 0.23317307692307693 0.3737980769230769 0.054086538461538464 0.10817307692307693
0 0.5997596153846154 0.6201923076923077 0.07932692307692307 0.08533653846153846
0 0.7980769230769231 0.3798076923076923 0.056490384615384616 0.08653846153846154
0 0.6730769230769231 0.6165865384615384 0.057692307692307696 0.08052884615384616
0 0.7980769230769231 0.6129807692307693 0.04927884615384615 0.09495192307692307
0 0.3137019230769231 0.8317307692307693 0.037259615384615384 0.0889423076923077
0 0.35216346153846156 0.8317307692307693 0.038461538461538464 0.09134615384615384
0 0.39302884615384615 0.828125 0.039663461538461536 0.07692307692307693
0 0.44350961538461536 0.8329326923076923 0.046875 0.08173076923076923
0 0.4855769230769231 0.8317307692307693 0.037259615384615384 0.08533653846153846
0 0.5264423076923077 0.828125 0.03365384615384615 0.08173076923076923
0 0.5925480769230769 0.8257211538461539 0.04807692307692308 0.0829326923076923
0 0.6887019230769231 0.8221153846153846 0.038461538461538464 0.10216346153846154
0 0.7644230769230769 0.12740384615384615 0.06129807692307692 0.09014423076923077
0 0.828125 0.11778846153846154 0.057692307692307696 0.0889423076923077
0 0.27403846153846156 0.828125 0.026442307692307692 0.08653846153846154
0 0.8870192307692307 0.11658653846153846 0.054086538461538464 0.09975961538461539
0 0.026442307692307692 0.23557692307692307 0.052884615384615384 0.0829326923076923
0 0.09495192307692307 0.22596153846153846 0.08052884615384616 0.10576923076923077
0 0.7415865384615384 0.8161057692307693 0.03365384615384615 0.10697115384615384
0 0.7800480769230769 0.8137019230769231 0.04447115384615385 0.0985576923076923
0 0.8293269230769231 0.8149038461538461 0.052884615384615384 0.09975961538461539
0 0.8810096153846154 0.8149038461538461 0.04807692307692308 0.10576923076923077
0 0.9290865384615384 0.8173076923076923 0.04807692307692308 0.0889423076923077
0 0.9759615384615384 0.8221153846153846 0.04326923076923077 0.09615384615384616
0 0.17548076923076922 0.2512019230769231 0.06610576923076923 0.0625
0 0.24879807692307693 0.24639423076923078 0.078125 0.08533653846153846
0 0.9579326923076923 0.11057692307692307 0.0829326923076923 0.0985576923076923
0 0.22596153846153846 0.8293269230769231 0.046875 0.08413461538461539
0 0.18509615384615385 0.8209134615384616 0.042067307692307696 0.10336538461538461
0 0.13942307692307693 0.8125 0.036057692307692304 0.10576923076923077
0 0.8581730769230769 0.6165865384615384 0.06129807692307692 0.07451923076923077
0 0.9411057692307693 0.6141826923076923 0.06971153846153846 0.07692307692307693
0 0.03245192307692308 0.7211538461538461 0.04807692307692308 0.056490384615384616
0 0.08533653846153846 0.7175480769230769 0.05889423076923077 0.06009615384615385
0 0.13942307692307693 0.7175480769230769 0.027644230769230768 0.06009615384615385
0 0.17307692307692307 0.71875 0.03245192307692308 0.051682692307692304
0 0.21153846153846154 0.7247596153846154 0.039663461538461536 0.051682692307692304
0 0.25841346153846156 0.7151442307692307 0.04807692307692308 0.06850961538461539
0 0.30408653846153844 0.7151442307692307 0.027644230769230768 0.07091346153846154
0 0.3786057692307692 0.7247596153846154 0.10576923076923077 0.054086538461538464
0 0.46153846153846156 0.7199519230769231 0.05889423076923077 0.05889423076923077
0 0.5264423076923077 0.7307692307692307 0.05889423076923077 0.037259615384615384
0 0.5925480769230769 0.7247596153846154 0.046875 0.036057692307692304
0 0.5300480769230769 0.6911057692307693 0.04326923076923077 0.025240384615384616
0 0.6658653846153846 0.7355769230769231 0.06490384615384616 0.038461538461538464
0 0.7283653846153846 0.734375 0.04807692307692308 0.038461538461538464
0 0.78125 0.6947115384615384 0.05889423076923077 0.03245192307692308
0 0.7884615384615384 0.7307692307692307 0.04927884615384615 0.02403846153846154
0 0.8413461538461539 0.7151442307692307 0.04447115384615385 0.028846153846153848
0 0.8966346153846154 0.7151442307692307 0.038461538461538464 0.028846153846153848
0 0.9747596153846154 0.7151442307692307 0.04567307692307692 0.06971153846153846
0 0.021634615384615384 0.8233173076923077 0.040865384615384616 0.10697115384615384
0 0.08774038461538461 0.8245192307692307 0.042067307692307696 0.09615384615384616
0 0.7536057692307693 0.6141826923076923 0.030048076923076924 0.07932692307692307
0 0.6598557692307693 0.3641826923076923 0.10096153846153846 0.10216346153846154