0 0.7728365384615384 0.7415865384615384 0.05889423076923077 0.038461538461538464
0 0.9338942307692307 0.6514423076923077 0.04447115384615385 0.042067307692307696
0 0.9795673076923077 0.6286057692307693 0.036057692307692304 0.0889423076923077
0 0.03365384615384615 0.7475961538461539 0.046875 0.04447115384615385
0 0.037259615384615384 0.7920673076923077 0.046875 0.042067307692307696
0 0.09615384615384616 0.7668269230769231 0.06610576923076923 0.08774038461538461
0 0.16105769230769232 0.7668269230769231 0.06370192307692307 0.09014423076923077
0 0.22596153846153846 0.7391826923076923 0.0625 0.026442307692307692
0 0.28846153846153844 0.7355769230769231 0.0625 0.02403846153846154
0 0.29086538461538464 0.7103365384615384 0.06129807692307692 0.021634615384615384
0 0.34615384615384615 0.7487980769230769 0.04807692307692308 0.042067307692307696
0 0.22596153846153846 0.7668269230769231 0.0625 0.027644230769230768
0 0.28725961538461536 0.765625 0.06129807692307692 0.027644230769230768
0 0.22716346153846154 0.7944711538461539 0.056490384615384616 0.028846153846153848
0 0.28846153846153844 0.7956730769230769 0.06370192307692307 0.027644230769230768
0 0.40024038461538464 0.7295673076923077 0.056490384615384616 0.021634615384615384
0 0.9326923076923077 0.6057692307692307 0.055288461538461536 0.042067307692307696
0 0.8834134615384616 0.6514423076923077 0.046875 0.04567307692307692
0 0.8774038461538461 0.6033653846153846 0.036057692307692304 0.039663461538461536
0 0.8269230769230769 0.6286057692307693 0.0625 0.08653846153846154
0 0.9375 0.5024038461538461 0.051682692307692304 0.11057692307692307
0 0.08533653846153846 0.6442307692307693 0.07451923076923077 0.08774038461538461
0 0.15625 0.6418269230769231 0.0625 0.0889423076923077
0 0.21514423076923078 0.6141826923076923 0.052884615384615384 0.04567307692307692
0 0.21634615384615385 0.6622596153846154 0.052884615384615384 0.04567307692307692
0 0.2800480769230769 0.6382211538461539 0.0733173076923077 0.09134615384615384
0 0.35216346153846156 0.6370192307692307 0.06971153846153846 0.09254807692307693
0 0.4254807692307692 0.6346153846153846 0.0733173076923077 0.09134615384615384
0 0.49759615384615385 0.6322115384615384 0.07091346153846154 0.09735576923076923
0 0.5612980769230769 0.6045673076923077 0.055288461538461536 0.027644230769230768
0 0.5612980769230769 0.6346153846153846 0.056490384615384616 0.028846153846153848
0 0.5625 0.6634615384615384 0.057692307692307696 0.026442307692307692
0 0.625 0.6358173076923077 0.06610576923076923 0.08173076923076923
0 0.6935096153846154 0.6322115384615384 0.0625 0.08413461538461539
0 0.7584134615384616 0.6298076923076923 0.06490384615384616 0.08653846153846154
0 0.40384615384615385 0.7572115384615384 0.05889423076923077 0.018028846153846152
0 0.4014423076923077 0.7728365384615384 0.06129807692307692 0.009615384615384616
0 0.4014423076923077 0.7908653846153846 0.06129807692307692 0.02403846153846154
0 0.4639423076923077 0.7403846153846154 0.05889423076923077 0.013221153846153846
0 0.24519230769230768 0.8834134615384616 0.04567307692307692 0.03485576923076923
0 0.24639423076923078 0.9182692307692307 0.04447115384615385 0.037259615384615384
0 0.31850961538461536 0.8942307692307693 0.09254807692307693 0.0829326923076923
0 0.40865384615384615 0.8894230769230769 0.08533653846153846 0.09134615384615384
0 0.4951923076923077 0.8870192307692307 0.08653846153846154 0.08533653846153846
0 0.6021634615384616 0.8485576923076923 0.12259615384615384 0.03365384615384615
0 0.5997596153846154 0.8942307692307693 0.11899038461538461 0.05889423076923077
0 0.6923076923076923 0.8629807692307693 0.055288461538461536 0.02403846153846154
0 0.7463942307692307 0.8846153846153846 0.051682692307692304 0.021634615384615384
0 0.8052884615384616 0.8774038461538461 0.06009615384615385 0.0829326923076923
0 0.8689903846153846 0.8737980769230769 0.06370192307692307 0.08774038461538461
0 0.9375 0.8725961538461539 0.06490384615384616 0.08413461538461539
0 0.6887019230769231 0.8870192307692307 0.056490384615384616 0.020432692307692308
0 0.7463942307692307 0.9086538461538461 0.055288461538461536 0.019230769230769232
0 0.6899038461538461 0.9098557692307693 0.055288461538461536 0.02283653846153846
0 0.18870192307692307 0.8966346153846154 0.0625 0.0829326923076923
0 0.12259615384615384 0.8978365384615384 0.06370192307692307 0.08413461538461539
0 0.055288461538461536 0.8990384615384616 0.07211538461538461 0.08173076923076923
0 0.9543269230769231 0.7512019230769231 0.0673076923076923 0.08413461538461539
0 0.46274038461538464 0.7560096153846154 0.05889423076923077 0.01201923076923077
0 0.4639423076923077 0.7716346153846154 0.057692307692307696 0.014423076923076924
0 0.46274038461538464 0.7908653846153846 0.05889423076923077 0.02403846153846154
0 0.5264423076923077 0.734375 0.054086538461538464 0.02283653846153846
0 0.5228365384615384 0.7608173076923077 0.057692307692307696 0.02403846153846154
0 0.5228365384615384 0.7872596153846154 0.055288461538461536 0.026442307692307692
0 0.5853365384615384 0.7223557692307693 0.055288461538461536 0.05048076923076923
0 0.8846153846153846 0.5012019230769231 0.055288461538461536 0.11057692307692307
0 0.6514423076923077 0.7211538461538461 0.0625 0.04927884615384615
0 0.5853365384615384 0.7752403846153846 0.06370192307692307 0.04567307692307692
0 0.6478365384615384 0.7716346153846154 0.06129807692307692 0.04807692307692308
0 0.7127403846153846 0.7776442307692307 0.06490384615384616 0.03485576923076923
0 0.7716346153846154 0.7776442307692307 0.055288461538461536 0.03245192307692308
0 0.8293269230769231 0.7307692307692307 0.051682692307692304 0.04326923076923077
0 0.8269230769230769 0.7728365384615384 0.04567307692307692 0.039663461538461536
0 0.8882211538461539 0.7512019230769231 0.0625 0.08533653846153846
0 0.7139423076923077 0.7415865384615384 0.05889423076923077 0.036057692307692304
0 0.8305288461538461 0.5036057692307693 0.052884615384615384 0.11298076923076923
0 0.34615384615384615 0.7896634615384616 0.046875 0.03365384615384615
0 0.7247596153846154 0.5024038461538461 0.051682692307692304 0.11658653846153846
0 0.7596153846153846 0.22956730769230768 0.06129807692307692 0.1201923076923077
0 0.6995192307692307 0.22956730769230768 0.056490384615384616 0.12139423076923077
0 0.6430288461538461 0.2283653846153846 0.06009615384615385 0.125
0 0.5853365384615384 0.23076923076923078 0.055288461538461536 0.12620192307692307
0 0.5264423076923077 0.23197115384615385 0.0625 0.125
0 0.4651442307692308 0.22956730769230768 0.0625 0.12620192307692307
0 0.39903846153846156 0.23076923076923078 0.06850961538461539 0.12379807692307693
0 0.33413461538461536 0.23197115384615385 0.05889423076923077 0.1201923076923077
0 0.27283653846153844 0.23076923076923078 0.06610576923076923 0.12139423076923077
0 0.21033653846153846 0.23076923076923078 0.056490384615384616 0.1201923076923077
0 0.15504807692307693 0.234375 0.05048076923076923 0.11298076923076923
0 0.03245192307692308 0.3016826923076923 0.0625 0.11538461538461539
0 0.8245192307692307 0.22716346153846154 0.0673076923076923 0.12259615384615384
0 0.9699519230769231 0.08052884615384616 0.05889423076923077 0.13221153846153846
0 0.8473557692307693 0.08173076923076923 0.06009615384615385 0.12740384615384615
0 0.7872596153846154 0.08173076923076923 0.05889423076923077 0.12980769230769232
0 0.7319711538461539 0.08173076923076923 0.046875 0.12740384615384615
0 0.6826923076923077 0.0829326923076923 0.04447115384615385 0.12620192307692307
0 0.6237980769230769 0.08413461538461539 0.0673076923076923 0.12259615384615384
0 0.4795673076923077 0.08653846153846154 0.0733173076923077 0.1201923076923077
0 0.28725961538461536 0.078125 0.06971153846153846 0.1346153846153846
0 0.21875 0.078125 0.06610576923076923 0.13341346153846154
0 0.15384615384615385 0.078125 0.06370192307692307 0.13341346153846154
0 0.08533653846153846 0.078125 0.07211538461538461 0.13221153846153846
0 0.025240384615384616 0.07932692307692307 0.05048076923076923 0.1346153846153846
0 0.7764423076923077 0.5036057692307693 0.052884615384615384 0.11658653846153846
0 0.9086538461538461 0.08173076923076923 0.05889423076923077 0.12740384615384615
0 0.8870192307692307 0.23197115384615385 0.05048076923076923 0.11298076923076923
0 0.5552884615384616 0.0829326923076923 0.06971153846153846 0.12379807692307693
0 0.13701923076923078 0.3737980769230769 0.0673076923076923 0.1201923076923077
0 0.8449519230769231 0.36899038461538464 0.04567307692307692 0.11658653846153846
0 0.8930288461538461 0.3701923076923077 0.052884615384615384 0.11658653846153846
0 0.9435096153846154 0.36899038461538464 0.04927884615384615 0.11658653846153846
0 0.03125 0.5120192307692307 0.05889423076923077 0.11177884615384616
0 0.09134615384615384 0.5084134615384616 0.057692307692307696 0.1141826923076923
0 0.14903846153846154 0.5108173076923077 0.052884615384615384 0.11778846153846154
0 0.7896634615384616 0.36899038461538464 0.057692307692307696 0.11538461538461539
0 0.20673076923076922 0.5108173076923077 0.05889423076923077 0.11538461538461539
0 0.328125 0.5084134615384616 0.06971153846153846 0.11778846153846154
0 0.3894230769230769 0.5072115384615384 0.054086538461538464 0.11778846153846154
0 0.44711538461538464 0.5072115384615384 0.05889423076923077 0.1141826923076923
0 0.5036057692307693 0.5072115384615384 0.055288461538461536 0.11538461538461539
0 0.5649038461538461 0.5048076923076923 0.0625 0.1141826923076923
0 0.6213942307692307 0.5048076923076923 0.04927884615384615 0.11538461538461539
0 0.26322115384615385 0.5108173076923077 0.05048076923076923 0.11538461538461539
0 0.7391826923076923 0.3701923076923077 0.04326923076923077 0.11298076923076923
0 0.9471153846153846 0.234375 0.06490384615384616 0.11177884615384616
0 0.24639423076923078 0.375 0.06009615384615385 0.11899038461538461
0 0.30649038461538464 0.375 0.057692307692307696 0.11899038461538461
0 0.6742788461538461 0.5024038461538461 0.05048076923076923 0.11658653846153846
0 0.3629807692307692 0.3762019230769231 0.04807692307692308 0.11899038461538461
0 0.4182692307692308 0.375 0.05889423076923077 0.11899038461538461
0 0.47596153846153844 0.3737980769230769 0.051682692307692304 0.11538461538461539
0 0.6887019230769231 0.375 0.054086538461538464 0.10697115384615384
0 0.6358173076923077 0.3762019230769231 0.05048076923076923 0.11057692307692307
0 0.5841346153846154 0.3762019230769231 0.055288461538461536 0.11177884615384616
0 0.5288461538461539 0.37740384615384615 0.054086538461538464 0.10817307692307693