0 0.26322115384615385 0.6430288461538461 0.019230769230769232 0.01201923076923077
0 0.2439903846153846 0.6418269230769231 0.019230769230769232 0.01201923076923077
0 0.2644230769230769 0.6286057692307693 0.021634615384615384 0.010817307692307692
0 0.24158653846153846 0.6286057692307693 0.016826923076923076 0.01201923076923077
0 0.25841346153846156 0.6117788461538461 0.016826923076923076 0.016826923076923076
0 0.28365384615384615 0.6430288461538461 0.021634615384615384 0.010817307692307692
0 0.28725961538461536 0.6286057692307693 0.021634615384615384 0.010817307692307692
0 0.8076923076923077 0.6201923076923077 0.08533653846153846 0.06370192307692307
0 0.9399038461538461 0.6646634615384616 0.11538461538461539 0.026442307692307692
0 0.7127403846153846 0.6189903846153846 0.09495192307692307 0.06610576923076923
0 0.6117788461538461 0.6189903846153846 0.08653846153846154 0.06850961538461539
0 0.5240384615384616 0.6189903846153846 0.08774038461538461 0.0625
0 0.45552884615384615 0.6105769230769231 0.02283653846153846 0.0733173076923077
0 0.42788461538461536 0.609375 0.025240384615384616 0.0733173076923077
0 0.40384615384615385 0.609375 0.020432692307692308 0.07572115384615384
0 0.3449519230769231 0.6370192307692307 0.0889423076923077 0.019230769230769232
0 0.3425480769230769 0.6201923076923077 0.09134615384615384 0.013221153846153846
0 0.2776442307692308 0.6141826923076923 0.020432692307692308 0.009615384615384616
0 0.8557692307692307 0.1875 0.052884615384615384 0.09254807692307693
0 0.9230769230769231 0.625 0.11057692307692307 0.026442307692307692
0 0.9663461538461539 0.20072115384615385 0.06610576923076923 0.020432692307692308
0 0.7644230769230769 0.4639423076923077 0.036057692307692304 0.038461538461538464
0 0.7992788461538461 0.4639423076923077 0.03485576923076923 0.037259615384615384
0 0.8040865384615384 0.4254807692307692 0.03245192307692308 0.037259615384615384
0 0.7692307692307693 0.4266826923076923 0.037259615384615384 0.03485576923076923
0 0.7019230769230769 0.4675480769230769 0.06490384615384616 0.03485576923076923
0 0.03125 0.19230769230769232 0.046875 0.12860576923076922
0 0.10576923076923077 0.18870192307692307 0.04807692307692308 0.12259615384615384
0 0.17427884615384615 0.19951923076923078 0.046875 0.11658653846153846
0 0.2283653846153846 0.20432692307692307 0.037259615384615384 0.11778846153846154
0 0.26802884615384615 0.203125 0.04326923076923077 0.11899038461538461
0 0.31009615384615385 0.20552884615384615 0.038461538461538464 0.12259615384615384
0 0.3485576923076923 0.20432692307692307 0.040865384615384616 0.12379807692307693
0 0.39302884615384615 0.20793269230769232 0.027644230769230768 0.11658653846153846
0 0.4254807692307692 0.20192307692307693 0.038461538461538464 0.12860576923076922
0 0.46153846153846156 0.19951923076923078 0.03365384615384615 0.125
0 0.5072115384615384 0.18990384615384615 0.04807692307692308 0.09375
0 0.8401442307692307 0.43149038461538464 0.037259615384615384 0.030048076923076924
0 0.5564903846153846 0.1875 0.051682692307692304 0.09615384615384616
0 0.8449519230769231 0.46274038461538464 0.04567307692307692 0.03245192307692308
0 0.0889423076923077 0.5817307692307693 0.020432692307692308 0.09375
0 0.7091346153846154 0.515625 0.0985576923076923 0.020432692307692308
0 0.6129807692307693 0.546875 0.09014423076923077 0.016826923076923076
0 0.6117788461538461 0.5288461538461539 0.09014423076923077 0.018028846153846152
0 0.6045673076923077 0.5060096153846154 0.08052884615384616 0.013221153846153846
0 0.5192307692307693 0.5408653846153846 0.08413461538461539 0.030048076923076924
0 0.5168269230769231 0.5108173076923077 0.08774038461538461 0.025240384615384616
0 0.42427884615384615 0.5420673076923077 0.09014423076923077 0.026442307692307692
0 0.43149038461538464 0.5096153846153846 0.078125 0.025240384615384616
0 0.33653846153846156 0.5420673076923077 0.08173076923076923 0.014423076923076924
0 0.3293269230769231 0.5252403846153846 0.0829326923076923 0.018028846153846152
0 0.34375 0.5072115384615384 0.09254807692307693 0.016826923076923076
0 0.23918269230769232 0.5408653846153846 0.08653846153846154 0.018028846153846152
0 0.24158653846153846 0.5204326923076923 0.08774038461538461 0.018028846153846152
0 0.1466346153846154 0.578125 0.021634615384615384 0.0889423076923077
0 0.12620192307692307 0.5853365384615384 0.020432692307692308 0.09014423076923077
0 0.953125 0.45552884615384615 0.09254807692307693 0.02283653846153846
0 0.6766826923076923 0.19230769230769232 0.051682692307692304 0.09254807692307693
0 0.7331730769230769 0.17427884615384615 0.042067307692307696 0.06009615384615385
0 0.7716346153846154 0.17307692307692307 0.03485576923076923 0.06009615384615385
0 0.1658653846153846 0.4723557692307692 0.020432692307692308 0.018028846153846152
0 0.20673076923076922 0.4723557692307692 0.016826923076923076 0.016826923076923076
0 0.2247596153846154 0.4723557692307692 0.02283653846153846 0.016826923076923076
0 0.3016826923076923 0.45552884615384615 0.08533653846153846 0.016826923076923076
0 0.3004807692307692 0.47475961538461536 0.08653846153846154 0.019230769230769232
0 0.3942307692307692 0.4375 0.09134615384615384 0.030048076923076924
0 0.3942307692307692 0.47115384615384615 0.09254807692307693 0.030048076923076924
0 0.4879807692307692 0.4362980769230769 0.08774038461538461 0.027644230769230768
0 0.49038461538461536 0.4675480769230769 0.09615384615384616 0.030048076923076924
0 0.5552884615384616 0.4483173076923077 0.021634615384615384 0.06850961538461539
0 0.5745192307692307 0.44711538461538464 0.018028846153846152 0.06971153846153846
0 0.5949519230769231 0.44711538461538464 0.02283653846153846 0.06850961538461539
0 0.6165865384615384 0.44711538461538464 0.021634615384615384 0.06850961538461539
0 0.640625 0.44711538461538464 0.027644230769230768 0.07091346153846154
0 0.6586538461538461 0.8353365384615384 0.028846153846153848 0.07692307692307693
0 0.2403846153846154 0.453125 0.019230769230769232 0.019230769230769232
0 0.21995192307692307 0.453125 0.018028846153846152 0.019230769230769232
0 0.20072115384615385 0.453125 0.020432692307692308 0.019230769230769232
0 0.18389423076923078 0.453125 0.015625 0.018028846153846152
0 0.8100961538461539 0.1875 0.040865384615384616 0.09014423076923077
0 0.046875 0.71875 0.06129807692307692 0.10697115384615384
0 0.10096153846153846 0.7115384615384616 0.03245192307692308 0.11899038461538461
0 0.12860576923076922 0.7127403846153846 0.02403846153846154 0.11778846153846154
0 0.15625 0.7079326923076923 0.027644230769230768 0.11177884615384616
0 0.19230769230769232 0.7331730769230769 0.020432692307692308 0.0889423076923077
0 0.22235576923076922 0.7379807692307693 0.027644230769230768 0.09975961538461539
0 0.7103365384615384 0.5480769230769231 0.0985576923076923 0.02283653846153846
0 0.2536057692307692 0.7331730769230769 0.025240384615384616 0.09375
0 0.21514423076923078 0.41466346153846156 0.027644230769230768 0.014423076923076924
0 0.15504807692307693 0.43509615384615385 0.019230769230769232 0.020432692307692308
0 0.17668269230769232 0.4338942307692308 0.018028846153846152 0.018028846153846152
0 0.19591346153846154 0.4326923076923077 0.018028846153846152 0.018028846153846152
0 0.21754807692307693 0.4326923076923077 0.020432692307692308 0.020432692307692308
0 0.23918269230769232 0.4338942307692308 0.021634615384615384 0.020432692307692308
0 0.16105769230769232 0.4543269230769231 0.021634615384615384 0.016826923076923076
0 0.29086538461538464 0.7319711538461539 0.03245192307692308 0.09735576923076923
0 0.8161057692307693 0.5168269230769231 0.09975961538461539 0.027644230769230768
0 0.10697115384615384 0.5841346153846154 0.015625 0.08774038461538461
0 0.9375 0.5360576923076923 0.11298076923076923 0.020432692307692308
0 0.8149038461538461 0.546875 0.10216346153846154 0.025240384615384616
0 0.5625 0.7319711538461539 0.025240384615384616 0.09014423076923077
0 0.8413461538461539 0.3004807692307692 0.052884615384615384 0.06370192307692307
0 0.9555288461538461 0.2800480769230769 0.08653846153846154 0.019230769230769232
0 0.9543269230769231 0.3016826923076923 0.09014423076923077 0.020432692307692308
0 0.5985576923076923 0.7319711538461539 0.030048076923076924 0.09375
0 0.6334134615384616 0.7355769230769231 0.03485576923076923 0.09615384615384616
0 0.6730769230769231 0.7355769230769231 0.039663461538461536 0.09254807692307693
0 0.7163461538461539 0.7331730769230769 0.039663461538461536 0.09014423076923077
0 0.7620192307692307 0.7295673076923077 0.036057692307692304 0.07932692307692307
0 0.796875 0.7307692307692307 0.03485576923076923 0.07572115384615384
0 0.08653846153846154 0.3329326923076923 0.021634615384615384 0.109375
0 0.06370192307692307 0.3329326923076923 0.02283653846153846 0.10817307692307693
0 0.039663461538461536 0.3317307692307692 0.014423076923076924 0.1045673076923077
0 0.020432692307692308 0.3293269230769231 0.02403846153846154 0.10697115384615384
0 0.5324519230769231 0.7331730769230769 0.027644230769230768 0.09014423076923077
0 0.9651442307692307 0.2247596153846154 0.06490384615384616 0.026442307692307692
0 0.6983173076923077 0.8533653846153846 0.03245192307692308 0.08533653846153846
0 0.7608173076923077 0.32572115384615385 0.03125 0.1045673076923077
0 0.8209134615384616 0.8713942307692307 0.042067307692307696 0.09254807692307693
0 0.4891826923076923 0.7319711538461539 0.03245192307692308 0.09014423076923077
0 0.42427884615384615 0.7307692307692307 0.030048076923076924 0.07932692307692307
0 0.39302884615384615 0.7355769230769231 0.028846153846153848 0.08533653846153846
0 0.3605769230769231 0.7331730769230769 0.028846153846153848 0.08653846153846154
0 0.1141826923076923 0.3329326923076923 0.02283653846153846 0.09735576923076923
0 0.13822115384615385 0.3317307692307692 0.025240384615384616 0.09975961538461539
0 0.20192307692307693 0.328125 0.08533653846153846 0.09495192307692307
0 0.28365384615384615 0.33052884615384615 0.07091346153846154 0.09254807692307693
0 0.359375 0.3317307692307692 0.06490384615384616 0.09495192307692307
0 0.4254807692307692 0.328125 0.06490384615384616 0.10336538461538461
0 0.5036057692307693 0.33052884615384615 0.06850961538461539 0.1045673076923077
0 0.5685096153846154 0.3317307692307692 0.0625 0.10216346153846154
0 0.6346153846153846 0.3317307692307692 0.0673076923076923 0.10336538461538461
0 0.7055288461538461 0.3293269230769231 0.07211538461538461 0.10817307692307693
0 0.7944711538461539 0.3233173076923077 0.038461538461538464 0.109375
0 0.8269230769230769 0.7319711538461539 0.02403846153846154 0.08653846153846154
0 0.9350961538461539 0.7512019230769231 0.12740384615384615 0.026442307692307692
0 0.10576923076923077 0.8605769230769231 0.14783653846153846 0.042067307692307696
0 0.9134615384615384 0.8401442307692307 0.10697115384615384 0.025240384615384616
0 0.12259615384615384 0.4651442307692308 0.042067307692307696 0.09735576923076923
0 0.1875 0.41586538461538464 0.030048076923076924 0.014423076923076924
0 0.33052884615384615 0.734375 0.030048076923076924 0.09134615384615384
0 0.22235576923076922 0.6286057692307693 0.019230769230769232 0.010817307692307692
0 0.234375 0.6153846153846154 0.018028846153846152 0.01201923076923077
0 0.19591346153846154 0.5913461538461539 0.02403846153846154 0.010817307692307692
0 0.2091346153846154 0.6153846153846154 0.02283653846153846 0.01201923076923077
0 0.19831730769230768 0.6286057692307693 0.02283653846153846 0.01201923076923077
0 0.22115384615384615 0.6418269230769231 0.02283653846153846 0.013221153846153846
0 0.19831730769230768 0.6418269230769231 0.021634615384615384 0.013221153846153846
0 0.17548076923076922 0.6430288461538461 0.021634615384615384 0.014423076923076924
0 0.171875 0.6298076923076923 0.025240384615384616 0.01201923076923077
0 0.171875 0.6141826923076923 0.020432692307692308 0.013221153846153846
0 0.9447115384615384 0.5600961538461539 0.109375 0.02283653846153846
0 0.6274038461538461 0.8365384615384616 0.03245192307692308 0.07692307692307693
0 0.9182692307692307 0.921875 0.1045673076923077 0.027644230769230768
0 0.07572115384615384 0.46274038461538464 0.038461538461538464 0.09615384615384616
0 0.028846153846153848 0.46274038461538464 0.039663461538461536 0.10336538461538461
0 0.08413461538461539 0.9038461538461539 0.12860576923076922 0.03365384615384615
0 0.20072115384615385 0.8509615384615384 0.02403846153846154 0.07692307692307693
0 0.2283653846153846 0.8485576923076923 0.025240384615384616 0.07451923076923077
0 0.25721153846153844 0.8461538461538461 0.03245192307692308 0.0673076923076923
0 0.30528846153846156 0.8509615384615384 0.027644230769230768 0.08413461538461539
0 0.3329326923076923 0.8485576923076923 0.026442307692307692 0.0829326923076923
0 0.3605769230769231 0.8521634615384616 0.025240384615384616 0.08653846153846154
0 0.7680288461538461 0.8677884615384616 0.04326923076923077 0.1045673076923077
0 0.38822115384615385 0.84375 0.021634615384615384 0.07451923076923077
0 0.4579326923076923 0.8413461538461539 0.027644230769230768 0.08173076923076923
0 0.4987980769230769 0.8389423076923077 0.04447115384615385 0.08413461538461539
0 0.5456730769230769 0.8365384615384616 0.03485576923076923 0.08052884615384616
0 0.5865384615384616 0.84375 0.04326923076923077 0.08653846153846154
0 0.9555288461538461 0.32211538461538464 0.08774038461538461 0.020432692307692308
0 0.9555288461538461 0.34615384615384615 0.08774038461538461 0.027644230769230768
0 0.421875 0.8497596153846154 0.03485576923076923 0.07692307692307693
0 0.7295673076923077 0.8521634615384616 0.027644230769230768 0.08653846153846154