0 0.8076923076923077 0.4987980769230769 0.036057692307692304 0.04447115384615385
0 0.7007211538461539 0.5745192307692307 0.039663461538461536 0.03485576923076923
0 0.7668269230769231 0.5745192307692307 0.057692307692307696 0.040865384615384616
0 0.8509615384615384 0.5805288461538461 0.0889423076923077 0.021634615384615384
0 0.039663461538461536 0.6129807692307693 0.05048076923076923 0.04447115384615385
0 0.07692307692307693 0.6117788461538461 0.018028846153846152 0.040865384615384616
0 0.11538461538461539 0.5757211538461539 0.036057692307692304 0.016826923076923076
0 0.11778846153846154 0.5985576923076923 0.037259615384615384 0.016826923076923076
0 0.21033653846153846 0.15504807692307693 0.06370192307692307 0.055288461538461536
0 0.4230769230769231 0.4411057692307692 0.030048076923076924 0.042067307692307696
0 0.2283653846153846 0.43990384615384615 0.040865384615384616 0.042067307692307696
0 0.16466346153846154 0.44711538461538464 0.0733173076923077 0.02403846153846154
0 0.9747596153846154 0.35697115384615385 0.02283653846153846 0.04807692307692308
0 0.2692307692307692 0.1502403846153846 0.03125 0.019230769230769232
0 0.26802884615384615 0.171875 0.03245192307692308 0.020432692307692308
0 0.29447115384615385 0.16947115384615385 0.020432692307692308 0.02403846153846154
0 0.34134615384615385 0.15745192307692307 0.06490384615384616 0.046875
0 0.3870192307692308 0.16346153846153846 0.018028846153846152 0.04326923076923077
0 0.4074519230769231 0.1622596153846154 0.013221153846153846 0.039663461538461536
0 0.4266826923076923 0.1622596153846154 0.016826923076923076 0.040865384615384616
0 0.4483173076923077 0.16105769230769232 0.016826923076923076 0.040865384615384616
0 0.4675480769230769 0.1622596153846154 0.016826923076923076 0.039663461538461536
0 0.6538461538461539 0.5769230769230769 0.040865384615384616 0.036057692307692304
0 0.7716346153846154 0.5036057692307693 0.030048076923076924 0.040865384615384616
0 0.4855769230769231 0.5745192307692307 0.05048076923076923 0.037259615384615384
0 0.7055288461538461 0.49759615384615385 0.03125 0.051682692307692304
0 0.8545673076923077 0.5012019230769231 0.037259615384615384 0.04927884615384615
0 0.8894230769230769 0.5072115384615384 0.026442307692307692 0.03125
0 0.9230769230769231 0.5324519230769231 0.03365384615384615 0.036057692307692304
0 0.9807692307692307 0.53125 0.03365384615384615 0.038461538461538464
0 0.018028846153846152 0.5432692307692307 0.03125 0.04567307692307692
0 0.057692307692307696 0.5408653846153846 0.028846153846153848 0.04326923076923077
0 0.09014423076923077 0.5408653846153846 0.02403846153846154 0.04447115384615385
0 0.7403846153846154 0.5048076923076923 0.03245192307692308 0.042067307692307696
0 0.7019230769230769 0.16466346153846154 0.04326923076923077 0.03485576923076923
0 0.7439903846153846 0.15865384615384615 0.03485576923076923 0.04326923076923077
0 0.13341346153846154 0.27884615384615385 0.042067307692307696 0.04927884615384615
0 0.1778846153846154 0.2776442307692308 0.03365384615384615 0.046875
0 0.22115384615384615 0.27524038461538464 0.036057692307692304 0.05048076923076923
0 0.2644230769230769 0.27403846153846156 0.037259615384615384 0.05048076923076923
0 0.30288461538461536 0.27163461538461536 0.037259615384615384 0.06009615384615385
0 0.12860576923076922 0.16105769230769232 0.03125 0.042067307692307696
0 0.17548076923076922 0.5709134615384616 0.04326923076923077 0.05889423076923077
0 0.23076923076923078 0.5853365384615384 0.03245192307692308 0.027644230769230768
0 0.27884615384615385 0.5745192307692307 0.05048076923076923 0.04567307692307692
0 0.33052884615384615 0.5745192307692307 0.04447115384615385 0.04447115384615385
0 0.15985576923076922 0.16105769230769232 0.025240384615384616 0.042067307692307696
0 0.43149038461538464 0.5745192307692307 0.04326923076923077 0.04447115384615385
0 0.38341346153846156 0.5769230769230769 0.04567307692307692 0.039663461538461536
0 0.953125 0.2860576923076923 0.05048076923076923 0.02403846153846154
0 0.4891826923076923 0.16346153846153846 0.018028846153846152 0.039663461538461536
0 0.8882211538461539 0.34615384615384615 0.040865384615384616 0.030048076923076924
0 0.8425480769230769 0.3449519230769231 0.039663461538461536 0.03125
0 0.8100961538461539 0.34375 0.014423076923076924 0.03365384615384615
0 0.7920673076923077 0.34134615384615385 0.02283653846153846 0.038461538461538464
0 0.7668269230769231 0.34375 0.016826923076923076 0.03485576923076923
0 0.7451923076923077 0.3449519230769231 0.020432692307692308 0.03485576923076923
0 0.6454326923076923 0.34375 0.03245192307692308 0.03485576923076923
0 0.6129807692307693 0.3449519230769231 0.030048076923076924 0.037259615384615384
0 0.5745192307692307 0.3449519230769231 0.03365384615384615 0.03365384615384615
0 0.5432692307692307 0.3449519230769231 0.027644230769230768 0.03485576923076923
0 0.5108173076923077 0.3449519230769231 0.030048076923076924 0.036057692307692304
0 0.4807692307692308 0.3449519230769231 0.03245192307692308 0.037259615384615384
0 0.44350961538461536 0.34375 0.03245192307692308 0.036057692307692304
0 0.41225961538461536 0.3449519230769231 0.027644230769230768 0.03485576923076923
0 0.36538461538461536 0.35096153846153844 0.05889423076923077 0.02283653846153846
0 0.31850961538461536 0.3449519230769231 0.030048076923076924 0.03485576923076923
0 0.2848557692307692 0.34615384615384615 0.03125 0.036057692307692304
0 0.2512019230769231 0.3449519230769231 0.03365384615384615 0.03125
0 0.21754807692307693 0.34375 0.03125 0.03485576923076923
0 0.1778846153846154 0.34375 0.03485576923076923 0.038461538461538464
0 0.13822115384615385 0.34375 0.03365384615384615 0.038461538461538464
0 0.06370192307692307 0.39783653846153844 0.057692307692307696 0.07451923076923077
0 0.018028846153846152 0.40024038461538464 0.03125 0.07211538461538461
0 0.9278846153846154 0.35697115384615385 0.020432692307692308 0.04927884615384615
0 0.9519230769230769 0.35697115384615385 0.020432692307692308 0.051682692307692304
0 0.9891826923076923 0.27884615384615385 0.016826923076923076 0.038461538461538464
0 0.6670673076923077 0.4987980769230769 0.03245192307692308 0.05048076923076923
0 0.5084134615384616 0.1622596153846154 0.014423076923076924 0.038461538461538464
0 0.5288461538461539 0.1622596153846154 0.020432692307692308 0.039663461538461536
0 0.5492788461538461 0.1622596153846154 0.013221153846153846 0.037259615384615384
0 0.5757211538461539 0.15865384615384615 0.03245192307692308 0.04807692307692308
0 0.35096153846153844 0.27283653846153844 0.037259615384615384 0.056490384615384616
0 0.3858173076923077 0.27524038461538464 0.030048076923076924 0.05048076923076923
0 0.4206730769230769 0.27403846153846156 0.036057692307692304 0.05048076923076923
0 0.45552884615384615 0.2764423076923077 0.026442307692307692 0.055288461538461536
0 0.49038461538461536 0.27163461538461536 0.025240384615384616 0.019230769230769232
0 0.49038461538461536 0.2920673076923077 0.030048076923076924 0.018028846153846152
0 0.5204326923076923 0.29086538461538464 0.025240384615384616 0.018028846153846152
0 0.6165865384615384 0.16346153846153846 0.036057692307692304 0.03485576923076923
0 0.5540865384615384 0.2800480769230769 0.03245192307692308 0.04567307692307692
0 0.6105769230769231 0.2692307692307692 0.02403846153846154 0.06490384615384616
0 0.6382211538461539 0.27163461538461536 0.028846153846153848 0.05889423076923077
0 0.6586538461538461 0.16466346153846154 0.037259615384615384 0.03485576923076923
0 0.6706730769230769 0.27524038461538464 0.028846153846153848 0.051682692307692304
0 0.7199519230769231 0.27403846153846156 0.06009615384615385 0.008413461538461538
0 0.7211538461538461 0.2824519230769231 0.06370192307692307 0.007211538461538462
0 0.7247596153846154 0.2932692307692308 0.06490384615384616 0.009615384615384616
0 0.8004807692307693 0.2704326923076923 0.0733173076923077 0.009615384615384616
0 0.7992788461538461 0.2824519230769231 0.06610576923076923 0.009615384615384616
0 0.796875 0.2932692307692308 0.06610576923076923 0.009615384615384616
0 0.8798076923076923 0.27884615384615385 0.08413461538461539 0.040865384615384616
0 0.5865384615384616 0.26802884615384615 0.018028846153846152 0.0625
0 0.6213942307692307 0.5012019230769231 0.054086538461538464 0.042067307692307696
0 0.5889423076923077 0.4411057692307692 0.028846153846153848 0.039663461538461536
0 0.5132211538461539 0.5060096153846154 0.030048076923076924 0.039663461538461536
0 0.9891826923076923 0.6959134615384616 0.016826923076923076 0.040865384615384616
0 0.9603365384615384 0.6959134615384616 0.03245192307692308 0.038461538461538464
0 0.9182692307692307 0.6971153846153846 0.036057692307692304 0.037259615384615384
0 0.8677884615384616 0.7043269230769231 0.04807692307692308 0.03125
0 0.8173076923076923 0.7055288461538461 0.04567307692307692 0.03245192307692308
0 0.7632211538461539 0.7019230769230769 0.051682692307692304 0.039663461538461536
0 0.6947115384615384 0.6995192307692307 0.0625 0.042067307692307696
0 0.6237980769230769 0.6995192307692307 0.07211538461538461 0.051682692307692304
0 0.5528846153846154 0.7019230769230769 0.056490384615384616 0.046875
0 0.5084134615384616 0.7019230769230769 0.027644230769230768 0.05048076923076923
0 0.47716346153846156 0.7079326923076923 0.025240384615384616 0.04447115384615385
0 0.4495192307692308 0.7007211538461539 0.02283653846153846 0.04807692307692308
0 0.4206730769230769 0.7019230769230769 0.030048076923076924 0.04807692307692308
0 0.38341346153846156 0.6923076923076923 0.030048076923076924 0.052884615384615384
0 0.34975961538461536 0.6995192307692307 0.027644230769230768 0.06009615384615385
0 0.32211538461538464 0.7019230769230769 0.02283653846153846 0.054086538461538464
0 0.29447115384615385 0.6971153846153846 0.021634615384615384 0.05048076923076923
0 0.23918269230769232 0.7211538461538461 0.04807692307692308 0.02283653846153846
0 0.17908653846153846 0.7019230769230769 0.057692307692307696 0.05889423076923077
0 0.11298076923076923 0.7427884615384616 0.056490384615384616 0.02283653846153846
0 0.9675480769230769 0.625 0.04447115384615385 0.03245192307692308
0 0.9230769230769231 0.6213942307692307 0.038461538461538464 0.036057692307692304
0 0.8798076923076923 0.6286057692307693 0.037259615384615384 0.03365384615384615
0 0.019230769230769232 0.7896634615384616 0.03365384615384615 0.03485576923076923
0 0.8269230769230769 0.6274038461538461 0.04326923076923077 0.03245192307692308
0 0.06370192307692307 0.7896634615384616 0.052884615384615384 0.036057692307692304
0 0.16947115384615385 0.7800480769230769 0.038461538461538464 0.04927884615384615
0 0.984375 0.7752403846153846 0.030048076923076924 0.046875
0 0.9495192307692307 0.7764423076923077 0.028846153846153848 0.046875
0 0.9158653846153846 0.7752403846153846 0.03125 0.051682692307692304
0 0.8798076923076923 0.7788461538461539 0.02403846153846154 0.040865384615384616
0 0.8545673076923077 0.7680288461538461 0.025240384615384616 0.057692307692307696
0 0.8293269230769231 0.7740384615384616 0.02403846153846154 0.052884615384615384
0 0.8016826923076923 0.7776442307692307 0.030048076923076924 0.054086538461538464
0 0.7692307692307693 0.7764423076923077 0.030048076923076924 0.052884615384615384
0 0.7283653846153846 0.7776442307692307 0.04567307692307692 0.054086538461538464
0 0.6802884615384616 0.7752403846153846 0.04326923076923077 0.052884615384615384
0 0.6213942307692307 0.7764423076923077 0.027644230769230768 0.051682692307692304
0 0.5841346153846154 0.7872596153846154 0.04447115384615385 0.039663461538461536
0 0.5324519230769231 0.7824519230769231 0.039663461538461536 0.038461538461538464
0 0.42427884615384615 0.7800480769230769 0.057692307692307696 0.042067307692307696
0 0.3641826923076923 0.7992788461538461 0.051682692307692304 0.010817307692307692
0 0.36658653846153844 0.7884615384615384 0.055288461538461536 0.008413461538461538
0 0.36538461538461536 0.7776442307692307 0.055288461538461536 0.010817307692307692
0 0.36538461538461536 0.765625 0.054086538461538464 0.010817307692307692
0 0.3245192307692308 0.7836538461538461 0.02403846153846154 0.042067307692307696
0 0.30408653846153844 0.7872596153846154 0.018028846153846152 0.03365384615384615
0 0.2764423076923077 0.7740384615384616 0.027644230769230768 0.04447115384615385
0 0.24278846153846154 0.7836538461538461 0.030048076923076924 0.046875
0 0.20793269230769232 0.7836538461538461 0.028846153846153848 0.046875
0 0.1201923076923077 0.7884615384615384 0.054086538461538464 0.036057692307692304
0 0.5564903846153846 0.5072115384615384 0.05048076923076923 0.025240384615384616
0 0.7680288461538461 0.6310096153846154 0.03485576923076923 0.018028846153846152
0 0.7007211538461539 0.6322115384615384 0.021634615384615384 0.021634615384615384
0 0.7932692307692307 0.43028846153846156 0.055288461538461536 0.06129807692307692
0 0.7427884615384616 0.4411057692307692 0.036057692307692304 0.03365384615384615
0 0.7139423076923077 0.44350961538461536 0.016826923076923076 0.028846153846153848
0 0.6935096153846154 0.44350961538461536 0.016826923076923076 0.030048076923076924
0 0.6706730769230769 0.4483173076923077 0.026442307692307692 0.021634615384615384
0 0.6394230769230769 0.4387019230769231 0.020432692307692308 0.040865384615384616
0 0.6153846153846154 0.4387019230769231 0.020432692307692308 0.040865384615384616
0 0.5540865384615384 0.43990384615384615 0.036057692307692304 0.039663461538461536
0 0.5204326923076923 0.43990384615384615 0.026442307692307692 0.038461538461538464
0 0.49038461538461536 0.43990384615384615 0.03125 0.042067307692307696
0 0.4567307692307692 0.4423076923076923 0.03245192307692308 0.038461538461538464
0 0.07091346153846154 0.48197115384615385 0.030048076923076924 0.04447115384615385
0 0.10576923076923077 0.48197115384615385 0.02403846153846154 0.04447115384615385
0 0.17668269230769232 0.4963942307692308 0.07572115384615384 0.019230769230769232
0 0.1778846153846154 0.515625 0.06129807692307692 0.018028846153846152
0 0.2283653846153846 0.5048076923076923 0.026442307692307692 0.038461538461538464
0 0.25961538461538464 0.5060096153846154 0.030048076923076924 0.038461538461538464
0 0.29447115384615385 0.5024038461538461 0.028846153846153848 0.04447115384615385
0 0.3269230769230769 0.5012019230769231 0.028846153846153848 0.04567307692307692
0 0.3581730769230769 0.5060096153846154 0.027644230769230768 0.042067307692307696
0 0.38822115384615385 0.5036057692307693 0.025240384615384616 0.04326923076923077
0 0.4182692307692308 0.5024038461538461 0.030048076923076924 0.04326923076923077
0 0.4807692307692308 0.5072115384615384 0.03245192307692308 0.039663461538461536
0 0.8389423076923077 0.4338942307692308 0.030048076923076924 0.04927884615384615
0 0.7307692307692307 0.6358173076923077 0.030048076923076924 0.019230769230769232
0 0.8689903846153846 0.4362980769230769 0.020432692307692308 0.038461538461538464
0 0.9194711538461539 0.4411057692307692 0.02283653846153846 0.051682692307692304
0 0.6442307692307693 0.6286057692307693 0.039663461538461536 0.03125
0 0.6009615384615384 0.6310096153846154 0.03125 0.03125
0 0.5612980769230769 0.625 0.03245192307692308 0.03245192307692308
0 0.5168269230769231 0.6274038461538461 0.039663461538461536 0.03365384615384615
0 0.46875 0.6274038461538461 0.038461538461538464 0.03125
0 0.41466346153846156 0.6286057692307693 0.03245192307692308 0.03365384615384615
0 0.3545673076923077 0.625 0.03245192307692308 0.028846153846153848
0 0.31490384615384615 0.6286057692307693 0.03485576923076923 0.03365384615384615
0 0.27283653846153844 0.6310096153846154 0.038461538461538464 0.036057692307692304
0 0.23197115384615385 0.6310096153846154 0.03245192307692308 0.038461538461538464
0 0.1875 0.6370192307692307 0.036057692307692304 0.02283653846153846
0 0.040865384615384616 0.6694711538461539 0.06129807692307692 0.04447115384615385
0 0.12139423076923077 0.71875 0.04326923076923077 0.016826923076923076
0 0.12740384615384615 0.6971153846153846 0.037259615384615384 0.018028846153846152
0 0.12620192307692307 0.6766826923076923 0.039663461538461536 0.015625
0 0.13822115384615385 0.6550480769230769 0.046875 0.015625
0 0.12740384615384615 0.6370192307692307 0.042067307692307696 0.016826923076923076
0 0.11778846153846154 0.6177884615384616 0.040865384615384616 0.015625
0 0.04447115384615385 0.4795673076923077 0.016826923076923076 0.04567307692307692
0 0.020432692307692308 0.47836538461538464 0.027644230769230768 0.046875
0 0.984375 0.4423076923076923 0.021634615384615384 0.04927884615384615
0 0.9603365384615384 0.4423076923076923 0.018028846153846152 0.051682692307692304
0 0.9411057692307693 0.4411057692307692 0.016826923076923076 0.05048076923076923
0 0.8966346153846154 0.4362980769230769 0.019230769230769232 0.040865384615384616
0 0.052884615384615384 0.7355769230769231 0.054086538461538464 0.027644230769230768