0 0.6237980769230769 0.33052884615384615 0.04447115384615385 0.06370192307692307
0 0.5276442307692307 0.33413461538461536 0.04326923076923077 0.06490384615384616
0 0.6670673076923077 0.265625 0.03485576923076923 0.06370192307692307
0 0.6237980769230769 0.2608173076923077 0.039663461538461536 0.06850961538461539
0 0.5745192307692307 0.2620192307692308 0.038461538461538464 0.06850961538461539
0 0.5264423076923077 0.2608173076923077 0.04807692307692308 0.07451923076923077
0 0.5685096153846154 0.1658653846153846 0.046875 0.06490384615384616
0 0.7127403846153846 0.26322115384615385 0.04326923076923077 0.0673076923076923
0 0.6682692307692307 0.33413461538461536 0.03365384615384615 0.06129807692307692
0 0.7151442307692307 0.3329326923076923 0.04927884615384615 0.06009615384615385
0 0.46634615384615385 0.2644230769230769 0.055288461538461536 0.07211538461538461
0 0.32211538461538464 0.07451923076923077 0.055288461538461536 0.06971153846153846
0 0.18629807692307693 0.14423076923076922 0.05048076923076923 0.06610576923076923
0 0.6490384615384616 0.8125 0.06490384615384616 0.052884615384615384
0 0.7139423076923077 0.8617788461538461 0.06009615384615385 0.054086538461538464
0 0.6466346153846154 0.8774038461538461 0.06129807692307692 0.054086538461538464
0 0.7151442307692307 0.7992788461538461 0.056490384615384616 0.054086538461538464
0 0.5757211538461539 0.3317307692307692 0.040865384615384616 0.06370192307692307
0 0.47115384615384615 0.33653846153846156 0.052884615384615384 0.0625
0 0.18629807692307693 0.07091346153846154 0.052884615384615384 0.06971153846153846
0 0.4074519230769231 0.33533653846153844 0.05889423076923077 0.0625
0 0.6213942307692307 0.16826923076923078 0.052884615384615384 0.05889423076923077
0 0.6790865384615384 0.16826923076923078 0.04326923076923077 0.06490384615384616
0 0.7271634615384616 0.17427884615384615 0.042067307692307696 0.055288461538461536
0 0.7247596153846154 0.10817307692307693 0.04326923076923077 0.0673076923076923
0 0.78125 0.16826923076923078 0.05048076923076923 0.06971153846153846
0 0.8353365384615384 0.1658653846153846 0.04807692307692308 0.08653846153846154
0 0.8870192307692307 0.17307692307692307 0.039663461538461536 0.06850961538461539
0 0.9471153846153846 0.17548076923076922 0.06129807692307692 0.07451923076923077
0 0.8617788461538461 0.09735576923076923 0.054086538461538464 0.018028846153846152
0 0.953125 0.11658653846153846 0.056490384615384616 0.020432692307692308
0 0.953125 0.09254807692307693 0.05889423076923077 0.016826923076923076
0 0.05048076923076923 0.2548076923076923 0.0673076923076923 0.0829326923076923
0 0.13221153846153846 0.2620192307692308 0.06610576923076923 0.08413461538461539
0 0.5673076923076923 0.09375 0.051682692307692304 0.07091346153846154
0 0.5108173076923077 0.0985576923076923 0.051682692307692304 0.06129807692307692
0 0.5132211538461539 0.16466346153846154 0.051682692307692304 0.06009615384615385
0 0.4519230769230769 0.16346153846153846 0.06009615384615385 0.057692307692307696
0 0.4495192307692308 0.09495192307692307 0.06490384615384616 0.06610576923076923
0 0.3762019230769231 0.09615384615384616 0.028846153846153848 0.0625
0 0.3786057692307692 0.1622596153846154 0.030048076923076924 0.052884615384615384
0 0.328125 0.15144230769230768 0.055288461538461536 0.07091346153846154
0 0.25841346153846156 0.1502403846153846 0.06009615384615385 0.06850961538461539
0 0.040865384615384616 0.11177884615384616 0.06850961538461539 0.09495192307692307
0 0.12139423076923077 0.14543269230769232 0.06610576923076923 0.07451923076923077
0 0.11899038461538461 0.06370192307692307 0.06129807692307692 0.078125
0 0.625 0.0985576923076923 0.05048076923076923 0.06971153846153846
0 0.2548076923076923 0.06850961538461539 0.0673076923076923 0.08173076923076923
0 0.20793269230769232 0.2668269230769231 0.0673076923076923 0.08173076923076923
0 0.28725961538461536 0.33413461538461536 0.0625 0.06850961538461539
0 0.4014423076923077 0.2608173076923077 0.06971153846153846 0.07451923076923077
0 0.7151442307692307 0.7331730769230769 0.055288461538461536 0.0673076923076923
0 0.30649038461538464 0.5228365384615384 0.08173076923076923 0.06370192307692307
0 0.5721153846153846 0.7680288461538461 0.06490384615384616 0.06850961538461539
0 0.8966346153846154 0.5348557692307693 0.03125 0.06370192307692307
0 0.9663461538461539 0.5336538461538461 0.028846153846153848 0.05048076923076923
0 0.7632211538461539 0.6418269230769231 0.042067307692307696 0.08413461538461539
0 0.48677884615384615 0.4483173076923077 0.07572115384615384 0.0673076923076923
0 0.4879807692307692 0.515625 0.0829326923076923 0.057692307692307696
0 0.39663461538461536 0.5132211538461539 0.08413461538461539 0.07572115384615384
0 0.3786057692307692 0.4387019230769231 0.052884615384615384 0.06490384615384616
0 0.30649038461538464 0.45072115384615385 0.0829326923076923 0.06370192307692307
0 0.22596153846153846 0.5492788461538461 0.056490384615384616 0.078125
0 0.15625 0.5456730769230769 0.06009615384615385 0.09014423076923077
0 0.08533653846153846 0.5552884615384616 0.057692307692307696 0.0889423076923077
0 0.020432692307692308 0.5612980769230769 0.040865384615384616 0.08653846153846154
0 0.21875 0.41346153846153844 0.056490384615384616 0.06850961538461539
0 0.15264423076923078 0.41586538461538464 0.051682692307692304 0.06971153846153846
0 0.0829326923076923 0.41466346153846156 0.07091346153846154 0.07091346153846154
0 0.019230769230769232 0.4182692307692308 0.038461538461538464 0.07211538461538461
0 0.6995192307692307 0.49038461538461536 0.054086538461538464 0.06009615384615385
0 0.8605769230769231 0.5372596153846154 0.03245192307692308 0.06850961538461539
0 0.8149038461538461 0.5336538461538461 0.04326923076923077 0.07692307692307693
0 0.765625 0.5408653846153846 0.042067307692307696 0.078125
0 0.7055288461538461 0.6454326923076923 0.05889423076923077 0.06370192307692307
0 0.5697115384615384 0.44591346153846156 0.07572115384615384 0.06370192307692307
0 0.5697115384615384 0.5108173076923077 0.07211538461538461 0.054086538461538464
0 0.640625 0.5036057692307693 0.04447115384615385 0.056490384615384616
0 0.6418269230769231 0.4423076923076923 0.046875 0.052884615384615384
0 0.8353365384615384 0.2692307692307692 0.03485576923076923 0.08052884615384616
0 0.8149038461538461 0.4074519230769231 0.016826923076923076 0.0889423076923077
0 0.828125 0.3641826923076923 0.010817307692307692 0.0889423076923077
0 0.04927884615384615 0.7163461538461539 0.0733173076923077 0.12379807692307693
0 0.6947115384615384 0.41947115384615385 0.054086538461538464 0.06971153846153846
0 0.13581730769230768 0.7067307692307693 0.0733173076923077 0.1310096153846154
0 0.2920673076923077 0.7067307692307693 0.055288461538461536 0.06850961538461539
0 0.2920673076923077 0.6286057692307693 0.06009615384615385 0.07451923076923077
0 0.3701923076923077 0.6189903846153846 0.078125 0.07451923076923077
0 0.3713942307692308 0.6935096153846154 0.07451923076923077 0.06971153846153846
0 0.5480769230769231 0.671875 0.09134615384615384 0.056490384615384616
0 0.5444711538461539 0.609375 0.08653846153846154 0.055288461538461536
0 0.6995192307692307 0.5733173076923077 0.06490384615384616 0.06850961538461539
0 0.6322115384615384 0.6586538461538461 0.06490384615384616 0.054086538461538464
0 0.21754807692307693 0.6911057692307693 0.06971153846153846 0.1346153846153846
0 0.6490384615384616 0.7451923076923077 0.06971153846153846 0.07211538461538461
0 0.7728365384615384 0.4519230769230769 0.05048076923076923 0.08052884615384616
0 0.9663461538461539 0.44350961538461536 0.02403846153846154 0.04567307692307692
0 0.8725961538461539 0.8125 0.02283653846153846 0.08052884615384616
0 0.9038461538461539 0.8040865384615384 0.028846153846153848 0.08173076923076923
0 0.9495192307692307 0.796875 0.046875 0.08774038461538461
0 0.039663461538461536 0.8617788461538461 0.05889423076923077 0.09735576923076923
0 0.11298076923076923 0.8473557692307693 0.057692307692307696 0.09615384615384616
0 0.17908653846153846 0.8377403846153846 0.05889423076923077 0.09014423076923077
0 0.24519230769230768 0.8305288461538461 0.05889423076923077 0.09134615384615384
0 0.10697115384615384 0.9555288461538461 0.08774038461538461 0.07211538461538461
0 0.8473557692307693 0.8197115384615384 0.02403846153846154 0.07451923076923077
0 0.2091346153846154 0.9435096153846154 0.08533653846153846 0.09615384615384616
0 0.3161057692307692 0.9411057692307693 0.08173076923076923 0.06129807692307692
0 0.421875 0.9254807692307693 0.08413461538461539 0.06850961538461539
0 0.41225961538461536 0.8497596153846154 0.07211538461538461 0.07091346153846154
0 0.4855769230769231 0.7584134615384616 0.07692307692307693 0.0733173076923077
0 0.49158653846153844 0.8317307692307693 0.06850961538461539 0.0625
0 0.49399038461538464 0.9026442307692307 0.055288461538461536 0.06370192307692307
0 0.5745192307692307 0.8882211538461539 0.07451923076923077 0.05048076923076923
0 0.5733173076923077 0.8329326923076923 0.0733173076923077 0.046875
0 0.3245192307692308 0.8581730769230769 0.08052884615384616 0.09375
0 0.9915865384615384 0.4423076923076923 0.015625 0.04447115384615385
0 0.8209134615384616 0.8197115384615384 0.015625 0.07572115384615384
0 0.7776442307692307 0.8317307692307693 0.02403846153846154 0.08052884615384616
0 0.9338942307692307 0.4483173076923077 0.025240384615384616 0.046875
0 0.9050480769230769 0.4495192307692308 0.02283653846153846 0.04326923076923077
0 0.8581730769230769 0.4519230769230769 0.06129807692307692 0.04567307692307692
0 0.9435096153846154 0.3545673076923077 0.03485576923076923 0.055288461538461536
0 0.9471153846153846 0.27403846153846156 0.036057692307692304 0.06370192307692307
0 0.9831730769230769 0.27283653846153844 0.028846153846153848 0.06971153846153846
0 0.8052884615384616 0.6394230769230769 0.03365384615384615 0.07451923076923077
0 0.8713942307692307 0.6334134615384616 0.04567307692307692 0.06490384615384616
0 0.9182692307692307 0.6298076923076923 0.03245192307692308 0.05889423076923077
0 0.953125 0.6201923076923077 0.026442307692307692 0.07091346153846154
0 0.9855769230769231 0.6153846153846154 0.02403846153846154 0.07211538461538461
0 0.984375 0.7019230769230769 0.027644230769230768 0.06971153846153846
0 0.7716346153846154 0.7367788461538461 0.036057692307692304 0.07692307692307693
0 0.8149038461538461 0.7319711538461539 0.03365384615384615 0.07572115384615384
0 0.8521634615384616 0.7331730769230769 0.028846153846153848 0.0625
0 0.8846153846153846 0.7223557692307693 0.028846153846153848 0.06971153846153846
0 0.921875 0.7127403846153846 0.028846153846153848 0.07091346153846154
0 0.9543269230769231 0.7127403846153846 0.019230769230769232 0.06490384615384616
0 0.8016826923076923 0.828125 0.013221153846153846 0.07572115384615384
0 0.6262019230769231 0.5949519230769231 0.06610576923076923 0.06490384615384616