0 0.6057692307692307 0.4266826923076923 0.039663461538461536 0.078125
0 0.38822115384615385 0.4230769230769231 0.04326923076923077 0.06850961538461539
0 0.5637019230769231 0.42427884615384615 0.030048076923076924 0.08653846153846154
0 0.5192307692307693 0.4230769230769231 0.040865384615384616 0.0673076923076923
0 0.47596153846153844 0.421875 0.039663461538461536 0.0673076923076923
0 0.43990384615384615 0.41466346153846156 0.028846153846153848 0.0625
0 0.046875 0.3894230769230769 0.09375 0.12860576923076922
0 0.30649038461538464 0.42427884615384615 0.036057692307692304 0.06610576923076923
0 0.2548076923076923 0.4254807692307692 0.042067307692307696 0.06370192307692307
0 0.21153846153846154 0.42788461538461536 0.042067307692307696 0.06370192307692307
0 0.17307692307692307 0.42427884615384615 0.030048076923076924 0.06370192307692307
0 0.9483173076923077 0.2848557692307692 0.037259615384615384 0.07572115384615384
0 0.9050480769230769 0.2848557692307692 0.04447115384615385 0.07572115384615384
0 0.6430288461538461 0.421875 0.027644230769230768 0.09014423076923077
0 0.3449519230769231 0.42427884615384615 0.039663461538461536 0.06610576923076923
0 0.984375 0.2668269230769231 0.030048076923076924 0.125
0 0.18509615384615385 0.5480769230769231 0.042067307692307696 0.10216346153846154
0 0.6706730769230769 0.421875 0.025240384615384616 0.09254807692307693
0 0.40024038461538464 0.5516826923076923 0.030048076923076924 0.09254807692307693
0 0.36899038461538464 0.5528846153846154 0.03125 0.09495192307692307
0 0.33533653846153844 0.5420673076923077 0.030048076923076924 0.09495192307692307
0 0.29447115384615385 0.5456730769230769 0.040865384615384616 0.09615384615384616
0 0.25721153846153844 0.5492788461538461 0.03245192307692308 0.10096153846153846
0 0.22596153846153846 0.5492788461538461 0.028846153846153848 0.10096153846153846
0 0.8629807692307693 0.28365384615384615 0.04447115384615385 0.0829326923076923
0 0.06610576923076923 0.22596153846153846 0.04927884615384615 0.11778846153846154
0 0.09615384615384616 0.5336538461538461 0.06610576923076923 0.09014423076923077
0 0.9435096153846154 0.421875 0.04326923076923077 0.07932692307692307
0 0.8942307692307693 0.4230769230769231 0.04567307692307692 0.078125
0 0.8449519230769231 0.4206730769230769 0.038461538461538464 0.08413461538461539
0 0.8064903846153846 0.4254807692307692 0.038461538461538464 0.07572115384615384
0 0.7644230769230769 0.4230769230769231 0.04326923076923077 0.08413461538461539
0 0.7271634615384616 0.4254807692307692 0.02403846153846154 0.0733173076923077
0 0.7007211538461539 0.42908653846153844 0.026442307692307692 0.07451923076923077
0 0.9855769230769231 0.4254807692307692 0.027644230769230768 0.07692307692307693
0 0.8293269230769231 0.2860576923076923 0.025240384615384616 0.08173076923076923
0 0.40625 0.28725961538461536 0.036057692307692304 0.09254807692307693
0 0.7379807692307693 0.2848557692307692 0.042067307692307696 0.08413461538461539
0 0.8016826923076923 0.125 0.04567307692307692 0.08774038461538461
0 0.7584134615384616 0.140625 0.03485576923076923 0.0673076923076923
0 0.7223557692307693 0.14182692307692307 0.03245192307692308 0.06370192307692307
0 0.6814903846153846 0.12620192307692307 0.039663461538461536 0.09134615384615384
0 0.640625 0.12860576923076922 0.036057692307692304 0.08774038461538461
0 0.5901442307692307 0.12980769230769232 0.052884615384615384 0.09014423076923077
0 0.5444711538461539 0.13701923076923078 0.037259615384615384 0.078125
0 0.5048076923076923 0.13701923076923078 0.039663461538461536 0.08173076923076923
0 0.4699519230769231 0.14423076923076922 0.02283653846153846 0.0673076923076923
0 0.44471153846153844 0.14302884615384615 0.025240384615384616 0.06850961538461539
0 0.4098557692307692 0.13942307692307693 0.040865384615384616 0.08413461538461539
0 0.36778846153846156 0.13942307692307693 0.039663461538461536 0.08173076923076923
0 0.3233173076923077 0.140625 0.038461538461538464 0.07932692307692307
0 0.28125 0.14182692307692307 0.040865384615384616 0.07692307692307693
0 0.23677884615384615 0.14423076923076922 0.040865384615384616 0.07572115384615384
0 0.8521634615384616 0.1310096153846154 0.054086538461538464 0.078125
0 0.9146634615384616 0.1310096153846154 0.06129807692307692 0.07451923076923077
0 0.9759615384615384 0.12259615384615384 0.04326923076923077 0.08653846153846154
0 0.140625 0.30528846153846156 0.046875 0.0673076923076923
0 0.6911057692307693 0.28725961538461536 0.040865384615384616 0.08413461538461539
0 0.6514423076923077 0.28725961538461536 0.036057692307692304 0.078125
0 0.6129807692307693 0.28365384615384615 0.040865384615384616 0.09495192307692307
0 0.5649038461538461 0.30288461538461536 0.04927884615384615 0.056490384615384616
0 0.5024038461538461 0.31971153846153844 0.06850961538461539 0.025240384615384616
0 0.5 0.2920673076923077 0.06610576923076923 0.030048076923076924
0 0.5012019230769231 0.2644230769230769 0.06490384615384616 0.02403846153846154
0 0.7884615384615384 0.2848557692307692 0.05048076923076923 0.08653846153846154
0 0.5048076923076923 0.23798076923076922 0.06850961538461539 0.028846153846153848
0 0.4326923076923077 0.5492788461538461 0.028846153846153848 0.09254807692307693
0 0.36899038461538464 0.28846153846153844 0.03245192307692308 0.09254807692307693
0 0.33413461538461536 0.28846153846153844 0.03125 0.09735576923076923
0 0.2920673076923077 0.28966346153846156 0.038461538461538464 0.09615384615384616
0 0.25240384615384615 0.28966346153846156 0.040865384615384616 0.09375
0 0.21394230769230768 0.28966346153846156 0.03485576923076923 0.09495192307692307
0 0.18269230769230768 0.29086538461538464 0.027644230769230768 0.09495192307692307
0 0.44471153846153844 0.2860576923076923 0.039663461538461536 0.09134615384615384
0 0.4675480769230769 0.5637019230769231 0.037259615384615384 0.06490384615384616
0 0.9759615384615384 0.5444711538461539 0.040865384615384616 0.0625
0 0.5360576923076923 0.5492788461538461 0.026442307692307692 0.09134615384615384
0 0.71875 0.8016826923076923 0.06129807692307692 0.009615384615384616
0 0.7115384615384616 0.8545673076923077 0.06009615384615385 0.010817307692307692
0 0.7115384615384616 0.8665865384615384 0.06129807692307692 0.010817307692307692
0 0.6478365384615384 0.8653846153846154 0.0625 0.010817307692307692
0 0.6478365384615384 0.8545673076923077 0.0673076923076923 0.009615384615384616
0 0.6514423076923077 0.828125 0.06610576923076923 0.009615384615384616
0 0.6490384615384616 0.8161057692307693 0.06490384615384616 0.009615384615384616
0 0.6490384615384616 0.8052884615384616 0.06370192307692307 0.010817307692307692
0 0.5793269230769231 0.8269230769230769 0.07091346153846154 0.009615384615384616
0 0.5805288461538461 0.8173076923076923 0.06009615384615385 0.010817307692307692
0 0.578125 0.8521634615384616 0.07211538461538461 0.007211538461538462
0 0.5745192307692307 0.8677884615384616 0.06850961538461539 0.013221153846153846
0 0.5 0.8665865384615384 0.06370192307692307 0.013221153846153846
0 0.49399038461538464 0.8245192307692307 0.0673076923076923 0.008413461538461538
0 0.4963942307692308 0.8137019230769231 0.06850961538461539 0.013221153846153846
0 0.7163461538461539 0.8125 0.06009615384615385 0.008413461538461538
0 0.7211538461538461 0.8245192307692307 0.0673076923076923 0.01201923076923077
0 0.8016826923076923 0.828125 0.0625 0.009615384615384616
0 0.7848557692307693 0.8533653846153846 0.0625 0.009615384615384616
0 0.8569711538461539 0.6514423076923077 0.04326923076923077 0.021634615384615384
0 0.9795673076923077 0.8137019230769231 0.039663461538461536 0.010817307692307692
0 0.9795673076923077 0.7992788461538461 0.038461538461538464 0.010817307692307692
0 0.9747596153846154 0.8521634615384616 0.04567307692307692 0.01201923076923077
0 0.9759615384615384 0.8629807692307693 0.04567307692307692 0.01201923076923077
0 0.921875 0.8257211538461539 0.06370192307692307 0.008413461538461538
0 0.9230769230769231 0.7920673076923077 0.06610576923076923 0.013221153846153846
0 0.4206730769230769 0.8545673076923077 0.06370192307692307 0.009615384615384616
0 0.9254807692307693 0.8137019230769231 0.0673076923076923 0.010817307692307692
0 0.9206730769230769 0.8665865384615384 0.06610576923076923 0.010817307692307692
0 0.8497596153846154 0.8521634615384616 0.06129807692307692 0.010817307692307692
0 0.8569711538461539 0.8137019230769231 0.056490384615384616 0.008413461538461538
0 0.8545673076923077 0.8004807692307693 0.0673076923076923 0.01201923076923077
0 0.8545673076923077 0.7896634615384616 0.06490384615384616 0.008413461538461538
0 0.8485576923076923 0.8653846153846154 0.0625 0.008413461538461538
0 0.7836538461538461 0.8641826923076923 0.06129807692307692 0.010817307692307692
0 0.9194711538461539 0.8509615384615384 0.06129807692307692 0.010817307692307692
0 0.5036057692307693 0.5516826923076923 0.03485576923076923 0.08533653846153846
0 0.41586538461538464 0.8653846153846154 0.06850961538461539 0.009615384615384616
0 0.41466346153846156 0.7932692307692307 0.06610576923076923 0.014423076923076924
0 0.2692307692307692 0.6622596153846154 0.027644230769230768 0.0829326923076923
0 0.23677884615384615 0.6670673076923077 0.037259615384615384 0.0829326923076923
0 0.19951923076923078 0.671875 0.037259615384615384 0.09014423076923077
0 0.037259615384615384 0.6394230769230769 0.07451923076923077 0.0733173076923077
0 0.13581730769230768 0.6550480769230769 0.0889423076923077 0.10096153846153846
0 0.1935096153846154 0.140625 0.042067307692307696 0.08052884615384616
0 0.9302884615384616 0.5673076923076923 0.04927884615384615 0.042067307692307696
0 0.8425480769230769 0.5528846153846154 0.057692307692307696 0.06850961538461539
0 0.7752403846153846 0.5480769230769231 0.055288461538461536 0.0733173076923077
0 0.7307692307692307 0.5625 0.03365384615384615 0.06009615384615385
0 0.6971153846153846 0.5360576923076923 0.028846153846153848 0.09615384615384616
0 0.6670673076923077 0.546875 0.028846153846153848 0.09254807692307693
0 0.6334134615384616 0.546875 0.030048076923076924 0.09615384615384616
0 0.6009615384615384 0.546875 0.03245192307692308 0.09375
0 0.5661057692307693 0.5504807692307693 0.03365384615384615 0.08774038461538461
0 0.29927884615384615 0.6646634615384616 0.030048076923076924 0.08173076923076923
0 0.3293269230769231 0.6634615384615384 0.030048076923076924 0.0829326923076923
0 0.36658653846153844 0.6598557692307693 0.036057692307692304 0.08052884615384616
0 0.43028846153846156 0.6706730769230769 0.03125 0.09014423076923077
0 0.33413461538461536 0.8509615384615384 0.08413461538461539 0.04807692307692308
0 0.3557692307692308 0.7776442307692307 0.025240384615384616 0.08052884615384616
0 0.27884615384615385 0.7788461538461539 0.06971153846153846 0.08173076923076923
0 0.25600961538461536 0.8485576923076923 0.055288461538461536 0.040865384615384616
0 0.10216346153846154 0.8221153846153846 0.17668269230769232 0.09735576923076923
0 0.9278846153846154 0.6658653846153846 0.07692307692307693 0.07692307692307693
0 0.8581730769230769 0.6923076923076923 0.04927884615384615 0.019230769230769232
0 0.4230769230769231 0.8137019230769231 0.06610576923076923 0.010817307692307692
0 0.8040865384615384 0.6658653846153846 0.052884615384615384 0.07932692307692307
0 0.7043269230769231 0.6706730769230769 0.04447115384615385 0.07211538461538461
0 0.6574519230769231 0.6706730769230769 0.04927884615384615 0.0733173076923077
0 0.6081730769230769 0.6610576923076923 0.04447115384615385 0.08774038461538461
0 0.5576923076923077 0.6911057692307693 0.04447115384615385 0.03245192307692308
0 0.5637019230769231 0.6490384615384616 0.04807692307692308 0.05048076923076923
0 0.5120192307692307 0.6646634615384616 0.040865384615384616 0.08653846153846154
0 0.46634615384615385 0.6670673076923077 0.040865384615384616 0.0889423076923077
0 0.7524038461538461 0.6730769230769231 0.04807692307692308 0.06971153846153846
0 0.1502403846153846 0.13581730769230768 0.026442307692307692 0.11298076923076923
0 0.9807692307692307 0.8245192307692307 0.037259615384615384 0.010817307692307692
0 0.8569711538461539 0.6754807692307693 0.04567307692307692 0.018028846153846152
0 0.1141826923076923 0.140625 0.03245192307692308 0.08653846153846154