0 0.8966346153846154 0.40625 0.0985576923076923 0.02403846153846154
0 0.9735576923076923 0.40625 0.04807692307692308 0.028846153846153848
0 0.21033653846153846 0.24759615384615385 0.026442307692307692 0.04567307692307692
0 0.9735576923076923 0.4326923076923077 0.051682692307692304 0.02403846153846154
0 0.10336538461538461 0.24278846153846154 0.04927884615384615 0.056490384615384616
0 0.042067307692307696 0.17307692307692307 0.06971153846153846 0.14543269230769232
0 0.17067307692307693 0.24158653846153846 0.04807692307692308 0.055288461538461536
0 0.8942307692307693 0.4326923076923077 0.09975961538461539 0.025240384615384616
0 0.6875 0.3629807692307692 0.026442307692307692 0.040865384615384616
0 0.22956730769230768 0.47475961538461536 0.0733173076923077 0.021634615384615384
0 0.9435096153846154 0.5096153846153846 0.055288461538461536 0.078125
0 0.8954326923076923 0.5204326923076923 0.03365384615384615 0.056490384615384616
0 0.8557692307692307 0.5180288461538461 0.036057692307692304 0.052884615384615384
0 0.8028846153846154 0.45913461538461536 0.06370192307692307 0.04807692307692308
0 0.7355769230769231 0.46153846153846156 0.06490384615384616 0.051682692307692304
0 0.2439903846153846 0.24639423076923078 0.037259615384615384 0.052884615384615384
0 0.6646634615384616 0.4579326923076923 0.06610576923076923 0.054086538461538464
0 0.5997596153846154 0.45913461538461536 0.057692307692307696 0.052884615384615384
0 0.5480769230769231 0.4651442307692308 0.040865384615384616 0.040865384615384616
0 0.5072115384615384 0.46634615384615385 0.038461538461538464 0.040865384615384616
0 0.46274038461538464 0.46634615384615385 0.042067307692307696 0.039663461538461536
0 0.4182692307692308 0.46634615384615385 0.042067307692307696 0.039663461538461536
0 0.4411057692307692 0.4266826923076923 0.052884615384615384 0.036057692307692304
0 0.3762019230769231 0.4639423076923077 0.038461538461538464 0.040865384615384616
0 0.3329326923076923 0.4639423076923077 0.042067307692307696 0.042067307692307696
0 0.3269230769230769 0.42427884615384615 0.04807692307692308 0.03365384615384615
0 0.28966346153846156 0.4651442307692308 0.038461538461538464 0.042067307692307696
0 0.12740384615384615 0.4098557692307692 0.04807692307692308 0.026442307692307692
0 0.039663461538461536 0.3137019230769231 0.078125 0.08413461538461539
0 0.4963942307692308 0.3545673076923077 0.037259615384615384 0.051682692307692304
0 0.3293269230769231 0.24278846153846154 0.038461538461538464 0.055288461538461536
0 0.15504807692307693 0.3545673076923077 0.04447115384615385 0.051682692307692304
0 0.22956730769230768 0.4423076923076923 0.0733173076923077 0.039663461538461536
0 0.24639423076923078 0.3557692307692308 0.042067307692307696 0.051682692307692304
0 0.28846153846153844 0.35336538461538464 0.03485576923076923 0.056490384615384616
0 0.328125 0.35336538461538464 0.037259615384615384 0.057692307692307696
0 0.36899038461538464 0.3545673076923077 0.036057692307692304 0.056490384615384616
0 0.4098557692307692 0.3545673076923077 0.042067307692307696 0.055288461538461536
0 0.45552884615384615 0.35336538461538464 0.036057692307692304 0.055288461538461536
0 0.4987980769230769 0.3161057692307692 0.042067307692307696 0.02283653846153846
0 0.5384615384615384 0.3581730769230769 0.038461538461538464 0.04927884615384615
0 0.5805288461538461 0.35336538461538464 0.04326923076923077 0.05889423076923077
0 0.6225961538461539 0.35336538461538464 0.037259615384615384 0.05889423076923077
0 0.6586538461538461 0.36177884615384615 0.026442307692307692 0.039663461538461536
0 0.84375 0.6274038461538461 0.039663461538461536 0.039663461538461536
0 0.8137019230769231 0.36177884615384615 0.04807692307692308 0.042067307692307696
0 0.7644230769230769 0.3629807692307692 0.042067307692307696 0.040865384615384616
0 0.7223557692307693 0.3629807692307692 0.038461538461538464 0.038461538461538464
0 0.10697115384615384 0.3545673076923077 0.04567307692307692 0.052884615384615384
0 0.2860576923076923 0.24158653846153846 0.038461538461538464 0.056490384615384616
0 0.055288461538461536 0.49158653846153844 0.08173076923076923 0.11177884615384616
0 0.859375 0.3449519230769231 0.03365384615384615 0.028846153846153848
0 0.37259615384615385 0.2439903846153846 0.039663461538461536 0.05889423076923077
0 0.4170673076923077 0.2439903846153846 0.04326923076923077 0.057692307692307696
0 0.48197115384615385 0.21875 0.07692307692307693 0.036057692307692304
0 0.48197115384615385 0.2548076923076923 0.08533653846153846 0.03485576923076923
0 0.5600961538461539 0.22355769230769232 0.07211538461538461 0.03365384615384615
0 0.5637019230769231 0.25600961538461536 0.07451923076923077 0.03125
0 0.6141826923076923 0.24519230769230768 0.02403846153846154 0.054086538461538464
0 0.640625 0.24639423076923078 0.02403846153846154 0.054086538461538464
0 0.6790865384615384 0.24759615384615385 0.04567307692307692 0.04927884615384615
0 0.7271634615384616 0.24879807692307693 0.046875 0.046875
0 0.78125 0.24759615384615385 0.055288461538461536 0.05048076923076923
0 0.8377403846153846 0.25 0.052884615384615384 0.051682692307692304
0 0.8942307692307693 0.25 0.05048076923076923 0.05048076923076923
0 0.9615384615384616 0.2247596153846154 0.07572115384615384 0.03365384615384615
0 0.9603365384615384 0.25841346153846156 0.078125 0.03245192307692308
0 0.9615384615384616 0.3161057692307692 0.07572115384615384 0.030048076923076924
0 0.9615384615384616 0.3473557692307692 0.07572115384615384 0.030048076923076924
0 0.8978365384615384 0.34375 0.036057692307692304 0.03245192307692308
0 0.8894230769230769 0.6274038461538461 0.042067307692307696 0.039663461538461536
0 0.20072115384615385 0.3605769230769231 0.040865384615384616 0.04326923076923077
0 0.9747596153846154 0.6165865384615384 0.04927884615384615 0.056490384615384616
0 0.20192307692307693 0.7439903846153846 0.06370192307692307 0.078125
0 0.25961538461538464 0.7427884615384616 0.04567307692307692 0.078125
0 0.32091346153846156 0.7427884615384616 0.06490384615384616 0.08052884615384616
0 0.3870192307692308 0.7427884615384616 0.06009615384615385 0.07572115384615384
0 0.45072115384615385 0.7415865384615384 0.055288461538461536 0.0733173076923077
0 0.5048076923076923 0.7427884615384616 0.04807692307692308 0.078125
0 0.5540865384615384 0.7427884615384616 0.046875 0.07932692307692307
0 0.6009615384615384 0.7427884615384616 0.04326923076923077 0.07932692307692307
0 0.6646634615384616 0.7524038461538461 0.02403846153846154 0.03245192307692308
0 0.6382211538461539 0.7524038461538461 0.02403846153846154 0.03245192307692308
0 0.640625 0.7764423076923077 0.027644230769230768 0.01201923076923077
0 0.6670673076923077 0.7776442307692307 0.02283653846153846 0.013221153846153846
0 0.6935096153846154 0.7560096153846154 0.025240384615384616 0.05048076923076923
0 0.7235576923076923 0.7391826923076923 0.030048076923076924 0.04326923076923077
0 0.7259615384615384 0.7716346153846154 0.03245192307692308 0.018028846153846152
0 0.7560096153846154 0.75 0.030048076923076924 0.06129807692307692
0 0.9302884615384616 0.6262019230769231 0.037259615384615384 0.040865384615384616
0 0.14302884615384615 0.7427884615384616 0.046875 0.0733173076923077
0 0.7896634615384616 0.6538461538461539 0.04447115384615385 0.06610576923076923
0 0.021634615384615384 0.8137019230769231 0.04326923076923077 0.055288461538461536
0 0.07692307692307693 0.8125 0.0625 0.051682692307692304
0 0.7668269230769231 0.8425480769230769 0.06009615384615385 0.07932692307692307
0 0.7067307692307693 0.8449519230769231 0.055288461538461536 0.0733173076923077
0 0.6538461538461539 0.8497596153846154 0.039663461538461536 0.07091346153846154
0 0.6021634615384616 0.8509615384615384 0.06009615384615385 0.07572115384615384
0 0.12139423076923077 0.45552884615384615 0.04326923076923077 0.06009615384615385
0 0.5420673076923077 0.8485576923076923 0.052884615384615384 0.07572115384615384
0 0.48677884615384615 0.8509615384615384 0.04927884615384615 0.07091346153846154
0 0.4266826923076923 0.8461538461538461 0.0625 0.0829326923076923
0 0.3605769230769231 0.8701923076923077 0.055288461538461536 0.038461538461538464
0 0.3605769230769231 0.8257211538461539 0.057692307692307696 0.04447115384615385
0 0.3016826923076923 0.8689903846153846 0.057692307692307696 0.038461538461538464
0 0.3004807692307692 0.8257211538461539 0.056490384615384616 0.04447115384615385
0 0.2512019230769231 0.8425480769230769 0.036057692307692304 0.06971153846153846
0 0.21153846153846154 0.8425480769230769 0.036057692307692304 0.07091346153846154
0 0.17427884615384615 0.8485576923076923 0.03125 0.07932692307692307
0 0.13581730769230768 0.8485576923076923 0.03485576923076923 0.07572115384615384
0 0.08052884615384616 0.8653846153846154 0.06490384615384616 0.04927884615384615
0 0.02403846153846154 0.8665865384615384 0.04447115384615385 0.054086538461538464
0 0.7379807692307693 0.6538461538461539 0.054086538461538464 0.06971153846153846
0 0.7956730769230769 0.7487980769230769 0.046875 0.057692307692307696
0 0.6322115384615384 0.6514423076923077 0.054086538461538464 0.0673076923076923
0 0.6826923076923077 0.6526442307692307 0.042067307692307696 0.0625
0 0.014423076923076924 0.7307692307692307 0.028846153846153848 0.06129807692307692
0 0.0733173076923077 0.6754807692307693 0.08052884615384616 0.11778846153846154
0 0.7331730769230769 0.5240384615384616 0.06370192307692307 0.018028846153846152
0 0.8016826923076923 0.5649038461538461 0.037259615384615384 0.038461538461538464
0 0.7524038461538461 0.5625 0.057692307692307696 0.046875
0 0.6911057692307693 0.5637019230769231 0.057692307692307696 0.04927884615384615
0 0.6310096153846154 0.5625 0.056490384615384616 0.04927884615384615
0 0.5685096153846154 0.5600961538461539 0.06129807692307692 0.054086538461538464
0 0.4987980769230769 0.5600961538461539 0.07091346153846154 0.052884615384615384
0 0.4326923076923077 0.5600961538461539 0.06009615384615385 0.04927884615384615
0 0.3701923076923077 0.5612980769230769 0.057692307692307696 0.04927884615384615
0 0.3088942307692308 0.5588942307692307 0.056490384615384616 0.04807692307692308
0 0.25721153846153844 0.5637019230769231 0.038461538461538464 0.04326923076923077
0 0.2127403846153846 0.5612980769230769 0.037259615384615384 0.05048076923076923
0 0.171875 0.5612980769230769 0.042067307692307696 0.05048076923076923
0 0.12379807692307693 0.5564903846153846 0.051682692307692304 0.06370192307692307
0 0.8533653846153846 0.6959134615384616 0.06009615384615385 0.052884615384615384
0 0.9194711538461539 0.6971153846153846 0.057692307692307696 0.05048076923076923
0 0.13942307692307693 0.6610576923076923 0.04927884615384615 0.05048076923076923
0 0.9098557692307693 0.7824519230769231 0.07932692307692307 0.03125
0 0.5697115384615384 0.6514423076923077 0.055288461538461536 0.06490384615384616
0 0.5180288461538461 0.6514423076923077 0.042067307692307696 0.06370192307692307
0 0.4699519230769231 0.6526442307692307 0.04567307692307692 0.0673076923076923
0 0.41947115384615385 0.6490384615384616 0.04326923076923077 0.06610576923076923
0 0.3798076923076923 0.6586538461538461 0.028846153846153848 0.052884615384615384
0 0.8461538461538461 0.7716346153846154 0.042067307692307696 0.054086538461538464
0 0.31490384615384615 0.65625 0.036057692307692304 0.054086538461538464
0 0.27884615384615385 0.6574519230769231 0.036057692307692304 0.052884615384615384
0 0.34975961538461536 0.6586538461538461 0.028846153846153848 0.05048076923076923
0 0.22596153846153846 0.6622596153846154 0.019230769230769232 0.042067307692307696
0 0.2403846153846154 0.625 0.028846153846153848 0.028846153846153848
0 0.20072115384615385 0.6598557692307693 0.02283653846153846 0.04927884615384615
0 0.17668269230769232 0.6598557692307693 0.021634615384615384 0.051682692307692304
0 0.9771634615384616 0.8581730769230769 0.03125 0.04807692307692308
0 0.9447115384615384 0.8569711538461539 0.027644230769230768 0.051682692307692304
0 0.8990384615384616 0.8629807692307693 0.06009615384615385 0.04326923076923077
0 0.8329326923076923 0.8629807692307693 0.05889423076923077 0.04326923076923077
0 0.24759615384615385 0.6622596153846154 0.019230769230769232 0.04326923076923077
0 0.16826923076923078 0.4543269230769231 0.04326923076923077 0.05889423076923077