0 0.20192307692307693 0.625 0.055288461538461536 0.05048076923076923
0 0.25600961538461536 0.6274038461538461 0.04927884615384615 0.046875
0 0.3125 0.6262019230769231 0.046875 0.04807692307692308
0 0.3713942307692308 0.6262019230769231 0.055288461538461536 0.04567307692307692
0 0.42788461538461536 0.6334134615384616 0.04447115384615385 0.06129807692307692
0 0.4831730769230769 0.6418269230769231 0.055288461538461536 0.06129807692307692
0 0.5456730769230769 0.6394230769230769 0.055288461538461536 0.05889423076923077
0 0.9387019230769231 0.49278846153846156 0.07692307692307693 0.020432692307692308
0 0.10216346153846154 0.2247596153846154 0.042067307692307696 0.0829326923076923
0 0.9242788461538461 0.08653846153846154 0.03125 0.07572115384615384
0 0.9567307692307693 0.08413461538461539 0.03365384615384615 0.07451923076923077
0 0.890625 0.08774038461538461 0.03365384615384615 0.07091346153846154
0 0.8353365384615384 0.08533653846153846 0.06850961538461539 0.06009615384615385
0 0.7716346153846154 0.09375 0.04927884615384615 0.05048076923076923
0 0.7127403846153846 0.09495192307692307 0.051682692307692304 0.057692307692307696
0 0.6454326923076923 0.0829326923076923 0.05889423076923077 0.0829326923076923
0 0.5913461538461539 0.08533653846153846 0.040865384615384616 0.0733173076923077
0 0.5420673076923077 0.06850961538461539 0.04447115384615385 0.11778846153846154
0 0.4735576923076923 0.078125 0.06610576923076923 0.09975961538461539
0 0.38822115384615385 0.07572115384615384 0.07932692307692307 0.09735576923076923
0 0.3076923076923077 0.07572115384615384 0.07451923076923077 0.09495192307692307
0 0.22596153846153846 0.0733173076923077 0.07692307692307693 0.09735576923076923
0 0.1502403846153846 0.07451923076923077 0.0673076923076923 0.09615384615384616
0 0.08413461538461539 0.08173076923076923 0.042067307692307696 0.08653846153846154
0 0.04567307692307692 0.22235576923076922 0.06971153846153846 0.07932692307692307
0 0.609375 0.6382211538461539 0.052884615384615384 0.06610576923076923
0 0.7692307692307693 0.6394230769230769 0.04807692307692308 0.06850961538461539
0 0.7115384615384616 0.6394230769230769 0.039663461538461536 0.07091346153846154
0 0.3870192307692308 0.7680288461538461 0.04807692307692308 0.054086538461538464
0 0.4963942307692308 0.8028846153846154 0.08052884615384616 0.07692307692307693
0 0.5769230769230769 0.8028846153846154 0.03365384615384615 0.021634615384615384
0 0.5889423076923077 0.7776442307692307 0.037259615384615384 0.025240384615384616
0 0.5865384615384616 0.8377403846153846 0.025240384615384616 0.019230769230769232
0 0.6225961538461539 0.8329326923076923 0.03245192307692308 0.02403846153846154
0 0.24519230769230768 0.8064903846153846 0.07932692307692307 0.078125
0 0.7223557692307693 0.7620192307692307 0.036057692307692304 0.025240384615384616
0 0.7379807692307693 0.8125 0.04447115384615385 0.021634615384615384
0 0.8377403846153846 0.8076923076923077 0.09014423076923077 0.10576923076923077
0 0.9387019230769231 0.8100961538461539 0.07451923076923077 0.0889423076923077
0 0.6382211538461539 0.7620192307692307 0.028846153846153848 0.02283653846153846
0 0.6550480769230769 0.7872596153846154 0.038461538461538464 0.02283653846153846
0 0.6526442307692307 0.8100961538461539 0.028846153846153848 0.02283653846153846
0 0.734375 0.7872596153846154 0.038461538461538464 0.025240384615384616
0 0.6610576923076923 0.6382211538461539 0.03245192307692308 0.07091346153846154
0 0.13221153846153846 0.8004807692307693 0.06370192307692307 0.125
0 0.7451923076923077 0.7151442307692307 0.042067307692307696 0.040865384615384616
0 0.8425480769230769 0.6502403846153846 0.057692307692307696 0.025240384615384616
0 0.9086538461538461 0.6490384615384616 0.07451923076923077 0.025240384615384616
0 0.8329326923076923 0.6971153846153846 0.014423076923076924 0.04927884615384615
0 0.8605769230769231 0.6826923076923077 0.028846153846153848 0.036057692307692304
0 0.8894230769230769 0.6802884615384616 0.020432692307692308 0.030048076923076924
0 0.20793269230769232 0.7127403846153846 0.054086538461538464 0.04567307692307692
0 0.0625 0.8052884615384616 0.06129807692307692 0.11538461538461539
0 0.2608173076923077 0.7115384615384616 0.04927884615384615 0.042067307692307696
0 0.3798076923076923 0.7139423076923077 0.056490384615384616 0.040865384615384616
0 0.4375 0.7103365384615384 0.04326923076923077 0.036057692307692304
0 0.5024038461538461 0.7223557692307693 0.057692307692307696 0.04927884615384615
0 0.5612980769230769 0.71875 0.055288461538461536 0.04807692307692308
0 0.625 0.7175480769230769 0.055288461538461536 0.04807692307692308
0 0.6887019230769231 0.7211538461538461 0.04927884615384615 0.04927884615384615
0 0.3173076923076923 0.7103365384615384 0.04807692307692308 0.038461538461538464
0 0.9182692307692307 0.6802884615384616 0.026442307692307692 0.030048076923076924
0 0.8689903846153846 0.5588942307692307 0.06490384615384616 0.019230769230769232
0 0.5817307692307693 0.4423076923076923 0.057692307692307696 0.07451923076923077
0 0.3389423076923077 0.4266826923076923 0.046875 0.04447115384615385
0 0.3942307692307692 0.42427884615384615 0.04807692307692308 0.04326923076923077
0 0.4567307692307692 0.43990384615384615 0.05889423076923077 0.07451923076923077
0 0.5216346153846154 0.4423076923076923 0.051682692307692304 0.07091346153846154
0 0.6370192307692307 0.44350961538461536 0.046875 0.0733173076923077
0 0.6826923076923077 0.4375 0.04807692307692308 0.07451923076923077
0 0.7319711538461539 0.4362980769230769 0.04447115384615385 0.06610576923076923
0 0.7860576923076923 0.43990384615384615 0.04927884615384615 0.0733173076923077
0 0.8930288461538461 0.42788461538461536 0.07692307692307693 0.09134615384615384
0 0.03125 0.5961538461538461 0.042067307692307696 0.08774038461538461
0 0.08173076923076923 0.5997596153846154 0.038461538461538464 0.10096153846153846
0 0.12259615384615384 0.6021634615384616 0.03365384615384615 0.09134615384615384
0 0.18990384615384615 0.53125 0.052884615384615384 0.056490384615384616
0 0.23798076923076922 0.5264423076923077 0.038461538461538464 0.046875
0 0.2776442307692308 0.5420673076923077 0.03365384615384615 0.06850961538461539
0 0.33052884615384615 0.5396634615384616 0.057692307692307696 0.06009615384615385
0 0.3858173076923077 0.5288461538461539 0.04567307692307692 0.04326923076923077
0 0.4375 0.5420673076923077 0.051682692307692304 0.0673076923076923
0 0.5 0.5432692307692307 0.055288461538461536 0.07091346153846154
0 0.5552884615384616 0.5444711538461539 0.04927884615384615 0.07091346153846154
0 0.6081730769230769 0.5420673076923077 0.05048076923076923 0.06971153846153846
0 0.6550480769230769 0.5432692307692307 0.036057692307692304 0.06850961538461539
0 0.6887019230769231 0.5408653846153846 0.028846153846153848 0.07211538461538461
0 0.7211538461538461 0.5420673076923077 0.03365384615384615 0.07091346153846154
0 0.7572115384615384 0.5408653846153846 0.027644230769230768 0.07211538461538461
0 0.7932692307692307 0.5384615384615384 0.037259615384615384 0.06850961538461539
0 0.9831730769230769 0.4266826923076923 0.028846153846153848 0.038461538461538464
0 0.8425480769230769 0.5228365384615384 0.03365384615384615 0.04927884615384615
0 0.9278846153846154 0.5516826923076923 0.04927884615384615 0.026442307692307692
0 0.23197115384615385 0.42908653846153844 0.04807692307692308 0.05048076923076923
0 0.1814903846153846 0.43028846153846156 0.04567307692307692 0.051682692307692304
0 0.2848557692307692 0.43028846153846156 0.046875 0.051682692307692304
0 0.08052884615384616 0.4362980769230769 0.038461538461538464 0.06009615384615385
0 0.17307692307692307 0.22235576923076922 0.046875 0.06009615384615385
0 0.22716346153846154 0.22355769230769232 0.052884615384615384 0.0625
0 0.2848557692307692 0.22596153846153846 0.056490384615384616 0.05889423076923077
0 0.38461538461538464 0.23076923076923078 0.11298076923076923 0.07211538461538461
0 0.46274038461538464 0.2283653846153846 0.030048076923076924 0.06610576923076923
0 0.5204326923076923 0.21754807692307693 0.054086538461538464 0.054086538461538464
0 0.5697115384615384 0.22596153846153846 0.03125 0.06370192307692307
0 0.6201923076923077 0.22355769230769232 0.05048076923076923 0.054086538461538464
0 0.6838942307692307 0.22115384615384615 0.06129807692307692 0.056490384615384616
0 0.7475961538461539 0.22355769230769232 0.04927884615384615 0.051682692307692304
0 0.8257211538461539 0.16706730769230768 0.0829326923076923 0.0829326923076923
0 0.8112980769230769 0.23677884615384615 0.04447115384615385 0.04567307692307692
0 0.9098557692307693 0.2704326923076923 0.0889423076923077 0.08413461538461539
0 0.11899038461538461 0.4182692307692308 0.03485576923076923 0.037259615384615384
0 0.04326923076923077 0.3161057692307692 0.06129807692307692 0.06850961538461539
0 0.9795673076923077 0.25600961538461536 0.039663461538461536 0.10336538461538461
0 0.16947115384615385 0.3245192307692308 0.04927884615384615 0.05889423076923077
0 0.22355769230769232 0.32572115384615385 0.04567307692307692 0.055288461538461536
0 0.28125 0.32572115384615385 0.04326923076923077 0.056490384615384616
0 0.33533653846153844 0.328125 0.04326923076923077 0.052884615384615384
0 0.3894230769230769 0.31850961538461536 0.04447115384615385 0.042067307692307696
0 0.4483173076923077 0.3317307692307692 0.054086538461538464 0.078125
0 0.5036057692307693 0.3329326923076923 0.04927884615384615 0.08052884615384616
0 0.5649038461538461 0.33413461538461536 0.06009615384615385 0.07451923076923077
0 0.625 0.33533653846153844 0.056490384615384616 0.08052884615384616
0 0.1045673076923077 0.3173076923076923 0.046875 0.0625
0 0.6838942307692307 0.33653846153846156 0.04927884615384615 0.078125
0 0.7391826923076923 0.33774038461538464 0.055288461538461536 0.08533653846153846
0 0.8016826923076923 0.3389423076923077 0.06009615384615385 0.07451923076923077
0 0.03245192307692308 0.4326923076923077 0.054086538461538464 0.06610576923076923