0 0.06129807692307692 0.39663461538461536 0.021634615384615384 0.12740384615384615
0 0.08533653846153846 0.39663461538461536 0.025240384615384616 0.12860576923076922
0 0.12379807692307693 0.39663461538461536 0.02283653846153846 0.12980769230769232
0 0.18990384615384615 0.40865384615384615 0.025240384615384616 0.12980769230769232
0 0.20793269230769232 0.4014423076923077 0.01201923076923077 0.140625
0 0.23197115384615385 0.39783653846153844 0.028846153846153848 0.1310096153846154
0 0.25841346153846156 0.39663461538461536 0.026442307692307692 0.13221153846153846
0 0.4362980769230769 0.39903846153846156 0.027644230769230768 0.13581730769230768
0 0.3293269230769231 0.40024038461538464 0.019230769230769232 0.13581730769230768
0 0.36177884615384615 0.39663461538461536 0.030048076923076924 0.13221153846153846
0 0.3870192307692308 0.3954326923076923 0.018028846153846152 0.13701923076923078
0 0.46274038461538464 0.40024038461538464 0.025240384615384616 0.13581730769230768
0 0.4987980769230769 0.39903846153846156 0.02283653846153846 0.13701923076923078
0 0.5228365384615384 0.39783653846153844 0.025240384615384616 0.13701923076923078
0 0.5588942307692307 0.41346153846153844 0.03365384615384615 0.13942307692307693
0 0.59375 0.40865384615384615 0.036057692307692304 0.14903846153846154
0 0.6274038461538461 0.4098557692307692 0.026442307692307692 0.13942307692307693
0 0.6502403846153846 0.4074519230769231 0.020432692307692308 0.14302884615384615
0 0.6802884615384616 0.4074519230769231 0.036057692307692304 0.14302884615384615
0 0.8185096153846154 0.3557692307692308 0.13341346153846154 0.027644230769230768
0 0.3076923076923077 0.4014423076923077 0.025240384615384616 0.13341346153846154
0 0.14903846153846154 0.39783653846153844 0.026442307692307692 0.12740384615384615
0 0.7944711538461539 0.1622596153846154 0.026442307692307692 0.028846153846153848
0 0.22596153846153846 0.0673076923076923 0.025240384615384616 0.11778846153846154
0 0.20192307692307693 0.2439903846153846 0.021634615384615384 0.12379807692307693
0 0.29447115384615385 0.23677884615384615 0.040865384615384616 0.13942307692307693
0 0.33052884615384615 0.23317307692307693 0.03245192307692308 0.14903846153846154
0 0.38100961538461536 0.23317307692307693 0.06850961538461539 0.1502403846153846
0 0.44471153846153844 0.234375 0.04567307692307692 0.140625
0 0.49038461538461536 0.23677884615384615 0.018028846153846152 0.13822115384615385
0 0.5108173076923077 0.23677884615384615 0.021634615384615384 0.140625
0 0.5540865384615384 0.23798076923076922 0.026442307692307692 0.13341346153846154
0 0.5769230769230769 0.23557692307692307 0.019230769230769232 0.13822115384615385
0 0.6129807692307693 0.24158653846153846 0.015625 0.12980769230769232
0 0.6322115384615384 0.2403846153846154 0.021634615384615384 0.13221153846153846
0 0.6790865384615384 0.2403846153846154 0.026442307692307692 0.1310096153846154
0 0.703125 0.23918269230769232 0.02283653846153846 0.13341346153846154
0 0.7475961538461539 0.24278846153846154 0.04567307692307692 0.019230769230769232
0 0.8221153846153846 0.23317307692307693 0.036057692307692304 0.036057692307692304
0 0.78125 0.2644230769230769 0.09735576923076923 0.025240384615384616
0 0.8990384615384616 0.2403846153846154 0.038461538461538464 0.021634615384615384
0 0.8966346153846154 0.2644230769230769 0.037259615384615384 0.02403846153846154
0 0.9338942307692307 0.26322115384615385 0.036057692307692304 0.027644230769230768
0 0.9735576923076923 0.25721153846153844 0.03485576923076923 0.03125
0 0.9699519230769231 0.22716346153846154 0.05889423076923077 0.021634615384615384
0 0.007211538461538462 0.4110576923076923 0.010817307692307692 0.1141826923076923
0 0.021634615384615384 0.4098557692307692 0.019230769230769232 0.11538461538461539
0 0.17908653846153846 0.2439903846153846 0.02403846153846154 0.125
0 0.18629807692307693 0.06610576923076923 0.025240384615384616 0.12980769230769232
0 0.1346153846153846 0.23197115384615385 0.02403846153846154 0.12740384615384615
0 0.09014423076923077 0.23798076923076922 0.020432692307692308 0.12139423076923077
0 0.24879807692307693 0.06610576923076923 0.021634615384615384 0.1201923076923077
0 0.2920673076923077 0.0733173076923077 0.04447115384615385 0.1201923076923077
0 0.3473557692307692 0.07211538461538461 0.06370192307692307 0.12379807692307693
0 0.4050480769230769 0.07211538461538461 0.03125 0.12259615384615384
0 0.4326923076923077 0.06971153846153846 0.02283653846153846 0.12620192307692307
0 0.47475961538461536 0.07211538461538461 0.036057692307692304 0.12139423076923077
0 0.5252403846153846 0.0733173076923077 0.03485576923076923 0.12620192307692307
0 0.5769230769230769 0.0733173076923077 0.02403846153846154 0.12980769230769232
0 0.5997596153846154 0.07451923076923077 0.019230769230769232 0.12860576923076922
0 0.6394230769230769 0.07932692307692307 0.02283653846153846 0.11177884615384616
0 0.6610576923076923 0.07692307692307693 0.020432692307692308 0.11658653846153846
0 0.6995192307692307 0.07211538461538461 0.03485576923076923 0.125
0 0.7680288461538461 0.0673076923076923 0.052884615384615384 0.12980769230769232
0 0.8377403846153846 0.06129807692307692 0.04807692307692308 0.11899038461538461
0 0.8894230769230769 0.06370192307692307 0.04567307692307692 0.1201923076923077
0 0.9459134615384616 0.06971153846153846 0.04807692307692308 0.12860576923076922
0 0.984375 0.09495192307692307 0.030048076923076924 0.11177884615384616
0 0.765625 0.16105769230769232 0.027644230769230768 0.028846153846153848
0 0.9447115384615384 0.35697115384615385 0.10576923076923077 0.036057692307692304
0 0.8245192307692307 0.1622596153846154 0.037259615384615384 0.027644230769230768
0 0.9326923076923077 0.1658653846153846 0.13341346153846154 0.025240384615384616
0 0.014423076923076924 0.23798076923076922 0.026442307692307692 0.13581730769230768
0 0.07091346153846154 0.23677884615384615 0.015625 0.12259615384615384
0 0.1141826923076923 0.22956730769230768 0.016826923076923076 0.13221153846153846
0 0.7295673076923077 0.46153846153846156 0.026442307692307692 0.02283653846153846
0 0.4543269230769231 0.5649038461538461 0.030048076923076924 0.11658653846153846
0 0.7596153846153846 0.46634615384615385 0.030048076923076924 0.014423076923076924
0 0.2548076923076923 0.6899038461538461 0.07572115384615384 0.02283653846153846
0 0.2512019230769231 0.7091346153846154 0.07572115384615384 0.014423076923076924
0 0.25841346153846156 0.7259615384615384 0.07211538461538461 0.02403846153846154
0 0.3425480769230769 0.7055288461538461 0.0733173076923077 0.03365384615384615
0 0.078125 0.8125 0.09735576923076923 0.13701923076923078
0 0.16706730769230768 0.8173076923076923 0.08052884615384616 0.1346153846153846
0 0.2668269230769231 0.8173076923076923 0.10096153846153846 0.13581730769230768
0 0.37740384615384615 0.8161057692307693 0.09615384615384616 0.1502403846153846
0 0.4675480769230769 0.7980769230769231 0.040865384615384616 0.16466346153846154
0 0.5060096153846154 0.78125 0.036057692307692304 0.12259615384615384
0 0.5793269230769231 0.8665865384615384 0.16466346153846154 0.04447115384615385
0 0.546875 0.78125 0.037259615384615384 0.12139423076923077
0 0.6514423076923077 0.7896634615384616 0.040865384615384616 0.10576923076923077
0 0.17668269230769232 0.7307692307692307 0.07932692307692307 0.013221153846153846
0 0.6995192307692307 0.8112980769230769 0.036057692307692304 0.13942307692307693
0 0.7920673076923077 0.7740384615384616 0.021634615384615384 0.11538461538461539
0 0.8293269230769231 0.7740384615384616 0.040865384615384616 0.10817307692307693
0 0.8725961538461539 0.7716346153846154 0.040865384615384616 0.11057692307692307
0 0.9302884615384616 0.7824519230769231 0.040865384615384616 0.12259615384615384
0 0.96875 0.78125 0.03485576923076923 0.11778846153846154
0 0.010817307692307692 0.0673076923076923 0.021634615384615384 0.12980769230769232
0 0.02403846153846154 0.5673076923076923 0.030048076923076924 0.109375
0 0.1622596153846154 0.06610576923076923 0.021634615384615384 0.12620192307692307
0 0.12620192307692307 0.06490384615384616 0.030048076923076924 0.12620192307692307
0 0.09735576923076923 0.06610576923076923 0.027644230769230768 0.12379807692307693
0 0.0625 0.06850961538461539 0.02283653846153846 0.125
0 0.037259615384615384 0.0673076923076923 0.026442307692307692 0.12620192307692307
0 0.7536057692307693 0.44711538461538464 0.025240384615384616 0.02283653846153846
0 0.765625 0.7716346153846154 0.03245192307692308 0.11778846153846154
0 0.171875 0.7175480769230769 0.08774038461538461 0.014423076923076924
0 0.5889423076923077 0.7848557692307693 0.039663461538461536 0.11538461538461539
0 0.08533653846153846 0.7139423076923077 0.08052884615384616 0.037259615384615384
0 0.7800480769230769 0.4831730769230769 0.03125 0.019230769230769232
0 0.8076923076923077 0.4831730769230769 0.025240384615384616 0.02403846153846154
0 0.8329326923076923 0.484375 0.026442307692307692 0.02403846153846154
0 0.7860576923076923 0.46153846153846156 0.025240384615384616 0.018028846153846152
0 0.8076923076923077 0.4639423076923077 0.019230769230769232 0.013221153846153846
0 0.16346153846153846 0.6935096153846154 0.07692307692307693 0.026442307692307692
0 0.9278846153846154 0.4579326923076923 0.1346153846153846 0.02283653846153846
0 0.9338942307692307 0.484375 0.12740384615384615 0.026442307692307692
0 0.09975961538461539 0.5889423076923077 0.027644230769230768 0.15745192307692307
0 0.15745192307692307 0.5877403846153846 0.03125 0.15504807692307693
0 0.18990384615384615 0.5889423076923077 0.030048076923076924 0.15384615384615385
0 0.25961538461538464 0.5709134615384616 0.04447115384615385 0.12379807692307693
0 0.3088942307692308 0.5673076923076923 0.051682692307692304 0.1310096153846154
0 0.35216346153846156 0.5709134615384616 0.036057692307692304 0.13581730769230768
0 0.12620192307692307 0.5913461538461539 0.027644230769230768 0.15384615384615385
0 0.7367788461538461 0.484375 0.021634615384615384 0.02283653846153846
0 0.7884615384615384 0.6177884615384616 0.027644230769230768 0.11538461538461539
0 0.7584134615384616 0.6237980769230769 0.028846153846153848 0.125
0 0.3858173076923077 0.5721153846153846 0.030048076923076924 0.13221153846153846
0 0.8413461538461539 0.6177884615384616 0.03125 0.1310096153846154
0 0.8990384615384616 0.6237980769230769 0.03485576923076923 0.12860576923076922
0 0.9375 0.6274038461538461 0.040865384615384616 0.11538461538461539
0 0.9855769230769231 0.6334134615384616 0.027644230769230768 0.12259615384615384
0 0.6899038461538461 0.578125 0.02283653846153846 0.13822115384615385
0 0.6670673076923077 0.5757211538461539 0.025240384615384616 0.13221153846153846
0 0.6358173076923077 0.5769230769230769 0.037259615384615384 0.12980769230769232
0 0.5793269230769231 0.59375 0.030048076923076924 0.14543269230769232
0 0.5492788461538461 0.5961538461538461 0.030048076923076924 0.15144230769230768
0 0.5180288461538461 0.5949519230769231 0.028846153846153848 0.15384615384615385
0 0.47596153846153844 0.5637019230769231 0.015625 0.1201923076923077