0 0.6358173076923077 0.5841346153846154 0.0733173076923077 0.036057692307692304
0 0.23557692307692307 0.6658653846153846 0.09975961538461539 0.046875
0 0.12259615384615384 0.7091346153846154 0.1141826923076923 0.04927884615384615
0 0.125 0.6574519230769231 0.11778846153846154 0.039663461538461536
0 0.03125 0.7139423076923077 0.055288461538461536 0.042067307692307696
0 0.03245192307692308 0.6502403846153846 0.06370192307692307 0.037259615384615384
0 0.9735576923076923 0.5865384615384616 0.051682692307692304 0.03485576923076923
0 0.96875 0.5360576923076923 0.057692307692307696 0.052884615384615384
0 0.8870192307692307 0.5865384615384616 0.078125 0.04447115384615385
0 0.8064903846153846 0.5877403846153846 0.0829326923076923 0.04326923076923077
0 0.7211538461538461 0.5865384615384616 0.06490384615384616 0.03485576923076923
0 0.6574519230769231 0.24158653846153846 0.06971153846153846 0.039663461538461536
0 0.5612980769230769 0.5769230769230769 0.06129807692307692 0.036057692307692304
0 0.48677884615384615 0.578125 0.08173076923076923 0.038461538461538464
0 0.23197115384615385 0.7139423076923077 0.08653846153846154 0.037259615384615384
0 0.41225961538461536 0.578125 0.06971153846153846 0.039663461538461536
0 0.7175480769230769 0.5444711538461539 0.0889423076923077 0.042067307692307696
0 0.6346153846153846 0.5384615384615384 0.0733173076923077 0.051682692307692304
0 0.5588942307692307 0.5324519230769231 0.07091346153846154 0.05048076923076923
0 0.4891826923076923 0.53125 0.0673076923076923 0.051682692307692304
0 0.4098557692307692 0.5264423076923077 0.06850961538461539 0.051682692307692304
0 0.34375 0.5240384615384616 0.06009615384615385 0.05048076923076923
0 0.24158653846153846 0.5769230769230769 0.09495192307692307 0.03125
0 0.13942307692307693 0.578125 0.10336538461538461 0.037259615384615384
0 0.04326923076923077 0.578125 0.07932692307692307 0.038461538461538464
0 0.25240384615384615 0.5372596153846154 0.09735576923076923 0.042067307692307696
0 0.14302884615384615 0.5372596153846154 0.11177884615384616 0.03245192307692308
0 0.042067307692307696 0.5360576923076923 0.08052884615384616 0.036057692307692304
0 0.9423076923076923 0.4387019230769231 0.07211538461538461 0.042067307692307696
0 0.33533653846153844 0.5757211538461539 0.056490384615384616 0.04447115384615385
0 0.9399038461538461 0.390625 0.07211538461538461 0.036057692307692304
0 0.3401442307692308 0.6694711538461539 0.08653846153846154 0.057692307692307696
0 0.5180288461538461 0.6694711538461539 0.08533653846153846 0.04927884615384615
0 0.19591346153846154 0.8473557692307693 0.16346153846153846 0.10216346153846154
0 0.08173076923076923 0.8329326923076923 0.06490384615384616 0.109375
0 0.016826923076923076 0.8473557692307693 0.03365384615384615 0.125
0 0.6935096153846154 0.71875 0.0889423076923077 0.03125
0 0.6057692307692307 0.7163461538461539 0.08173076923076923 0.03485576923076923
0 0.5204326923076923 0.7151442307692307 0.08173076923076923 0.03485576923076923
0 0.421875 0.7175480769230769 0.08052884615384616 0.037259615384615384
0 0.328125 0.7175480769230769 0.08052884615384616 0.037259615384615384
0 0.42427884615384615 0.8425480769230769 0.11658653846153846 0.042067307692307696
0 0.3245192307692308 0.8822115384615384 0.07932692307692307 0.03365384615384615
0 0.42427884615384615 0.8822115384615384 0.12139423076923077 0.03365384615384615
0 0.546875 0.7944711538461539 0.09615384615384616 0.025240384615384616
0 0.5432692307692307 0.8341346153846154 0.10216346153846154 0.051682692307692304
0 0.42788461538461536 0.671875 0.0829326923076923 0.052884615384615384
0 0.546875 0.8834134615384616 0.10216346153846154 0.04447115384615385
0 0.7079326923076923 0.8064903846153846 0.0673076923076923 0.038461538461538464
0 0.6382211538461539 0.8461538461538461 0.0673076923076923 0.03365384615384615
0 0.7055288461538461 0.8461538461538461 0.06490384615384616 0.03485576923076923
0 0.6382211538461539 0.8846153846153846 0.0733173076923077 0.03245192307692308
0 0.7103365384615384 0.8822115384615384 0.07211538461538461 0.036057692307692304
0 0.8112980769230769 0.828125 0.08774038461538461 0.056490384615384616
0 0.9074519230769231 0.8293269230769231 0.09495192307692307 0.052884615384615384
0 0.8052884615384616 0.8822115384615384 0.0889423076923077 0.040865384615384616
0 0.90625 0.8822115384615384 0.0889423076923077 0.04326923076923077
0 0.9026442307692307 0.7055288461538461 0.0985576923076923 0.0625
0 0.8064903846153846 0.7079326923076923 0.09254807692307693 0.06009615384615385
0 0.6995192307692307 0.6706730769230769 0.09375 0.054086538461538464
0 0.6045673076923077 0.6682692307692307 0.08653846153846154 0.051682692307692304
0 0.6370192307692307 0.8064903846153846 0.07091346153846154 0.038461538461538464
0 0.32091346153846156 0.8401442307692307 0.07932692307692307 0.046875
0 0.9387019230769231 0.35336538461538464 0.0733173076923077 0.026442307692307692
0 0.859375 0.38822115384615385 0.0733173076923077 0.038461538461538464
0 0.3473557692307692 0.4182692307692308 0.0985576923076923 0.055288461538461536
0 0.4543269230769231 0.3641826923076923 0.09735576923076923 0.0625
0 0.5540865384615384 0.36778846153846156 0.10216346153846154 0.056490384615384616
0 0.6394230769230769 0.421875 0.06129807692307692 0.055288461538461536
0 0.6394230769230769 0.3629807692307692 0.05048076923076923 0.052884615384615384
0 0.5480769230769231 0.4254807692307692 0.10096153846153846 0.054086538461538464
0 0.3545673076923077 0.3581730769230769 0.09735576923076923 0.056490384615384616
0 0.44591346153846156 0.42427884615384615 0.0985576923076923 0.055288461538461536
0 0.4266826923076923 0.2704326923076923 0.09615384615384616 0.040865384615384616
0 0.3401442307692308 0.27283653846153844 0.078125 0.037259615384615384
0 0.19591346153846154 0.26322115384615385 0.1814903846153846 0.038461538461538464
0 0.051682692307692304 0.26322115384615385 0.09735576923076923 0.03245192307692308
0 0.859375 0.43149038461538464 0.07451923076923077 0.04447115384615385
0 0.051682692307692304 0.21514423076923078 0.10096153846153846 0.055288461538461536
0 0.5264423076923077 0.2692307692307692 0.09735576923076923 0.04807692307692308
0 0.22115384615384615 0.4206730769230769 0.14182692307692307 0.036057692307692304
0 0.19471153846153846 0.21514423076923078 0.1778846153846154 0.054086538461538464
0 0.08774038461538461 0.41466346153846156 0.09975961538461539 0.040865384615384616
0 0.22115384615384615 0.3701923076923077 0.14423076923076922 0.056490384615384616
0 0.859375 0.34615384615384615 0.07211538461538461 0.027644230769230768
0 0.7788461538461539 0.4266826923076923 0.06490384615384616 0.04807692307692308
0 0.78125 0.375 0.06850961538461539 0.05048076923076923
0 0.703125 0.43149038461538464 0.0625 0.038461538461538464
0 0.7055288461538461 0.390625 0.06610576923076923 0.036057692307692304
0 0.7055288461538461 0.3545673076923077 0.06490384615384616 0.037259615384615384
0 0.6177884615384616 0.27884615384615385 0.06850961538461539 0.03125
0 0.7644230769230769 0.234375 0.08653846153846154 0.04807692307692308
0 0.7800480769230769 0.2824519230769231 0.07211538461538461 0.036057692307692304
0 0.8629807692307693 0.24278846153846154 0.06850961538461539 0.042067307692307696
0 0.8617788461538461 0.2848557692307692 0.06971153846153846 0.03365384615384615
0 0.9387019230769231 0.24278846153846154 0.06490384615384616 0.04927884615384615
0 0.9459134615384616 0.2932692307692308 0.07572115384615384 0.039663461538461536
0 0.6935096153846154 0.2824519230769231 0.0829326923076923 0.030048076923076924
0 0.09375 0.36778846153846156 0.0889423076923077 0.055288461538461536