0 0.9098557692307693 0.38100961538461536 0.03245192307692308 0.05048076923076923
0 0.8822115384615384 0.38221153846153844 0.02283653846153846 0.05048076923076923
0 0.8569711538461539 0.3786057692307692 0.025240384615384616 0.04567307692307692
0 0.8341346153846154 0.38100961538461536 0.020432692307692308 0.04326923076923077
0 0.8425480769230769 0.3076923076923077 0.02403846153846154 0.051682692307692304
0 0.9555288461538461 0.30649038461538464 0.02403846153846154 0.04927884615384615
0 0.9254807692307693 0.30288461538461536 0.02283653846153846 0.04927884615384615
0 0.8725961538461539 0.30649038461538464 0.03125 0.051682692307692304
0 0.9387019230769231 0.38221153846153844 0.026442307692307692 0.04927884615384615
0 0.9867788461538461 0.3076923076923077 0.025240384615384616 0.05048076923076923
0 0.9675480769230769 0.38341346153846156 0.028846153846153848 0.04927884615384615
0 0.6634615384615384 0.5168269230769231 0.025240384615384616 0.05889423076923077
0 0.8317307692307693 0.44591346153846156 0.02283653846153846 0.06129807692307692
0 0.859375 0.44591346153846156 0.026442307692307692 0.06129807692307692
0 0.8870192307692307 0.4483173076923077 0.02283653846153846 0.0673076923076923
0 0.9182692307692307 0.44711538461538464 0.03365384615384615 0.0625
0 0.9483173076923077 0.4483173076923077 0.028846153846153848 0.0625
0 0.9807692307692307 0.4483173076923077 0.03365384615384615 0.06009615384615385
0 0.5637019230769231 0.5096153846153846 0.020432692307692308 0.052884615384615384
0 0.5853365384615384 0.5108173076923077 0.020432692307692308 0.051682692307692304
0 0.6117788461538461 0.5120192307692307 0.020432692307692308 0.054086538461538464
0 0.6382211538461539 0.5144230769230769 0.025240384615384616 0.054086538461538464
0 0.7451923076923077 0.4423076923076923 0.03245192307692308 0.055288461538461536
0 0.9915865384615384 0.38341346153846156 0.015625 0.05048076923076923
0 0.7115384615384616 0.44350961538461536 0.02403846153846154 0.06370192307692307
0 0.35096153846153844 0.6105769230769231 0.025240384615384616 0.06129807692307692
0 0.6526442307692307 0.44350961538461536 0.02283653846153846 0.06971153846153846
0 0.6899038461538461 0.5180288461538461 0.027644230769230768 0.055288461538461536
0 0.37740384615384615 0.6129807692307693 0.02403846153846154 0.06129807692307692
0 0.40625 0.6165865384615384 0.030048076923076924 0.051682692307692304
0 0.4387019230769231 0.6237980769230769 0.028846153846153848 0.0625
0 0.47115384615384615 0.6262019230769231 0.028846153846153848 0.05889423076923077
0 0.5697115384615384 0.30408653846153844 0.018028846153846152 0.04326923076923077
0 0.5877403846153846 0.30408653846153844 0.019230769230769232 0.042067307692307696
0 0.6105769230769231 0.30528846153846156 0.02283653846153846 0.04326923076923077
0 0.6358173076923077 0.30528846153846156 0.020432692307692308 0.042067307692307696
0 0.6586538461538461 0.30649038461538464 0.02403846153846154 0.04927884615384615
0 0.6899038461538461 0.3076923076923077 0.03245192307692308 0.04807692307692308
0 0.6802884615384616 0.4423076923076923 0.03245192307692308 0.0625
0 0.7283653846153846 0.3088942307692308 0.038461538461538464 0.054086538461538464
0 0.5649038461538461 0.36538461538461536 0.019230769230769232 0.06129807692307692
0 0.5865384615384616 0.36538461538461536 0.019230769230769232 0.056490384615384616
0 0.6105769230769231 0.36899038461538464 0.021634615384615384 0.057692307692307696
0 0.6370192307692307 0.36538461538461536 0.025240384615384616 0.0625
0 0.6622596153846154 0.36778846153846156 0.021634615384615384 0.06009615384615385
0 0.6899038461538461 0.36658653846153844 0.03245192307692308 0.056490384615384616
0 0.7175480769230769 0.36778846153846156 0.02283653846153846 0.06129807692307692
0 0.75 0.36778846153846156 0.021634615384615384 0.054086538461538464
0 0.7752403846153846 0.3701923076923077 0.021634615384615384 0.06129807692307692
0 0.5949519230769231 0.4375 0.02403846153846154 0.0733173076923077
0 0.6225961538461539 0.4387019230769231 0.027644230769230768 0.06850961538461539
0 0.7716346153846154 0.31009615384615385 0.039663461538461536 0.04807692307692308
0 0.7175480769230769 0.5216346153846154 0.019230769230769232 0.0625
0 0.25240384615384615 0.4411057692307692 0.018028846153846152 0.037259615384615384
0 0.8197115384615384 0.5204326923076923 0.02403846153846154 0.054086538461538464
0 0.7451923076923077 0.6610576923076923 0.02283653846153846 0.05048076923076923
0 0.5396634615384616 0.6947115384615384 0.018028846153846152 0.04326923076923077
0 0.5625 0.6947115384615384 0.027644230769230768 0.04326923076923077
0 0.5889423076923077 0.6995192307692307 0.019230769230769232 0.051682692307692304
0 0.609375 0.7019230769230769 0.020432692307692308 0.04567307692307692
0 0.6382211538461539 0.7079326923076923 0.021634615384615384 0.051682692307692304
0 0.018028846153846152 0.34375 0.014423076923076924 0.04567307692307692
0 0.6935096153846154 0.7139423076923077 0.021634615384615384 0.056490384615384616
0 0.7211538461538461 0.71875 0.02403846153846154 0.042067307692307696
0 0.7439903846153846 0.7199519230769231 0.019230769230769232 0.040865384615384616
0 0.8076923076923077 0.6598557692307693 0.027644230769230768 0.06370192307692307
0 0.8365384615384616 0.6610576923076923 0.030048076923076924 0.05889423076923077
0 0.8617788461538461 0.6610576923076923 0.018028846153846152 0.05889423076923077
0 0.8918269230769231 0.6670673076923077 0.042067307692307696 0.057692307692307696
0 0.9254807692307693 0.6706730769230769 0.025240384615384616 0.0673076923076923
0 0.9555288461538461 0.6730769230769231 0.036057692307692304 0.0625
0 0.9879807692307693 0.6754807692307693 0.02283653846153846 0.06370192307692307
0 0.796875 0.7271634615384616 0.019230769230769232 0.04927884615384615
0 0.8245192307692307 0.7271634615384616 0.027644230769230768 0.051682692307692304
0 0.8533653846153846 0.7295673076923077 0.025240384615384616 0.05889423076923077
0 0.8834134615384616 0.7319711538461539 0.030048076923076924 0.052884615384615384
0 0.9134615384615384 0.7391826923076923 0.026442307692307692 0.06490384615384616
0 0.3233173076923077 0.6117788461538461 0.026442307692307692 0.0625
0 0.7199519230769231 0.6610576923076923 0.026442307692307692 0.05048076923076923
0 0.6947115384615384 0.65625 0.02283653846153846 0.0625
0 0.6670673076923077 0.6514423076923077 0.03245192307692308 0.052884615384615384
0 0.6430288461538461 0.6478365384615384 0.016826923076923076 0.05889423076923077
0 0.8485576923076923 0.5192307692307693 0.030048076923076924 0.056490384615384616
0 0.8774038461538461 0.5204326923076923 0.026442307692307692 0.05889423076923077
0 0.9098557692307693 0.5204326923076923 0.028846153846153848 0.057692307692307696
0 0.9411057692307693 0.5228365384615384 0.03245192307692308 0.0625
0 0.9771634615384616 0.5264423076923077 0.03245192307692308 0.054086538461538464
0 0.5456730769230769 0.578125 0.019230769230769232 0.04807692307692308
0 0.5697115384615384 0.5733173076923077 0.028846153846153848 0.054086538461538464
0 0.5961538461538461 0.5769230769230769 0.019230769230769232 0.05889423076923077
0 0.6201923076923077 0.5793269230769231 0.02283653846153846 0.054086538461538464
0 0.6430288461538461 0.5829326923076923 0.021634615384615384 0.05889423076923077
0 0.671875 0.5829326923076923 0.03125 0.05048076923076923
0 0.7451923076923077 0.5240384615384616 0.030048076923076924 0.06129807692307692
0 0.7007211538461539 0.5865384615384616 0.020432692307692308 0.057692307692307696
0 0.7524038461538461 0.5925480769230769 0.026442307692307692 0.055288461538461536
0 0.8197115384615384 0.5901442307692307 0.028846153846153848 0.06370192307692307
0 0.8461538461538461 0.5901442307692307 0.026442307692307692 0.06129807692307692
0 0.875 0.59375 0.028846153846153848 0.06610576923076923
0 0.90625 0.5997596153846154 0.025240384615384616 0.06370192307692307
0 0.9350961538461539 0.5985576923076923 0.03245192307692308 0.05889423076923077
0 0.96875 0.6021634615384616 0.03365384615384615 0.06610576923076923
0 0.5432692307692307 0.6418269230769231 0.02283653846153846 0.06009615384615385
0 0.5697115384615384 0.6430288461538461 0.025240384615384616 0.052884615384615384
0 0.5961538461538461 0.6442307692307693 0.02283653846153846 0.057692307692307696
0 0.6213942307692307 0.6454326923076923 0.02403846153846154 0.051682692307692304
0 0.7247596153846154 0.5901442307692307 0.027644230769230768 0.05048076923076923
0 0.4795673076923077 0.5528846153846154 0.026442307692307692 0.054086538461538464
0 0.1935096153846154 0.5432692307692307 0.014423076923076924 0.046875
0 0.4362980769230769 0.5492788461538461 0.021634615384615384 0.055288461538461536
0 0.02283653846153846 0.6225961538461539 0.02283653846153846 0.04326923076923077
0 0.1310096153846154 0.3858173076923077 0.015625 0.03485576923076923
0 0.1466346153846154 0.38341346153846156 0.016826923076923076 0.037259615384615384
0 0.16466346153846154 0.38461538461538464 0.018028846153846152 0.040865384615384616
0 0.18269230769230768 0.3870192307692308 0.016826923076923076 0.037259615384615384
0 0.19951923076923078 0.3858173076923077 0.016826923076923076 0.038461538461538464
0 0.21995192307692307 0.3870192307692308 0.020432692307692308 0.036057692307692304
0 0.23798076923076922 0.3894230769230769 0.015625 0.039663461538461536
0 0.25841346153846156 0.38822115384615385 0.020432692307692308 0.03365384615384615
0 0.12740384615384615 0.43509615384615385 0.01201923076923077 0.042067307692307696
0 0.14543269230769232 0.4338942307692308 0.021634615384615384 0.042067307692307696
0 0.1658653846153846 0.4375 0.015625 0.042067307692307696
0 0.18389423076923078 0.4362980769230769 0.016826923076923076 0.039663461538461536
0 0.1971153846153846 0.43509615384615385 0.010817307692307692 0.036057692307692304
0 0.22115384615384615 0.44350961538461536 0.018028846153846152 0.042067307692307696
0 0.23677884615384615 0.4423076923076923 0.013221153846153846 0.039663461538461536
0 0.12259615384615384 0.484375 0.021634615384615384 0.038461538461538464
0 0.14423076923076922 0.4855769230769231 0.019230769230769232 0.037259615384615384
0 0.16346153846153846 0.4879807692307692 0.018028846153846152 0.042067307692307696
0 0.18028846153846154 0.4891826923076923 0.016826923076923076 0.039663461538461536
0 0.19951923076923078 0.4891826923076923 0.019230769230769232 0.037259615384615384
0 0.21754807692307693 0.49038461538461536 0.013221153846153846 0.036057692307692304
0 0.2439903846153846 0.4891826923076923 0.026442307692307692 0.036057692307692304
0 0.026442307692307692 0.5661057692307693 0.02403846153846154 0.042067307692307696
0 0.12139423076923077 0.5372596153846154 0.01201923076923077 0.039663461538461536
0 0.028846153846153848 0.5108173076923077 0.025240384615384616 0.051682692307692304
0 0.4579326923076923 0.2860576923076923 0.026442307692307692 0.051682692307692304
0 0.03365384615384615 0.3389423076923077 0.015625 0.055288461538461536
0 0.021634615384615384 0.40024038461538464 0.020432692307692308 0.05048076923076923
0 0.014423076923076924 0.4543269230769231 0.019230769230769232 0.04326923076923077
0 0.03365384615384615 0.4543269230769231 0.018028846153846152 0.04326923076923077
0 0.13942307692307693 0.29086538461538464 0.019230769230769232 0.03485576923076923
0 0.15625 0.2920673076923077 0.013221153846153846 0.03245192307692308
0 0.17427884615384615 0.2932692307692308 0.019230769230769232 0.036057692307692304
0 0.19230769230769232 0.29086538461538464 0.019230769230769232 0.03485576923076923
0 0.24759615384615385 0.29086538461538464 0.021634615384615384 0.04326923076923077
0 0.2668269230769231 0.29086538461538464 0.015625 0.039663461538461536
0 0.13221153846153846 0.3389423076923077 0.01201923076923077 0.037259615384615384
0 0.14783653846153846 0.3389423076923077 0.019230769230769232 0.03485576923076923
0 0.1658653846153846 0.3425480769230769 0.018028846153846152 0.038461538461538464
0 0.1875 0.34134615384615385 0.021634615384615384 0.038461538461538464
0 0.20793269230769232 0.3425480769230769 0.020432692307692308 0.038461538461538464
0 0.2283653846153846 0.34134615384615385 0.016826923076923076 0.040865384615384616
0 0.24519230769230768 0.34375 0.015625 0.040865384615384616
0 0.26322115384615385 0.34375 0.019230769230769232 0.037259615384615384
0 0.3485576923076923 0.2860576923076923 0.02403846153846154 0.04927884615384615
0 0.3701923076923077 0.2848557692307692 0.021634615384615384 0.04927884615384615
0 0.3918269230769231 0.28725961538461536 0.021634615384615384 0.052884615384615384
0 0.41466346153846156 0.28725961538461536 0.019230769230769232 0.05048076923076923
0 0.4338942307692308 0.28846153846153844 0.018028846153846152 0.04927884615384615
0 0.4855769230769231 0.28725961538461536 0.026442307692307692 0.051682692307692304
0 0.13701923076923078 0.5372596153846154 0.019230769230769232 0.04326923076923077
0 0.15865384615384615 0.5408653846153846 0.018028846153846152 0.04927884615384615
0 0.17668269230769232 0.5420673076923077 0.016826923076923076 0.04326923076923077
0 0.4795673076923077 0.35096153846153844 0.027644230769230768 0.054086538461538464
0 0.5024038461538461 0.34975961538461536 0.016826923076923076 0.04927884615384615
0 0.33653846153846156 0.4098557692307692 0.016826923076923076 0.054086538461538464
0 0.3581730769230769 0.40865384615384615 0.025240384615384616 0.056490384615384616
0 0.38461538461538464 0.4110576923076923 0.026442307692307692 0.056490384615384616
0 0.40865384615384615 0.4110576923076923 0.020432692307692308 0.056490384615384616
0 0.42908653846153844 0.41225961538461536 0.020432692307692308 0.057692307692307696
0 0.4519230769230769 0.421875 0.014423076923076924 0.040865384615384616
0 0.4723557692307692 0.42427884615384615 0.018028846153846152 0.038461538461538464
0 0.49278846153846156 0.42427884615384615 0.020432692307692308 0.04326923076923077
0 0.3293269230769231 0.47115384615384615 0.026442307692307692 0.04927884615384615
0 0.35336538461538464 0.4723557692307692 0.020432692307692308 0.051682692307692304
0 0.37740384615384615 0.47596153846153844 0.02403846153846154 0.057692307692307696
0 0.4014423076923077 0.47475961538461536 0.02403846153846154 0.06009615384615385
0 0.42427884615384615 0.47836538461538464 0.020432692307692308 0.057692307692307696
0 0.44591346153846156 0.47596153846153844 0.021634615384615384 0.056490384615384616
0 0.46634615384615385 0.4795673076923077 0.020432692307692308 0.06009615384615385
0 0.48677884615384615 0.48197115384615385 0.016826923076923076 0.057692307692307696
0 0.3269230769230769 0.5432692307692307 0.020432692307692308 0.0673076923076923
0 0.3485576923076923 0.5408653846153846 0.020432692307692308 0.056490384615384616
0 0.3701923076923077 0.5408653846153846 0.014423076923076924 0.05889423076923077
0 0.3894230769230769 0.5432692307692307 0.019230769230769232 0.054086538461538464
0 0.41346153846153844 0.546875 0.02403846153846154 0.06009615384615385
0 0.4567307692307692 0.3485576923076923 0.018028846153846152 0.055288461538461536
0 0.4375 0.3485576923076923 0.018028846153846152 0.056490384615384616
0 0.41466346153846156 0.3485576923076923 0.02283653846153846 0.055288461538461536
0 0.3918269230769231 0.34615384615384615 0.020432692307692308 0.051682692307692304
0 0.9483173076923077 0.7415865384615384 0.03245192307692308 0.06490384615384616
0 0.2127403846153846 0.5456730769230769 0.015625 0.040865384615384616
0 0.22716346153846154 0.5456730769230769 0.016826923076923076 0.042067307692307696
0 0.24879807692307693 0.5492788461538461 0.02403846153846154 0.042067307692307696
0 0.125 0.5949519230769231 0.015625 0.05048076923076923
0 0.140625 0.5925480769230769 0.015625 0.046875
0 0.16105769230769232 0.59375 0.020432692307692308 0.051682692307692304
0 0.18028846153846154 0.5949519230769231 0.018028846153846152 0.04567307692307692
0 0.20192307692307693 0.5997596153846154 0.018028846153846152 0.05048076923076923
0 0.22235576923076922 0.5997596153846154 0.021634615384615384 0.051682692307692304
0 0.24639423076923078 0.6045673076923077 0.026442307692307692 0.056490384615384616
0 0.45552884615384615 0.5504807692307693 0.018028846153846152 0.057692307692307696
0 0.12740384615384615 0.6466346153846154 0.014423076923076924 0.03485576923076923
0 0.15745192307692307 0.6490384615384616 0.013221153846153846 0.030048076923076924
0 0.16947115384615385 0.6478365384615384 0.010817307692307692 0.030048076923076924
0 0.18389423076923078 0.6514423076923077 0.016826923076923076 0.03365384615384615
0 0.20793269230769232 0.6574519230769231 0.020432692307692308 0.028846153846153848
0 0.22716346153846154 0.6610576923076923 0.015625 0.030048076923076924
0 0.24759615384615385 0.6658653846153846 0.020432692307692308 0.02283653846153846
0 0.33413461538461536 0.6682692307692307 0.02283653846153846 0.040865384615384616
0 0.35697115384615385 0.6682692307692307 0.02283653846153846 0.040865384615384616
0 0.37740384615384615 0.6730769230769231 0.014423076923076924 0.04326923076923077
0 0.39903846153846156 0.6778846153846154 0.027644230769230768 0.03365384615384615
0 0.36899038461538464 0.3473557692307692 0.025240384615384616 0.054086538461538464
0 0.14182692307692307 0.6478365384615384 0.015625 0.03125
0 0.9831730769230769 0.7463942307692307 0.03245192307692308 0.051682692307692304
0 0.6658653846153846 0.7079326923076923 0.026442307692307692 0.04927884615384615
0 0.030048076923076924 0.28125 0.021634615384615384 0.04447115384615385