0 0.7247596153846154 0.8425480769230769 0.036057692307692304 0.06129807692307692
0 0.9711538461538461 0.6418269230769231 0.019230769230769232 0.037259615384615384
0 0.953125 0.6466346153846154 0.013221153846153846 0.03485576923076923
0 0.9350961538461539 0.640625 0.02283653846153846 0.06490384615384616
0 0.9122596153846154 0.6478365384615384 0.020432692307692308 0.06490384615384616
0 0.8846153846153846 0.65625 0.03245192307692308 0.0673076923076923
0 0.8533653846153846 0.6610576923076923 0.030048076923076924 0.0673076923076923
0 0.7752403846153846 0.6862980769230769 0.027644230769230768 0.06610576923076923
0 0.7391826923076923 0.6983173076923077 0.036057692307692304 0.07211538461538461
0 0.703125 0.7055288461538461 0.036057692307692304 0.07451923076923077
0 0.6682692307692307 0.7139423076923077 0.03125 0.07091346153846154
0 0.6346153846153846 0.7271634615384616 0.025240384615384616 0.057692307692307696
0 0.59375 0.7536057692307693 0.03245192307692308 0.06129807692307692
0 0.5625 0.765625 0.025240384615384616 0.04807692307692308
0 0.5276442307692307 0.7728365384615384 0.037259615384615384 0.06009615384615385
0 0.48197115384615385 0.7836538461538461 0.036057692307692304 0.056490384615384616
0 0.43149038461538464 0.7788461538461539 0.026442307692307692 0.055288461538461536
0 0.39783653846153844 0.8112980769230769 0.030048076923076924 0.06370192307692307
0 0.3605769230769231 0.8257211538461539 0.037259615384615384 0.07451923076923077
0 0.3161057692307692 0.8341346153846154 0.04567307692307692 0.07211538461538461
0 0.25 0.8413461538461539 0.06129807692307692 0.08653846153846154
0 0.18629807692307693 0.8545673076923077 0.04447115384615385 0.08173076923076923
0 0.1310096153846154 0.9026442307692307 0.056490384615384616 0.046875
0 0.12139423076923077 0.8533653846153846 0.04807692307692308 0.04326923076923077
0 0.04567307692307692 0.9411057692307693 0.09014423076923077 0.028846153846153848
0 0.04447115384615385 0.90625 0.0889423076923077 0.03245192307692308
0 0.04326923076923077 0.8677884615384616 0.08653846153846154 0.039663461538461536
0 0.030048076923076924 0.07091346153846154 0.06009615384615385 0.06490384615384616
0 0.14302884615384615 0.09375 0.125 0.03365384615384615
0 0.24278846153846154 0.08052884615384616 0.07091346153846154 0.0673076923076923
0 0.9927884615384616 0.6370192307692307 0.013221153846153846 0.04447115384615385
0 0.3161057692307692 0.09134615384615384 0.06370192307692307 0.04807692307692308
0 0.3713942307692308 0.9579326923076923 0.12139423076923077 0.051682692307692304
0 0.6225961538461539 0.8701923076923077 0.09134615384615384 0.12740384615384615
0 0.6838942307692307 0.6262019230769231 0.06009615384615385 0.04927884615384615
0 0.6237980769230769 0.6394230769230769 0.052884615384615384 0.06490384615384616
0 0.5576923076923077 0.65625 0.06490384615384616 0.052884615384615384
0 0.4855769230769231 0.6706730769230769 0.07211538461538461 0.05889423076923077
0 0.4362980769230769 0.6995192307692307 0.025240384615384616 0.039663461538461536
0 0.40865384615384615 0.7043269230769231 0.02283653846153846 0.03485576923076923
0 0.38341346153846156 0.7091346153846154 0.021634615384615384 0.042067307692307696
0 0.3545673076923077 0.7175480769230769 0.028846153846153848 0.039663461538461536
0 0.3173076923076923 0.7223557692307693 0.03365384615384615 0.04447115384615385
0 0.28846153846153844 0.7331730769230769 0.025240384615384616 0.04447115384615385
0 0.25721153846153844 0.7391826923076923 0.03245192307692308 0.040865384615384616
0 0.22596153846153846 0.7524038461538461 0.027644230769230768 0.04927884615384615
0 0.18870192307692307 0.7632211538461539 0.036057692307692304 0.040865384615384616
0 0.15745192307692307 0.7704326923076923 0.02403846153846154 0.05048076923076923
0 0.11658653846153846 0.78125 0.04447115384615385 0.04807692307692308
0 0.07572115384615384 0.7872596153846154 0.03365384615384615 0.055288461538461536
0 0.027644230769230768 0.7884615384615384 0.055288461538461536 0.07211538461538461
0 0.9903846153846154 0.44471153846153844 0.014423076923076924 0.03365384615384615
0 0.8834134615384616 0.46153846153846156 0.042067307692307696 0.038461538461538464
0 0.9206730769230769 0.45552884615384615 0.030048076923076924 0.036057692307692304
0 0.9567307692307693 0.4495192307692308 0.038461538461538464 0.037259615384615384
0 0.796875 0.7992788461538461 0.027644230769230768 0.08774038461538461
0 0.8293269230769231 0.7944711538461539 0.03365384615384615 0.09375
0 0.8581730769230769 0.7908653846153846 0.013221153846153846 0.046875
0 0.8762019230769231 0.7860576923076923 0.02403846153846154 0.05048076923076923
0 0.9002403846153846 0.7776442307692307 0.021634615384615384 0.04326923076923077
0 0.9194711538461539 0.7692307692307693 0.018028846153846152 0.04326923076923077
0 0.9399038461538461 0.7632211538461539 0.019230769230769232 0.039663461538461536
0 0.9807692307692307 0.7391826923076923 0.03365384615384615 0.0889423076923077
0 0.5072115384615384 0.9098557692307693 0.13581730769230768 0.08653846153846154
0 0.40865384615384615 0.0889423076923077 0.052884615384615384 0.06971153846153846
0 0.7584134615384616 0.8161057692307693 0.02283653846153846 0.08413461538461539
0 0.5276442307692307 0.09615384615384616 0.09134615384615384 0.07091346153846154
0 0.6550480769230769 0.3918269230769231 0.038461538461538464 0.02283653846153846
0 0.6995192307692307 0.3762019230769231 0.04326923076923077 0.04447115384615385
0 0.7391826923076923 0.3641826923076923 0.020432692307692308 0.055288461538461536
0 0.7668269230769231 0.3713942307692308 0.03365384615384615 0.04447115384615385
0 0.8088942307692307 0.3629807692307692 0.030048076923076924 0.04326923076923077
0 0.8413461538461539 0.3545673076923077 0.030048076923076924 0.06009615384615385
0 0.9050480769230769 0.34975961538461536 0.042067307692307696 0.05048076923076923
0 0.9387019230769231 0.3485576923076923 0.016826923076923076 0.038461538461538464
0 0.9591346153846154 0.3473557692307692 0.02283653846153846 0.04807692307692308
0 0.03245192307692308 0.5829326923076923 0.06490384615384616 0.07451923076923077
0 0.11538461538461539 0.5805288461538461 0.09375 0.06009615384615385
0 0.21153846153846154 0.5721153846153846 0.09254807692307693 0.0673076923076923
0 0.2956730769230769 0.5540865384615384 0.0733173076923077 0.056490384615384616
0 0.4266826923076923 0.5264423076923077 0.056490384615384616 0.0625
0 0.7355769230769231 0.5925480769230769 0.038461538461538464 0.0829326923076923
0 0.8112980769230769 0.6009615384615384 0.04326923076923077 0.03485576923076923
0 0.8461538461538461 0.6045673076923077 0.026442307692307692 0.025240384615384616
0 0.4579326923076923 0.09375 0.04326923076923077 0.0625
0 0.4735576923076923 0.5396634615384616 0.03245192307692308 0.02283653846153846
0 0.5348557692307693 0.5192307692307693 0.06971153846153846 0.037259615384615384
0 0.5901442307692307 0.515625 0.026442307692307692 0.02403846153846154
0 0.6466346153846154 0.5 0.08052884615384616 0.040865384615384616
0 0.7427884615384616 0.4699519230769231 0.04567307692307692 0.055288461538461536
0 0.7908653846153846 0.47115384615384615 0.04447115384615385 0.038461538461538464
0 0.8389423076923077 0.46875 0.038461538461538464 0.039663461538461536
0 0.9855769230769231 0.5360576923076923 0.02403846153846154 0.08653846153846154
0 0.9507211538461539 0.5480769230769231 0.03245192307692308 0.07211538461538461
0 0.9134615384615384 0.5829326923076923 0.040865384615384616 0.020432692307692308
0 0.8762019230769231 0.59375 0.030048076923076924 0.02403846153846154
0 0.6201923076923077 0.3894230769230769 0.03125 0.03245192307692308
0 0.59375 0.38822115384615385 0.014423076923076924 0.04567307692307692
0 0.3641826923076923 0.5396634615384616 0.057692307692307696 0.06610576923076923
0 0.5576923076923077 0.39302884615384615 0.014423076923076924 0.036057692307692304
0 0.6911057692307693 0.11057692307692307 0.03125 0.051682692307692304
0 0.7223557692307693 0.11057692307692307 0.03245192307692308 0.057692307692307696
0 0.7584134615384616 0.11298076923076923 0.036057692307692304 0.054086538461538464
0 0.8209134615384616 0.1310096153846154 0.07451923076923077 0.03125
0 0.8846153846153846 0.12860576923076922 0.040865384615384616 0.036057692307692304
0 0.9194711538461539 0.12980769230769232 0.021634615384615384 0.042067307692307696
0 0.9423076923076923 0.12620192307692307 0.019230769230769232 0.04447115384615385
0 0.9771634615384616 0.12740384615384615 0.04447115384615385 0.05048076923076923
0 0.0733173076923077 0.23197115384615385 0.1466346153846154 0.12740384615384615
0 0.2091346153846154 0.24158653846153846 0.125 0.10697115384615384
0 0.5769230769230769 0.390625 0.013221153846153846 0.038461538461538464
0 0.35096153846153844 0.23798076923076922 0.14302884615384615 0.10697115384615384
0 0.49038461538461536 0.23557692307692307 0.12379807692307693 0.09735576923076923
0 0.5997596153846154 0.23798076923076922 0.09254807692307693 0.09375
0 0.6526442307692307 0.11899038461538461 0.040865384615384616 0.037259615384615384
0 0.6021634615384616 0.10697115384615384 0.052884615384615384 0.052884615384615384
0 0.15384615384615385 0.4170673076923077 0.07211538461538461 0.07932692307692307
0 0.5372596153846154 0.390625 0.015625 0.04326923076923077
0 0.5204326923076923 0.39302884615384615 0.015625 0.04807692307692308
0 0.5012019230769231 0.3942307692307692 0.020432692307692308 0.046875
0 0.47596153846153844 0.3954326923076923 0.027644230769230768 0.05048076923076923
0 0.4338942307692308 0.390625 0.05048076923076923 0.06370192307692307
0 0.3798076923076923 0.4026442307692308 0.054086538461538464 0.052884615384615384
0 0.32211538461538464 0.39302884615384615 0.051682692307692304 0.07091346153846154
0 0.2692307692307692 0.40024038461538464 0.039663461538461536 0.08173076923076923
0 0.21995192307692307 0.4050480769230769 0.054086538461538464 0.078125
0 0.8701923076923077 0.23918269230769232 0.0889423076923077 0.07091346153846154
0 0.9495192307692307 0.234375 0.055288461538461536 0.0733173076923077
0 0.04927884615384615 0.42788461538461536 0.0733173076923077 0.078125
0 0.765625 0.24278846153846154 0.11057692307692307 0.0673076923076923