0 0.8870192307692307 0.5528846153846154 0.07932692307692307 0.036057692307692304
0 0.09254807692307693 0.5324519230769231 0.10096153846153846 0.07211538461538461
0 0.18990384615384615 0.5348557692307693 0.09134615384615384 0.06971153846153846
0 0.2980769230769231 0.5228365384615384 0.09495192307692307 0.09375
0 0.3942307692307692 0.5240384615384616 0.08413461538461539 0.09134615384615384
0 0.47716346153846156 0.53125 0.07932692307692307 0.08052884615384616
0 0.5649038461538461 0.53125 0.08653846153846154 0.08533653846153846
0 0.6502403846153846 0.5252403846153846 0.08653846153846154 0.09495192307692307
0 0.7307692307692307 0.5516826923076923 0.07451923076923077 0.042067307692307696
0 0.8088942307692307 0.5516826923076923 0.07091346153846154 0.028846153846153848
0 0.8064903846153846 0.5240384615384616 0.06971153846153846 0.02403846153846154
0 0.2091346153846154 0.640625 0.05048076923076923 0.08774038461538461
0 0.1622596153846154 0.640625 0.04326923076923077 0.08653846153846154
0 0.11658653846153846 0.640625 0.046875 0.08653846153846154
0 0.06971153846153846 0.640625 0.046875 0.08774038461538461
0 0.9723557692307693 0.4170673076923077 0.052884615384615384 0.09375
0 0.9699519230769231 0.4951923076923077 0.05889423076923077 0.028846153846153848
0 0.8076923076923077 0.4951923076923077 0.08653846153846154 0.03125
0 0.8978365384615384 0.4963942307692308 0.0829326923076923 0.030048076923076924
0 0.8942307692307693 0.5240384615384616 0.0829326923076923 0.021634615384615384
0 0.9663461538461539 0.5240384615384616 0.0625 0.021634615384615384
0 0.9615384615384616 0.5528846153846154 0.0733173076923077 0.03485576923076923
0 0.8966346153846154 0.41947115384615385 0.09495192307692307 0.09014423076923077
0 0.15745192307692307 0.3737980769230769 0.08173076923076923 0.054086538461538464
0 0.7992788461538461 0.375 0.07932692307692307 0.04807692307692308
0 0.5180288461538461 0.19591346153846154 0.09375 0.02403846153846154
0 0.5168269230769231 0.22235576923076922 0.08653846153846154 0.027644230769230768
0 0.42908653846153844 0.22235576923076922 0.08653846153846154 0.02403846153846154
0 0.42908653846153844 0.19591346153846154 0.08413461538461539 0.028846153846153848
0 0.8786057692307693 0.26802884615384615 0.08653846153846154 0.10697115384615384
0 0.7896634615384616 0.2704326923076923 0.09254807692307693 0.10216346153846154
0 0.6959134615384616 0.2704326923076923 0.07451923076923077 0.10096153846153846
0 0.5216346153846154 0.28365384615384615 0.09134615384615384 0.09495192307692307
0 0.42908653846153844 0.2848557692307692 0.08413461538461539 0.09975961538461539
0 0.9615384615384616 0.26802884615384615 0.07572115384615384 0.11658653846153846
0 0.7980769230769231 0.43028846153846156 0.07932692307692307 0.056490384615384616
0 0.25600961538461536 0.640625 0.04567307692307692 0.08653846153846154
0 0.02283653846153846 0.3713942307692308 0.04326923076923077 0.06490384615384616
0 0.026442307692307692 0.42788461538461536 0.051682692307692304 0.04807692307692308
0 0.08533653846153846 0.4266826923076923 0.0625 0.04927884615384615
0 0.15745192307692307 0.4254807692307692 0.08173076923076923 0.046875
0 0.24639423076923078 0.42788461538461536 0.09375 0.051682692307692304
0 0.08173076923076923 0.37259615384615385 0.06610576923076923 0.052884615384615384
0 0.4182692307692308 0.4110576923076923 0.09495192307692307 0.08774038461538461
0 0.5180288461538461 0.4026442307692308 0.09975961538461539 0.10336538461538461
0 0.6129807692307693 0.40625 0.07451923076923077 0.10336538461538461
0 0.7055288461538461 0.4026442307692308 0.09975961538461539 0.10336538461538461
0 0.3401442307692308 0.2824519230769231 0.08533653846153846 0.10096153846153846
0 0.30288461538461536 0.6418269230769231 0.04807692307692308 0.08533653846153846
0 0.3798076923076923 0.7512019230769231 0.038461538461538464 0.09254807692307693
0 0.3954326923076923 0.6430288461538461 0.042067307692307696 0.08533653846153846
0 0.7548076923076923 0.7548076923076923 0.04447115384615385 0.09254807692307693
0 0.8004807692307693 0.7524038461538461 0.046875 0.0889423076923077
0 0.8497596153846154 0.7524038461538461 0.05048076923076923 0.08774038461538461
0 0.8966346153846154 0.7524038461538461 0.040865384615384616 0.09014423076923077
0 0.9423076923076923 0.7524038461538461 0.052884615384615384 0.09254807692307693
0 0.9855769230769231 0.7548076923076923 0.027644230769230768 0.09495192307692307
0 0.11658653846153846 0.8677884615384616 0.07451923076923077 0.109375
0 0.18629807692307693 0.8689903846153846 0.06610576923076923 0.10576923076923077
0 0.24639423076923078 0.8701923076923077 0.055288461538461536 0.10817307692307693
0 0.30649038461538464 0.8701923076923077 0.06370192307692307 0.10817307692307693
0 0.7091346153846154 0.7524038461538461 0.046875 0.09615384615384616
0 0.3641826923076923 0.875 0.056490384615384616 0.11899038461538461
0 0.9242788461538461 0.875 0.04807692307692308 0.10096153846153846
0 0.8774038461538461 0.8737980769230769 0.04807692307692308 0.1045673076923077
0 0.828125 0.875 0.04447115384615385 0.10817307692307693
0 0.7800480769230769 0.8737980769230769 0.052884615384615384 0.10697115384615384
0 0.7295673076923077 0.8737980769230769 0.04807692307692308 0.10697115384615384
0 0.6742788461538461 0.8725961538461539 0.06009615384615385 0.10817307692307693
0 0.6177884615384616 0.8713942307692307 0.051682692307692304 0.11057692307692307
0 0.5528846153846154 0.8701923076923077 0.07692307692307693 0.10817307692307693
0 0.48197115384615385 0.8725961538461539 0.06490384615384616 0.109375
0 0.421875 0.8762019230769231 0.056490384615384616 0.11658653846153846
0 0.2536057692307692 0.28125 0.0889423076923077 0.10216346153846154
0 0.6610576923076923 0.7512019230769231 0.04927884615384615 0.09014423076923077
0 0.5949519230769231 0.7596153846153846 0.08413461538461539 0.09014423076923077
0 0.5108173076923077 0.7584134615384616 0.08413461538461539 0.08653846153846154
0 0.43990384615384615 0.6430288461538461 0.04567307692307692 0.08173076923076923
0 0.4831730769230769 0.6430288461538461 0.04326923076923077 0.08533653846153846
0 0.5252403846153846 0.6442307692307693 0.040865384615384616 0.08533653846153846
0 0.5721153846153846 0.6418269230769231 0.054086538461538464 0.0889423076923077
0 0.6213942307692307 0.6430288461538461 0.042067307692307696 0.0889423076923077
0 0.6658653846153846 0.6454326923076923 0.046875 0.08653846153846154
0 0.7091346153846154 0.6454326923076923 0.039663461538461536 0.08653846153846154
0 0.7536057692307693 0.6478365384615384 0.04927884615384615 0.08413461538461539
0 0.8004807692307693 0.6466346153846154 0.04326923076923077 0.08413461538461539
0 0.8473557692307693 0.6454326923076923 0.05048076923076923 0.08533653846153846
0 0.8966346153846154 0.6466346153846154 0.04807692307692308 0.08653846153846154
0 0.9399038461538461 0.6478365384615384 0.038461538461538464 0.08533653846153846
0 0.9795673076923077 0.6502403846153846 0.036057692307692304 0.0889423076923077
0 0.0733173076923077 0.7512019230769231 0.04447115384615385 0.09495192307692307
0 0.1141826923076923 0.7487980769230769 0.038461538461538464 0.09975961538461539
0 0.15504807692307693 0.7487980769230769 0.040865384615384616 0.09615384615384616
0 0.19110576923076922 0.75 0.03365384615384615 0.09254807692307693
0 0.2247596153846154 0.75 0.03365384615384615 0.09134615384615384
0 0.2608173076923077 0.7512019230769231 0.03485576923076923 0.08653846153846154
0 0.29927884615384615 0.7524038461538461 0.04326923076923077 0.08774038461538461
0 0.3389423076923077 0.7512019230769231 0.038461538461538464 0.09134615384615384
0 0.41586538461538464 0.75 0.036057692307692304 0.09375
0 0.45072115384615385 0.75 0.03125 0.09254807692307693
0 0.35096153846153844 0.6430288461538461 0.046875 0.08653846153846154
0 0.16947115384615385 0.27884615384615385 0.078125 0.0985576923076923
0 0.24759615384615385 0.3762019230769231 0.0829326923076923 0.05048076923076923
0 0.8942307692307693 0.1502403846153846 0.06971153846153846 0.08413461538461539
0 0.07451923076923077 0.2764423076923077 0.09014423076923077 0.10697115384615384
0 0.10096153846153846 0.13221153846153846 0.06490384615384616 0.0889423076923077
0 0.16826923076923078 0.12980769230769232 0.06610576923076923 0.09254807692307693
0 0.2403846153846154 0.13341346153846154 0.07692307692307693 0.09975961538461539
0 0.3233173076923077 0.13942307692307693 0.09014423076923077 0.0889423076923077
0 0.6129807692307693 0.27283653846153844 0.08413461538461539 0.0985576923076923
0 0.5024038461538461 0.13341346153846154 0.06610576923076923 0.07451923076923077
0 0.41947115384615385 0.13341346153846154 0.07572115384615384 0.078125
0 0.7391826923076923 0.14423076923076922 0.078125 0.09495192307692307
0 0.8125 0.15144230769230768 0.06850961538461539 0.08653846153846154
0 0.6586538461538461 0.14302884615384615 0.07211538461538461 0.08533653846153846
0 0.578125 0.1310096153846154 0.07451923076923077 0.07091346153846154