0 0.28846153846153844 0.5096153846153846 0.04927884615384615 0.0625
0 0.20432692307692307 0.25600961538461536 0.021634615384615384 0.06850961538461539
0 0.9519230769230769 0.07091346153846154 0.0673076923076923 0.14182692307692307
0 0.8846153846153846 0.07091346153846154 0.054086538461538464 0.14182692307692307
0 0.8137019230769231 0.08173076923076923 0.06490384615384616 0.1502403846153846
0 0.7512019230769231 0.09375 0.05889423076923077 0.11778846153846154
0 0.6959134615384616 0.09975961538461539 0.04927884615384615 0.12860576923076922
0 0.22355769230769232 0.25600961538461536 0.015625 0.06850961538461539
0 0.6466346153846154 0.10697115384615384 0.04807692307692308 0.11658653846153846
0 0.5576923076923077 0.11658653846153846 0.038461538461538464 0.12379807692307693
0 0.515625 0.1201923076923077 0.046875 0.12259615384615384
0 0.47836538461538464 0.12139423076923077 0.03485576923076923 0.12620192307692307
0 0.42908653846153844 0.13221153846153846 0.025240384615384616 0.12620192307692307
0 0.39903846153846156 0.14423076923076922 0.03485576923076923 0.10817307692307693
0 0.36778846153846156 0.14182692307692307 0.028846153846153848 0.1045673076923077
0 0.5985576923076923 0.1141826923076923 0.04326923076923077 0.12860576923076922
0 0.3389423076923077 0.14182692307692307 0.026442307692307692 0.10576923076923077
0 0.23677884615384615 0.2536057692307692 0.014423076923076924 0.0673076923076923
0 0.2776442307692308 0.25600961538461536 0.018028846153846152 0.06971153846153846
0 0.5889423076923077 0.25600961538461536 0.021634615384615384 0.09975961538461539
0 0.5625 0.2548076923076923 0.03245192307692308 0.09495192307692307
0 0.5396634615384616 0.2536057692307692 0.014423076923076924 0.09735576923076923
0 0.5108173076923077 0.2512019230769231 0.037259615384615384 0.09615384615384616
0 0.4795673076923077 0.2548076923076923 0.021634615384615384 0.09014423076923077
0 0.453125 0.2548076923076923 0.02403846153846154 0.0889423076923077
0 0.25600961538461536 0.2548076923076923 0.02403846153846154 0.06971153846153846
0 0.4338942307692308 0.2548076923076923 0.016826923076923076 0.09134615384615384
0 0.39302884615384615 0.2548076923076923 0.020432692307692308 0.09014423076923077
0 0.3737980769230769 0.2512019230769231 0.021634615384615384 0.08173076923076923
0 0.34975961538461536 0.2536057692307692 0.02403846153846154 0.08052884615384616
0 0.328125 0.25240384615384615 0.018028846153846152 0.07692307692307693
0 0.3137019230769231 0.25721153846153844 0.015625 0.06971153846153846
0 0.2956730769230769 0.2548076923076923 0.019230769230769232 0.07091346153846154
0 0.41466346153846156 0.2548076923076923 0.021634615384615384 0.09014423076923077
0 0.31009615384615385 0.14302884615384615 0.03125 0.109375
0 0.2848557692307692 0.15144230769230768 0.016826923076923076 0.09495192307692307
0 0.26322115384615385 0.15264423076923078 0.02403846153846154 0.0985576923076923
0 0.6225961538461539 0.35697115384615385 0.051682692307692304 0.04807692307692308
0 0.6165865384615384 0.40625 0.040865384615384616 0.042067307692307696
0 0.6694711538461539 0.41346153846153844 0.04927884615384615 0.03365384615384615
0 0.484375 0.4375 0.03125 0.042067307692307696
0 0.5276442307692307 0.4411057692307692 0.040865384615384616 0.037259615384615384
0 0.5685096153846154 0.44591346153846156 0.03485576923076923 0.038461538461538464
0 0.5685096153846154 0.35216346153846156 0.04927884615384615 0.040865384615384616
0 0.6165865384615384 0.4519230769230769 0.040865384615384616 0.04326923076923077
0 0.7199519230769231 0.4206730769230769 0.052884615384615384 0.04807692307692308
0 0.78125 0.4230769230769231 0.06971153846153846 0.039663461538461536
0 0.8485576923076923 0.43028846153846156 0.057692307692307696 0.04567307692307692
0 0.9194711538461539 0.4375 0.06490384615384616 0.042067307692307696
0 0.7956730769230769 0.3701923076923077 0.040865384615384616 0.040865384615384616
0 0.8485576923076923 0.37740384615384615 0.06009615384615385 0.04807692307692308
0 0.6682692307692307 0.4579326923076923 0.054086538461538464 0.037259615384615384
0 0.5252403846153846 0.35216346153846156 0.03365384615384615 0.046875
0 0.5685096153846154 0.4014423076923077 0.04326923076923077 0.039663461538461536
0 0.5228365384615384 0.3954326923076923 0.038461538461538464 0.03245192307692308
0 0.2403846153846154 0.15625 0.019230769230769232 0.09495192307692307
0 0.21634615384615385 0.15985576923076922 0.025240384615384616 0.10216346153846154
0 0.19110576923076922 0.1622596153846154 0.021634615384615384 0.09735576923076923
0 0.7884615384615384 0.4723557692307692 0.057692307692307696 0.042067307692307696
0 0.8497596153846154 0.48197115384615385 0.0625 0.042067307692307696
0 0.21514423076923078 0.39783653846153844 0.02283653846153846 0.027644230769230768
0 0.23918269230769232 0.39783653846153844 0.025240384615384616 0.025240384615384616
0 0.26322115384615385 0.4014423076923077 0.018028846153846152 0.027644230769230768
0 0.2848557692307692 0.40384615384615385 0.02403846153846154 0.025240384615384616
0 0.3112980769230769 0.4074519230769231 0.02403846153846154 0.03245192307692308
0 0.3401442307692308 0.41346153846153844 0.02403846153846154 0.03485576923076923
0 0.36899038461538464 0.41466346153846156 0.03365384615384615 0.03365384615384615
0 0.40384615384615385 0.421875 0.030048076923076924 0.03365384615384615
0 0.4411057692307692 0.4230769230769231 0.036057692307692304 0.038461538461538464
0 0.484375 0.3894230769230769 0.037259615384615384 0.046875
0 0.6189903846153846 0.25 0.036057692307692304 0.10817307692307693
0 0.6502403846153846 0.25 0.02283653846153846 0.10576923076923077
0 0.7079326923076923 0.25240384615384615 0.028846153846153848 0.11057692307692307
0 0.7367788461538461 0.2512019230769231 0.027644230769230768 0.109375
0 0.421875 0.5516826923076923 0.03485576923076923 0.028846153846153848
0 0.3870192307692308 0.546875 0.027644230769230768 0.03485576923076923
0 0.49399038461538464 0.6069711538461539 0.03485576923076923 0.028846153846153848
0 0.4567307692307692 0.6033653846153846 0.038461538461538464 0.03365384615384615
0 0.421875 0.5829326923076923 0.02283653846153846 0.027644230769230768
0 0.3942307692307692 0.5817307692307693 0.027644230769230768 0.03125
0 0.45913461538461536 0.5600961538461539 0.03245192307692308 0.039663461538461536
0 0.4951923076923077 0.6442307692307693 0.028846153846153848 0.026442307692307692
0 0.41947115384615385 0.6177884615384616 0.021634615384615384 0.027644230769230768
0 0.3942307692307692 0.6153846153846154 0.018028846153846152 0.027644230769230768
0 0.4987980769230769 0.6790865384615384 0.03485576923076923 0.03245192307692308
0 0.4639423076923077 0.6682692307692307 0.027644230769230768 0.02403846153846154
0 0.42427884615384615 0.6490384615384616 0.027644230769230768 0.028846153846153848
0 0.39302884615384615 0.6466346153846154 0.030048076923076924 0.021634615384615384
0 0.46274038461538464 0.6430288461538461 0.03485576923076923 0.026442307692307692
0 0.49158653846153844 0.5649038461538461 0.03365384615384615 0.03125
0 0.49158653846153844 0.5264423076923077 0.036057692307692304 0.026442307692307692
0 0.4891826923076923 0.4891826923076923 0.03365384615384615 0.036057692307692304
0 0.2920673076923077 0.5805288461538461 0.039663461538461536 0.07451923076923077
0 0.34375 0.46153846153846156 0.051682692307692304 0.03365384615384615
0 0.3557692307692308 0.49399038461538464 0.030048076923076924 0.030048076923076924
0 0.3269230769230769 0.4951923076923077 0.02403846153846154 0.028846153846153848
0 0.3269230769230769 0.5276442307692307 0.02403846153846154 0.036057692307692304
0 0.35336538461538464 0.5300480769230769 0.030048076923076924 0.03245192307692308
0 0.359375 0.5697115384615384 0.026442307692307692 0.027644230769230768
0 0.33052884615384615 0.5649038461538461 0.03365384615384615 0.036057692307692304
0 0.3641826923076923 0.5997596153846154 0.03245192307692308 0.018028846153846152
0 0.33413461538461536 0.5925480769230769 0.027644230769230768 0.020432692307692308
0 0.36899038461538464 0.6286057692307693 0.02283653846153846 0.028846153846153848
0 0.33653846153846156 0.6201923076923077 0.026442307692307692 0.026442307692307692
0 0.3858173076923077 0.5060096153846154 0.02403846153846154 0.037259615384615384
0 0.4170673076923077 0.5096153846153846 0.03485576923076923 0.03125
0 0.4567307692307692 0.5204326923076923 0.03125 0.030048076923076924
0 0.9387019230769231 0.203125 0.0889423076923077 0.11658653846153846
0 0.28966346153846156 0.4519230769230769 0.046875 0.056490384615384616
0 0.24278846153846154 0.5733173076923077 0.055288461538461536 0.06370192307692307
0 0.23677884615384615 0.4519230769230769 0.057692307692307696 0.056490384615384616
0 0.33774038461538464 0.37740384615384615 0.03245192307692308 0.03245192307692308
0 0.4375 0.3449519230769231 0.040865384615384616 0.036057692307692304
0 0.39903846153846156 0.3449519230769231 0.03365384615384615 0.037259615384615384
0 0.36778846153846156 0.3425480769230769 0.028846153846153848 0.03245192307692308
0 0.33774038461538464 0.34134615384615385 0.03245192307692308 0.036057692307692304
0 0.30528846153846156 0.33413461538461536 0.02283653846153846 0.037259615384615384
0 0.3701923076923077 0.3798076923076923 0.03125 0.026442307692307692
0 0.2800480769230769 0.33052884615384615 0.026442307692307692 0.030048076923076924
0 0.23677884615384615 0.3641826923076923 0.025240384615384616 0.036057692307692304
0 0.2127403846153846 0.3629807692307692 0.020432692307692308 0.037259615384615384
0 0.875 0.25600961538461536 0.030048076923076924 0.11538461538461539
0 0.8425480769230769 0.2536057692307692 0.03365384615384615 0.11057692307692307
0 0.8088942307692307 0.2548076923076923 0.03485576923076923 0.10697115384615384
0 0.7704326923076923 0.2536057692307692 0.036057692307692304 0.10697115384615384
0 0.25240384615384615 0.33052884615384615 0.02283653846153846 0.030048076923076924
0 0.4050480769230769 0.38461538461538464 0.03365384615384615 0.036057692307692304
0 0.43990384615384615 0.3870192307692308 0.03485576923076923 0.03245192307692308
0 0.2620192307692308 0.36899038461538464 0.019230769230769232 0.03485576923076923
0 0.5625 0.6802884615384616 0.0733173076923077 0.07451923076923077
0 0.5588942307692307 0.5961538461538461 0.07932692307692307 0.06610576923076923
0 0.5516826923076923 0.5240384615384616 0.07692307692307693 0.055288461538461536
0 0.6430288461538461 0.7115384615384616 0.08413461538461539 0.07572115384615384
0 0.6490384615384616 0.6334134615384616 0.078125 0.0625
0 0.6454326923076923 0.546875 0.07692307692307693 0.0733173076923077
0 0.7487980769230769 0.75 0.11177884615384616 0.05889423076923077
0 0.7560096153846154 0.6574519230769231 0.12139423076923077 0.0673076923076923
0 0.8930288461538461 0.5817307692307693 0.11658653846153846 0.07572115384615384
0 0.8810096153846154 0.6947115384615384 0.11057692307692307 0.06129807692307692
0 0.8677884615384616 0.7908653846153846 0.11538461538461539 0.052884615384615384
0 0.9158653846153846 0.5 0.06370192307692307 0.04807692307692308
0 0.7235576923076923 0.46634615384615385 0.05889423076923077 0.038461538461538464
0 0.3088942307692308 0.3701923076923077 0.019230769230769232 0.028846153846153848
0 0.2848557692307692 0.3713942307692308 0.026442307692307692 0.028846153846153848
0 0.23918269230769232 0.5108173076923077 0.046875 0.0625
0 0.9242788461538461 0.3858173076923077 0.054086538461538464 0.04807692307692308
0 0.6790865384615384 0.2548076923076923 0.03125 0.10817307692307693