0 0.3425480769230769 0.46153846153846156 0.016826923076923076 0.06009615384615385
0 0.11298076923076923 0.5420673076923077 0.038461538461538464 0.05889423076923077
0 0.03485576923076923 0.5384615384615384 0.038461538461538464 0.05889423076923077
0 0.15504807692307693 0.5432692307692307 0.037259615384615384 0.05889423076923077
0 0.19471153846153846 0.5456730769230769 0.038461538461538464 0.05889423076923077
0 0.23557692307692307 0.5480769230769231 0.038461538461538464 0.05889423076923077
0 0.2800480769230769 0.5480769230769231 0.038461538461538464 0.05889423076923077
0 0.3173076923076923 0.5492788461538461 0.03245192307692308 0.057692307692307696
0 0.3449519230769231 0.5492788461538461 0.014423076923076924 0.055288461538461536
0 0.036057692307692304 0.6177884615384616 0.037259615384615384 0.07091346153846154
0 0.0733173076923077 0.5384615384615384 0.038461538461538464 0.05889423076923077
0 0.9699519230769231 0.1814903846153846 0.04326923076923077 0.08052884615384616
0 0.31490384615384615 0.46033653846153844 0.03485576923076923 0.06129807692307692
0 0.09134615384615384 0.3713942307692308 0.028846153846153848 0.04567307692307692
0 0.12740384615384615 0.37259615384615385 0.028846153846153848 0.04567307692307692
0 0.1658653846153846 0.3629807692307692 0.03365384615384615 0.06610576923076923
0 0.20673076923076922 0.3641826923076923 0.03365384615384615 0.06610576923076923
0 0.2439903846153846 0.36658653846153844 0.03365384615384615 0.06610576923076923
0 0.2800480769230769 0.3641826923076923 0.03365384615384615 0.07091346153846154
0 0.3161057692307692 0.36538461538461536 0.03365384615384615 0.07091346153846154
0 0.018028846153846152 0.44591346153846156 0.03485576923076923 0.06129807692307692
0 0.055288461538461536 0.4495192307692308 0.03485576923076923 0.06129807692307692
0 0.09134615384615384 0.4543269230769231 0.03485576923076923 0.06129807692307692
0 0.12740384615384615 0.453125 0.03485576923076923 0.06129807692307692
0 0.16346153846153846 0.45552884615384615 0.03485576923076923 0.06129807692307692
0 0.19951923076923078 0.4567307692307692 0.03485576923076923 0.06129807692307692
0 0.2403846153846154 0.45913461538461536 0.03485576923076923 0.06129807692307692
0 0.2764423076923077 0.46153846153846156 0.03485576923076923 0.06129807692307692
0 0.07932692307692307 0.6177884615384616 0.030048076923076924 0.07211538461538461
0 0.1141826923076923 0.6213942307692307 0.037259615384615384 0.07091346153846154
0 0.7175480769230769 0.7175480769230769 0.04447115384615385 0.08774038461538461
0 0.22596153846153846 0.6165865384615384 0.030048076923076924 0.0625
0 0.5132211538461539 0.6129807692307693 0.038461538461538464 0.06610576923076923
0 0.5516826923076923 0.6141826923076923 0.03365384615384615 0.06490384615384616
0 0.5889423076923077 0.6129807692307693 0.03365384615384615 0.06490384615384616
0 0.6286057692307693 0.6153846153846154 0.03485576923076923 0.0673076923076923
0 0.6706730769230769 0.6165865384615384 0.037259615384615384 0.0673076923076923
0 0.7115384615384616 0.6189903846153846 0.037259615384615384 0.0673076923076923
0 0.7536057692307693 0.6213942307692307 0.037259615384615384 0.06850961538461539
0 0.8581730769230769 0.6358173076923077 0.036057692307692304 0.09975961538461539
0 0.9014423076923077 0.6358173076923077 0.040865384615384616 0.0985576923076923
0 0.9483173076923077 0.6382211538461539 0.04567307692307692 0.0985576923076923
0 0.9867788461538461 0.6394230769230769 0.02403846153846154 0.0985576923076923
0 0.43028846153846156 0.5060096153846154 0.037259615384615384 0.06610576923076923
0 0.4699519230769231 0.5084134615384616 0.037259615384615384 0.06610576923076923
0 0.5120192307692307 0.5084134615384616 0.037259615384615384 0.06610576923076923
0 0.5564903846153846 0.5096153846153846 0.037259615384615384 0.06610576923076923
0 0.5949519230769231 0.5120192307692307 0.037259615384615384 0.06610576923076923
0 0.6382211538461539 0.5108173076923077 0.037259615384615384 0.06610576923076923
0 0.5600961538461539 0.4074519230769231 0.038461538461538464 0.09375
0 0.5144230769230769 0.40625 0.038461538461538464 0.09375
0 0.4735576923076923 0.40384615384615385 0.038461538461538464 0.09375
0 0.43028846153846156 0.4050480769230769 0.038461538461538464 0.09375
0 0.9807692307692307 0.4170673076923077 0.03365384615384615 0.0985576923076923
0 0.9375 0.4170673076923077 0.04326923076923077 0.09615384615384616
0 0.4723557692307692 0.6105769230769231 0.038461538461538464 0.06610576923076923
0 0.8894230769230769 0.4206730769230769 0.04567307692307692 0.0889423076923077
0 0.9627403846153846 0.5324519230769231 0.039663461538461536 0.078125
0 0.9182692307692307 0.53125 0.039663461538461536 0.078125
0 0.8762019230769231 0.5288461538461539 0.039663461538461536 0.078125
0 0.7632211538461539 0.515625 0.040865384615384616 0.0673076923076923
0 0.7211538461538461 0.5132211538461539 0.037259615384615384 0.06610576923076923
0 0.6802884615384616 0.5120192307692307 0.037259615384615384 0.06610576923076923
0 0.9915865384615384 0.5336538461538461 0.01201923076923077 0.08173076923076923
0 0.18389423076923078 0.6274038461538461 0.037259615384615384 0.06971153846153846
0 0.43149038461538464 0.6081730769230769 0.038461538461538464 0.06610576923076923
0 0.9387019230769231 0.7487980769230769 0.037259615384615384 0.06971153846153846
0 0.28846153846153844 0.6310096153846154 0.03365384615384615 0.0673076923076923
0 0.3245192307692308 0.6310096153846154 0.03125 0.0673076923076923
0 0.0829326923076923 0.6983173076923077 0.026442307692307692 0.07692307692307693
0 0.11538461538461539 0.7163461538461539 0.037259615384615384 0.08653846153846154
0 0.16826923076923078 0.7043269230769231 0.026442307692307692 0.07692307692307693
0 0.21033653846153846 0.7151442307692307 0.054086538461538464 0.09375
0 0.3004807692307692 0.71875 0.04807692307692308 0.09495192307692307
0 0.3389423076923077 0.7127403846153846 0.026442307692307692 0.07932692307692307
0 0.14302884615384615 0.7932692307692307 0.0673076923076923 0.04567307692307692
0 0.21634615384615385 0.7944711538461539 0.07211538461538461 0.04567307692307692
0 0.45072115384615385 0.8125 0.038461538461538464 0.0829326923076923
0 0.49399038461538464 0.8137019230769231 0.038461538461538464 0.0829326923076923
0 0.5372596153846154 0.8161057692307693 0.04326923076923077 0.0829326923076923
0 0.5865384615384616 0.8185096153846154 0.042067307692307696 0.0829326923076923
0 0.6322115384615384 0.8221153846153846 0.04326923076923077 0.0829326923076923
0 0.6778846153846154 0.8233173076923077 0.040865384615384616 0.0829326923076923
0 0.7271634615384616 0.8257211538461539 0.046875 0.0829326923076923
0 0.8978365384615384 0.7475961538461539 0.037259615384615384 0.06971153846153846
0 0.8569711538461539 0.7475961538461539 0.037259615384615384 0.06971153846153846
0 0.04927884615384615 0.34975961538461536 0.03365384615384615 0.0829326923076923
0 0.6694711538461539 0.7151442307692307 0.039663461538461536 0.08653846153846154
0 0.6213942307692307 0.7115384615384616 0.039663461538461536 0.08653846153846154
0 0.5733173076923077 0.7103365384615384 0.039663461538461536 0.08653846153846154
0 0.9795673076923077 0.7524038461538461 0.037259615384615384 0.06971153846153846
0 0.5264423076923077 0.7115384615384616 0.039663461538461536 0.08653846153846154
0 0.4375 0.7055288461538461 0.039663461538461536 0.08653846153846154
0 0.9903846153846154 0.8449519230769231 0.018028846153846152 0.06610576923076923
0 0.9627403846153846 0.84375 0.03485576923076923 0.0673076923076923
0 0.9242788461538461 0.8413461538461539 0.03485576923076923 0.0673076923076923
0 0.8846153846153846 0.8413461538461539 0.038461538461538464 0.0673076923076923
0 0.8413461538461539 0.8377403846153846 0.038461538461538464 0.0673076923076923
0 0.48197115384615385 0.7079326923076923 0.039663461538461536 0.08653846153846154
0 0.015625 0.35216346153846156 0.030048076923076924 0.08052884615384616
0 0.6021634615384616 0.4098557692307692 0.038461538461538464 0.09375
0 0.3076923076923077 0.27163461538461536 0.036057692307692304 0.06850961538461539
0 0.11298076923076923 0.16947115384615385 0.03485576923076923 0.08653846153846154
0 0.078125 0.16706730769230768 0.03485576923076923 0.08653846153846154
0 0.038461538461538464 0.1658653846153846 0.03245192307692308 0.08533653846153846
0 0.009615384615384616 0.1658653846153846 0.018028846153846152 0.0829326923076923
0 0.6826923076923077 0.4110576923076923 0.038461538461538464 0.09375
0 0.7259615384615384 0.41225961538461536 0.040865384615384616 0.09615384615384616
0 0.7704326923076923 0.41586538461538464 0.040865384615384616 0.09615384615384616
0 0.42788461538461536 0.296875 0.03365384615384615 0.08533653846153846
0 0.47596153846153844 0.2920673076923077 0.03245192307692308 0.08774038461538461
0 0.5132211538461539 0.296875 0.039663461538461536 0.08653846153846154
0 0.5564903846153846 0.2980769230769231 0.039663461538461536 0.08653846153846154
0 0.5985576923076923 0.29927884615384615 0.039663461538461536 0.08653846153846154
0 0.6454326923076923 0.3004807692307692 0.039663461538461536 0.08653846153846154
0 0.6862980769230769 0.3004807692307692 0.039663461538461536 0.08653846153846154
0 0.7355769230769231 0.3004807692307692 0.039663461538461536 0.08653846153846154
0 0.7848557692307693 0.3004807692307692 0.039663461538461536 0.08653846153846154
0 0.9086538461538461 0.3016826923076923 0.040865384615384616 0.09735576923076923
0 0.953125 0.3004807692307692 0.042067307692307696 0.09735576923076923
0 0.3389423076923077 0.27283653846153844 0.020432692307692308 0.06610576923076923
0 0.6418269230769231 0.4110576923076923 0.038461538461538464 0.09375
0 0.19230769230769232 0.17067307692307693 0.037259615384615384 0.08533653846153846
0 0.15264423076923078 0.171875 0.03485576923076923 0.08653846153846154
0 0.27283653846153844 0.171875 0.037259615384615384 0.08533653846153846
0 0.2692307692307692 0.26802884615384615 0.036057692307692304 0.06850961538461539
0 0.22956730769230768 0.2668269230769231 0.036057692307692304 0.06850961538461539
0 0.19110576923076922 0.2668269230769231 0.036057692307692304 0.06850961538461539
0 0.15144230769230768 0.265625 0.036057692307692304 0.06850961538461539
0 0.11177884615384616 0.26322115384615385 0.036057692307692304 0.06850961538461539
0 0.0733173076923077 0.2608173076923077 0.036057692307692304 0.06850961538461539
0 0.03485576923076923 0.2608173076923077 0.038461538461538464 0.06610576923076923
0 0.921875 0.1814903846153846 0.04326923076923077 0.08052884615384616
0 0.23197115384615385 0.17067307692307693 0.036057692307692304 0.08653846153846154
0 0.7451923076923077 0.1814903846153846 0.039663461538461536 0.09495192307692307
0 0.7896634615384616 0.18269230769230768 0.039663461538461536 0.09495192307692307
0 0.65625 0.1814903846153846 0.039663461538461536 0.09495192307692307
0 0.6117788461538461 0.1814903846153846 0.039663461538461536 0.09495192307692307
0 0.5649038461538461 0.1778846153846154 0.039663461538461536 0.09495192307692307
0 0.5180288461538461 0.18028846153846154 0.039663461538461536 0.09495192307692307
0 0.47115384615384615 0.17908653846153846 0.037259615384615384 0.09495192307692307
0 0.43149038461538464 0.18028846153846154 0.037259615384615384 0.09495192307692307
0 0.3137019230769231 0.17427884615384615 0.037259615384615384 0.08653846153846154
0 0.7007211538461539 0.18269230769230768 0.039663461538461536 0.09495192307692307
0 0.9879807692307693 0.3016826923076923 0.02283653846153846 0.09735576923076923