0 0.08653846153846154 0.6478365384615384 0.04567307692307692 0.14783653846153846
0 0.037259615384615384 0.6490384615384616 0.04927884615384615 0.14423076923076922
0 0.9651442307692307 0.4483173076923077 0.037259615384615384 0.17548076923076922
0 0.9230769230769231 0.44711538461538464 0.036057692307692304 0.16947115384615385
0 0.8894230769230769 0.4483173076923077 0.028846153846153848 0.1658653846153846
0 0.6983173076923077 0.45072115384615385 0.036057692307692304 0.16105769230769232
0 0.8040865384615384 0.4495192307692308 0.052884615384615384 0.16105769230769232
0 0.75 0.4495192307692308 0.04807692307692308 0.171875
0 0.13341346153846154 0.6502403846153846 0.042067307692307696 0.1502403846153846
0 0.5985576923076923 0.5180288461538461 0.054086538461538464 0.046875
0 0.5973557692307693 0.4675480769230769 0.057692307692307696 0.052884615384615384
0 0.8521634615384616 0.44711538461538464 0.030048076923076924 0.16706730769230768
0 0.1778846153846154 0.6526442307692307 0.04326923076923077 0.14783653846153846
0 0.33774038461538464 0.6550480769230769 0.042067307692307696 0.12980769230769232
0 0.265625 0.6586538461538461 0.039663461538461536 0.13822115384615385
0 0.3004807692307692 0.65625 0.027644230769230768 0.13221153846153846
0 0.38221153846153844 0.6466346153846154 0.040865384615384616 0.14783653846153846
0 0.42427884615384615 0.6430288461538461 0.036057692307692304 0.13822115384615385
0 0.45913461538461536 0.6418269230769231 0.03245192307692308 0.13701923076923078
0 0.4879807692307692 0.6382211538461539 0.02403846153846154 0.13701923076923078
0 0.5144230769230769 0.6346153846153846 0.02403846153846154 0.14783653846153846
0 0.5637019230769231 0.6430288461538461 0.03245192307692308 0.14423076923076922
0 0.6081730769230769 0.5829326923076923 0.046875 0.036057692307692304
0 0.6069711538461539 0.6177884615384616 0.04807692307692308 0.03125
0 0.6057692307692307 0.6550480769230769 0.046875 0.036057692307692304
0 0.6057692307692307 0.6947115384615384 0.046875 0.04447115384615385
0 0.22235576923076922 0.6550480769230769 0.040865384615384616 0.14423076923076922
0 0.6526442307692307 0.640625 0.025240384615384616 0.14302884615384615
0 0.9891826923076923 0.8064903846153846 0.016826923076923076 0.13701923076923078
0 0.7331730769230769 0.6370192307692307 0.038461538461538464 0.1502403846153846
0 0.953125 0.8052884615384616 0.04567307692307692 0.140625
0 0.9026442307692307 0.8052884615384616 0.04326923076923077 0.13581730769230768
0 0.8449519230769231 0.8076923076923077 0.04927884615384615 0.15144230769230768
0 0.7944711538461539 0.8088942307692307 0.038461538461538464 0.13822115384615385
0 0.7512019230769231 0.8040865384615384 0.036057692307692304 0.140625
0 0.7103365384615384 0.8112980769230769 0.036057692307692304 0.14302884615384615
0 0.6670673076923077 0.8040865384615384 0.03485576923076923 0.13581730769230768
0 0.6334134615384616 0.8137019230769231 0.030048076923076924 0.1466346153846154
0 0.5961538461538461 0.8125 0.03485576923076923 0.140625
0 0.5324519230769231 0.8137019230769231 0.036057692307692304 0.13942307692307693
0 0.48197115384615385 0.8064903846153846 0.04807692307692308 0.14423076923076922
0 0.43509615384615385 0.8125 0.036057692307692304 0.14182692307692307
0 0.3858173076923077 0.8137019230769231 0.04447115384615385 0.13341346153846154
0 0.34134615384615385 0.8173076923076923 0.039663461538461536 0.13942307692307693
0 0.3004807692307692 0.8173076923076923 0.040865384615384616 0.13942307692307693
0 0.25600961538461536 0.8185096153846154 0.04326923076923077 0.13341346153846154
0 0.21153846153846154 0.8209134615384616 0.03485576923076923 0.1346153846153846
0 0.17548076923076922 0.8016826923076923 0.030048076923076924 0.11298076923076923
0 0.13701923076923078 0.828125 0.04326923076923077 0.13341346153846154
0 0.0985576923076923 0.8293269230769231 0.03485576923076923 0.13942307692307693
0 0.05889423076923077 0.8161057692307693 0.042067307692307696 0.14302884615384615
0 0.018028846153846152 0.8221153846153846 0.036057692307692304 0.13581730769230768
0 0.9819711538461539 0.640625 0.03485576923076923 0.1502403846153846
0 0.9459134615384616 0.6382211538461539 0.03125 0.14903846153846154
0 0.9014423076923077 0.6370192307692307 0.04567307692307692 0.15264423076923078
0 0.7740384615384616 0.6358173076923077 0.03485576923076923 0.15384615384615385
0 0.5925480769230769 0.40865384615384615 0.040865384615384616 0.04927884615384615
0 0.6923076923076923 0.6418269230769231 0.03485576923076923 0.14903846153846154
0 0.5552884615384616 0.45913461538461536 0.02283653846153846 0.16466346153846154
0 0.6598557692307693 0.4567307692307692 0.037259615384615384 0.1778846153846154
0 0.49038461538461536 0.4675480769230769 0.030048076923076924 0.16706730769230768
0 0.7560096153846154 0.26802884615384615 0.025240384615384616 0.13701923076923078
0 0.7211538461538461 0.2668269230769231 0.027644230769230768 0.1466346153846154
0 0.6586538461538461 0.28725961538461536 0.026442307692307692 0.10096153846153846
0 0.6141826923076923 0.3173076923076923 0.05889423076923077 0.05048076923076923
0 0.6153846153846154 0.26802884615384615 0.055288461538461536 0.04807692307692308
0 0.6201923076923077 0.21875 0.055288461538461536 0.04567307692307692
0 0.5552884615384616 0.3112980769230769 0.04807692307692308 0.05048076923076923
0 0.5576923076923077 0.2644230769230769 0.04927884615384615 0.04447115384615385
0 0.5600961538461539 0.21634615384615385 0.056490384615384616 0.04807692307692308
0 0.5192307692307693 0.24639423076923078 0.02403846153846154 0.1814903846153846
0 0.49038461538461536 0.24879807692307693 0.03365384615384615 0.18389423076923078
0 0.4519230769230769 0.2536057692307692 0.038461538461538464 0.1778846153846154
0 0.40384615384615385 0.25240384615384615 0.04326923076923077 0.18509615384615385
0 0.7872596153846154 0.2512019230769231 0.027644230769230768 0.17067307692307693
0 0.3605769230769231 0.2548076923076923 0.04447115384615385 0.18629807692307693
0 0.31009615384615385 0.23798076923076922 0.055288461538461536 0.07211538461538461
0 0.23076923076923078 0.2956730769230769 0.1045673076923077 0.08533653846153846
0 0.109375 0.2692307692307692 0.03365384615384615 0.15865384615384615
0 0.07211538461538461 0.2704326923076923 0.03365384615384615 0.15985576923076922
0 0.03125 0.2704326923076923 0.037259615384615384 0.15745192307692307
0 0.9507211538461539 0.046875 0.09375 0.0889423076923077
0 0.8401442307692307 0.04927884615384615 0.10336538461538461 0.09495192307692307
0 0.7319711538461539 0.051682692307692304 0.10336538461538461 0.09375
0 0.5661057692307693 0.051682692307692304 0.203125 0.10216346153846154
0 0.3870192307692308 0.054086538461538464 0.15144230769230768 0.10216346153846154
0 0.23317307692307693 0.055288461538461536 0.15264423076923078 0.09975961538461539
0 0.07572115384615384 0.056490384615384616 0.15144230769230768 0.11298076923076923
0 0.5252403846153846 0.46033653846153844 0.028846153846153848 0.1658653846153846
0 0.31490384615384615 0.3112980769230769 0.04567307692307692 0.0673076923076923
0 0.8197115384615384 0.24759615384615385 0.03245192307692308 0.16466346153846154
0 0.14783653846153846 0.2920673076923077 0.03365384615384615 0.109375
0 0.025240384615384616 0.47836538461538464 0.03485576923076923 0.14903846153846154
0 0.06490384615384616 0.47716346153846156 0.039663461538461536 0.14903846153846154
0 0.17427884615384615 0.47716346153846156 0.036057692307692304 0.14783653846153846
0 0.26322115384615385 0.5048076923076923 0.0985576923076923 0.08653846153846154
0 0.9891826923076923 0.24759615384615385 0.016826923076923076 0.17307692307692307
0 0.9591346153846154 0.24519230769230768 0.030048076923076924 0.16826923076923078
0 0.9278846153846154 0.24639423076923078 0.030048076923076924 0.16947115384615385
0 0.890625 0.24759615384615385 0.03485576923076923 0.16947115384615385
0 0.8569711538461539 0.24759615384615385 0.028846153846153848 0.16947115384615385
0 0.33653846153846156 0.453125 0.046875 0.06610576923076923
0 0.10216346153846154 0.4807692307692308 0.025240384615384616 0.14783653846153846
0 0.13581730769230768 0.47716346153846156 0.03125 0.15144230769230768
0 0.33774038461538464 0.5168269230769231 0.046875 0.057692307692307696
0 0.3786057692307692 0.4651442307692308 0.03485576923076923 0.15865384615384615
0 0.4206730769230769 0.46274038461538464 0.042067307692307696 0.16105769230769232