0 0.5709134615384616 0.06370192307692307 0.06370192307692307 0.07451923076923077
0 0.5072115384615384 0.13701923076923078 0.05889423076923077 0.07451923076923077
0 0.5709134615384616 0.13701923076923078 0.0625 0.06971153846153846
0 0.6322115384615384 0.05889423076923077 0.04927884615384615 0.1045673076923077
0 0.6334134615384616 0.140625 0.052884615384615384 0.0625
0 0.6923076923076923 0.06129807692307692 0.06129807692307692 0.07692307692307693
0 0.8209134615384616 0.06610576923076923 0.05889423076923077 0.07692307692307693
0 0.7572115384615384 0.06490384615384616 0.0625 0.07572115384615384
0 0.7572115384615384 0.1346153846153846 0.0625 0.06490384615384616
0 0.8197115384615384 0.13581730769230768 0.06129807692307692 0.0625
0 0.5072115384615384 0.06370192307692307 0.05889423076923077 0.07572115384615384
0 0.8786057692307693 0.06490384615384616 0.055288461538461536 0.07572115384615384
0 0.6923076923076923 0.1346153846153846 0.06490384615384616 0.06850961538461539
0 0.44350961538461536 0.13581730769230768 0.06009615384615385 0.06971153846153846
0 0.5769230769230769 0.5853365384615384 0.04927884615384615 0.10096153846153846
0 0.31850961538461536 0.13822115384615385 0.06971153846153846 0.06971153846153846
0 0.24278846153846154 0.13822115384615385 0.08052884615384616 0.06971153846153846
0 0.171875 0.13942307692307693 0.06129807692307692 0.0673076923076923
0 0.1141826923076923 0.13822115384615385 0.051682692307692304 0.07211538461538461
0 0.4411057692307692 0.057692307692307696 0.056490384615384616 0.07932692307692307
0 0.38461538461538464 0.056490384615384616 0.057692307692307696 0.0829326923076923
0 0.3161057692307692 0.0673076923076923 0.07451923076923077 0.07451923076923077
0 0.23557692307692307 0.06850961538461539 0.08533653846153846 0.07091346153846154
0 0.1622596153846154 0.06971153846153846 0.05889423076923077 0.06610576923076923
0 0.10576923076923077 0.06850961538461539 0.04927884615384615 0.06610576923076923
0 0.052884615384615384 0.13822115384615385 0.07211538461538461 0.07211538461538461
0 0.051682692307692304 0.06850961538461539 0.057692307692307696 0.0673076923076923
0 0.8786057692307693 0.13581730769230768 0.056490384615384616 0.06610576923076923
0 0.38461538461538464 0.1346153846153846 0.057692307692307696 0.0733173076923077
0 0.9375 0.06850961538461539 0.06009615384615385 0.07211538461538461
0 0.1935096153846154 0.2403846153846154 0.1814903846153846 0.06971153846153846
0 0.9819711538461539 0.14302884615384615 0.03125 0.06490384615384616
0 0.7740384615384616 0.7319711538461539 0.06129807692307692 0.05048076923076923
0 0.8425480769230769 0.7331730769230769 0.07211538461538461 0.04807692307692308
0 0.9771634615384616 0.7283653846153846 0.04447115384615385 0.06971153846153846
0 0.056490384615384616 0.8401442307692307 0.07572115384615384 0.07091346153846154
0 0.1310096153846154 0.8389423076923077 0.0733173076923077 0.07451923076923077
0 0.19951923076923078 0.8161057692307693 0.056490384615384616 0.05048076923076923
0 0.25721153846153844 0.8125 0.054086538461538464 0.055288461538461536
0 0.19951923076923078 0.8653846153846154 0.05889423076923077 0.042067307692307696
0 0.25721153846153844 0.8641826923076923 0.051682692307692304 0.04807692307692308
0 0.3125 0.8557692307692307 0.051682692307692304 0.06610576923076923
0 0.8473557692307693 0.6838942307692307 0.07932692307692307 0.04326923076923077
0 0.36538461538461536 0.8629807692307693 0.057692307692307696 0.04807692307692308
0 0.42908653846153844 0.8509615384615384 0.04927884615384615 0.06610576923076923
0 0.5132211538461539 0.8305288461538461 0.078125 0.09254807692307693
0 0.6622596153846154 0.8149038461538461 0.07211538461538461 0.055288461538461536
0 0.7355769230769231 0.8161057692307693 0.0733173076923077 0.052884615384615384
0 0.6646634615384616 0.8641826923076923 0.0625 0.040865384615384616
0 0.734375 0.8653846153846154 0.06850961538461539 0.037259615384615384
0 0.4495192307692308 0.6105769230769231 0.06850961538461539 0.04927884615384615
0 0.3737980769230769 0.6081730769230769 0.07211538461538461 0.051682692307692304
0 0.44591346153846156 0.5516826923076923 0.07091346153846154 0.06129807692307692
0 0.3713942307692308 0.5516826923076923 0.07091346153846154 0.06009615384615385
0 0.3701923076923077 0.8112980769230769 0.054086538461538464 0.04807692307692308
0 0.7752403846153846 0.6802884615384616 0.0625 0.039663461538461536
0 0.7079326923076923 0.7139423076923077 0.06129807692307692 0.05889423076923077
0 0.6418269230769231 0.7139423076923077 0.06610576923076923 0.07091346153846154
0 0.5216346153846154 0.5865384615384616 0.054086538461538464 0.09975961538461539
0 0.6394230769230769 0.6057692307692307 0.0673076923076923 0.07091346153846154
0 0.7067307692307693 0.6105769230769231 0.06370192307692307 0.06129807692307692
0 0.7728365384615384 0.6045673076923077 0.06850961538461539 0.04927884615384615
0 0.7644230769230769 0.5444711538461539 0.0829326923076923 0.046875
0 0.8401442307692307 0.546875 0.06129807692307692 0.04447115384615385
0 0.8461538461538461 0.5985576923076923 0.06370192307692307 0.04807692307692308
0 0.9278846153846154 0.5492788461538461 0.08413461538461539 0.04807692307692308
0 0.9326923076923077 0.6069711538461539 0.08653846153846154 0.06009615384615385
0 0.055288461538461536 0.6694711538461539 0.07932692307692307 0.018028846153846152
0 0.05889423076923077 0.6983173076923077 0.0829326923076923 0.03125
0 0.06610576923076923 0.7379807692307693 0.08173076923076923 0.04567307692307692
0 0.13822115384615385 0.7271634615384616 0.06129807692307692 0.07091346153846154
0 0.20673076923076922 0.6826923076923077 0.054086538461538464 0.037259615384615384
0 0.2091346153846154 0.7331730769230769 0.05889423076923077 0.06370192307692307
0 0.2704326923076923 0.7379807692307693 0.06370192307692307 0.051682692307692304
0 0.2704326923076923 0.6862980769230769 0.06129807692307692 0.04927884615384615
0 0.33052884615384615 0.6802884615384616 0.052884615384615384 0.040865384615384616
0 0.34134615384615385 0.7319711538461539 0.06490384615384616 0.057692307692307696
0 0.4050480769230769 0.7247596153846154 0.056490384615384616 0.06129807692307692
0 0.39663461538461536 0.6730769230769231 0.0625 0.02283653846153846
0 0.48197115384615385 0.7055288461538461 0.08774038461538461 0.08533653846153846
0 0.5697115384615384 0.7019230769230769 0.07932692307692307 0.09134615384615384
0 0.8100961538461539 0.8112980769230769 0.06129807692307692 0.04447115384615385
0 0.9338942307692307 0.13822115384615385 0.055288461538461536 0.06610576923076923
0 0.8161057692307693 0.8641826923076923 0.06009615384615385 0.052884615384615384
0 0.8786057692307693 0.8149038461538461 0.06009615384615385 0.04567307692307692
0 0.9038461538461539 0.3125 0.06129807692307692 0.06850961538461539
0 0.84375 0.3125 0.05889423076923077 0.0673076923076923
0 0.9699519230769231 0.24158653846153846 0.055288461538461536 0.07451923076923077
0 0.9110576923076923 0.24158653846153846 0.06129807692307692 0.06850961538461539
0 0.8485576923076923 0.24158653846153846 0.055288461538461536 0.06850961538461539
0 0.7836538461538461 0.3125 0.055288461538461536 0.06129807692307692
0 0.7259615384615384 0.31490384615384615 0.057692307692307696 0.06370192307692307
0 0.6670673076923077 0.3125 0.056490384615384616 0.0673076923076923
0 0.7884615384615384 0.24519230769230768 0.05889423076923077 0.06850961538461539
0 0.7271634615384616 0.2439903846153846 0.054086538461538464 0.06610576923076923
0 0.9651442307692307 0.3112980769230769 0.06009615384615385 0.06850961538461539
0 0.6658653846153846 0.2439903846153846 0.05889423076923077 0.06610576923076923
0 0.5913461538461539 0.24519230769230768 0.07932692307692307 0.07211538461538461
0 0.5096153846153846 0.31490384615384615 0.07932692307692307 0.0625
0 0.5072115384615384 0.24278846153846154 0.08173076923076923 0.07451923076923077
0 0.37740384615384615 0.3112980769230769 0.16346153846153846 0.057692307692307696
0 0.3762019230769231 0.24519230769230768 0.16706730769230768 0.07572115384615384
0 0.20072115384615385 0.3112980769230769 0.1778846153846154 0.0625
0 0.6382211538461539 0.5444711538461539 0.06850961538461539 0.04447115384615385
0 0.051682692307692304 0.3016826923076923 0.10336538461538461 0.06129807692307692
0 0.05048076923076923 0.2403846153846154 0.10096153846153846 0.0625
0 0.9831730769230769 0.06610576923076923 0.027644230769230768 0.0829326923076923
0 0.5901442307692307 0.3137019230769231 0.08173076923076923 0.06610576923076923
0 0.042067307692307696 0.4495192307692308 0.08413461538461539 0.07572115384615384
0 0.12259615384615384 0.43149038461538464 0.07692307692307693 0.11298076923076923
0 0.2091346153846154 0.4326923076923077 0.09495192307692307 0.1201923076923077
0 0.9663461538461539 0.8040865384615384 0.06610576923076923 0.030048076923076924
0 0.9675480769230769 0.8329326923076923 0.06370192307692307 0.025240384615384616
0 0.9651442307692307 0.8605769230769231 0.06490384615384616 0.028846153846153848
0 0.2860576923076923 0.5528846153846154 0.09254807692307693 0.05889423076923077
0 0.2848557692307692 0.6069711538461539 0.09375 0.04927884615384615
0 0.19110576923076922 0.5913461538461539 0.09014423076923077 0.08052884615384616
0 0.1045673076923077 0.5769230769230769 0.0625 0.0889423076923077
0 0.03245192307692308 0.5889423076923077 0.06490384615384616 0.07692307692307693
0 0.953125 0.4026442307692308 0.07091346153846154 0.057692307692307696
0 0.9495192307692307 0.4651442307692308 0.07572115384615384 0.06850961538461539
0 0.9002403846153846 0.46153846153846156 0.021634615384615384 0.07451923076923077
0 0.7956730769230769 0.4182692307692308 0.06971153846153846 0.037259615384615384
0 0.7980769230769231 0.3858173076923077 0.06490384615384616 0.025240384615384616
0 0.8737980769230769 0.3894230769230769 0.07451923076923077 0.028846153846153848
0 0.8617788461538461 0.4230769230769231 0.051682692307692304 0.036057692307692304
0 0.8521634615384616 0.4723557692307692 0.06009615384615385 0.055288461538461536
0 0.7860576923076923 0.4675480769230769 0.07211538461538461 0.06610576923076923
0 0.6766826923076923 0.45072115384615385 0.07091346153846154 0.08533653846153846
0 0.6033653846153846 0.4543269230769231 0.07091346153846154 0.078125
0 0.515625 0.45072115384615385 0.10096153846153846 0.09375
0 0.4014423076923077 0.46875 0.10817307692307693 0.0625
0 0.39663461538461536 0.4050480769230769 0.11778846153846154 0.06850961538461539
0 0.29927884615384615 0.43028846153846156 0.078125 0.11778846153846154
0 0.8798076923076923 0.8617788461538461 0.057692307692307696 0.04567307692307692
0 0.5901442307692307 0.8269230769230769 0.06610576923076923 0.08413461538461539