0 0.3389423076923077 0.5528846153846154 0.040865384615384616 0.109375
0 0.7487980769230769 0.5685096153846154 0.04326923076923077 0.1141826923076923
0 0.38221153846153844 0.5516826923076923 0.03485576923076923 0.10576923076923077
0 0.4651442307692308 0.5540865384615384 0.038461538461538464 0.10817307692307693
0 0.5456730769230769 0.5612980769230769 0.038461538461538464 0.109375
0 0.7055288461538461 0.5673076923076923 0.036057692307692304 0.10817307692307693
0 0.6670673076923077 0.5673076923076923 0.036057692307692304 0.109375
0 0.6274038461538461 0.5637019230769231 0.038461538461538464 0.10576923076923077
0 0.5865384615384616 0.5600961538461539 0.038461538461538464 0.1045673076923077
0 0.4230769230769231 0.5540865384615384 0.040865384615384616 0.10576923076923077
0 0.2548076923076923 0.5504807692307693 0.039663461538461536 0.109375
0 0.296875 0.5516826923076923 0.042067307692307696 0.10817307692307693
0 0.5060096153846154 0.5576923076923077 0.039663461538461536 0.1045673076923077
0 0.21514423076923078 0.5492788461538461 0.03365384615384615 0.1045673076923077
0 0.018028846153846152 0.6682692307692307 0.036057692307692304 0.09014423076923077
0 0.14182692307692307 0.5456730769230769 0.030048076923076924 0.109375
0 0.7920673076923077 0.5697115384615384 0.037259615384615384 0.11177884615384616
0 0.5432692307692307 0.6959134615384616 0.037259615384615384 0.10817307692307693
0 0.5060096153846154 0.6947115384615384 0.03365384615384615 0.10576923076923077
0 0.4699519230769231 0.7067307692307693 0.03485576923076923 0.07091346153846154
0 0.4326923076923077 0.6911057692307693 0.039663461538461536 0.09495192307692307
0 0.3918269230769231 0.6862980769230769 0.03485576923076923 0.09615384615384616
0 0.3545673076923077 0.6862980769230769 0.037259615384615384 0.09014423076923077
0 0.3137019230769231 0.6850961538461539 0.038461538461538464 0.09014423076923077
0 0.27403846153846156 0.6802884615384616 0.037259615384615384 0.08653846153846154
0 0.23557692307692307 0.6814903846153846 0.038461538461538464 0.09014423076923077
0 0.1971153846153846 0.6778846153846154 0.03485576923076923 0.09014423076923077
0 0.15865384615384615 0.6778846153846154 0.03125 0.09014423076923077
0 0.12379807692307693 0.6742788461538461 0.03365384615384615 0.08413461538461539
0 0.08653846153846154 0.6742788461538461 0.03365384615384615 0.08413461538461539
0 0.052884615384615384 0.6682692307692307 0.03365384615384615 0.0889423076923077
0 0.5805288461538461 0.6959134615384616 0.03125 0.10216346153846154
0 0.6201923076923077 0.6983173076923077 0.042067307692307696 0.10096153846153846
0 0.6622596153846154 0.6983173076923077 0.039663461538461536 0.0985576923076923
0 0.703125 0.7043269230769231 0.03125 0.09735576923076923
0 0.7403846153846154 0.7067307692307693 0.036057692307692304 0.10096153846153846
0 0.7764423076923077 0.7079326923076923 0.03365384615384615 0.10697115384615384
0 0.8197115384615384 0.7091346153846154 0.03245192307692308 0.09735576923076923
0 0.9771634615384616 0.7103365384615384 0.04447115384615385 0.11658653846153846
0 0.9266826923076923 0.7067307692307693 0.052884615384615384 0.13581730769230768
0 0.021634615384615384 0.5444711538461539 0.039663461538461536 0.10697115384615384
0 0.0625 0.5444711538461539 0.038461538461538464 0.10817307692307693
0 0.10336538461538461 0.5444711538461539 0.040865384615384616 0.1141826923076923
0 0.17668269230769232 0.5456730769230769 0.038461538461538464 0.10576923076923077
0 0.8353365384615384 0.5697115384615384 0.04447115384615385 0.10697115384615384
0 0.9795673076923077 0.8834134615384616 0.039663461538461536 0.0985576923076923
0 0.9555288461538461 0.5060096153846154 0.040865384615384616 0.12620192307692307
0 0.5528846153846154 0.8509615384615384 0.03245192307692308 0.10336538461538461
0 0.5877403846153846 0.8533653846153846 0.03365384615384615 0.10336538461538461
0 0.6225961538461539 0.8569711538461539 0.03485576923076923 0.09375
0 0.9302884615384616 0.8846153846153846 0.052884615384615384 0.09615384615384616
0 0.8425480769230769 0.875 0.05048076923076923 0.09735576923076923
0 0.8786057692307693 0.20793269230769232 0.05889423076923077 0.15625
0 0.78125 0.21033653846153846 0.046875 0.15504807692307693
0 0.7295673076923077 0.21033653846153846 0.04447115384615385 0.15384615384615385
0 0.6814903846153846 0.21153846153846154 0.04326923076923077 0.14903846153846154
0 0.7980769230769231 0.8725961538461539 0.03365384615384615 0.0889423076923077
0 0.7644230769230769 0.8689903846153846 0.030048076923076924 0.0829326923076923
0 0.7295673076923077 0.8641826923076923 0.038461538461538464 0.08653846153846154
0 0.014423076923076924 0.19471153846153846 0.028846153846153848 0.15384615384615385
0 0.052884615384615384 0.18990384615384615 0.039663461538461536 0.16346153846153846
0 0.10096153846153846 0.19230769230769232 0.040865384615384616 0.17307692307692307
0 0.1502403846153846 0.1935096153846154 0.04567307692307692 0.16105769230769232
0 0.19951923076923078 0.19471153846153846 0.04567307692307692 0.16826923076923078
0 0.25 0.19951923076923078 0.04567307692307692 0.16947115384615385
0 0.29927884615384615 0.1971153846153846 0.05048076923076923 0.18028846153846154
0 0.34975961538461536 0.1971153846153846 0.04927884615384615 0.17908653846153846
0 0.39663461538461536 0.2091346153846154 0.039663461538461536 0.15264423076923078
0 0.44350961538461536 0.2091346153846154 0.046875 0.15264423076923078
0 0.49038461538461536 0.21033653846153846 0.04567307692307692 0.15144230769230768
0 0.5360576923076923 0.2127403846153846 0.04447115384615385 0.15745192307692307
0 0.5817307692307693 0.2127403846153846 0.04326923076923077 0.15144230769230768
0 0.6298076923076923 0.21153846153846154 0.05048076923076923 0.14543269230769232
0 0.8737980769230769 0.6911057692307693 0.04927884615384615 0.12860576923076922
0 0.90625 0.5072115384615384 0.054086538461538464 0.14423076923076922
0 0.6538461538461539 0.8629807692307693 0.027644230769230768 0.08653846153846154
0 0.6887019230769231 0.8629807692307693 0.039663461538461536 0.09375
0 0.4795673076923077 0.8533653846153846 0.038461538461538464 0.09975961538461539
0 0.5180288461538461 0.8509615384615384 0.03245192307692308 0.0985576923076923
0 0.4026442307692308 0.8413461538461539 0.03245192307692308 0.0985576923076923
0 0.08533653846153846 0.3918269230769231 0.039663461538461536 0.14302884615384615
0 0.1310096153846154 0.3918269230769231 0.04326923076923077 0.13701923076923078
0 0.18028846153846154 0.3942307692307692 0.04447115384615385 0.13221153846153846
0 0.22596153846153846 0.39302884615384615 0.038461538461538464 0.13221153846153846
0 0.27163461538461536 0.3918269230769231 0.046875 0.13822115384615385
0 0.3173076923076923 0.3954326923076923 0.040865384615384616 0.14302884615384615
0 0.3605769230769231 0.3954326923076923 0.042067307692307696 0.14302884615384615
0 0.4026442307692308 0.39302884615384615 0.037259615384615384 0.13942307692307693
0 0.5793269230769231 0.40024038461538464 0.039663461538461536 0.13581730769230768
0 0.8064903846153846 0.4170673076923077 0.04807692307692308 0.11177884615384616
0 0.8533653846153846 0.41947115384615385 0.04567307692307692 0.1141826923076923
0 0.984375 0.3088942307692308 0.030048076923076924 0.18028846153846154
0 0.9387019230769231 0.3112980769230769 0.057692307692307696 0.16947115384615385
0 0.9399038461538461 0.20072115384615385 0.05889423076923077 0.040865384615384616
0 0.9891826923076923 0.5048076923076923 0.016826923076923076 0.12980769230769232
0 0.040865384615384616 0.3858173076923077 0.036057692307692304 0.12980769230769232
0 0.4387019230769231 0.8449519230769231 0.036057692307692304 0.09495192307692307
0 0.010817307692307692 0.38822115384615385 0.021634615384615384 0.12620192307692307
0 0.015625 0.8293269230769231 0.030048076923076924 0.0733173076923077
0 0.04807692307692308 0.8305288461538461 0.03365384615384615 0.07451923076923077
0 0.08533653846153846 0.8305288461538461 0.03245192307692308 0.07572115384615384
0 0.11899038461538461 0.8341346153846154 0.03125 0.07451923076923077
0 0.15384615384615385 0.8377403846153846 0.03125 0.078125
0 0.18509615384615385 0.8377403846153846 0.028846153846153848 0.07692307692307693
0 0.21153846153846154 0.8389423076923077 0.021634615384615384 0.08173076923076923
0 0.23798076923076922 0.8413461538461539 0.026442307692307692 0.08653846153846154
0 0.9747596153846154 0.07211538461538461 0.05048076923076923 0.14423076923076922
0 0.3641826923076923 0.8377403846153846 0.036057692307692304 0.09254807692307693
0 0.3269230769230769 0.8341346153846154 0.037259615384615384 0.09975961538461539
0 0.2956730769230769 0.8245192307692307 0.02283653846153846 0.1201923076923077
0 0.2692307692307692 0.8209134615384616 0.026442307692307692 0.11658653846153846