0 0.33653846153846156 0.7860576923076923 0.054086538461538464 0.014423076923076924
0 0.33653846153846156 0.7668269230769231 0.054086538461538464 0.019230769230769232
0 0.33413461538461536 0.7475961538461539 0.054086538461538464 0.018028846153846152
0 0.3233173076923077 0.7283653846153846 0.052884615384615384 0.019230769230769232
0 0.28125 0.8052884615384616 0.04567307692307692 0.019230769230769232
0 0.28125 0.7860576923076923 0.04567307692307692 0.018028846153846152
0 0.27884615384615385 0.7668269230769231 0.04447115384615385 0.018028846153846152
0 0.5673076923076923 0.7415865384615384 0.04927884615384615 0.021634615384615384
0 0.3894230769230769 0.7620192307692307 0.04447115384615385 0.019230769230769232
0 0.7848557692307693 0.7944711538461539 0.027644230769230768 0.03365384615384615
0 0.8185096153846154 0.7956730769230769 0.03125 0.03365384615384615
0 0.7139423076923077 0.7920673076923077 0.039663461538461536 0.04807692307692308
0 0.7115384615384616 0.7295673076923077 0.036057692307692304 0.042067307692307696
0 0.8629807692307693 0.7992788461538461 0.051682692307692304 0.03245192307692308
0 0.9146634615384616 0.7992788461538461 0.04927884615384615 0.030048076923076924
0 0.953125 0.7644230769230769 0.018028846153846152 0.03125
0 0.9735576923076923 0.765625 0.016826923076923076 0.030048076923076924
0 0.49399038461538464 0.27884615384615385 0.02403846153846154 0.042067307692307696
0 0.45552884615384615 0.28365384615384615 0.02283653846153846 0.040865384615384616
0 0.42908653846153844 0.28365384615384615 0.028846153846153848 0.042067307692307696
0 0.40024038461538464 0.28365384615384615 0.027644230769230768 0.040865384615384616
0 0.7548076923076923 0.7956730769230769 0.026442307692307692 0.03245192307692308
0 0.3629807692307692 0.2800480769230769 0.026442307692307692 0.046875
0 0.3004807692307692 0.2776442307692308 0.025240384615384616 0.046875
0 0.2644230769230769 0.328125 0.028846153846153848 0.04447115384615385
0 0.23557692307692307 0.3269230769230769 0.026442307692307692 0.04567307692307692
0 0.20432692307692307 0.3269230769230769 0.03245192307692308 0.04326923076923077
0 0.16706730769230768 0.3269230769230769 0.027644230769230768 0.04447115384615385
0 0.1346153846153846 0.3269230769230769 0.030048076923076924 0.04447115384615385
0 0.10096153846153846 0.3269230769230769 0.027644230769230768 0.04927884615384615
0 0.9507211538461539 0.7980769230769231 0.013221153846153846 0.03125
0 0.9699519230769231 0.7980769230769231 0.018028846153846152 0.03125
0 0.9879807692307693 0.7992788461538461 0.016826923076923076 0.03125
0 0.9711538461538461 0.7331730769230769 0.025240384615384616 0.030048076923076924
0 0.9927884615384616 0.7548076923076923 0.013221153846153846 0.03125
0 0.3317307692307692 0.2800480769230769 0.03125 0.04567307692307692
0 0.34134615384615385 0.8052884615384616 0.054086538461538464 0.018028846153846152
0 0.8185096153846154 0.7608173076923077 0.03125 0.03245192307692308
0 0.7536057692307693 0.7620192307692307 0.030048076923076924 0.03125
0 0.3954326923076923 0.7848557692307693 0.04326923076923077 0.020432692307692308
0 0.3954326923076923 0.8052884615384616 0.04326923076923077 0.019230769230769232
0 0.4423076923076923 0.7211538461538461 0.04326923076923077 0.021634615384615384
0 0.4387019230769231 0.7439903846153846 0.04447115384615385 0.020432692307692308
0 0.43990384615384615 0.7644230769230769 0.04567307692307692 0.018028846153846152
0 0.4423076923076923 0.7848557692307693 0.04807692307692308 0.016826923076923076
0 0.44591346153846156 0.8052884615384616 0.042067307692307696 0.019230769230769232
0 0.4855769230769231 0.734375 0.039663461538461536 0.03125
0 0.4879807692307692 0.7680288461538461 0.036057692307692304 0.03245192307692308
0 0.4891826923076923 0.8004807692307693 0.036057692307692304 0.030048076923076924
0 0.26802884615384615 0.7451923076923077 0.04567307692307692 0.019230769230769232
0 0.5697115384615384 0.7644230769230769 0.054086538461538464 0.018028846153846152
0 0.7836538461538461 0.7608173076923077 0.030048076923076924 0.03245192307692308
0 0.5697115384615384 0.7836538461538461 0.04927884615384615 0.018028846153846152
0 0.6213942307692307 0.7427884615384616 0.04807692307692308 0.014423076923076924
0 0.625 0.7596153846153846 0.05048076923076923 0.013221153846153846
0 0.6262019230769231 0.7764423076923077 0.04807692307692308 0.014423076923076924
0 0.6213942307692307 0.7908653846153846 0.046875 0.014423076923076924
0 0.6225961538461539 0.8076923076923077 0.052884615384615384 0.014423076923076924
0 0.6742788461538461 0.7548076923076923 0.036057692307692304 0.025240384615384616
0 0.6694711538461539 0.7788461538461539 0.036057692307692304 0.021634615384615384
0 0.6706730769230769 0.8040865384615384 0.036057692307692304 0.02283653846153846
0 0.5649038461538461 0.6935096153846154 0.04927884615384615 0.015625
0 0.7524038461538461 0.7247596153846154 0.03485576923076923 0.03485576923076923
0 0.7872596153846154 0.7247596153846154 0.028846153846153848 0.036057692307692304
0 0.8197115384615384 0.7235576923076923 0.03125 0.037259615384615384
0 0.5685096153846154 0.8040865384615384 0.04807692307692308 0.020432692307692308
0 0.21153846153846154 0.8040865384615384 0.06370192307692307 0.025240384615384616
0 0.7451923076923077 0.33774038461538464 0.06971153846153846 0.01201923076923077
0 0.14543269230769232 0.7776442307692307 0.06009615384615385 0.02283653846153846
0 0.3317307692307692 0.45913461538461536 0.04927884615384615 0.02283653846153846
0 0.38221153846153844 0.45913461538461536 0.04326923076923077 0.02283653846153846
0 0.4326923076923077 0.45913461538461536 0.04567307692307692 0.02283653846153846
0 0.4795673076923077 0.45913461538461536 0.04567307692307692 0.020432692307692308
0 0.6105769230769231 0.4699519230769231 0.09254807692307693 0.04567307692307692
0 0.6766826923076923 0.4795673076923077 0.038461538461538464 0.019230769230769232
0 0.7451923076923077 0.46875 0.051682692307692304 0.04927884615384615
0 0.8233173076923077 0.47115384615384615 0.0625 0.04927884615384615
0 0.9002403846153846 0.4230769230769231 0.057692307692307696 0.02403846153846154
0 0.8894230769230769 0.44591346153846156 0.052884615384615384 0.019230769230769232
0 0.8858173076923077 0.46634615384615385 0.046875 0.018028846153846152
0 0.8870192307692307 0.48677884615384615 0.04927884615384615 0.019230769230769232
0 0.9411057692307693 0.4807692307692308 0.037259615384615384 0.030048076923076924
0 0.5204326923076923 0.6274038461538461 0.030048076923076924 0.040865384615384616
0 0.5528846153846154 0.6274038461538461 0.030048076923076924 0.039663461538461536
0 0.5841346153846154 0.6286057692307693 0.026442307692307692 0.042067307692307696
0 0.6177884615384616 0.6286057692307693 0.03125 0.039663461538461536
0 0.2776442307692308 0.4579326923076923 0.05048076923076923 0.02283653846153846
0 0.17548076923076922 0.4579326923076923 0.04927884615384615 0.02403846153846154
0 0.12259615384615384 0.45913461538461536 0.052884615384615384 0.021634615384615384
0 0.48197115384615385 0.4362980769230769 0.046875 0.020432692307692308
0 0.7451923076923077 0.3245192307692308 0.07572115384615384 0.010817307692307692
0 0.6141826923076923 0.34375 0.07451923076923077 0.02403846153846154
0 0.5528846153846154 0.3293269230769231 0.030048076923076924 0.04567307692307692
0 0.5204326923076923 0.33052884615384615 0.03125 0.04567307692307692
0 0.49038461538461536 0.3293269230769231 0.02403846153846154 0.04447115384615385
0 0.4579326923076923 0.3293269230769231 0.026442307692307692 0.046875
0 0.42788461538461536 0.328125 0.030048076923076924 0.04567307692307692
0 0.3954326923076923 0.3293269230769231 0.030048076923076924 0.04807692307692308
0 0.6478365384615384 0.6298076923076923 0.028846153846153848 0.040865384615384616
0 0.3641826923076923 0.3293269230769231 0.02403846153846154 0.04807692307692308
0 0.3016826923076923 0.3269230769230769 0.03245192307692308 0.04567307692307692
0 0.5516826923076923 0.27884615384615385 0.030048076923076924 0.04447115384615385
0 0.5228365384615384 0.27884615384615385 0.02403846153846154 0.04326923076923077
0 0.8521634615384616 0.3317307692307692 0.06009615384615385 0.04807692307692308
0 0.9206730769230769 0.3329326923076923 0.06971153846153846 0.04447115384615385
0 0.9771634615384616 0.3329326923076923 0.040865384615384616 0.04567307692307692
0 0.1141826923076923 0.4110576923076923 0.052884615384615384 0.02283653846153846
0 0.4326923076923077 0.43509615384615385 0.04567307692307692 0.019230769230769232
0 0.33533653846153844 0.328125 0.030048076923076924 0.04567307692307692
0 0.1466346153846154 0.8040865384615384 0.0625 0.025240384615384616
0 0.6802884615384616 0.6286057692307693 0.03365384615384615 0.039663461538461536
0 0.7439903846153846 0.6298076923076923 0.03125 0.038461538461538464
0 0.48677884615384615 0.3918269230769231 0.03485576923076923 0.018028846153846152
0 0.53125 0.39302884615384615 0.042067307692307696 0.015625
0 0.5324519230769231 0.43509615384615385 0.04326923076923077 0.019230769230769232
0 0.5384615384615384 0.46033653846153844 0.046875 0.02283653846153846
0 0.11538461538461539 0.43509615384615385 0.051682692307692304 0.021634615384615384
0 0.16947115384615385 0.43509615384615385 0.04927884615384615 0.021634615384615384
0 0.22716346153846154 0.4362980769230769 0.04927884615384615 0.021634615384615384
0 0.2776442307692308 0.43509615384615385 0.05048076923076923 0.020432692307692308
0 0.3317307692307692 0.43509615384615385 0.04927884615384615 0.019230769230769232
0 0.38341346153846156 0.4362980769230769 0.05048076923076923 0.020432692307692308
0 0.7475961538461539 0.35096153846153844 0.06850961538461539 0.010817307692307692
0 0.3329326923076923 0.6274038461538461 0.06009615384615385 0.039663461538461536
0 0.34375 0.5853365384615384 0.06009615384615385 0.042067307692307696
0 0.13942307692307693 0.7271634615384616 0.06971153846153846 0.025240384615384616
0 0.14543269230769232 0.7536057692307693 0.06370192307692307 0.02283653846153846
0 0.2091346153846154 0.7524038461538461 0.06009615384615385 0.02283653846153846
0 0.21394230769230768 0.7764423076923077 0.06490384615384616 0.02403846153846154
0 0.2860576923076923 0.3918269230769231 0.042067307692307696 0.016826923076923076
0 0.33653846153846156 0.390625 0.040865384615384616 0.016826923076923076
0 0.3858173076923077 0.3918269230769231 0.040865384615384616 0.015625
0 0.4387019230769231 0.3918269230769231 0.04567307692307692 0.015625
0 0.7764423076923077 0.6286057692307693 0.027644230769230768 0.039663461538461536
0 0.6117788461538461 0.5841346153846154 0.03125 0.039663461538461536
0 0.6430288461538461 0.5865384615384616 0.027644230769230768 0.039663461538461536
0 0.6730769230769231 0.5865384615384616 0.03125 0.039663461538461536
0 0.8305288461538461 0.6286057692307693 0.03125 0.038461538461538464
0 0.8617788461538461 0.6286057692307693 0.028846153846153848 0.038461538461538464
0 0.8942307692307693 0.6286057692307693 0.03365384615384615 0.039663461538461536
0 0.19110576923076922 0.6213942307692307 0.07932692307692307 0.04567307692307692
0 0.7127403846153846 0.6286057692307693 0.028846153846153848 0.042067307692307696
0 0.27163461538461536 0.6213942307692307 0.056490384615384616 0.038461538461538464
0 0.22596153846153846 0.41346153846153844 0.04567307692307692 0.02283653846153846
0 0.15865384615384615 0.3894230769230769 0.04807692307692308 0.018028846153846152
0 0.21033653846153846 0.390625 0.04567307692307692 0.019230769230769232
0 0.2776442307692308 0.41346153846153844 0.04567307692307692 0.020432692307692308
0 0.3293269230769231 0.41225961538461536 0.04807692307692308 0.021634615384615384
0 0.3786057692307692 0.41346153846153844 0.04927884615384615 0.02283653846153846
0 0.43990384615384615 0.41346153846153844 0.056490384615384616 0.020432692307692308
0 0.5336538461538461 0.41346153846153844 0.05048076923076923 0.019230769230769232
0 0.17067307692307693 0.41225961538461536 0.05048076923076923 0.019230769230769232
0 0.22716346153846154 0.45913461538461536 0.04326923076923077 0.02283653846153846