0 0.9435096153846154 0.16105769230769232 0.06009615384615385 0.039663461538461536
0 0.8834134615384616 0.15625 0.05889423076923077 0.04807692307692308
0 0.44591346153846156 0.30408653846153844 0.040865384615384616 0.07692307692307693
0 0.12620192307692307 0.29927884615384615 0.04567307692307692 0.078125
0 0.7524038461538461 0.15264423076923078 0.0625 0.046875
0 0.8209134615384616 0.15264423076923078 0.06129807692307692 0.04567307692307692
0 0.171875 0.29927884615384615 0.040865384615384616 0.07932692307692307
0 0.31971153846153844 0.30288461538461536 0.027644230769230768 0.07451923076923077
0 0.23557692307692307 0.29927884615384615 0.02403846153846154 0.08052884615384616
0 0.2644230769230769 0.296875 0.030048076923076924 0.07692307692307693
0 0.2920673076923077 0.3004807692307692 0.026442307692307692 0.078125
0 0.359375 0.30528846153846156 0.042067307692307696 0.07451923076923077
0 0.6899038461538461 0.1502403846153846 0.06490384615384616 0.05048076923076923
0 0.40384615384615385 0.30408653846153844 0.04567307692307692 0.07692307692307693
0 0.20793269230769232 0.3004807692307692 0.03365384615384615 0.078125
0 0.6213942307692307 0.15144230769230768 0.056490384615384616 0.04927884615384615
0 0.96875 0.2247596153846154 0.057692307692307696 0.07451923076923077
0 0.49399038461538464 0.14783653846153846 0.06129807692307692 0.046875
0 0.5036057692307693 0.21394230769230768 0.06370192307692307 0.0829326923076923
0 0.4891826923076923 0.30649038461538464 0.040865384615384616 0.07211538461538461
0 0.6382211538461539 0.21995192307692307 0.06129807692307692 0.07932692307692307
0 0.7067307692307693 0.21875 0.07692307692307693 0.08173076923076923
0 0.7752403846153846 0.21995192307692307 0.057692307692307696 0.0829326923076923
0 0.8401442307692307 0.22235576923076922 0.06971153846153846 0.078125
0 0.5600961538461539 0.1502403846153846 0.06370192307692307 0.04447115384615385
0 0.9122596153846154 0.22235576923076922 0.056490384615384616 0.07932692307692307
0 0.028846153846153848 0.296875 0.037259615384615384 0.08173076923076923
0 0.06971153846153846 0.29927884615384615 0.042067307692307696 0.07932692307692307
0 0.234375 0.13822115384615385 0.046875 0.054086538461538464
0 0.29086538461538464 0.13942307692307693 0.06850961538461539 0.05048076923076923
0 0.359375 0.13942307692307693 0.0673076923076923 0.056490384615384616
0 0.42788461538461536 0.1466346153846154 0.0673076923076923 0.04567307692307692
0 0.5709134615384616 0.21634615384615385 0.07091346153846154 0.078125
0 0.5336538461538461 0.3088942307692308 0.04807692307692308 0.06971153846153846
0 0.49759615384615385 0.40024038461538464 0.042067307692307696 0.07451923076923077
0 0.6129807692307693 0.30649038461538464 0.037259615384615384 0.07572115384615384
0 0.5384615384615384 0.4014423076923077 0.03485576923076923 0.07091346153846154
0 0.4362980769230769 0.3942307692307692 0.0673076923076923 0.078125
0 0.35697115384615385 0.3942307692307692 0.07091346153846154 0.07932692307692307
0 0.2127403846153846 0.3894230769230769 0.0733173076923077 0.078125
0 0.140625 0.390625 0.046875 0.08413461538461539
0 0.09975961538461539 0.390625 0.03485576923076923 0.08533653846153846
0 0.578125 0.4026442307692308 0.039663461538461536 0.0733173076923077
0 0.056490384615384616 0.39302884615384615 0.052884615384615384 0.06370192307692307
0 0.9855769230769231 0.3137019230769231 0.027644230769230768 0.08413461538461539
0 0.9579326923076923 0.31009615384615385 0.03125 0.08413461538461539
0 0.9290865384615384 0.31009615384615385 0.026442307692307692 0.08413461538461539
0 0.8978365384615384 0.3125 0.03485576923076923 0.078125
0 0.8497596153846154 0.3112980769230769 0.03365384615384615 0.07692307692307693
0 0.04567307692307692 0.4963942307692308 0.03365384615384615 0.0829326923076923
0 0.015625 0.40384615384615385 0.03125 0.0673076923076923
0 0.6141826923076923 0.40024038461538464 0.03125 0.078125
0 0.6430288461538461 0.39663461538461536 0.028846153846153848 0.0829326923076923
0 0.6742788461538461 0.3954326923076923 0.03365384615384615 0.08413461538461539
0 0.6454326923076923 0.30649038461538464 0.03125 0.07692307692307693
0 0.6742788461538461 0.3076923076923077 0.027644230769230768 0.07932692307692307
0 0.7079326923076923 0.3088942307692308 0.03245192307692308 0.07572115384615384
0 0.7367788461538461 0.3112980769230769 0.027644230769230768 0.08052884615384616
0 0.765625 0.3112980769230769 0.027644230769230768 0.07211538461538461
0 0.29086538461538464 0.39783653846153844 0.04927884615384615 0.0673076923076923
0 0.9891826923076923 0.40625 0.020432692307692308 0.08653846153846154
0 0.9639423076923077 0.40384615384615385 0.025240384615384616 0.0829326923076923
0 0.9375 0.4014423076923077 0.028846153846153848 0.08653846153846154
0 0.9074519230769231 0.4014423076923077 0.03245192307692308 0.08533653846153846
0 0.8737980769230769 0.4014423076923077 0.03245192307692308 0.08533653846153846
0 0.8413461538461539 0.40384615384615385 0.03485576923076923 0.08413461538461539
0 0.7740384615384616 0.40384615384615385 0.030048076923076924 0.08774038461538461
0 0.7439903846153846 0.40384615384615385 0.027644230769230768 0.08533653846153846
0 0.7115384615384616 0.4026442307692308 0.03365384615384615 0.07932692307692307
0 0.5745192307692307 0.30649038461538464 0.03485576923076923 0.0733173076923077
0 0.07932692307692307 0.49759615384615385 0.03365384615384615 0.07932692307692307
0 0.8064903846153846 0.4026442307692308 0.03485576923076923 0.08653846153846154
0 0.18028846153846154 0.4891826923076923 0.037259615384615384 0.08653846153846154
0 0.7992788461538461 0.7175480769230769 0.06370192307692307 0.08413461538461539
0 0.7391826923076923 0.7163461538461539 0.056490384615384616 0.08774038461538461
0 0.671875 0.7127403846153846 0.06971153846153846 0.08533653846153846
0 0.6021634615384616 0.7103365384615384 0.06850961538461539 0.0889423076923077
0 0.5372596153846154 0.7127403846153846 0.04567307692307692 0.09254807692307693
0 0.49038461538461536 0.7115384615384616 0.04927884615384615 0.0985576923076923
0 0.8629807692307693 0.7175480769230769 0.06370192307692307 0.09014423076923077
0 0.42908653846153844 0.6995192307692307 0.06129807692307692 0.07692307692307693
0 0.29086538461538464 0.7103365384615384 0.07572115384615384 0.0889423076923077
0 0.2247596153846154 0.7103365384615384 0.056490384615384616 0.0889423076923077
0 0.16947115384615385 0.7043269230769231 0.036057692307692304 0.08774038461538461
0 0.12740384615384615 0.7079326923076923 0.040865384615384616 0.08774038461538461
0 0.06370192307692307 0.7223557692307693 0.04567307692307692 0.07572115384615384
0 0.02403846153846154 0.7199519230769231 0.03365384615384615 0.08052884615384616
0 0.3641826923076923 0.7115384615384616 0.06850961538461539 0.09014423076923077
0 0.9699519230769231 0.6069711538461539 0.05889423076923077 0.08413461538461539
0 0.9266826923076923 0.7175480769230769 0.06370192307692307 0.09134615384615384
0 0.014423076923076924 0.8449519230769231 0.025240384615384616 0.11778846153846154
0 0.8197115384615384 0.3125 0.026442307692307692 0.07572115384615384
0 0.9254807692307693 0.8449519230769231 0.07932692307692307 0.09615384615384616
0 0.84375 0.8473557692307693 0.07692307692307693 0.09254807692307693
0 0.7427884615384616 0.8341346153846154 0.09735576923076923 0.11899038461538461
0 0.6574519230769231 0.8509615384615384 0.07211538461538461 0.08774038461538461
0 0.5733173076923077 0.8545673076923077 0.0733173076923077 0.0889423076923077
0 0.9807692307692307 0.7199519230769231 0.037259615384615384 0.09134615384615384
0 0.49158653846153844 0.8533653846153846 0.07091346153846154 0.08653846153846154
0 0.35336538461538464 0.8545673076923077 0.07451923076923077 0.09495192307692307
0 0.28125 0.8521634615384616 0.06850961538461539 0.09735576923076923
0 0.21514423076923078 0.8521634615384616 0.06009615384615385 0.09495192307692307
0 0.15865384615384615 0.8521634615384616 0.038461538461538464 0.10216346153846154
0 0.11658653846153846 0.8521634615384616 0.04447115384615385 0.10096153846153846
0 0.052884615384615384 0.8485576923076923 0.054086538461538464 0.109375
0 0.4230769230769231 0.8509615384615384 0.06490384615384616 0.0889423076923077
0 0.9002403846153846 0.6045673076923077 0.0625 0.08774038461538461
0 0.8353365384615384 0.6057692307692307 0.06850961538461539 0.08774038461538461
0 0.7704326923076923 0.6057692307692307 0.054086538461538464 0.0889423076923077
0 0.6754807692307693 0.4963942307692308 0.054086538461538464 0.08653846153846154
0 0.6189903846153846 0.4963942307692308 0.057692307692307696 0.08653846153846154
0 0.5673076923076923 0.4951923076923077 0.04807692307692308 0.0889423076923077
0 0.5168269230769231 0.49278846153846156 0.054086538461538464 0.08413461538461539
0 0.45913461538461536 0.4963942307692308 0.06129807692307692 0.078125
0 0.3894230769230769 0.49278846153846156 0.0733173076923077 0.08413461538461539
0 0.7331730769230769 0.4951923076923077 0.05889423076923077 0.08774038461538461
0 0.31850961538461536 0.49278846153846156 0.0673076923076923 0.0829326923076923
0 0.06850961538461539 0.18870192307692307 0.037259615384615384 0.0985576923076923
0 0.23317307692307693 0.20552884615384615 0.04326923076923077 0.08653846153846154
0 0.2920673076923077 0.2091346153846154 0.06850961538461539 0.08052884615384616
0 0.3605769230769231 0.21033653846153846 0.06370192307692307 0.08533653846153846
0 0.4326923076923077 0.2127403846153846 0.078125 0.08052884615384616
0 0.23798076923076922 0.49038461538461536 0.06370192307692307 0.078125
0 0.03245192307692308 0.19471153846153846 0.03485576923076923 0.08533653846153846
0 0.7896634615384616 0.49759615384615385 0.056490384615384616 0.09014423076923077
0 0.84375 0.4987980769230769 0.052884615384615384 0.08774038461538461
0 0.8954326923076923 0.4987980769230769 0.04807692307692308 0.0889423076923077
0 0.7127403846153846 0.6045673076923077 0.05889423076923077 0.0889423076923077
0 0.65625 0.6009615384615384 0.051682692307692304 0.09014423076923077
0 0.5949519230769231 0.6033653846153846 0.06129807692307692 0.08774038461538461
0 0.5384615384615384 0.5997596153846154 0.054086538461538464 0.09615384615384616
0 0.4891826923076923 0.5949519230769231 0.030048076923076924 0.08774038461538461
0 0.4338942307692308 0.6033653846153846 0.07451923076923077 0.09134615384615384
0 0.36778846153846156 0.6021634615384616 0.05889423076923077 0.09134615384615384
0 0.7944711538461539 0.3112980769230769 0.026442307692307692 0.07211538461538461
0 0.3016826923076923 0.5997596153846154 0.07091346153846154 0.0889423076923077
0 0.23317307692307693 0.6009615384615384 0.06971153846153846 0.08533653846153846
0 0.17067307692307693 0.5997596153846154 0.039663461538461536 0.0889423076923077
0 0.13221153846153846 0.5985576923076923 0.038461538461538464 0.09375
0 0.06971153846153846 0.6081730769230769 0.042067307692307696 0.07692307692307693
0 0.028846153846153848 0.6081730769230769 0.039663461538461536 0.07692307692307693
0 0.953125 0.5 0.06971153846153846 0.08413461538461539
0 0.13701923076923078 0.4891826923076923 0.046875 0.08774038461538461