0 0.796875 0.9362980769230769 0.026442307692307692 0.10336538461538461
0 0.953125 0.8653846153846154 0.019230769230769232 0.06971153846153846
0 0.8557692307692307 0.5877403846153846 0.014423076923076924 0.09134615384615384
0 0.8413461538461539 0.5925480769230769 0.015625 0.09375
0 0.8233173076923077 0.6009615384615384 0.016826923076923076 0.0829326923076923
0 0.8064903846153846 0.6045673076923077 0.018028846153846152 0.08413461538461539
0 0.7824519230769231 0.6069711538461539 0.025240384615384616 0.0889423076923077
0 0.7572115384615384 0.6105769230769231 0.019230769230769232 0.09375
0 0.7319711538461539 0.6177884615384616 0.027644230769230768 0.09495192307692307
0 0.6995192307692307 0.6225961538461539 0.03365384615384615 0.0985576923076923
0 0.875 0.59375 0.02283653846153846 0.07451923076923077
0 0.6670673076923077 0.6322115384615384 0.030048076923076924 0.10096153846153846
0 0.6105769230769231 0.6454326923076923 0.026442307692307692 0.10096153846153846
0 0.5757211538461539 0.6887019230769231 0.038461538461538464 0.027644230769230768
0 0.5673076923076923 0.6201923076923077 0.03485576923076923 0.051682692307692304
0 0.5276442307692307 0.6634615384615384 0.03245192307692308 0.10336538461538461
0 0.4879807692307692 0.671875 0.03485576923076923 0.109375
0 0.44711538461538464 0.7199519230769231 0.046875 0.026442307692307692
0 0.4014423076923077 0.6814903846153846 0.038461538461538464 0.1346153846153846
0 0.3605769230769231 0.6947115384615384 0.036057692307692304 0.12259615384615384
0 0.6394230769230769 0.6394230769230769 0.027644230769230768 0.09375
0 0.3269230769230769 0.7295673076923077 0.027644230769230768 0.07211538461538461
0 0.9002403846153846 0.5865384615384616 0.025240384615384616 0.07451923076923077
0 0.1310096153846154 0.9375 0.06490384615384616 0.1201923076923077
0 0.8425480769230769 0.7199519230769231 0.02403846153846154 0.09134615384615384
0 0.9747596153846154 0.8545673076923077 0.020432692307692308 0.0733173076923077
0 0.7668269230769231 0.7439903846153846 0.027644230769230768 0.09495192307692307
0 0.7391826923076923 0.75 0.028846153846153848 0.09014423076923077
0 0.7067307692307693 0.7596153846153846 0.03245192307692308 0.10096153846153846
0 0.6754807692307693 0.7668269230769231 0.020432692307692308 0.109375
0 0.6526442307692307 0.7764423076923077 0.021634615384615384 0.11177884615384616
0 0.6298076923076923 0.78125 0.021634615384615384 0.11177884615384616
0 0.038461538461538464 0.9675480769230769 0.07692307692307693 0.06129807692307692
0 0.6045673076923077 0.7896634615384616 0.02403846153846154 0.11658653846153846
0 0.5408653846153846 0.8149038461538461 0.036057692307692304 0.10697115384615384
0 0.5 0.8293269230769231 0.039663461538461536 0.1045673076923077
0 0.4579326923076923 0.8461538461538461 0.038461538461538464 0.09975961538461539
0 0.41225961538461536 0.8545673076923077 0.04807692307692308 0.11177884615384616
0 0.3629807692307692 0.8725961538461539 0.04927884615384615 0.11658653846153846
0 0.31009615384615385 0.8870192307692307 0.05048076923076923 0.12740384615384615
0 0.2512019230769231 0.9074519230769231 0.05889423076923077 0.1346153846153846
0 0.1935096153846154 0.9278846153846154 0.055288461538461536 0.12740384615384615
0 0.5769230769230769 0.7980769230769231 0.028846153846153848 0.11658653846153846
0 0.8689903846153846 0.7127403846153846 0.025240384615384616 0.0733173076923077
0 0.2932692307692308 0.734375 0.03245192307692308 0.08533653846153846
0 0.21153846153846154 0.6947115384615384 0.07451923076923077 0.08173076923076923
0 0.18509615384615385 0.53125 0.038461538461538464 0.1346153846153846
0 0.12980769230769232 0.5348557692307693 0.055288461538461536 0.1346153846153846
0 0.05889423076923077 0.5865384615384616 0.078125 0.04807692307692308
0 0.7427884615384616 0.32091346153846156 0.026442307692307692 0.0889423076923077
0 0.7163461538461539 0.3233173076923077 0.02283653846153846 0.08653846153846154
0 0.6899038461538461 0.31850961538461536 0.028846153846153848 0.09615384615384616
0 0.6586538461538461 0.3173076923076923 0.03365384615384615 0.10096153846153846
0 0.6298076923076923 0.3076923076923077 0.021634615384615384 0.1201923076923077
0 0.25600961538461536 0.546875 0.06610576923076923 0.08052884615384616
0 0.6057692307692307 0.30649038461538464 0.02283653846153846 0.12259615384615384
0 0.5072115384615384 0.30528846153846156 0.038461538461538464 0.11778846153846154
0 0.4651442307692308 0.30528846153846156 0.037259615384615384 0.12139423076923077
0 0.41466346153846156 0.31971153846153844 0.06129807692307692 0.09254807692307693
0 0.34134615384615385 0.296875 0.04326923076923077 0.12620192307692307
0 0.28725961538461536 0.29447115384615385 0.06129807692307692 0.12980769230769232
0 0.21875 0.3161057692307692 0.07451923076923077 0.09014423076923077
0 0.13221153846153846 0.2848557692307692 0.06009615384615385 0.14302884615384615
0 0.06490384615384616 0.28365384615384615 0.06971153846153846 0.14903846153846154
0 0.5649038461538461 0.3233173076923077 0.055288461538461536 0.08052884615384616
0 0.22235576923076922 0.7692307692307693 0.06850961538461539 0.042067307692307696
0 0.3125 0.5204326923076923 0.03485576923076923 0.1201923076923077
0 0.40024038461538464 0.5348557692307693 0.055288461538461536 0.0625
0 0.14903846153846154 0.7427884615384616 0.04326923076923077 0.12620192307692307
0 0.09615384615384616 0.7439903846153846 0.057692307692307696 0.1658653846153846
0 0.030048076923076924 0.8185096153846154 0.06009615384615385 0.06009615384615385
0 0.7920673076923077 0.4651442307692308 0.021634615384615384 0.09975961538461539
0 0.7716346153846154 0.46875 0.016826923076923076 0.10576923076923077
0 0.7572115384615384 0.4963942307692308 0.01201923076923077 0.054086538461538464
0 0.7379807692307693 0.4735576923076923 0.02403846153846154 0.10817307692307693
0 0.7175480769230769 0.5 0.016826923076923076 0.057692307692307696
0 0.3485576923076923 0.515625 0.03365384615384615 0.11778846153846154
0 0.6983173076923077 0.484375 0.02403846153846154 0.09495192307692307
0 0.6454326923076923 0.484375 0.019230769230769232 0.10817307692307693
0 0.6237980769230769 0.47836538461538464 0.02403846153846154 0.11899038461538461
0 0.5985576923076923 0.4795673076923077 0.020432692307692308 0.12259615384615384
0 0.5745192307692307 0.4831730769230769 0.026442307692307692 0.12740384615384615
0 0.546875 0.4855769230769231 0.027644230769230768 0.12620192307692307
0 0.515625 0.48677884615384615 0.03125 0.1310096153846154
0 0.4831730769230769 0.5024038461538461 0.030048076923076924 0.1045673076923077
0 0.4483173076923077 0.5048076923076923 0.036057692307692304 0.11057692307692307
0 0.671875 0.4807692307692308 0.030048076923076924 0.1045673076923077
0 0.8918269230769231 0.7055288461538461 0.015625 0.07211538461538461
0 0.8137019230769231 0.7247596153846154 0.025240384615384616 0.09134615384615384
0 0.8485576923076923 0.9158653846153846 0.021634615384615384 0.08052884615384616
0 0.8245192307692307 0.9266826923076923 0.021634615384615384 0.09014423076923077
0 0.9579326923076923 0.6899038461538461 0.018028846153846152 0.051682692307692304
0 0.8774038461538461 0.9122596153846154 0.028846153846153848 0.07451923076923077
0 0.9122596153846154 0.6935096153846154 0.025240384615384616 0.0829326923076923
0 0.8978365384615384 0.8930288461538461 0.01201923076923077 0.08173076923076923
0 0.9134615384615384 0.8834134615384616 0.016826923076923076 0.08774038461538461
0 0.9326923076923077 0.875 0.018028846153846152 0.07692307692307693
0 0.9375 0.6838942307692307 0.021634615384615384 0.08173076923076923
0 0.7716346153846154 0.9459134615384616 0.020432692307692308 0.10576923076923077
0 0.7403846153846154 0.9579326923076923 0.04326923076923077 0.07932692307692307