0 0.04326923076923077 0.33774038461538464 0.07692307692307693 0.02403846153846154
0 0.039663461538461536 0.3605769230769231 0.06971153846153846 0.018028846153846152
0 0.03485576923076923 0.44711538461538464 0.039663461538461536 0.039663461538461536
0 0.12860576923076922 0.5048076923076923 0.051682692307692304 0.06490384615384616
0 0.04927884615384615 0.5240384615384616 0.026442307692307692 0.06370192307692307
0 0.08413461538461539 0.5240384615384616 0.03365384615384615 0.06490384615384616
0 0.17908653846153846 0.5048076923076923 0.042067307692307696 0.06370192307692307
0 0.6105769230769231 0.3954326923076923 0.04567307692307692 0.019230769230769232
0 0.018028846153846152 0.5252403846153846 0.027644230769230768 0.0673076923076923
0 0.5637019230769231 0.4014423076923077 0.03365384615384615 0.013221153846153846
0 0.6189903846153846 0.4182692307692308 0.05889423076923077 0.019230769230769232
0 0.9098557692307693 0.40384615384615385 0.02403846153846154 0.038461538461538464
0 0.8305288461538461 0.4026442307692308 0.03365384615384615 0.04326923076923077
0 0.7920673076923077 0.40384615384615385 0.03245192307692308 0.04447115384615385
0 0.7415865384615384 0.4170673076923077 0.052884615384615384 0.016826923076923076
0 0.7391826923076923 0.3954326923076923 0.06009615384615385 0.018028846153846152
0 0.6838942307692307 0.4170673076923077 0.051682692307692304 0.018028846153846152
0 0.6730769230769231 0.39663461538461536 0.057692307692307696 0.016826923076923076
0 0.22956730769230768 0.5024038461538461 0.04927884615384615 0.06370192307692307
0 0.5685096153846154 0.41947115384615385 0.03365384615384615 0.013221153846153846
0 0.5084134615384616 0.4206730769230769 0.07091346153846154 0.016826923076923076
0 0.5048076923076923 0.4014423076923077 0.06971153846153846 0.018028846153846152
0 0.8581730769230769 0.39783653846153844 0.02283653846153846 0.036057692307692304
0 0.28125 0.5024038461538461 0.04807692307692308 0.06370192307692307
0 0.7524038461538461 0.4951923076923077 0.04326923076923077 0.07932692307692307
0 0.38822115384615385 0.5036057692307693 0.051682692307692304 0.06490384615384616
0 0.5793269230769231 0.6021634615384616 0.042067307692307696 0.0733173076923077
0 0.5396634615384616 0.5985576923076923 0.028846153846153848 0.078125
0 0.5024038461538461 0.5985576923076923 0.042067307692307696 0.08173076923076923
0 0.4543269230769231 0.5997596153846154 0.040865384615384616 0.08173076923076923
0 0.4110576923076923 0.5997596153846154 0.04326923076923077 0.078125
0 0.2956730769230769 0.5997596153846154 0.04326923076923077 0.0829326923076923
0 0.2439903846153846 0.6009615384615384 0.04326923076923077 0.08052884615384616
0 0.19951923076923078 0.5997596153846154 0.036057692307692304 0.08653846153846154
0 0.15504807692307693 0.6009615384615384 0.040865384615384616 0.0829326923076923
0 0.10216346153846154 0.6105769230769231 0.056490384615384616 0.06129807692307692
0 0.3329326923076923 0.5036057692307693 0.04447115384615385 0.06490384615384616
0 0.03365384615384615 0.6129807692307693 0.057692307692307696 0.056490384615384616
0 0.8617788461538461 0.4963942307692308 0.030048076923076924 0.07211538461538461
0 0.8257211538461539 0.49759615384615385 0.030048076923076924 0.07091346153846154
0 0.7908653846153846 0.49759615384615385 0.03125 0.0733173076923077
0 0.7067307692307693 0.49399038461538464 0.04326923076923077 0.07932692307692307
0 0.6634615384615384 0.5 0.037259615384615384 0.06971153846153846
0 0.6213942307692307 0.49759615384615385 0.039663461538461536 0.07572115384615384
0 0.5757211538461539 0.4987980769230769 0.040865384615384616 0.07211538461538461
0 0.5336538461538461 0.4987980769230769 0.039663461538461536 0.07211538461538461
0 0.4879807692307692 0.4987980769230769 0.042067307692307696 0.07451923076923077
0 0.44350961538461536 0.4963942307692308 0.042067307692307696 0.07211538461538461
0 0.8978365384615384 0.4951923076923077 0.03365384615384615 0.07091346153846154
0 0.3581730769230769 0.5997596153846154 0.04447115384615385 0.08173076923076923
0 0.6009615384615384 0.7956730769230769 0.042067307692307696 0.06129807692307692
0 0.10336538461538461 0.24879807692307693 0.038461538461538464 0.04927884615384615
0 0.21514423076923078 0.8004807692307693 0.052884615384615384 0.06850961538461539
0 0.27163461538461536 0.7944711538461539 0.046875 0.0673076923076923
0 0.3233173076923077 0.7956730769230769 0.04447115384615385 0.06850961538461539
0 0.3737980769230769 0.7944711538461539 0.046875 0.0625
0 0.7199519230769231 0.3233173076923077 0.037259615384615384 0.055288461538461536
0 0.7704326923076923 0.3233173076923077 0.04326923076923077 0.056490384615384616
0 0.8125 0.32211538461538464 0.03485576923076923 0.056490384615384616
0 0.8521634615384616 0.31971153846153844 0.03365384615384615 0.055288461538461536
0 0.8942307692307693 0.32091346153846156 0.040865384615384616 0.056490384615384616
0 0.12379807692307693 0.40384615384615385 0.026442307692307692 0.056490384615384616
0 0.19591346153846154 0.38100961538461536 0.054086538461538464 0.019230769230769232
0 0.19831730769230768 0.39903846153846156 0.05889423076923077 0.015625
0 0.20072115384615385 0.41947115384615385 0.057692307692307696 0.018028846153846152
0 0.1622596153846154 0.8233173076923077 0.04807692307692308 0.019230769230769232
0 0.2668269230769231 0.38822115384615385 0.07091346153846154 0.021634615384615384
0 0.328125 0.39903846153846156 0.03125 0.010817307692307692
0 0.3293269230769231 0.4110576923076923 0.037259615384615384 0.010817307692307692
0 0.328125 0.4230769230769231 0.037259615384615384 0.01201923076923077
0 0.375 0.39903846153846156 0.04927884615384615 0.019230769230769232
0 0.37740384615384615 0.41947115384615385 0.055288461538461536 0.019230769230769232
0 0.43149038461538464 0.39903846153846156 0.051682692307692304 0.018028846153846152
0 0.4362980769230769 0.4182692307692308 0.056490384615384616 0.019230769230769232
0 0.4266826923076923 0.7944711538461539 0.05048076923076923 0.06009615384615385
0 0.48677884615384615 0.796875 0.046875 0.06370192307692307
0 0.5432692307692307 0.7920673076923077 0.042067307692307696 0.06129807692307692
0 0.6490384615384616 0.7920673076923077 0.04326923076923077 0.06129807692307692
0 0.7079326923076923 0.7860576923076923 0.05048076923076923 0.06610576923076923
0 0.7560096153846154 0.7872596153846154 0.03365384615384615 0.0733173076923077
0 0.2692307692307692 0.41586538461538464 0.06610576923076923 0.02403846153846154
0 0.15745192307692307 0.796875 0.046875 0.027644230769230768
0 0.109375 0.7992788461538461 0.037259615384615384 0.06971153846153846
0 0.6225961538461539 0.6021634615384616 0.03365384615384615 0.0733173076923077
0 0.06490384615384616 0.7992788461538461 0.039663461538461536 0.06850961538461539
0 0.021634615384615384 0.7980769230769231 0.04326923076923077 0.0625
0 0.8918269230769231 0.6995192307692307 0.03365384615384615 0.0673076923076923
0 0.8545673076923077 0.6995192307692307 0.03365384615384615 0.06850961538461539
0 0.8064903846153846 0.703125 0.042067307692307696 0.056490384615384616
0 0.7451923076923077 0.7055288461538461 0.039663461538461536 0.055288461538461536
0 0.7019230769230769 0.7043269230769231 0.038461538461538464 0.057692307692307696
0 0.65625 0.7019230769230769 0.04447115384615385 0.0625
0 0.5288461538461539 0.6826923076923077 0.040865384615384616 0.052884615384615384
0 0.47836538461538464 0.7043269230769231 0.03125 0.057692307692307696
0 0.44591346153846156 0.703125 0.028846153846153848 0.056490384615384616
0 0.4110576923076923 0.7055288461538461 0.038461538461538464 0.06009615384615385
0 0.36778846153846156 0.7067307692307693 0.042067307692307696 0.06490384615384616
0 0.3269230769230769 0.6875 0.030048076923076924 0.054086538461538464
0 0.2776442307692308 0.7007211538461539 0.05048076923076923 0.07572115384615384
0 0.21995192307692307 0.6995192307692307 0.054086538461538464 0.07451923076923077
0 0.1658653846153846 0.6995192307692307 0.05048076923076923 0.07451923076923077
0 0.10817307692307693 0.7067307692307693 0.05048076923076923 0.06370192307692307
0 0.04927884615384615 0.7103365384615384 0.055288461538461536 0.0673076923076923
0 0.8810096153846154 0.6177884615384616 0.05889423076923077 0.03485576923076923
0 0.8149038461538461 0.6141826923076923 0.06009615384615385 0.038461538461538464
0 0.7548076923076923 0.59375 0.040865384615384616 0.07451923076923077
0 0.7103365384615384 0.6021634615384616 0.042067307692307696 0.07211538461538461
0 0.6610576923076923 0.5997596153846154 0.03365384615384615 0.07451923076923077
0 0.5048076923076923 0.3245192307692308 0.03125 0.057692307692307696
0 0.5408653846153846 0.33052884615384615 0.037259615384615384 0.04567307692307692
0 0.5913461538461539 0.3245192307692308 0.03125 0.055288461538461536
0 0.6418269230769231 0.3245192307692308 0.03365384615384615 0.05889423076923077
0 0.6814903846153846 0.3245192307692308 0.037259615384615384 0.055288461538461536
0 0.8028846153846154 0.7872596153846154 0.04447115384615385 0.06610576923076923
0 0.8569711538461539 0.7908653846153846 0.057692307692307696 0.0733173076923077
0 0.15144230769230768 0.4026442307692308 0.021634615384615384 0.052884615384615384
0 0.14543269230769232 0.3269230769230769 0.03245192307692308 0.056490384615384616
0 0.4675480769230769 0.32572115384615385 0.037259615384615384 0.05889423076923077
0 0.4182692307692308 0.3293269230769231 0.038461538461538464 0.046875
0 0.37740384615384615 0.3293269230769231 0.039663461538461536 0.05048076923076923
0 0.3245192307692308 0.3317307692307692 0.037259615384615384 0.04567307692307692
0 0.28725961538461536 0.3269230769230769 0.030048076923076924 0.051682692307692304
0 0.25240384615384615 0.3269230769230769 0.03125 0.05048076923076923
0 0.21514423076923078 0.328125 0.03365384615384615 0.052884615384615384
0 0.17908653846153846 0.328125 0.030048076923076924 0.057692307692307696
0 0.10576923076923077 0.3269230769230769 0.03485576923076923 0.05889423076923077
0 0.9002403846153846 0.23557692307692307 0.07692307692307693 0.06610576923076923
0 0.8425480769230769 0.24519230769230768 0.03365384615384615 0.04567307692307692
0 0.765625 0.24158653846153846 0.03365384615384615 0.06129807692307692
0 0.7271634615384616 0.23918269230769232 0.037259615384615384 0.0625
0 0.8064903846153846 0.24639423076923078 0.03245192307692308 0.04807692307692308
0 0.6550480769230769 0.24879807692307693 0.03125 0.046875
0 0.14302884615384615 0.24879807692307693 0.028846153846153848 0.05048076923076923
0 0.19110576923076922 0.24278846153846154 0.04807692307692308 0.06850961538461539
0 0.24278846153846154 0.24879807692307693 0.040865384615384616 0.046875
0 0.2860576923076923 0.2512019230769231 0.042067307692307696 0.046875
0 0.6899038461538461 0.25 0.030048076923076924 0.04807692307692308
0 0.4170673076923077 0.2512019230769231 0.037259615384615384 0.046875
0 0.3641826923076923 0.25240384615384615 0.03245192307692308 0.042067307692307696
0 0.4951923076923077 0.25240384615384615 0.036057692307692304 0.042067307692307696
0 0.5384615384615384 0.25240384615384615 0.03245192307692308 0.037259615384615384
0 0.5745192307692307 0.24879807692307693 0.026442307692307692 0.04927884615384615
0 0.6105769230769231 0.24879807692307693 0.037259615384615384 0.04807692307692308
0 0.46033653846153844 0.2548076923076923 0.030048076923076924 0.037259615384615384