0 0.8028846153846154 0.8545673076923077 0.040865384615384616 0.056490384615384616
0 0.6286057692307693 0.8545673076923077 0.03365384615384615 0.06610576923076923
0 0.6694711538461539 0.8509615384615384 0.037259615384615384 0.0625
0 0.7067307692307693 0.8377403846153846 0.028846153846153848 0.025240384615384616
0 0.765625 0.8533653846153846 0.028846153846153848 0.05889423076923077
0 0.8942307692307693 0.8581730769230769 0.036057692307692304 0.054086538461538464
0 0.7560096153846154 0.4182692307692308 0.05048076923076923 0.07692307692307693
0 0.7560096153846154 0.7307692307692307 0.03485576923076923 0.056490384615384616
0 0.7980769230769231 0.7307692307692307 0.028846153846153848 0.046875
0 0.8353365384615384 0.7295673076923077 0.039663461538461536 0.04927884615384615
0 0.9038461538461539 0.734375 0.025240384615384616 0.052884615384615384
0 0.9435096153846154 0.7355769230769231 0.04567307692307692 0.046875
0 0.984375 0.7367788461538461 0.026442307692307692 0.055288461538461536
0 0.5360576923076923 0.41225961538461536 0.039663461538461536 0.078125
0 0.8461538461538461 0.8533653846153846 0.040865384615384616 0.054086538461538464
0 0.5805288461538461 0.41346153846153844 0.04567307692307692 0.078125
0 0.35096153846153844 0.4266826923076923 0.04807692307692308 0.03365384615384615
0 0.016826923076923076 0.7151442307692307 0.03125 0.07692307692307693
0 0.04927884615384615 0.7127403846153846 0.03485576923076923 0.08173076923076923
0 0.09375 0.7127403846153846 0.04807692307692308 0.08413461538461539
0 0.9747596153846154 0.8581730769230769 0.038461538461538464 0.040865384615384616
0 0.9338942307692307 0.8533653846153846 0.026442307692307692 0.030048076923076924
0 0.9338942307692307 0.8786057692307693 0.03485576923076923 0.02403846153846154
0 0.6237980769230769 0.41346153846153844 0.036057692307692304 0.078125
0 0.6923076923076923 0.7175480769230769 0.03245192307692308 0.027644230769230768
0 0.7992788461538461 0.4182692307692308 0.037259615384615384 0.078125
0 0.8810096153846154 0.41947115384615385 0.036057692307692304 0.0733173076923077
0 0.15144230769230768 0.7307692307692307 0.042067307692307696 0.07451923076923077
0 0.20192307692307693 0.7355769230769231 0.042067307692307696 0.07091346153846154
0 0.24759615384615385 0.7307692307692307 0.036057692307692304 0.0733173076923077
0 0.3137019230769231 0.7151442307692307 0.04447115384615385 0.08533653846153846
0 0.3605769230769231 0.7151442307692307 0.04447115384615385 0.0829326923076923
0 0.40625 0.7151442307692307 0.04567307692307692 0.0829326923076923
0 0.055288461538461536 0.8389423076923077 0.04927884615384615 0.08774038461538461
0 0.10336538461538461 0.8377403846153846 0.04447115384615385 0.09014423076923077
0 0.16105769230769232 0.8473557692307693 0.037259615384615384 0.07932692307692307
0 0.20552884615384615 0.8569711538461539 0.04567307692307692 0.055288461538461536
0 0.24519230769230768 0.8473557692307693 0.03485576923076923 0.06129807692307692
0 0.3076923076923077 0.8413461538461539 0.039663461538461536 0.08052884615384616
0 0.35336538461538464 0.8389423076923077 0.042067307692307696 0.07932692307692307
0 0.39903846153846156 0.8365384615384616 0.042067307692307696 0.07091346153846154
0 0.4579326923076923 0.7980769230769231 0.03125 0.056490384615384616
0 0.44711538461538464 0.8497596153846154 0.030048076923076924 0.039663461538461536
0 0.515625 0.8365384615384616 0.03125 0.052884615384615384
0 0.4699519230769231 0.6081730769230769 0.036057692307692304 0.06610576923076923
0 0.41466346153846156 0.609375 0.05889423076923077 0.09014423076923077
0 0.359375 0.6105769230769231 0.05048076923076923 0.09134615384615384
0 0.30408653846153844 0.609375 0.051682692307692304 0.08774038461538461
0 0.921875 0.4206730769230769 0.04326923076923077 0.07091346153846154
0 0.9651442307692307 0.421875 0.042067307692307696 0.0733173076923077
0 0.030048076923076924 0.5036057692307693 0.038461538461538464 0.09254807692307693
0 0.07572115384615384 0.5036057692307693 0.05048076923076923 0.09375
0 0.15745192307692307 0.5012019230769231 0.06370192307692307 0.09735576923076923
0 0.22115384615384615 0.5 0.057692307692307696 0.09735576923076923
0 0.27163461538461536 0.5048076923076923 0.039663461538461536 0.09615384615384616
0 0.3137019230769231 0.5048076923076923 0.039663461538461536 0.09615384615384616
0 0.8401442307692307 0.41947115384615385 0.038461538461538464 0.0733173076923077
0 0.35216346153846156 0.5048076923076923 0.03365384615384615 0.09735576923076923
0 0.41225961538461536 0.5048076923076923 0.028846153846153848 0.09975961538461539
0 0.4423076923076923 0.5036057692307693 0.03245192307692308 0.09975961538461539
0 0.01201923076923077 0.6105769230769231 0.02403846153846154 0.09615384615384616
0 0.04927884615384615 0.6129807692307693 0.046875 0.09014423076923077
0 0.09495192307692307 0.6105769230769231 0.039663461538461536 0.08653846153846154
0 0.15625 0.6105769230769231 0.06009615384615385 0.09254807692307693
0 0.2127403846153846 0.6105769230769231 0.05048076923076923 0.09375
0 0.25841346153846156 0.6117788461538461 0.037259615384615384 0.09134615384615384
0 0.38341346153846156 0.5048076923076923 0.02403846153846154 0.0985576923076923
0 0.6490384615384616 0.7307692307692307 0.042067307692307696 0.06009615384615385
0 0.29927884615384615 0.4254807692307692 0.05048076923076923 0.036057692307692304
0 0.5649038461538461 0.6153846153846154 0.04447115384615385 0.08774038461538461
0 0.5132211538461539 0.33533653846153844 0.040865384615384616 0.02283653846153846
0 0.4387019230769231 0.32091346153846156 0.10096153846153846 0.052884615384615384
0 0.4266826923076923 0.28365384615384615 0.0985576923076923 0.019230769230769232
0 0.33052884615384615 0.31850961538461536 0.1045673076923077 0.051682692307692304
0 0.40024038461538464 0.42908653846153844 0.046875 0.036057692307692304
0 0.32572115384615385 0.2824519230769231 0.09975961538461539 0.020432692307692308
0 0.2512019230769231 0.2920673076923077 0.037259615384615384 0.09014423076923077
0 0.2127403846153846 0.29086538461538464 0.03485576923076923 0.09375
0 0.17307692307692307 0.2920673076923077 0.036057692307692304 0.08533653846153846
0 0.13341346153846154 0.28846153846153844 0.037259615384615384 0.09134615384615384
0 0.08774038461538461 0.2800480769230769 0.028846153846153848 0.0733173076923077
0 0.051682692307692304 0.2776442307692308 0.036057692307692304 0.07451923076923077
0 0.5144230769230769 0.30649038461538464 0.042067307692307696 0.026442307692307692
0 0.018028846153846152 0.27524038461538464 0.028846153846153848 0.07692307692307693
0 0.49278846153846156 0.43028846153846156 0.027644230769230768 0.06370192307692307
0 0.47836538461538464 0.4987980769230769 0.037259615384615384 0.06490384615384616
0 0.5372596153846154 0.5120192307692307 0.040865384615384616 0.09134615384615384
0 0.5853365384615384 0.5120192307692307 0.051682692307692304 0.09375
0 0.6322115384615384 0.5108173076923077 0.037259615384615384 0.09615384615384616
0 0.6766826923076923 0.5120192307692307 0.051682692307692304 0.09615384615384616
0 0.7379807692307693 0.5168269230769231 0.038461538461538464 0.0889423076923077
0 0.7824519230769231 0.5168269230769231 0.04567307692307692 0.08653846153846154
0 0.828125 0.5204326923076923 0.042067307692307696 0.09375
0 0.8774038461538461 0.5216346153846154 0.05048076923076923 0.09134615384615384
0 0.9290865384615384 0.5228365384615384 0.042067307692307696 0.09615384615384616
0 0.9699519230769231 0.5240384615384616 0.040865384615384616 0.09615384615384616
0 0.4483173076923077 0.43028846153846156 0.046875 0.03485576923076923
0 0.5552884615384616 0.31009615384615385 0.038461538461538464 0.025240384615384616
0 0.5552884615384616 0.33653846153846156 0.036057692307692304 0.026442307692307692
0 0.5997596153846154 0.3137019230769231 0.039663461538461536 0.025240384615384616
0 0.4519230769230769 0.39302884615384615 0.046875 0.03485576923076923
0 0.4014423076923077 0.390625 0.04807692307692308 0.040865384615384616
0 0.35096153846153844 0.38822115384615385 0.052884615384615384 0.037259615384615384
0 0.29927884615384615 0.3870192307692308 0.05048076923076923 0.039663461538461536
0 0.24879807692307693 0.4254807692307692 0.046875 0.03245192307692308
0 0.24759615384615385 0.3918269230769231 0.04567307692307692 0.03125
0 0.1935096153846154 0.42427884615384615 0.05889423076923077 0.028846153846153848
0 0.19471153846153846 0.390625 0.055288461538461536 0.03245192307692308
0 0.13581730769230768 0.421875 0.052884615384615384 0.03365384615384615
0 0.13701923076923078 0.3870192307692308 0.054086538461538464 0.03485576923076923
0 0.09375 0.3701923076923077 0.026442307692307692 0.0625
0 0.0625 0.38341346153846156 0.036057692307692304 0.07932692307692307
0 0.025240384615384616 0.3798076923076923 0.03125 0.08173076923076923
0 0.9903846153846154 0.33052884615384615 0.018028846153846152 0.0733173076923077
0 0.9615384615384616 0.33052884615384615 0.030048076923076924 0.06971153846153846
0 0.9278846153846154 0.3233173076923077 0.03485576923076923 0.07572115384615384
0 0.8882211538461539 0.3269230769230769 0.030048076923076924 0.06490384615384616
0 0.8545673076923077 0.3269230769230769 0.036057692307692304 0.06370192307692307
0 0.8173076923076923 0.3233173076923077 0.037259615384615384 0.07211538461538461
0 0.7752403846153846 0.32091346153846156 0.030048076923076924 0.0673076923076923
0 0.7259615384615384 0.34375 0.03125 0.026442307692307692
0 0.7295673076923077 0.3161057692307692 0.030048076923076924 0.02403846153846154
0 0.6899038461538461 0.3137019230769231 0.04447115384615385 0.02403846153846154
0 0.6862980769230769 0.3389423076923077 0.04567307692307692 0.025240384615384616
0 0.6418269230769231 0.3401442307692308 0.037259615384615384 0.02403846153846154
0 0.6430288461538461 0.31490384615384615 0.04326923076923077 0.025240384615384616
0 0.5985576923076923 0.3401442307692308 0.04447115384615385 0.027644230769230768
0 0.5132211538461539 0.8786057692307693 0.042067307692307696 0.021634615384615384
0 0.5216346153846154 0.6141826923076923 0.039663461538461536 0.09014423076923077
0 0.5673076923076923 0.8461538461538461 0.03485576923076923 0.07451923076923077
0 0.6105769230769231 0.6153846153846154 0.04807692307692308 0.08774038461538461
0 0.7115384615384616 0.6165865384615384 0.042067307692307696 0.09134615384615384
0 0.7560096153846154 0.6177884615384616 0.042067307692307696 0.0889423076923077
0 0.8088942307692307 0.6201923076923077 0.046875 0.08653846153846154
0 0.8641826923076923 0.6225961538461539 0.057692307692307696 0.08413461538461539
0 0.9266826923076923 0.625 0.05048076923076923 0.0889423076923077
0 0.9771634615384616 0.6274038461538461 0.04447115384615385 0.0829326923076923
0 0.4723557692307692 0.7259615384615384 0.03485576923076923 0.07572115384615384
0 0.7103365384615384 0.4170673076923077 0.03365384615384615 0.07692307692307693
0 0.6658653846153846 0.41346153846153844 0.04807692307692308 0.07692307692307693
0 0.5060096153846154 0.7307692307692307 0.03125 0.06610576923076923
0 0.6646634615384616 0.6165865384615384 0.04807692307692308 0.09014423076923077
0 0.5408653846153846 0.7283653846153846 0.039663461538461536 0.06370192307692307
0 0.6117788461538461 0.7295673076923077 0.03245192307692308 0.06129807692307692