0 0.8377403846153846 0.7439903846153846 0.09254807692307693 0.015625
0 0.8040865384615384 0.3798076923076923 0.06129807692307692 0.014423076923076924
0 0.7524038461538461 0.375 0.028846153846153848 0.06850961538461539
0 0.8173076923076923 0.40024038461538464 0.08413461538461539 0.016826923076923076
0 0.9086538461538461 0.39783653846153844 0.07211538461538461 0.020432692307692308
0 0.8846153846153846 0.37740384615384615 0.09254807692307693 0.01201923076923077
0 0.16706730769230768 0.46634615384615385 0.06490384615384616 0.013221153846153846
0 0.14182692307692307 0.49038461538461536 0.10336538461538461 0.016826923076923076
0 0.25600961538461536 0.4951923076923077 0.109375 0.016826923076923076
0 0.2536057692307692 0.4723557692307692 0.1045673076923077 0.018028846153846152
0 0.2608173076923077 0.4519230769230769 0.10216346153846154 0.019230769230769232
0 0.36778846153846156 0.453125 0.10336538461538461 0.01201923076923077
0 0.3629807692307692 0.4723557692307692 0.10817307692307693 0.016826923076923076
0 0.3641826923076923 0.49399038461538464 0.10216346153846154 0.014423076923076924
0 0.47596153846153844 0.4963942307692308 0.10096153846153846 0.018028846153846152
0 0.4735576923076923 0.4735576923076923 0.1045673076923077 0.016826923076923076
0 0.47716346153846156 0.45072115384615385 0.09375 0.020432692307692308
0 0.5901442307692307 0.453125 0.09975961538461539 0.013221153846153846
0 0.5841346153846154 0.484375 0.1045673076923077 0.036057692307692304
0 0.9603365384615384 0.47596153846153844 0.078125 0.015625
0 0.9639423076923077 0.4951923076923077 0.0673076923076923 0.019230769230769232
0 0.8798076923076923 0.4963942307692308 0.09254807692307693 0.016826923076923076
0 0.7836538461538461 0.4963942307692308 0.09014423076923077 0.018028846153846152
0 0.6887019230769231 0.4963942307692308 0.09375 0.016826923076923076
0 0.2776442307692308 0.5408653846153846 0.09615384615384616 0.016826923076923076
0 0.25961538461538464 0.5721153846153846 0.10216346153846154 0.020432692307692308
0 0.37259615384615385 0.5745192307692307 0.10336538461538461 0.020432692307692308
0 0.3870192307692308 0.5384615384615384 0.09014423076923077 0.014423076923076924
0 0.48197115384615385 0.5360576923076923 0.09615384615384616 0.014423076923076924
0 0.47836538461538464 0.5757211538461539 0.0985576923076923 0.020432692307692308
0 0.5817307692307693 0.5745192307692307 0.09615384615384616 0.020432692307692308
0 0.671875 0.38100961538461536 0.10576923076923077 0.019230769230769232
0 0.15625 0.5504807692307693 0.09254807692307693 0.016826923076923076
0 0.6766826923076923 0.4014423076923077 0.10216346153846154 0.018028846153846152
0 0.5757211538461539 0.4014423076923077 0.09014423076923077 0.015625
0 0.08653846153846154 0.27163461538461536 0.027644230769230768 0.08413461538461539
0 0.11899038461538461 0.2800480769230769 0.02403846153846154 0.0625
0 0.15384615384615385 0.2776442307692308 0.02403846153846154 0.06610576923076923
0 0.18389423076923078 0.2776442307692308 0.026442307692307692 0.06610576923076923
0 0.22235576923076922 0.2776442307692308 0.05048076923076923 0.06490384615384616
0 0.2764423076923077 0.26802884615384615 0.03125 0.08413461538461539
0 0.31490384615384615 0.2692307692307692 0.030048076923076924 0.0889423076923077
0 0.35697115384615385 0.28725961538461536 0.025240384615384616 0.05048076923076923
0 0.40384615384615385 0.28365384615384615 0.04807692307692308 0.0625
0 0.4735576923076923 0.28966346153846156 0.06129807692307692 0.057692307692307696
0 0.5384615384615384 0.27524038461538464 0.05889423076923077 0.06610576923076923
0 0.53125 0.2283653846153846 0.0733173076923077 0.016826923076923076
0 0.6081730769230769 0.27524038461538464 0.05048076923076923 0.06610576923076923
0 0.6947115384615384 0.28125 0.078125 0.05889423076923077
0 0.7752403846153846 0.2824519230769231 0.06850961538461539 0.0625
0 0.8545673076923077 0.28725961538461536 0.06971153846153846 0.051682692307692304
0 0.9242788461538461 0.28725961538461536 0.0625 0.055288461538461536
0 0.9831730769230769 0.2860576923076923 0.028846153846153848 0.057692307692307696
0 0.1502403846153846 0.35697115384615385 0.10216346153846154 0.019230769230769232
0 0.13942307692307693 0.37740384615384615 0.11538461538461539 0.015625
0 0.13942307692307693 0.39903846153846156 0.109375 0.018028846153846152
0 0.2403846153846154 0.39903846153846156 0.08173076923076923 0.018028846153846152
0 0.3401442307692308 0.40024038461538464 0.10576923076923077 0.016826923076923076
0 0.24639423076923078 0.37740384615384615 0.08413461538461539 0.016826923076923076
0 0.2548076923076923 0.35697115384615385 0.08413461538461539 0.016826923076923076
0 0.41466346153846156 0.3737980769230769 0.037259615384615384 0.07572115384615384
0 0.484375 0.4014423076923077 0.09014423076923077 0.014423076923076924
0 0.4879807692307692 0.38100961538461536 0.08413461538461539 0.019230769230769232
0 0.4807692307692308 0.359375 0.08052884615384616 0.016826923076923076
0 0.5733173076923077 0.38221153846153844 0.0829326923076923 0.016826923076923076
0 0.14903846153846154 0.5709134615384616 0.10817307692307693 0.019230769230769232
0 0.578125 0.36177884615384615 0.0673076923076923 0.016826923076923076
0 0.7752403846153846 0.578125 0.09014423076923077 0.015625
0 0.12860576923076922 0.8858173076923077 0.028846153846153848 0.046875
0 0.1971153846153846 0.8966346153846154 0.09375 0.03365384615384615
0 0.30649038461538464 0.9014423076923077 0.10817307692307693 0.013221153846153846
0 0.1622596153846154 0.8161057692307693 0.1045673076923077 0.019230769230769232
0 0.17307692307692307 0.7788461538461539 0.08173076923076923 0.016826923076923076
0 0.2764423076923077 0.8197115384615384 0.11177884615384616 0.014423076923076924
0 0.27403846153846156 0.7980769230769231 0.11177884615384616 0.016826923076923076
0 0.3894230769230769 0.8185096153846154 0.10336538461538461 0.015625
0 0.5012019230769231 0.8185096153846154 0.11177884615384616 0.016826923076923076
0 0.6213942307692307 0.8040865384615384 0.11057692307692307 0.016826923076923076
0 0.6177884615384616 0.8221153846153846 0.11057692307692307 0.014423076923076924
0 0.9567307692307693 0.8233173076923077 0.08533653846153846 0.013221153846153846
0 0.9567307692307693 0.7920673076923077 0.08533653846153846 0.013221153846153846
0 0.8533653846153846 0.8052884615384616 0.11538461538461539 0.015625
0 0.8533653846153846 0.8221153846153846 0.11177884615384616 0.013221153846153846
0 0.7283653846153846 0.7788461538461539 0.10096153846153846 0.010817307692307692
0 0.7391826923076923 0.8209134615384616 0.11057692307692307 0.016826923076923076
0 0.39783653846153844 0.7175480769230769 0.09495192307692307 0.020432692307692308
0 0.3954326923076923 0.7427884615384616 0.0985576923076923 0.016826923076923076
0 0.5024038461538461 0.7067307692307693 0.09134615384615384 0.019230769230769232
0 0.4987980769230769 0.7403846153846154 0.0985576923076923 0.020432692307692308
0 0.5997596153846154 0.7415865384615384 0.08533653846153846 0.015625
0 0.6911057692307693 0.7427884615384616 0.08533653846153846 0.016826923076923076
0 0.7632211538461539 0.7199519230769231 0.03365384615384615 0.06490384615384616
0 0.9375 0.7007211538461539 0.11298076923076923 0.014423076923076924
0 0.9435096153846154 0.7307692307692307 0.11177884615384616 0.015625
0 0.9423076923076923 0.7475961538461539 0.11057692307692307 0.019230769230769232
0 0.8389423076923077 0.7235576923076923 0.09014423076923077 0.01201923076923077
0 0.7680288461538461 0.5552884615384616 0.08774038461538461 0.014423076923076924
0 0.421875 0.8653846153846154 0.09134615384615384 0.015625
0 0.41586538461538464 0.9014423076923077 0.09615384615384616 0.014423076923076924
0 0.9579326923076923 0.8100961538461539 0.07932692307692307 0.019230769230769232
0 0.3701923076923077 0.6538461538461539 0.10336538461538461 0.018028846153846152
0 0.8689903846153846 0.5769230769230769 0.09014423076923077 0.014423076923076924
0 0.5204326923076923 0.9026442307692307 0.0985576923076923 0.014423076923076924
0 0.8473557692307693 0.5444711538461539 0.0625 0.016826923076923076
0 0.9254807692307693 0.5432692307692307 0.08173076923076923 0.010817307692307692
0 0.9603365384615384 0.5769230769230769 0.07451923076923077 0.019230769230769232
0 0.1502403846153846 0.6514423076923077 0.10096153846153846 0.016826923076923076
0 0.1658653846153846 0.6237980769230769 0.09975961538461539 0.016826923076923076
0 0.265625 0.6286057692307693 0.09014423076923077 0.016826923076923076
0 0.27163461538461536 0.6105769230769231 0.09375 0.01201923076923077
0 0.2620192307692308 0.6526442307692307 0.10576923076923077 0.019230769230769232
0 0.36778846153846156 0.6346153846153846 0.10336538461538461 0.020432692307692308
0 0.4723557692307692 0.6550480769230769 0.09014423076923077 0.018028846153846152
0 0.9591346153846154 0.6586538461538461 0.08052884615384616 0.018028846153846152
0 0.7584134615384616 0.6298076923076923 0.09615384615384616 0.014423076923076924
0 0.7668269230769231 0.65625 0.09615384615384616 0.020432692307692308
0 0.8689903846153846 0.6586538461538461 0.09735576923076923 0.019230769230769232
0 0.9603365384615384 0.9050480769230769 0.078125 0.016826923076923076
0 0.6310096153846154 0.875 0.11177884615384616 0.008413461538461538
0 0.75 0.9038461538461539 0.10817307692307693 0.019230769230769232
0 0.8605769230769231 0.9050480769230769 0.10576923076923077 0.019230769230769232
0 0.9483173076923077 0.8665865384615384 0.08774038461538461 0.01201923076923077
0 0.6514423076923077 0.6201923076923077 0.09014423076923077 0.014423076923076924
0 0.3293269230769231 0.7271634615384616 0.021634615384615384 0.04807692307692308
0 0.6358173076923077 0.9038461538461539 0.11658653846153846 0.014423076923076924
0 0.25961538461538464 0.7211538461538461 0.0985576923076923 0.015625
0 0.15625 0.7391826923076923 0.10216346153846154 0.014423076923076924
0 0.15144230769230768 0.7199519230769231 0.10817307692307693 0.015625
0 0.5661057692307693 0.65625 0.0889423076923077 0.018028846153846152
0 0.6622596153846154 0.6550480769230769 0.09375 0.014423076923076924
0 0.2620192307692308 0.7427884615384616 0.09615384615384616 0.019230769230769232
0 0.5204326923076923 0.8641826923076923 0.09254807692307693 0.014423076923076924