0 0.21875 0.15144230769230768 0.11538461538461539 0.0889423076923077
0 0.036057692307692304 0.10697115384615384 0.07091346153846154 0.1658653846153846
0 0.1201923076923077 0.12379807692307693 0.06971153846153846 0.15264423076923078
0 0.20793269230769232 0.05889423076923077 0.11899038461538461 0.09735576923076923
0 0.33052884615384615 0.056490384615384616 0.10817307692307693 0.09615384615384616
0 0.3269230769230769 0.15144230769230768 0.09735576923076923 0.09134615384615384
0 0.765625 0.039663461538461536 0.10336538461538461 0.07932692307692307
0 0.5456730769230769 0.12139423076923077 0.10576923076923077 0.15625
0 0.65625 0.12139423076923077 0.109375 0.16105769230769232
0 0.4411057692307692 0.021634615384615384 0.10697115384615384 0.040865384615384616
0 0.6610576923076923 0.020432692307692308 0.10576923076923077 0.039663461538461536
0 0.7584134615384616 0.9002403846153846 0.0829326923076923 0.026442307692307692
0 0.8834134615384616 0.039663461538461536 0.10697115384615384 0.07692307692307693
0 0.765625 0.14302884615384615 0.1045673076923077 0.12379807692307693
0 0.4375 0.11899038461538461 0.10697115384615384 0.15504807692307693
0 0.7596153846153846 0.8713942307692307 0.078125 0.027644230769230768
0 0.9194711538461539 0.8713942307692307 0.07572115384615384 0.028846153846153848
0 0.8425480769230769 0.8737980769230769 0.07692307692307693 0.026442307692307692
0 0.5985576923076923 0.8377403846153846 0.08413461538461539 0.027644230769230768
0 0.6814903846153846 0.8389423076923077 0.0829326923076923 0.027644230769230768
0 0.6009615384615384 0.8665865384615384 0.07692307692307693 0.028846153846153848
0 0.6814903846153846 0.8701923076923077 0.07932692307692307 0.030048076923076924
0 0.6021634615384616 0.8966346153846154 0.07451923076923077 0.03125
0 0.6790865384615384 0.8990384615384616 0.078125 0.028846153846153848
0 0.7692307692307693 0.8064903846153846 0.07692307692307693 0.037259615384615384
0 0.8389423076923077 0.9002403846153846 0.08052884615384616 0.026442307692307692
0 0.8473557692307693 0.8052884615384616 0.07692307692307693 0.036057692307692304
0 0.7644230769230769 0.8413461538461539 0.0829326923076923 0.03365384615384615
0 0.8449519230769231 0.8413461538461539 0.078125 0.03365384615384615
0 0.9230769230769231 0.8377403846153846 0.07572115384615384 0.03365384615384615
0 0.875 0.14423076923076922 0.10697115384615384 0.11778846153846154
0 0.9783653846153846 0.8713942307692307 0.040865384615384616 0.030048076923076924
0 0.9771634615384616 0.9026442307692307 0.040865384615384616 0.036057692307692304
0 0.9206730769230769 0.9038461538461539 0.07932692307692307 0.03365384615384615
0 0.9278846153846154 0.8052884615384616 0.08173076923076923 0.03485576923076923
0 0.9663461538461539 0.14302884615384615 0.06610576923076923 0.12620192307692307
0 0.7175480769230769 0.3088942307692308 0.09495192307692307 0.08173076923076923
0 0.8197115384615384 0.3112980769230769 0.0985576923076923 0.08052884615384616
0 0.2644230769230769 0.5564903846153846 0.0889423076923077 0.037259615384615384
0 0.2620192307692308 0.515625 0.0829326923076923 0.04326923076923077
0 0.2644230769230769 0.46875 0.0625 0.036057692307692304
0 0.203125 0.5012019230769231 0.03485576923076923 0.10576923076923077
0 0.12860576923076922 0.5480769230769231 0.09014423076923077 0.054086538461538464
0 0.040865384615384616 0.5492788461538461 0.078125 0.04927884615384615
0 0.038461538461538464 0.49759615384615385 0.07451923076923077 0.05048076923076923
0 0.04927884615384615 0.3389423076923077 0.07211538461538461 0.15384615384615385
0 0.13581730769230768 0.34134615384615385 0.07932692307692307 0.15264423076923078
0 0.22956730769230768 0.39903846153846156 0.09254807692307693 0.04326923076923077
0 0.22956730769230768 0.3545673076923077 0.0985576923076923 0.04567307692307692
0 0.22355769230769232 0.3088942307692308 0.10336538461538461 0.046875
0 0.3269230769230769 0.4014423076923077 0.09254807692307693 0.04447115384615385
0 0.3245192307692308 0.3545673076923077 0.09254807692307693 0.04927884615384615
0 0.4206730769230769 0.40625 0.09134615384615384 0.04567307692307692
0 0.34375 0.4807692307692308 0.08774038461538461 0.039663461538461536
0 0.34615384615384615 0.5192307692307693 0.0829326923076923 0.036057692307692304
0 0.35216346153846156 0.5576923076923077 0.08533653846153846 0.036057692307692304
0 0.4338942307692308 0.4855769230769231 0.08653846153846154 0.04447115384615385
0 0.9134615384615384 0.3918269230769231 0.0985576923076923 0.08052884615384616
0 0.8137019230769231 0.39302884615384615 0.09615384615384616 0.07932692307692307
0 0.7127403846153846 0.390625 0.09735576923076923 0.07692307692307693
0 0.4182692307692308 0.3605769230769231 0.09375 0.04567307692307692
0 0.6177884615384616 0.3076923076923077 0.10216346153846154 0.08413461538461539
0 0.6141826923076923 0.3918269230769231 0.09735576923076923 0.078125
0 0.5144230769230769 0.3137019230769231 0.09735576923076923 0.04807692307692308
0 0.921875 0.3125 0.09254807692307693 0.08052884615384616
0 0.5144230769230769 0.3605769230769231 0.09495192307692307 0.04326923076923077
0 0.703125 0.48677884615384615 0.08774038461538461 0.054086538461538464
0 0.6153846153846154 0.48677884615384615 0.08653846153846154 0.06009615384615385
0 0.5240384615384616 0.5649038461538461 0.08533653846153846 0.046875
0 0.5240384615384616 0.5240384615384616 0.0829326923076923 0.037259615384615384
0 0.5240384615384616 0.484375 0.08653846153846154 0.040865384615384616
0 0.43990384615384615 0.5625 0.0829326923076923 0.03485576923076923
0 0.4362980769230769 0.5276442307692307 0.0889423076923077 0.03485576923076923
0 0.5144230769230769 0.40384615384615385 0.09375 0.040865384615384616
0 0.6838942307692307 0.8028846153846154 0.08533653846153846 0.042067307692307696
0 0.4170673076923077 0.3137019230769231 0.0985576923076923 0.04447115384615385
0 0.5252403846153846 0.890625 0.07692307692307693 0.03485576923076923
0 0.6165865384615384 0.7067307692307693 0.078125 0.036057692307692304
0 0.6141826923076923 0.6682692307692307 0.07932692307692307 0.040865384615384616
0 0.6983173076923077 0.7439903846153846 0.08173076923076923 0.036057692307692304
0 0.6971153846153846 0.7067307692307693 0.0829326923076923 0.037259615384615384
0 0.6983173076923077 0.6670673076923077 0.08173076923076923 0.04326923076923077
0 0.7824519230769231 0.7439903846153846 0.08173076923076923 0.03245192307692308
0 0.7836538461538461 0.7115384615384616 0.08774038461538461 0.03365384615384615
0 0.7872596153846154 0.6742788461538461 0.09014423076923077 0.042067307692307696
0 0.8689903846153846 0.7512019230769231 0.08653846153846154 0.03485576923076923
0 0.8713942307692307 0.7151442307692307 0.08052884615384616 0.037259615384615384
0 0.8774038461538461 0.6742788461538461 0.08774038461538461 0.04807692307692308
0 0.9567307692307693 0.7512019230769231 0.08533653846153846 0.036057692307692304
0 0.9579326923076923 0.7175480769230769 0.07932692307692307 0.040865384615384616
0 0.9603365384615384 0.6754807692307693 0.078125 0.04447115384615385
0 0.9615384615384616 0.5709134615384616 0.07572115384615384 0.04567307692307692
0 0.6129807692307693 0.7427884615384616 0.08173076923076923 0.03485576923076923
0 0.53125 0.6334134615384616 0.08413461538461539 0.037259615384615384
0 0.5324519230769231 0.6694711538461539 0.07932692307692307 0.03485576923076923
0 0.5348557692307693 0.7043269230769231 0.07692307692307693 0.03245192307692308
0 0.5997596153846154 0.8040865384615384 0.0829326923076923 0.040865384615384616
0 0.028846153846153848 0.8629807692307693 0.05048076923076923 0.05048076923076923
0 0.02283653846153846 0.8016826923076923 0.04326923076923077 0.06490384615384616
0 0.055288461538461536 0.7211538461538461 0.09134615384615384 0.04927884615384615
0 0.046875 0.6766826923076923 0.08774038461538461 0.040865384615384616
0 0.14182692307692307 0.7307692307692307 0.06971153846153846 0.0673076923076923
0 0.28725961538461536 0.734375 0.07692307692307693 0.038461538461538464
0 0.09014423076923077 0.8016826923076923 0.08774038461538461 0.03245192307692308
0 0.28125 0.6983173076923077 0.0829326923076923 0.030048076923076924
0 0.3713942307692308 0.7379807692307693 0.08173076923076923 0.036057692307692304
0 0.36658653846153844 0.7007211538461539 0.08173076923076923 0.036057692307692304
0 0.36538461538461536 0.6634615384615384 0.08052884615384616 0.039663461538461536
0 0.4543269230769231 0.7415865384615384 0.08173076923076923 0.036057692307692304
0 0.45072115384615385 0.7067307692307693 0.08173076923076923 0.03245192307692308
0 0.4483173076923077 0.6670673076923077 0.08533653846153846 0.040865384615384616
0 0.5348557692307693 0.7403846153846154 0.07572115384615384 0.037259615384615384
0 0.2764423076923077 0.6622596153846154 0.08173076923076923 0.039663461538461536
0 0.9651442307692307 0.5300480769230769 0.06850961538461539 0.039663461538461536
0 0.21394230769230768 0.7307692307692307 0.06009615384615385 0.0673076923076923
0 0.8774038461538461 0.5492788461538461 0.0889423076923077 0.06370192307692307
0 0.1814903846153846 0.796875 0.0889423076923077 0.03485576923076923
0 0.18870192307692307 0.8341346153846154 0.08653846153846154 0.03485576923076923
0 0.19110576923076922 0.8737980769230769 0.08413461538461539 0.037259615384615384
0 0.28125 0.8257211538461539 0.07932692307692307 0.038461538461538464
0 0.2848557692307692 0.8581730769230769 0.08173076923076923 0.02403846153846154
0 0.28966346153846156 0.8858173076923077 0.07692307692307693 0.028846153846153848
0 0.35697115384615385 0.7980769230769231 0.0733173076923077 0.03125
0 0.10336538461538461 0.8737980769230769 0.08653846153846154 0.039663461538461536
0 0.3605769230769231 0.8317307692307693 0.07572115384615384 0.03365384615384615
0 0.37259615384615385 0.8882211538461539 0.07932692307692307 0.02283653846153846
0 0.43990384615384615 0.8317307692307693 0.07932692307692307 0.028846153846153848
0 0.4423076923076923 0.8605769230769231 0.07692307692307693 0.025240384615384616
0 0.4495192307692308 0.8882211538461539 0.07211538461538461 0.028846153846153848
0 0.5192307692307693 0.796875 0.07692307692307693 0.03485576923076923
0 0.5192307692307693 0.8305288461538461 0.07211538461538461 0.03125
0 0.9711538461538461 0.49038461538461536 0.052884615384615384 0.04807692307692308
0 0.3641826923076923 0.8617788461538461 0.07572115384615384 0.028846153846153848
0 0.09735576923076923 0.8365384615384616 0.0889423076923077 0.03485576923076923
0 0.43990384615384615 0.7992788461538461 0.0829326923076923 0.036057692307692304
0 0.7860576923076923 0.5516826923076923 0.08533653846153846 0.06610576923076923
0 0.5216346153846154 0.859375 0.07692307692307693 0.026442307692307692
0 0.8834134615384616 0.48677884615384615 0.09014423076923077 0.051682692307692304
0 0.7944711538461539 0.4879807692307692 0.08533653846153846 0.06009615384615385
0 0.6995192307692307 0.5492788461538461 0.08533653846153846 0.0673076923076923
0 0.6105769230769231 0.5492788461538461 0.08173076923076923 0.0673076923076923