0 0.7283653846153846 0.4651442307692308 0.030048076923076924 0.06129807692307692
0 0.7704326923076923 0.4795673076923077 0.030048076923076924 0.038461538461538464
0 0.8040865384615384 0.4807692307692308 0.030048076923076924 0.03365384615384615
0 0.8485576923076923 0.47115384615384615 0.027644230769230768 0.051682692307692304
0 0.9014423076923077 0.4519230769230769 0.052884615384615384 0.09975961538461539
0 0.953125 0.4483173076923077 0.042067307692307696 0.10096153846153846
0 0.15264423076923078 0.6081730769230769 0.1141826923076923 0.06009615384615385
0 0.026442307692307692 0.12259615384615384 0.051682692307692304 0.12740384615384615
0 0.08533653846153846 0.12740384615384615 0.0625 0.12259615384615384
0 0.1502403846153846 0.12980769230769232 0.04807692307692308 0.12259615384615384
0 0.9831730769230769 0.796875 0.028846153846153848 0.10817307692307693
0 0.9483173076923077 0.7980769230769231 0.03365384615384615 0.1045673076923077
0 0.09975961538461539 0.265625 0.04807692307692308 0.11177884615384616
0 0.15625 0.26802884615384615 0.054086538461538464 0.11298076923076923
0 0.4182692307692308 0.31850961538461536 0.03365384615384615 0.08413461538461539
0 0.38100961538461536 0.3329326923076923 0.03365384615384615 0.056490384615384616
0 0.3425480769230769 0.3317307692307692 0.036057692307692304 0.052884615384615384
0 0.30288461538461536 0.3245192307692308 0.037259615384615384 0.06971153846153846
0 0.2620192307692308 0.33413461538461536 0.030048076923076924 0.039663461538461536
0 0.2283653846153846 0.33413461538461536 0.030048076923076924 0.037259615384615384
0 0.04567307692307692 0.6105769230769231 0.09134615384615384 0.0625
0 0.6959134615384616 0.4735576923076923 0.025240384615384616 0.042067307692307696
0 0.7788461538461539 0.1875 0.03365384615384615 0.1045673076923077
0 0.6466346153846154 0.4639423076923077 0.030048076923076924 0.0625
0 0.5348557692307693 0.45913461538461536 0.038461538461538464 0.07451923076923077
0 0.4891826923076923 0.45552884615384615 0.04326923076923077 0.07451923076923077
0 0.4387019230769231 0.45552884615384615 0.04807692307692308 0.07572115384615384
0 0.3858173076923077 0.44711538461538464 0.036057692307692304 0.09134615384615384
0 0.3401442307692308 0.44350961538461536 0.04326923076923077 0.09615384615384616
0 0.28846153846153844 0.4831730769230769 0.054086538461538464 0.019230769230769232
0 0.29086538461538464 0.4651442307692308 0.056490384615384616 0.018028846153846152
0 0.30649038461538464 0.140625 0.052884615384615384 0.12259615384615384
0 0.3870192307692308 0.15625 0.04567307692307692 0.1141826923076923
0 0.42908653846153844 0.16105769230769232 0.03365384615384615 0.10576923076923077
0 0.671875 0.4651442307692308 0.015625 0.05889423076923077
0 0.46634615384615385 0.16346153846153846 0.03485576923076923 0.10697115384615384
0 0.5877403846153846 0.17067307692307693 0.057692307692307696 0.10697115384615384
0 0.6418269230769231 0.17548076923076922 0.046875 0.10697115384615384
0 0.6802884615384616 0.1814903846153846 0.025240384615384616 0.09735576923076923
0 0.7331730769230769 0.1814903846153846 0.04927884615384615 0.10697115384615384
0 0.45913461538461536 0.32091346153846156 0.036057692307692304 0.08173076923076923
0 0.8257211538461539 0.19110576923076922 0.04567307692307692 0.10336538461538461
0 0.8629807692307693 0.203125 0.02283653846153846 0.08413461538461539
0 0.8858173076923077 0.2127403846153846 0.018028846153846152 0.0673076923076923
0 0.9447115384615384 0.21033653846153846 0.026442307692307692 0.08413461538461539
0 0.9723557692307693 0.2091346153846154 0.025240384615384616 0.08653846153846154
0 0.5072115384615384 0.16466346153846154 0.038461538461538464 0.10576923076923077
0 0.5012019230769231 0.3317307692307692 0.04326923076923077 0.06850961538461539
0 0.7728365384615384 0.828125 0.057692307692307696 0.08052884615384616
0 0.5877403846153846 0.3269230769230769 0.030048076923076924 0.08173076923076923
0 0.7584134615384616 0.7007211538461539 0.030048076923076924 0.07572115384615384
0 0.6947115384615384 0.7175480769230769 0.08173076923076923 0.046875
0 0.6610576923076923 0.6634615384615384 0.08774038461538461 0.026442307692307692
0 0.6358173076923077 0.7175480769230769 0.025240384615384616 0.057692307692307696
0 0.5829326923076923 0.7175480769230769 0.06370192307692307 0.05889423076923077
0 0.5120192307692307 0.7211538461538461 0.06850961538461539 0.06610576923076923
0 0.8004807692307693 0.6947115384615384 0.04807692307692308 0.08173076923076923
0 0.4519230769230769 0.7103365384615384 0.04326923076923077 0.08653846153846154
0 0.3425480769230769 0.7139423076923077 0.046875 0.09134615384615384
0 0.2980769230769231 0.7319711538461539 0.030048076923076924 0.06610576923076923
0 0.2620192307692308 0.734375 0.036057692307692304 0.06009615384615385
0 0.2247596153846154 0.7355769230769231 0.03485576923076923 0.0625
0 0.14903846153846154 0.7235576923076923 0.09615384615384616 0.07091346153846154
0 0.046875 0.7283653846153846 0.09375 0.05889423076923077
0 0.39663461538461536 0.7139423076923077 0.056490384615384616 0.09014423076923077
0 0.9459134615384616 0.578125 0.036057692307692304 0.09375
0 0.6201923076923077 0.3293269230769231 0.027644230769230768 0.08173076923076923
0 0.6959134615384616 0.33413461538461536 0.038461538461538464 0.07692307692307693
0 0.28846153846153844 0.44711538461538464 0.06009615384615385 0.015625
0 0.28725961538461536 0.42908653846153844 0.052884615384615384 0.019230769230769232
0 0.2860576923076923 0.41225961538461536 0.04927884615384615 0.015625
0 0.28365384615384615 0.3954326923076923 0.04807692307692308 0.016826923076923076
0 0.2283653846153846 0.44350961538461536 0.038461538461538464 0.09375
0 0.06009615384615385 0.39663461538461536 0.04927884615384615 0.0733173076923077
0 0.6574519230769231 0.3317307692307692 0.038461538461538464 0.078125
0 0.014423076923076924 0.3870192307692308 0.027644230769230768 0.09735576923076923
0 0.9242788461538461 0.3389423076923077 0.039663461538461536 0.09134615384615384
0 0.8810096153846154 0.33653846153846156 0.037259615384615384 0.09375
0 0.8461538461538461 0.34615384615384615 0.026442307692307692 0.06850961538461539
0 0.8149038461538461 0.3473557692307692 0.03365384615384615 0.0673076923076923
0 0.7752403846153846 0.3389423076923077 0.042067307692307696 0.07091346153846154
0 0.7331730769230769 0.3317307692307692 0.03125 0.078125
0 0.9663461538461539 0.35216346153846156 0.037259615384615384 0.06850961538461539
0 0.5492788461538461 0.3317307692307692 0.040865384615384616 0.06971153846153846
0 0.9086538461538461 0.5793269230769231 0.03125 0.08653846153846154
0 0.8353365384615384 0.5769230769230769 0.036057692307692304 0.09375
0 0.04807692307692308 0.8641826923076923 0.09615384615384616 0.09375
0 0.15384615384615385 0.8737980769230769 0.10817307692307693 0.0985576923076923
0 0.2536057692307692 0.8762019230769231 0.06610576923076923 0.06971153846153846
0 0.32091346153846156 0.8701923076923077 0.0673076923076923 0.07572115384615384
0 0.3894230769230769 0.8665865384615384 0.06129807692307692 0.0733173076923077
0 0.44350961538461536 0.8413461538461539 0.042067307692307696 0.11298076923076923
0 0.9627403846153846 0.6850961538461539 0.03485576923076923 0.0889423076923077
0 0.49158653846153844 0.8389423076923077 0.042067307692307696 0.10697115384615384
0 0.5853365384615384 0.8329326923076923 0.037259615384615384 0.09975961538461539
0 0.6418269230769231 0.8389423076923077 0.0673076923076923 0.08533653846153846
0 0.7091346153846154 0.8329326923076923 0.0625 0.07692307692307693
0 0.8245192307692307 0.8052884615384616 0.04326923076923077 0.10817307692307693
0 0.8665865384615384 0.8016826923076923 0.030048076923076924 0.1045673076923077
0 0.9074519230769231 0.8004807692307693 0.039663461538461536 0.10817307692307693
0 0.5336538461538461 0.8377403846153846 0.037259615384615384 0.10576923076923077
0 0.8737980769230769 0.578125 0.03125 0.09014423076923077
0 0.921875 0.6875 0.040865384615384616 0.09134615384615384
0 0.8449519230769231 0.6923076923076923 0.037259615384615384 0.0889423076923077
0 0.7980769230769231 0.5865384615384616 0.03245192307692308 0.07932692307692307
0 0.765625 0.5865384615384616 0.03125 0.07932692307692307
0 0.7331730769230769 0.5889423076923077 0.028846153846153848 0.07572115384615384
0 0.7007211538461539 0.5913461538461539 0.027644230769230768 0.07211538461538461
0 0.671875 0.5925480769230769 0.026442307692307692 0.0673076923076923
0 0.6310096153846154 0.6141826923076923 0.040865384615384616 0.036057692307692304
0 0.8810096153846154 0.6899038461538461 0.03245192307692308 0.0889423076923077
0 0.5504807692307693 0.5973557692307693 0.04807692307692308 0.06129807692307692
0 0.45552884615384615 0.5997596153846154 0.04326923076923077 0.06490384615384616
0 0.4050480769230769 0.6033653846153846 0.042067307692307696 0.057692307692307696
0 0.359375 0.6057692307692307 0.039663461538461536 0.051682692307692304
0 0.31009615384615385 0.5901442307692307 0.04807692307692308 0.08774038461538461
0 0.2536057692307692 0.5793269230769231 0.054086538461538464 0.11298076923076923
0 0.6117788461538461 0.4567307692307692 0.03365384615384615 0.07211538461538461
0 0.5 0.6021634615384616 0.042067307692307696 0.06129807692307692
0 0.5745192307692307 0.45913461538461536 0.03485576923076923 0.0733173076923077
0 0.20192307692307693 0.15384615384615385 0.04927884615384615 0.0889423076923077
0 0.2512019230769231 0.15384615384615385 0.04447115384615385 0.08653846153846154