0 0.30649038461538464 0.2091346153846154 0.05889423076923077 0.12139423076923077
0 0.24278846153846154 0.23076923076923078 0.06610576923076923 0.12860576923076922
0 0.13221153846153846 0.25240384615384615 0.07932692307692307 0.08052884615384616
0 0.0625 0.25240384615384615 0.06009615384615385 0.08413461538461539
0 0.15264423076923078 0.1346153846153846 0.07692307692307693 0.06490384615384616
0 0.06850961538461539 0.1346153846153846 0.08413461538461539 0.06490384615384616
0 0.15865384615384615 0.0673076923076923 0.08413461538461539 0.05889423076923077
0 0.07932692307692307 0.06971153846153846 0.07692307692307693 0.055288461538461536
0 0.9375 0.7463942307692307 0.036057692307692304 0.08052884615384616
0 0.9314903846153846 0.6490384615384616 0.05889423076923077 0.0625
0 0.8822115384615384 0.8677884615384616 0.04567307692307692 0.07572115384615384
0 0.08774038461538461 0.484375 0.0733173076923077 0.06850961538461539
0 0.1622596153846154 0.48197115384615385 0.07572115384615384 0.07451923076923077
0 0.22235576923076922 0.4963942307692308 0.04447115384615385 0.0625
0 0.265625 0.4855769230769231 0.038461538461538464 0.08173076923076923
0 0.30528846153846156 0.48677884615384615 0.042067307692307696 0.0733173076923077
0 0.3473557692307692 0.4855769230769231 0.042067307692307696 0.07572115384615384
0 0.39302884615384615 0.49158653846153844 0.04447115384615385 0.0673076923076923
0 0.4338942307692308 0.48677884615384615 0.039663461538461536 0.07692307692307693
0 0.47475961538461536 0.49158653846153844 0.038461538461538464 0.07091346153846154
0 0.5144230769230769 0.49038461538461536 0.040865384615384616 0.06370192307692307
0 0.5564903846153846 0.4891826923076923 0.039663461538461536 0.06850961538461539
0 0.5973557692307693 0.4879807692307692 0.036057692307692304 0.06850961538461539
0 0.6382211538461539 0.4891826923076923 0.04567307692307692 0.07211538461538461
0 0.7307692307692307 0.49399038461538464 0.06129807692307692 0.057692307692307696
0 0.7884615384615384 0.49158653846153844 0.040865384615384616 0.06009615384615385
0 0.9278846153846154 0.8665865384615384 0.054086538461538464 0.07692307692307693
0 0.8918269230769231 0.4206730769230769 0.04447115384615385 0.09375
0 0.9471153846153846 0.421875 0.06850961538461539 0.0985576923076923
0 0.07692307692307693 0.5841346153846154 0.05889423076923077 0.06370192307692307
0 0.02403846153846154 0.5877403846153846 0.04807692307692308 0.07932692307692307
0 0.15985576923076922 0.5865384615384616 0.08533653846153846 0.04447115384615385
0 0.038461538461538464 0.6766826923076923 0.07451923076923077 0.0733173076923077
0 0.109375 0.6862980769230769 0.06610576923076923 0.057692307692307696
0 0.17427884615384615 0.6862980769230769 0.06370192307692307 0.057692307692307696
0 0.27163461538461536 0.5949519230769231 0.046875 0.057692307692307696
0 0.9831730769230769 0.30528846153846156 0.03245192307692308 0.07451923076923077
0 0.9507211538461539 0.30649038461538464 0.027644230769230768 0.078125
0 0.9158653846153846 0.3088942307692308 0.036057692307692304 0.07572115384615384
0 0.8810096153846154 0.30408653846153844 0.03485576923076923 0.0673076923076923
0 0.8978365384615384 0.7596153846153846 0.04567307692307692 0.055288461538461536
0 0.8533653846153846 0.7475961538461539 0.03485576923076923 0.0829326923076923
0 0.8209134615384616 0.7487980769230769 0.030048076923076924 0.078125
0 0.9771634615384616 0.8641826923076923 0.040865384615384616 0.08413461538461539
0 0.3701923076923077 0.2091346153846154 0.06610576923076923 0.12139423076923077
0 0.4338942307692308 0.20793269230769232 0.06129807692307692 0.1201923076923077
0 0.5 0.20192307692307693 0.06370192307692307 0.11778846153846154
0 0.5697115384615384 0.2127403846153846 0.07572115384615384 0.13822115384615385
0 0.6430288461538461 0.21754807692307693 0.0733173076923077 0.1310096153846154
0 0.7127403846153846 0.21394230769230768 0.0625 0.12620192307692307
0 0.7872596153846154 0.21033653846153846 0.0829326923076923 0.12740384615384615
0 0.859375 0.20552884615384615 0.06129807692307692 0.11899038461538461
0 0.3137019230769231 0.5889423076923077 0.039663461538461536 0.07091346153846154
0 0.9290865384615384 0.2091346153846154 0.07692307692307693 0.11057692307692307
0 0.09134615384615384 0.3858173076923077 0.06370192307692307 0.06850961538461539
0 0.15985576923076922 0.3858173076923077 0.07091346153846154 0.06009615384615385
0 0.22596153846153846 0.3425480769230769 0.04567307692307692 0.09375
0 0.2764423076923077 0.34975961538461536 0.052884615384615384 0.078125
0 0.33533653846153844 0.31490384615384615 0.054086538461538464 0.04807692307692308
0 0.3329326923076923 0.36177884615384615 0.05889423076923077 0.04567307692307692
0 0.3942307692307692 0.34975961538461536 0.04807692307692308 0.0673076923076923
0 0.4735576923076923 0.3485576923076923 0.09735576923076923 0.11658653846153846
0 0.5733173076923077 0.35096153846153844 0.10216346153846154 0.11298076923076923
0 0.6754807692307693 0.35216346153846156 0.10096153846153846 0.12139423076923077
0 0.7692307692307693 0.35216346153846156 0.08533653846153846 0.10096153846153846
0 0.8401442307692307 0.3088942307692308 0.038461538461538464 0.06490384615384616
0 0.028846153846153848 0.3918269230769231 0.056490384615384616 0.07451923076923077
0 0.3545673076923077 0.5877403846153846 0.04807692307692308 0.07091346153846154
0 0.8461538461538461 0.4266826923076923 0.04447115384615385 0.08173076923076923
0 0.43990384615384615 0.5913461538461539 0.042067307692307696 0.06490384615384616
0 0.5661057692307693 0.6971153846153846 0.038461538461538464 0.06009615384615385
0 0.6045673076923077 0.6887019230769231 0.03365384615384615 0.07572115384615384
0 0.6382211538461539 0.6887019230769231 0.03125 0.0733173076923077
0 0.6814903846153846 0.7175480769230769 0.056490384615384616 0.016826923076923076
0 0.6802884615384616 0.6971153846153846 0.05889423076923077 0.019230769230769232
0 0.734375 0.7067307692307693 0.04447115384615385 0.039663461538461536
0 0.7764423076923077 0.7007211538461539 0.039663461538461536 0.05048076923076923
0 0.8317307692307693 0.6442307692307693 0.038461538461538464 0.06850961538461539
0 0.8786057692307693 0.6670673076923077 0.052884615384615384 0.021634615384615384
0 0.39783653846153844 0.5841346153846154 0.03485576923076923 0.078125
0 0.9759615384615384 0.7475961538461539 0.042067307692307696 0.07451923076923077
0 0.9807692307692307 0.640625 0.036057692307692304 0.036057692307692304
0 0.49399038461538464 0.6887019230769231 0.038461538461538464 0.078125
0 0.9807692307692307 0.6694711538461539 0.03365384615384615 0.026442307692307692
0 0.10576923076923077 0.7764423076923077 0.06610576923076923 0.0733173076923077
0 0.15745192307692307 0.7740384615384616 0.038461538461538464 0.07211538461538461
0 0.1971153846153846 0.7728365384615384 0.039663461538461536 0.07572115384615384
0 0.036057692307692304 0.8930288461538461 0.06971153846153846 0.06490384615384616
0 0.17067307692307693 0.8894230769230769 0.08774038461538461 0.056490384615384616
0 0.2920673076923077 0.8521634615384616 0.06850961538461539 0.11778846153846154
0 0.35336538461538464 0.8461538461538461 0.056490384615384616 0.1310096153846154
0 0.4074519230769231 0.84375 0.051682692307692304 0.125
0 0.45552884615384615 0.8533653846153846 0.04326923076923077 0.1045673076923077
0 0.5901442307692307 0.8305288461538461 0.20673076923076922 0.14182692307692307
0 0.7524038461538461 0.8521634615384616 0.09975961538461539 0.10817307692307693
0 0.8341346153846154 0.875 0.04807692307692308 0.0625
0 0.039663461538461536 0.7836538461538461 0.06610576923076923 0.055288461538461536
0 0.4411057692307692 0.6947115384615384 0.036057692307692304 0.05889423076923077
0 0.8774038461538461 0.640625 0.04447115384615385 0.025240384615384616
0 0.40024038461538464 0.6778846153846154 0.039663461538461536 0.042067307692307696
0 0.4026442307692308 0.7151442307692307 0.03365384615384615 0.025240384615384616
0 0.6177884615384616 0.5913461538461539 0.06490384615384616 0.06610576923076923
0 0.5625 0.5913461538461539 0.04447115384615385 0.06850961538461539
0 0.5192307692307693 0.5877403846153846 0.039663461538461536 0.07692307692307693
0 0.4795673076923077 0.5841346153846154 0.039663461538461536 0.07932692307692307
0 0.7572115384615384 0.5913461538461539 0.07451923076923077 0.0625
0 0.8365384615384616 0.5372596153846154 0.038461538461538464 0.0733173076923077
0 0.6850961538461539 0.5853365384615384 0.0673076923076923 0.078125
0 0.9182692307692307 0.5372596153846154 0.038461538461538464 0.0733173076923077
0 0.9615384615384616 0.5360576923076923 0.038461538461538464 0.0673076923076923
0 0.234375 0.7007211538461539 0.038461538461538464 0.0733173076923077
0 0.27163461538461536 0.6983173076923077 0.038461538461538464 0.08052884615384616
0 0.31009615384615385 0.7019230769230769 0.036057692307692304 0.07091346153846154
0 0.3545673076923077 0.6935096153846154 0.04927884615384615 0.08533653846153846
0 0.8737980769230769 0.5372596153846154 0.036057692307692304 0.078125