0 0.49158653846153844 0.5360576923076923 0.06971153846153846 0.07091346153846154
0 0.5769230769230769 0.5408653846153846 0.09254807692307693 0.09254807692307693
0 0.6778846153846154 0.5588942307692307 0.09254807692307693 0.09615384615384616
0 0.7608173076923077 0.5925480769230769 0.0673076923076923 0.06610576923076923
0 0.8305288461538461 0.5865384615384616 0.057692307692307696 0.10817307692307693
0 0.4423076923076923 0.4266826923076923 0.025240384615384616 0.057692307692307696
0 0.3137019230769231 0.41947115384615385 0.02403846153846154 0.040865384615384616
0 0.3389423076923077 0.41947115384615385 0.020432692307692308 0.040865384615384616
0 0.3713942307692308 0.42788461538461536 0.037259615384615384 0.04326923076923077
0 0.40865384615384615 0.43028846153846156 0.036057692307692304 0.04807692307692308
0 0.4699519230769231 0.42908653846153844 0.026442307692307692 0.06370192307692307
0 0.41586538461538464 0.5192307692307693 0.06370192307692307 0.0829326923076923
0 0.2860576923076923 0.4170673076923077 0.026442307692307692 0.042067307692307696
0 0.35216346153846156 0.5096153846153846 0.052884615384615384 0.015625
0 0.7391826923076923 0.7163461538461539 0.1971153846153846 0.06850961538461539
0 0.3112980769230769 0.5048076923076923 0.016826923076923076 0.052884615384615384
0 0.29086538461538464 0.5012019230769231 0.015625 0.046875
0 0.2704326923076923 0.49278846153846156 0.019230769230769232 0.06009615384615385
0 0.22355769230769232 0.4026442307692308 0.09495192307692307 0.025240384615384616
0 0.21995192307692307 0.4326923076923077 0.08774038461538461 0.03365384615384615
0 0.21754807692307693 0.47596153846153844 0.06971153846153846 0.046875
0 0.18870192307692307 0.5637019230769231 0.0985576923076923 0.030048076923076924
0 0.18870192307692307 0.59375 0.07932692307692307 0.025240384615384616
0 0.28365384615384615 0.6021634615384616 0.0673076923076923 0.0625
0 0.36778846153846156 0.6213942307692307 0.0733173076923077 0.07932692307692307
0 0.4639423076923077 0.6538461538461539 0.10697115384615384 0.08052884615384616
0 0.5805288461538461 0.6899038461538461 0.11177884615384616 0.1045673076923077
0 0.5012019230769231 0.4326923076923077 0.03365384615384615 0.0625
0 0.7560096153846154 0.7716346153846154 0.13942307692307693 0.037259615384615384
0 0.35096153846153844 0.5276442307692307 0.057692307692307696 0.015625
0 0.5444711538461539 0.4375 0.04807692307692308 0.06850961538461539
0 0.22596153846153846 0.8173076923076923 0.06850961538461539 0.125
0 0.671875 0.4375 0.07211538461538461 0.11177884615384616
0 0.9254807692307693 0.10576923076923077 0.14783653846153846 0.16346153846153846
0 0.71875 0.13221153846153846 0.17067307692307693 0.14182692307692307
0 0.5805288461538461 0.14302884615384615 0.08653846153846154 0.13221153846153846
0 0.49278846153846156 0.15384615384615385 0.08173076923076923 0.11538461538461539
0 0.41466346153846156 0.1622596153846154 0.06009615384615385 0.10576923076923077
0 0.3641826923076923 0.16947115384615385 0.03365384615384615 0.09375
0 0.30649038461538464 0.1658653846153846 0.07091346153846154 0.109375
0 0.8629807692307693 0.3004807692307692 0.09735576923076923 0.13701923076923078
0 0.9603365384615384 0.29086538461538464 0.078125 0.13341346153846154
0 0.7584134615384616 0.30288461538461536 0.09975961538461539 0.12259615384615384
0 0.6538461538461539 0.3088942307692308 0.10096153846153846 0.10817307692307693
0 0.5793269230769231 0.3245192307692308 0.036057692307692304 0.0625
0 0.5348557692307693 0.31850961538461536 0.04326923076923077 0.06850961538461539
0 0.49038461538461536 0.3161057692307692 0.04447115384615385 0.0733173076923077
0 0.6009615384615384 0.42908653846153844 0.05889423076923077 0.09615384615384616
0 0.4495192307692308 0.31490384615384615 0.03125 0.07091346153846154
0 0.41586538461538464 0.9206730769230769 0.140625 0.14903846153846154
0 0.30408653846153844 0.8629807692307693 0.07932692307692307 0.13581730769230768
0 0.265625 0.6983173076923077 0.06490384615384616 0.10576923076923077
0 0.3485576923076923 0.7331730769230769 0.09375 0.1201923076923077
0 0.4483173076923077 0.7680288461538461 0.09615384615384616 0.13581730769230768
0 0.4182692307692308 0.3125 0.028846153846153848 0.07211538461538461
0 0.3858173076923077 0.31490384615384615 0.027644230769230768 0.06490384615384616
0 0.3557692307692308 0.3137019230769231 0.02403846153846154 0.06610576923076923
0 0.3293269230769231 0.3137019230769231 0.02403846153846154 0.06610576923076923
0 0.30528846153846156 0.3125 0.015625 0.06370192307692307
0 0.21754807692307693 0.3161057692307692 0.12259615384615384 0.07932692307692307
0 0.20793269230769232 0.37259615384615385 0.12860576923076922 0.030048076923076924
0 0.8497596153846154 0.453125 0.08413461538461539 0.1201923076923077
0 0.7608173076923077 0.44471153846153844 0.08533653846153846 0.11538461538461539
0 0.5685096153846154 0.9555288461538461 0.14182692307692307 0.08413461538461539
0 0.20192307692307693 0.5252403846153846 0.10817307692307693 0.046875
0 0.5649038461538461 0.8245192307692307 0.12379807692307693 0.15504807692307693
0 0.7199519230769231 0.8870192307692307 0.15865384615384615 0.15625