0 0.5048076923076923 0.06490384615384616 0.06370192307692307 0.078125
0 0.5721153846153846 0.4735576923076923 0.06370192307692307 0.0673076923076923
0 0.25 0.24158653846153846 0.1201923076923077 0.07091346153846154
0 0.2512019230769231 0.31490384615384615 0.11538461538461539 0.06850961538461539
0 0.3425480769230769 0.2608173076923077 0.06009615384615385 0.109375
0 0.39663461538461536 0.2608173076923077 0.04567307692307692 0.109375
0 0.4543269230769231 0.2439903846153846 0.06370192307692307 0.07572115384615384
0 0.45552884615384615 0.3161057692307692 0.057692307692307696 0.0673076923076923
0 0.5144230769230769 0.3173076923076923 0.057692307692307696 0.06370192307692307
0 0.036057692307692304 0.31009615384615385 0.07091346153846154 0.07211538461538461
0 0.5144230769230769 0.2439903846153846 0.057692307692307696 0.078125
0 0.5769230769230769 0.2668269230769231 0.0625 0.037259615384615384
0 0.5757211538461539 0.31850961538461536 0.06009615384615385 0.0625
0 0.6490384615384616 0.22956730769230768 0.07211538461538461 0.04326923076923077
0 0.6430288461538461 0.2668269230769231 0.06610576923076923 0.03245192307692308
0 0.640625 0.3173076923076923 0.06490384615384616 0.06610576923076923
0 0.7055288461538461 0.3137019230769231 0.055288461538461536 0.07091346153846154
0 0.7608173076923077 0.3137019230769231 0.054086538461538464 0.07211538461538461
0 0.5793269230769231 0.22716346153846154 0.06610576923076923 0.042067307692307696
0 0.7091346153846154 0.24158653846153846 0.05048076923076923 0.06971153846153846
0 0.13341346153846154 0.3112980769230769 0.11658653846153846 0.07451923076923077
0 0.03365384615384615 0.23557692307692307 0.06490384615384616 0.07091346153846154
0 0.41346153846153844 0.890625 0.06370192307692307 0.04447115384615385
0 0.34375 0.8918269230769231 0.06850961538461539 0.04567307692307692
0 0.3389423076923077 0.8353365384615384 0.07091346153846154 0.06370192307692307
0 0.27283653846153844 0.8894230769230769 0.06850961538461539 0.04807692307692308
0 0.2704326923076923 0.8353365384615384 0.06370192307692307 0.057692307692307696
0 0.20432692307692307 0.8185096153846154 0.06129807692307692 0.052884615384615384
0 0.20432692307692307 0.8774038461538461 0.06610576923076923 0.055288461538461536
0 0.12620192307692307 0.23677884615384615 0.11899038461538461 0.0733173076923077
0 0.13581730769230768 0.8762019230769231 0.06370192307692307 0.04927884615384615
0 0.056490384615384616 0.8233173076923077 0.07091346153846154 0.0673076923076923
0 0.05889423076923077 0.8870192307692307 0.07932692307692307 0.052884615384615384
0 0.5060096153846154 0.46875 0.06490384615384616 0.06370192307692307
0 0.7692307692307693 0.47115384615384615 0.0625 0.06971153846153846
0 0.7067307692307693 0.41225961538461536 0.0625 0.06370192307692307
0 0.7716346153846154 0.40625 0.06490384615384616 0.06009615384615385
0 0.7043269230769231 0.4735576923076923 0.0625 0.057692307692307696
0 0.13341346153846154 0.8185096153846154 0.078125 0.0625
0 0.4110576923076923 0.8341346153846154 0.06610576923076923 0.06610576923076923
0 0.7632211538461539 0.24158653846153846 0.056490384615384616 0.06971153846153846
0 0.8221153846153846 0.3161057692307692 0.06490384615384616 0.07451923076923077
0 0.6430288461538461 0.06129807692307692 0.0673076923076923 0.07692307692307693
0 0.5721153846153846 0.140625 0.06490384615384616 0.07091346153846154
0 0.7079326923076923 0.13822115384615385 0.06009615384615385 0.0829326923076923
0 0.7115384615384616 0.07692307692307693 0.0673076923076923 0.037259615384615384
0 0.7127403846153846 0.039663461538461536 0.06490384615384616 0.038461538461538464
0 0.7692307692307693 0.13701923076923078 0.06129807692307692 0.08052884615384616
0 0.8329326923076923 0.13822115384615385 0.06129807692307692 0.08173076923076923
0 0.5733173076923077 0.06370192307692307 0.06971153846153846 0.078125
0 0.7776442307692307 0.054086538461538464 0.06129807692307692 0.08533653846153846
0 0.9675480769230769 0.22235576923076922 0.06370192307692307 0.15384615384615385
0 0.9627403846153846 0.3918269230769231 0.0733173076923077 0.1875
0 0.9579326923076923 0.5745192307692307 0.07932692307692307 0.16826923076923078
0 0.9146634615384616 0.7259615384615384 0.10336538461538461 0.12980769230769232
0 0.8870192307692307 0.8653846153846154 0.09375 0.13701923076923078
0 0.9675480769230769 0.8641826923076923 0.06009615384615385 0.1466346153846154
0 0.6370192307692307 0.46875 0.06129807692307692 0.06129807692307692
0 0.8425480769230769 0.052884615384615384 0.0673076923076923 0.08413461538461539
0 0.8257211538461539 0.24158653846153846 0.06370192307692307 0.07211538461538461
0 0.43990384615384615 0.03365384615384615 0.06490384615384616 0.042067307692307696
0 0.4387019230769231 0.08052884615384616 0.06490384615384616 0.05048076923076923
0 0.019230769230769232 0.06610576923076923 0.038461538461538464 0.078125
0 0.06971153846153846 0.06490384615384616 0.057692307692307696 0.07451923076923077
0 0.12980769230769232 0.06971153846153846 0.0625 0.07091346153846154
0 0.1935096153846154 0.06971153846153846 0.06370192307692307 0.06971153846153846
0 0.2548076923076923 0.06850961538461539 0.056490384615384616 0.06971153846153846
0 0.3137019230769231 0.07091346153846154 0.05889423076923077 0.06850961538461539
0 0.021634615384615384 0.13942307692307693 0.042067307692307696 0.06850961538461539
0 0.375 0.03245192307692308 0.06129807692307692 0.038461538461538464
0 0.07451923076923077 0.13822115384615385 0.06370192307692307 0.06850961538461539
0 0.1971153846153846 0.13942307692307693 0.05889423076923077 0.06850961538461539
0 0.25961538461538464 0.13942307692307693 0.0625 0.07091346153846154
0 0.31971153846153844 0.140625 0.057692307692307696 0.07091346153846154
0 0.3786057692307692 0.140625 0.05889423076923077 0.07091346153846154
0 0.43990384615384615 0.140625 0.06009615384615385 0.0733173076923077
0 0.5048076923076923 0.14182692307692307 0.06850961538461539 0.07451923076923077
0 0.3737980769230769 0.078125 0.06129807692307692 0.051682692307692304
0 0.13701923076923078 0.13942307692307693 0.06009615384615385 0.0673076923076923
0 0.4795673076923077 0.8305288461538461 0.06610576923076923 0.07211538461538461
0 0.6394230769230769 0.13942307692307693 0.06610576923076923 0.0733173076923077
0 0.5456730769230769 0.9038461538461539 0.06971153846153846 0.027644230769230768
0 0.7067307692307693 0.5588942307692307 0.06490384615384616 0.057692307692307696
0 0.6394230769230769 0.5372596153846154 0.0625 0.020432692307692308
0 0.6382211538461539 0.5697115384615384 0.06129807692307692 0.038461538461538464
0 0.6334134615384616 0.6213942307692307 0.05889423076923077 0.06129807692307692
0 0.5697115384615384 0.6177884615384616 0.06370192307692307 0.055288461538461536
0 0.5733173076923077 0.5600961538461539 0.06490384615384616 0.057692307692307696
0 0.5048076923076923 0.6189903846153846 0.06370192307692307 0.0625
0 0.7728365384615384 0.5625 0.06129807692307692 0.06009615384615385
0 0.5084134615384616 0.5564903846153846 0.06490384615384616 0.057692307692307696
0 0.4423076923076923 0.6165865384615384 0.06009615384615385 0.06009615384615385
0 0.38341346153846156 0.6153846153846154 0.054086538461538464 0.056490384615384616
0 0.38341346153846156 0.5564903846153846 0.052884615384615384 0.057692307692307696
0 0.3269230769230769 0.5552884615384616 0.05889423076923077 0.05889423076923077
0 0.3245192307692308 0.6153846153846154 0.057692307692307696 0.052884615384615384
0 0.26322115384615385 0.6177884615384616 0.05889423076923077 0.054086538461538464
0 0.26322115384615385 0.5576923076923077 0.06610576923076923 0.05889423076923077
0 0.4411057692307692 0.5552884615384616 0.06490384615384616 0.056490384615384616
0 0.203125 0.6177884615384616 0.06009615384615385 0.057692307692307696
0 0.7704326923076923 0.6213942307692307 0.06610576923076923 0.055288461538461536
0 0.054086538461538464 0.4050480769230769 0.06490384615384616 0.06610576923076923
0 0.47836538461538464 0.8882211538461539 0.06129807692307692 0.04326923076923077
0 0.6430288461538461 0.41225961538461536 0.06490384615384616 0.04927884615384615
0 0.5733173076923077 0.40865384615384615 0.06610576923076923 0.0625
0 0.5048076923076923 0.40625 0.0673076923076923 0.05889423076923077
0 0.43509615384615385 0.4050480769230769 0.06490384615384616 0.05889423076923077
0 0.4387019230769231 0.4699519230769231 0.06490384615384616 0.0673076923076923
0 0.375 0.4735576923076923 0.056490384615384616 0.05889423076923077
0 0.7043269230769231 0.6189903846153846 0.06370192307692307 0.05889423076923077
0 0.3701923076923077 0.4110576923076923 0.0625 0.06610576923076923
0 0.24759615384615385 0.4735576923076923 0.06490384615384616 0.05889423076923077
0 0.24158653846153846 0.4098557692307692 0.06850961538461539 0.0673076923076923
0 0.18509615384615385 0.4723557692307692 0.055288461538461536 0.06009615384615385
0 0.17668269230769232 0.4074519230769231 0.06129807692307692 0.06490384615384616
0 0.11538461538461539 0.40625 0.057692307692307696 0.06850961538461539
0 0.125 0.47115384615384615 0.06370192307692307 0.056490384615384616
0 0.06009615384615385 0.4675480769230769 0.0625 0.05889423076923077
0 0.3125 0.47596153846153844 0.06490384615384616 0.057692307692307696
0 0.19831730769230768 0.5576923076923077 0.06490384615384616 0.06129807692307692
0 0.3076923076923077 0.4098557692307692 0.0625 0.07091346153846154
0 0.14302884615384615 0.6153846153846154 0.055288461538461536 0.055288461538461536
0 0.25240384615384615 0.6911057692307693 0.06850961538461539 0.04807692307692308
0 0.17548076923076922 0.6887019230769231 0.07451923076923077 0.04447115384615385
0 0.1814903846153846 0.7391826923076923 0.07211538461538461 0.04927884615384615
0 0.10697115384615384 0.7403846153846154 0.07211538461538461 0.057692307692307696
0 0.10216346153846154 0.6862980769230769 0.06850961538461539 0.04326923076923077
0 0.03365384615384615 0.6887019230769231 0.06610576923076923 0.04567307692307692
0 0.03485576923076923 0.7415865384615384 0.06971153846153846 0.057692307692307696
0 0.2536057692307692 0.7391826923076923 0.06971153846153846 0.04927884615384615
0 0.7572115384615384 0.8786057692307693 0.06850961538461539 0.0673076923076923
0 0.6862980769230769 0.8581730769230769 0.07091346153846154 0.02403846153846154
0 0.6141826923076923 0.8882211538461539 0.0673076923076923 0.04447115384615385
0 0.6141826923076923 0.8521634615384616 0.06971153846153846 0.025240384615384616
0 0.6117788461538461 0.8149038461538461 0.07091346153846154 0.04326923076923077
0 0.13822115384615385 0.5552884615384616 0.052884615384615384 0.06009615384615385
0 0.5444711538461539 0.8245192307692307 0.0625 0.06129807692307692
0 0.546875 0.8725961538461539 0.06610576923076923 0.03365384615384615
0 0.6862980769230769 0.8173076923076923 0.07451923076923077 0.04927884615384615
0 0.32572115384615385 0.7355769230769231 0.0673076923076923 0.04807692307692308
0 0.6838942307692307 0.8930288461538461 0.06850961538461539 0.039663461538461536
0 0.3894230769230769 0.6875 0.052884615384615384 0.040865384615384616
0 0.0829326923076923 0.5504807692307693 0.057692307692307696 0.052884615384615384
0 0.3233173076923077 0.6875 0.0733173076923077 0.040865384615384616
0 0.08653846153846154 0.6105769230769231 0.051682692307692304 0.05889423076923077
0 0.030048076923076924 0.6105769230769231 0.05889423076923077 0.06009615384615385
0 0.5961538461538461 0.703125 0.07211538461538461 0.028846153846153848
0 0.5204326923076923 0.6754807692307693 0.0733173076923077 0.014423076923076924
0 0.5949519230769231 0.6778846153846154 0.07211538461538461 0.018028846153846152
0 0.7536057692307693 0.7463942307692307 0.07572115384615384 0.06370192307692307
0 0.5240384615384616 0.7007211538461539 0.06850961538461539 0.03125
0 0.6742788461538461 0.7103365384615384 0.07451923076923077 0.030048076923076924
0 0.45552884615384615 0.6971153846153846 0.06610576923076923 0.03125
0 0.3954326923076923 0.7427884615384616 0.06370192307692307 0.055288461538461536
0 0.6802884615384616 0.6814903846153846 0.07572115384615384 0.026442307692307692
0 0.4639423076923077 0.7415865384615384 0.0673076923076923 0.05048076923076923
0 0.53125 0.7415865384615384 0.06610576923076923 0.04927884615384615
0 0.026442307692307692 0.5516826923076923 0.051682692307692304 0.052884615384615384
0 0.5997596153846154 0.7451923076923077 0.07091346153846154 0.054086538461538464
0 0.6730769230769231 0.7536057692307693 0.07451923076923077 0.051682692307692304