0 0.7463942307692307 0.8713942307692307 0.04807692307692308 0.14423076923076922
0 0.9807692307692307 0.8617788461538461 0.03365384615384615 0.14182692307692307
0 0.9375 0.8641826923076923 0.051682692307692304 0.14302884615384615
0 0.8834134615384616 0.8641826923076923 0.057692307692307696 0.13942307692307693
0 0.7956730769230769 0.8677884615384616 0.04807692307692308 0.14302884615384615
0 0.28125 0.7055288461538461 0.05889423076923077 0.1502403846153846
0 0.6971153846153846 0.8701923076923077 0.05048076923076923 0.14302884615384615
0 0.45552884615384615 0.8786057692307693 0.04807692307692308 0.14423076923076922
0 0.5973557692307693 0.8725961538461539 0.04447115384615385 0.13822115384615385
0 0.5504807692307693 0.875 0.04447115384615385 0.14182692307692307
0 0.5036057692307693 0.8786057692307693 0.046875 0.1466346153846154
0 0.33653846153846156 0.7055288461538461 0.05048076923076923 0.14903846153846154
0 0.40625 0.8822115384615384 0.04927884615384615 0.1502403846153846
0 0.3581730769230769 0.8810096153846154 0.042067307692307696 0.14783653846153846
0 0.30649038461538464 0.8834134615384616 0.057692307692307696 0.14423076923076922
0 0.6454326923076923 0.8725961538461539 0.051682692307692304 0.14423076923076922
0 0.3870192307692308 0.7007211538461539 0.04927884615384615 0.14543269230769232
0 0.7475961538461539 0.6923076923076923 0.04807692307692308 0.14903846153846154
0 0.4879807692307692 0.6983173076923077 0.04807692307692308 0.1466346153846154
0 0.6382211538461539 0.5072115384615384 0.04807692307692308 0.18870192307692307
0 0.5865384615384616 0.5060096153846154 0.052884615384615384 0.18389423076923078
0 0.5348557692307693 0.5060096153846154 0.04567307692307692 0.17427884615384615
0 0.49158653846153844 0.5072115384615384 0.040865384615384616 0.17067307692307693
0 0.44711538461538464 0.5096153846153846 0.046875 0.17067307692307693
0 0.35336538461538464 0.5120192307692307 0.04927884615384615 0.17067307692307693
0 0.30528846153846156 0.5132211538461539 0.04567307692307692 0.17427884615384615
0 0.4387019230769231 0.7007211538461539 0.05048076923076923 0.14783653846153846
0 0.2548076923076923 0.515625 0.054086538461538464 0.17908653846153846
0 0.9050480769230769 0.6887019230769231 0.051682692307692304 0.15264423076923078
0 0.8521634615384616 0.6899038461538461 0.054086538461538464 0.15264423076923078
0 0.7992788461538461 0.6923076923076923 0.052884615384615384 0.1502403846153846
0 0.6959134615384616 0.6959134615384616 0.051682692307692304 0.15264423076923078
0 0.6442307692307693 0.6971153846153846 0.051682692307692304 0.15384615384615385
0 0.5901442307692307 0.6971153846153846 0.054086538461538464 0.1502403846153846
0 0.5384615384615384 0.6971153846153846 0.05048076923076923 0.1466346153846154
0 0.9567307692307693 0.6887019230769231 0.051682692307692304 0.15504807692307693
0 0.4014423076923077 0.5096153846153846 0.04326923076923077 0.17067307692307693
0 0.6911057692307693 0.44350961538461536 0.05889423076923077 0.06370192307692307
0 0.016826923076923076 0.0889423076923077 0.03125 0.1502403846153846
0 0.3293269230769231 0.07211538461538461 0.04447115384615385 0.13341346153846154
0 0.28365384615384615 0.07211538461538461 0.04567307692307692 0.13701923076923078
0 0.23918269230769232 0.07451923076923077 0.04326923076923077 0.13701923076923078
0 0.19110576923076922 0.07091346153846154 0.051682692307692304 0.140625
0 0.9771634615384616 0.27403846153846156 0.040865384615384616 0.21153846153846154
0 0.9266826923076923 0.2668269230769231 0.052884615384615384 0.203125
0 0.8737980769230769 0.26802884615384615 0.05048076923076923 0.203125
0 0.8233173076923077 0.2692307692307692 0.05048076923076923 0.20552884615384615
0 0.7728365384615384 0.27283653846153844 0.04927884615384615 0.20793269230769232
0 0.7223557692307693 0.2620192307692308 0.05048076923076923 0.1814903846153846
0 0.671875 0.2608173076923077 0.04807692307692308 0.18269230769230768
0 0.6237980769230769 0.2608173076923077 0.046875 0.19110576923076922
0 0.3737980769230769 0.0673076923076923 0.04447115384615385 0.1346153846153846
0 0.5757211538461539 0.26322115384615385 0.04567307692307692 0.1875
0 0.4807692307692308 0.27163461538461536 0.04447115384615385 0.17668269230769232
0 0.4326923076923077 0.27283653846153844 0.051682692307692304 0.1778846153846154
0 0.38341346153846156 0.27524038461538464 0.04326923076923077 0.1778846153846154
0 0.33774038461538464 0.27524038461538464 0.04807692307692308 0.1778846153846154
0 0.23677884615384615 0.27884615384615385 0.051682692307692304 0.18028846153846154
0 0.9663461538461539 0.49158653846153844 0.04447115384615385 0.18509615384615385
0 0.9194711538461539 0.49278846153846156 0.04807692307692308 0.18269230769230768
0 0.8737980769230769 0.4963942307692308 0.039663461538461536 0.18028846153846154
0 0.8293269230769231 0.4951923076923077 0.04447115384615385 0.18028846153846154
0 0.7848557692307693 0.49759615384615385 0.04447115384615385 0.17548076923076922
0 0.7415865384615384 0.49759615384615385 0.038461538461538464 0.17548076923076922
0 0.6862980769230769 0.5673076923076923 0.04807692307692308 0.05889423076923077
0 0.5288461538461539 0.26802884615384615 0.04807692307692308 0.1778846153846154
0 0.4182692307692308 0.06850961538461539 0.040865384615384616 0.1310096153846154
0 0.28846153846153844 0.2776442307692308 0.04927884615384615 0.17548076923076922
0 0.5048076923076923 0.0673076923076923 0.052884615384615384 0.1346153846153846
0 0.45913461538461536 0.06610576923076923 0.040865384615384616 0.13221153846153846
0 0.09375 0.09134615384615384 0.11538461538461539 0.15384615384615385
0 0.1201923076923077 0.25961538461538464 0.0985576923076923 0.15865384615384615
0 0.03485576923076923 0.265625 0.06971153846153846 0.15625
0 0.140625 0.4338942307692308 0.08052884615384616 0.13701923076923078
0 0.018028846153846152 0.6045673076923077 0.036057692307692304 0.12620192307692307
0 0.16947115384615385 0.5973557692307693 0.07451923076923077 0.13942307692307693
0 0.08413461538461539 0.5997596153846154 0.09254807692307693 0.12740384615384615
0 0.18870192307692307 0.7199519230769231 0.078125 0.10697115384615384
0 0.10697115384615384 0.7259615384615384 0.08052884615384616 0.11177884615384616
0 0.03365384615384615 0.7271634615384616 0.06490384615384616 0.1141826923076923
0 0.20432692307692307 0.8365384615384616 0.06850961538461539 0.1045673076923077
0 0.12620192307692307 0.8425480769230769 0.08413461538461539 0.09735576923076923
0 0.052884615384615384 0.44591346153846156 0.09615384615384616 0.1310096153846154
0 0.9807692307692307 0.05889423076923077 0.037259615384615384 0.11658653846153846
0 0.5528846153846154 0.06610576923076923 0.04447115384615385 0.12980769230769232
0 0.04567307692307692 0.8413461538461539 0.07451923076923077 0.09735576923076923
0 0.5901442307692307 0.06610576923076923 0.030048076923076924 0.12860576923076922
0 0.6286057692307693 0.06490384615384616 0.04447115384615385 0.125
0 0.7163461538461539 0.0625 0.04447115384615385 0.12139423076923077
0 0.6887019230769231 0.5060096153846154 0.054086538461538464 0.06129807692307692
0 0.671875 0.0625 0.040865384615384616 0.12379807692307693
0 0.8040865384615384 0.06009615384615385 0.037259615384615384 0.11778846153846154
0 0.8461538461538461 0.06009615384615385 0.04326923076923077 0.11899038461538461
0 0.8894230769230769 0.05889423076923077 0.040865384615384616 0.11658653846153846
0 0.9362980769230769 0.05889423076923077 0.04927884615384615 0.11658653846153846
0 0.7620192307692307 0.06129807692307692 0.04567307692307692 0.12139423076923077