0 0.6514423076923077 0.43509615384615385 0.03125 0.028846153846153848
0 0.6430288461538461 0.4855769230769231 0.03125 0.021634615384615384
0 0.6586538461538461 0.46274038461538464 0.02403846153846154 0.016826923076923076
0 0.5360576923076923 0.4326923076923077 0.020432692307692308 0.04807692307692308
0 0.609375 0.44471153846153844 0.040865384615384616 0.016826923076923076
0 0.6117788461538461 0.42427884615384615 0.038461538461538464 0.02283653846153846
0 0.5661057692307693 0.42427884615384615 0.04326923076923077 0.020432692307692308
0 0.6586538461538461 0.5108173076923077 0.02403846153846154 0.021634615384615384
0 0.5120192307692307 0.43509615384615385 0.025240384615384616 0.04447115384615385
0 0.48197115384615385 0.4326923076923077 0.025240384615384616 0.04567307692307692
0 0.7487980769230769 0.6201923076923077 0.040865384615384616 0.021634615384615384
0 0.7007211538461539 0.6201923076923077 0.042067307692307696 0.020432692307692308
0 0.6971153846153846 0.5973557692307693 0.046875 0.020432692307692308
0 0.6009615384615384 0.6129807692307693 0.025240384615384616 0.03365384615384615
0 0.6033653846153846 0.5841346153846154 0.026442307692307692 0.015625
0 0.5709134615384616 0.6069711538461539 0.027644230769230768 0.052884615384615384
0 0.5697115384615384 0.44591346153846156 0.040865384615384616 0.016826923076923076
0 0.6430288461538461 0.5336538461538461 0.030048076923076924 0.018028846153846152
0 0.6382211538461539 0.6189903846153846 0.036057692307692304 0.016826923076923076
0 0.6490384615384616 0.5745192307692307 0.025240384615384616 0.021634615384615384
0 0.39783653846153844 0.6862980769230769 0.04567307692307692 0.054086538461538464
0 0.34134615384615385 0.6754807692307693 0.03125 0.04326923076923077
0 0.3004807692307692 0.6730769230769231 0.03485576923076923 0.054086538461538464
0 0.25961538461538464 0.6706730769230769 0.040865384615384616 0.056490384615384616
0 0.21754807692307693 0.6490384615384616 0.038461538461538464 0.013221153846153846
0 0.21394230769230768 0.6790865384615384 0.036057692307692304 0.04326923076923077
0 0.17548076923076922 0.6766826923076923 0.03125 0.046875
0 0.09014423076923077 0.6826923076923077 0.04447115384615385 0.052884615384615384
0 0.05048076923076923 0.6838942307692307 0.03125 0.05048076923076923
0 0.018028846153846152 0.6850961538461539 0.036057692307692304 0.051682692307692304
0 0.9507211538461539 0.5721153846153846 0.051682692307692304 0.019230769230769232
0 0.96875 0.6069711538461539 0.030048076923076924 0.046875
0 0.6394230769230769 0.5552884615384616 0.027644230769230768 0.010817307692307692
0 0.9350961538461539 0.6081730769230769 0.028846153846153848 0.04807692307692308
0 0.8449519230769231 0.6177884615384616 0.04326923076923077 0.025240384615384616
0 0.8954326923076923 0.5913461538461539 0.04447115384615385 0.030048076923076924
0 0.8461538461538461 0.5925480769230769 0.04447115384615385 0.025240384615384616
0 0.7944711538461539 0.6201923076923077 0.04447115384615385 0.018028846153846152
0 0.8004807692307693 0.5985576923076923 0.039663461538461536 0.020432692307692308
0 0.953125 0.4423076923076923 0.04807692307692308 0.027644230769230768
0 0.9699519230769231 0.4026442307692308 0.04326923076923077 0.026442307692307692
0 0.8713942307692307 0.42427884615384615 0.040865384615384616 0.0625
0 0.7908653846153846 0.42788461538461536 0.038461538461538464 0.051682692307692304
0 0.6346153846153846 0.640625 0.036057692307692304 0.020432692307692308
0 0.5396634615384616 0.6033653846153846 0.030048076923076924 0.04927884615384615
0 0.6286057692307693 0.5997596153846154 0.02283653846153846 0.019230769230769232
0 0.8930288461538461 0.6189903846153846 0.040865384615384616 0.025240384615384616
0 0.5108173076923077 0.6045673076923077 0.027644230769230768 0.05048076923076923
0 0.21514423076923078 0.5841346153846154 0.03365384615384615 0.06129807692307692
0 0.453125 0.5973557692307693 0.030048076923076924 0.06009615384615385
0 0.9639423076923077 0.3233173076923077 0.052884615384615384 0.027644230769230768
0 0.9050480769230769 0.34975961538461536 0.038461538461538464 0.027644230769230768
0 0.90625 0.31971153846153844 0.04567307692307692 0.028846153846153848
0 0.8485576923076923 0.3485576923076923 0.04927884615384615 0.028846153846153848
0 0.84375 0.32211538461538464 0.04447115384615385 0.025240384615384616
0 0.7980769230769231 0.34975961538461536 0.04567307692307692 0.026442307692307692
0 0.7512019230769231 0.3485576923076923 0.039663461538461536 0.025240384615384616
0 0.5709134615384616 0.35336538461538464 0.04447115384615385 0.02283653846153846
0 0.6225961538461539 0.3545673076923077 0.04326923076923077 0.02283653846153846
0 0.6189903846153846 0.3245192307692308 0.046875 0.028846153846153848
0 0.5673076923076923 0.3173076923076923 0.040865384615384616 0.021634615384615384
0 0.5649038461538461 0.296875 0.042067307692307696 0.015625
0 0.5252403846153846 0.3389423076923077 0.030048076923076924 0.04447115384615385
0 0.5144230769230769 0.28966346153846156 0.039663461538461536 0.028846153846153848
0 0.4723557692307692 0.3485576923076923 0.03125 0.03125
0 0.4074519230769231 0.33533653846153844 0.08774038461538461 0.05889423076923077
0 0.3449519230769231 0.3173076923076923 0.027644230769230768 0.06610576923076923
0 0.3173076923076923 0.32572115384615385 0.026442307692307692 0.04927884615384615
0 0.24519230769230768 0.3173076923076923 0.1141826923076923 0.06490384615384616
0 0.13701923076923078 0.31971153846153844 0.09975961538461539 0.055288461538461536
0 0.037259615384615384 0.31971153846153844 0.037259615384615384 0.04567307692307692
0 0.9567307692307693 0.35096153846153844 0.046875 0.027644230769230768
0 0.4831730769230769 0.6009615384615384 0.027644230769230768 0.06009615384615385
0 0.039663461538461536 0.40625 0.036057692307692304 0.056490384615384616
0 0.17548076923076922 0.4266826923076923 0.040865384615384616 0.025240384615384616
0 0.4230769230769231 0.5961538461538461 0.030048076923076924 0.06129807692307692
0 0.38822115384615385 0.5973557692307693 0.03125 0.0625
0 0.34375 0.5913461538461539 0.028846153846153848 0.042067307692307696
0 0.3473557692307692 0.5625 0.037259615384615384 0.015625
0 0.2980769230769231 0.5853365384615384 0.037259615384615384 0.06009615384615385
0 0.25841346153846156 0.5853365384615384 0.038461538461538464 0.057692307692307696
0 0.171875 0.5853365384615384 0.039663461538461536 0.06009615384615385
0 0.12740384615384615 0.5841346153846154 0.04326923076923077 0.05889423076923077
0 0.9579326923076923 0.5240384615384616 0.078125 0.038461538461538464
0 0.9098557692307693 0.49278846153846156 0.06850961538461539 0.020432692307692308
0 0.9110576923076923 0.4735576923076923 0.08173076923076923 0.015625
0 0.8365384615384616 0.5288461538461539 0.04326923076923077 0.020432692307692308
0 0.8774038461538461 0.7896634615384616 0.036057692307692304 0.0625
0 0.44711538461538464 0.6875 0.051682692307692304 0.054086538461538464
0 0.453125 0.4266826923076923 0.03125 0.05889423076923077
0 0.3918269230769231 0.421875 0.04447115384615385 0.06610576923076923
0 0.3425480769230769 0.4182692307692308 0.038461538461538464 0.042067307692307696
0 0.3004807692307692 0.41586538461538464 0.036057692307692304 0.04326923076923077
0 0.2608173076923077 0.4182692307692308 0.03245192307692308 0.04326923076923077
0 0.21875 0.42788461538461536 0.040865384615384616 0.02283653846153846
0 0.22235576923076922 0.4014423076923077 0.040865384615384616 0.025240384615384616
0 0.125 0.4230769230769231 0.03365384615384615 0.057692307692307696
0 0.4987980769230769 0.6862980769230769 0.046875 0.05048076923076923
0 0.9194711538461539 0.7908653846153846 0.039663461538461536 0.0673076923076923
0 0.5973557692307693 0.6862980769230769 0.037259615384615384 0.051682692307692304
0 0.07451923076923077 0.7644230769230769 0.07211538461538461 0.036057692307692304
0 0.6129807692307693 0.5252403846153846 0.02403846153846154 0.036057692307692304
0 0.578125 0.5204326923076923 0.036057692307692304 0.04447115384615385
0 0.5456730769230769 0.5228365384615384 0.019230769230769232 0.038461538461538464
0 0.4831730769230769 0.5120192307692307 0.037259615384615384 0.020432692307692308
0 0.484375 0.5324519230769231 0.03365384615384615 0.019230769230769232
0 0.44350961538461536 0.5144230769230769 0.028846153846153848 0.06009615384615385
0 0.4074519230769231 0.5132211538461539 0.03245192307692308 0.06009615384615385
0 0.1201923076923077 0.49399038461538464 0.04567307692307692 0.06490384615384616
0 0.17908653846153846 0.49759615384615385 0.046875 0.06129807692307692
0 0.22716346153846154 0.49759615384615385 0.046875 0.06009615384615385
0 0.27524038461538464 0.49759615384615385 0.05048076923076923 0.06009615384615385
0 0.06009615384615385 0.8028846153846154 0.06610576923076923 0.030048076923076924
0 0.328125 0.49759615384615385 0.046875 0.05889423076923077
0 0.021634615384615384 0.5913461538461539 0.038461538461538464 0.02283653846153846
0 0.020432692307692308 0.6153846153846154 0.039663461538461536 0.02283653846153846
0 0.5516826923076923 0.6850961538461539 0.054086538461538464 0.051682692307692304
0 0.984375 0.6838942307692307 0.026442307692307692 0.06971153846153846
0 0.9002403846153846 0.6538461538461539 0.038461538461538464 0.016826923076923076
0 0.8341346153846154 0.7055288461538461 0.05048076923076923 0.020432692307692308
0 0.8810096153846154 0.7043269230769231 0.04807692307692308 0.020432692307692308
0 0.9375 0.7067307692307693 0.04807692307692308 0.019230769230769232
0 0.9362980769230769 0.6826923076923077 0.05048076923076923 0.020432692307692308
0 0.8822115384615384 0.6838942307692307 0.046875 0.021634615384615384
0 0.030048076923076924 0.4879807692307692 0.054086538461538464 0.0673076923076923
0 0.8305288461538461 0.6850961538461539 0.046875 0.021634615384615384
0 0.375 0.5192307692307693 0.027644230769230768 0.04807692307692308
0 0.21394230769230768 0.8016826923076923 0.06370192307692307 0.03485576923076923
0 0.5192307692307693 0.5204326923076923 0.027644230769230768 0.042067307692307696
0 0.3076923076923077 0.75 0.10336538461538461 0.020432692307692308
0 0.06850961538461539 0.10216346153846154 0.03245192307692308 0.04927884615384615
0 0.13341346153846154 0.1045673076923077 0.08653846153846154 0.040865384615384616
0 0.038461538461538464 0.7367788461538461 0.039663461538461536 0.014423076923076924
0 0.21754807692307693 0.7451923076923077 0.037259615384615384 0.028846153846153848
0 0.9591346153846154 0.7884615384615384 0.038461538461538464 0.06610576923076923
0 0.8305288461538461 0.6622596153846154 0.04567307692307692 0.021634615384615384
0 0.7872596153846154 0.6826923076923077 0.039663461538461536 0.06490384615384616
0 0.3088942307692308 0.7319711538461539 0.078125 0.01201923076923077
0 0.7475961538461539 0.6814903846153846 0.037259615384615384 0.06490384615384616
0 0.7091346153846154 0.6923076923076923 0.037259615384615384 0.04447115384615385
0 0.359375 0.0889423076923077 0.04326923076923077 0.0733173076923077
0 0.8353365384615384 0.5024038461538461 0.04927884615384615 0.026442307692307692
0 0.4579326923076923 0.08774038461538461 0.14543269230769232 0.078125
0 0.5697115384615384 0.08653846153846154 0.06850961538461539 0.07932692307692307
0 0.7560096153846154 0.0625 0.0985576923076923 0.04326923076923077
0 0.7536057692307693 0.10697115384615384 0.09495192307692307 0.038461538461538464
0 0.8245192307692307 0.10096153846153846 0.036057692307692304 0.04927884615384615
0 0.8918269230769231 0.09735576923076923 0.08173076923076923 0.057692307692307696
0 0.28125 0.027644230769230768 0.0985576923076923 0.052884615384615384
0 0.2824519230769231 0.09134615384615384 0.09735576923076923 0.07211538461538461
0 0.7932692307692307 0.7884615384615384 0.038461538461538464 0.07091346153846154
0 0.6490384615384616 0.6814903846153846 0.037259615384615384 0.036057692307692304
0 0.7512019230769231 0.7860576923076923 0.03485576923076923 0.07211538461538461
0 0.671875 0.7956730769230769 0.06610576923076923 0.03485576923076923
0 0.43149038461538464 0.8004807692307693 0.06490384615384616 0.03485576923076923
0 0.30649038461538464 0.8064903846153846 0.07451923076923077 0.027644230769230768
0 0.3004807692307692 0.7752403846153846 0.06971153846153846 0.027644230769230768
0 0.6550480769230769 0.09254807692307693 0.09254807692307693 0.06971153846153846