0 0.8040865384615384 0.2536057692307692 0.06370192307692307 0.042067307692307696
0 0.7235576923076923 0.7151442307692307 0.036057692307692304 0.07932692307692307
0 0.24519230769230768 0.35096153846153844 0.054086538461538464 0.11538461538461539
0 0.3004807692307692 0.35336538461538464 0.04927884615384615 0.11298076923076923
0 0.3545673076923077 0.35336538461538464 0.052884615384615384 0.11538461538461539
0 0.41346153846153844 0.35336538461538464 0.05889423076923077 0.11899038461538461
0 0.4723557692307692 0.35216346153846156 0.056490384615384616 0.11658653846153846
0 0.5336538461538461 0.35336538461538464 0.056490384615384616 0.11538461538461539
0 0.59375 0.3557692307692308 0.056490384615384616 0.11778846153846154
0 0.6598557692307693 0.35697115384615385 0.06370192307692307 0.11538461538461539
0 0.7367788461538461 0.35697115384615385 0.0625 0.1141826923076923
0 0.8185096153846154 0.3545673076923077 0.07211538461538461 0.11538461538461539
0 0.8942307692307693 0.3112980769230769 0.057692307692307696 0.10096153846153846
0 0.9591346153846154 0.3076923076923077 0.06129807692307692 0.09495192307692307
0 0.036057692307692304 0.4266826923076923 0.07211538461538461 0.08413461538461539
0 0.040865384615384616 0.5036057692307693 0.08173076923076923 0.07091346153846154
0 0.12139423076923077 0.4579326923076923 0.06850961538461539 0.055288461538461536
0 0.12620192307692307 0.515625 0.06610576923076923 0.055288461538461536
0 0.19471153846153846 0.45913461538461536 0.07091346153846154 0.055288461538461536
0 0.19951923076923078 0.5168269230769231 0.06490384615384616 0.055288461538461536
0 0.7632211538461539 0.7151442307692307 0.039663461538461536 0.0829326923076923
0 0.2608173076923077 0.49399038461538464 0.051682692307692304 0.09495192307692307
0 0.8028846153846154 0.7139423076923077 0.039663461538461536 0.08173076923076923
0 0.9122596153846154 0.7487980769230769 0.052884615384615384 0.07451923076923077
0 0.4543269230769231 0.8305288461538461 0.036057692307692304 0.09975961538461539
0 0.38341346153846156 0.8305288461538461 0.03485576923076923 0.0985576923076923
0 0.3485576923076923 0.8329326923076923 0.03125 0.10096153846153846
0 0.3125 0.8305288461538461 0.03485576923076923 0.10096153846153846
0 0.2764423076923077 0.828125 0.03125 0.10096153846153846
0 0.24278846153846154 0.8293269230769231 0.03125 0.10336538461538461
0 0.4807692307692308 0.2403846153846154 0.055288461538461536 0.06490384615384616
0 0.5865384615384616 0.25240384615384615 0.05048076923076923 0.04807692307692308
0 0.6622596153846154 0.2512019230769231 0.055288461538461536 0.04927884615384615
0 0.7355769230769231 0.2512019230769231 0.055288461538461536 0.04807692307692308
0 0.037259615384615384 0.32572115384615385 0.057692307692307696 0.06610576923076923
0 0.1045673076923077 0.35216346153846156 0.051682692307692304 0.11298076923076923
0 0.16346153846153846 0.35216346153846156 0.055288461538461536 0.1141826923076923
0 0.20432692307692307 0.8257211538461539 0.037259615384615384 0.11177884615384616
0 0.16706730769230768 0.8293269230769231 0.03485576923076923 0.09975961538461539
0 0.12980769230769232 0.8317307692307693 0.03485576923076923 0.10096153846153846
0 0.05889423076923077 0.8581730769230769 0.09495192307692307 0.06009615384615385
0 0.056490384615384616 0.7920673076923077 0.08413461538461539 0.06370192307692307
0 0.9675480769230769 0.7463942307692307 0.055288461538461536 0.07572115384615384
0 0.8569711538461539 0.7487980769230769 0.055288461538461536 0.07932692307692307
0 0.49399038461538464 0.8317307692307693 0.03485576923076923 0.09735576923076923
0 0.31490384615384615 0.4963942307692308 0.052884615384615384 0.09134615384615384
0 0.6346153846153846 0.7115384615384616 0.04326923076923077 0.08052884615384616
0 0.3137019230769231 0.6117788461538461 0.042067307692307696 0.09375
0 0.2704326923076923 0.6081730769230769 0.037259615384615384 0.09375
0 0.22716346153846154 0.6069711538461539 0.04567307692307692 0.09014423076923077
0 0.36899038461538464 0.49759615384615385 0.051682692307692304 0.09134615384615384
0 0.41947115384615385 0.49759615384615385 0.046875 0.09014423076923077
0 0.47115384615384615 0.4963942307692308 0.05048076923076923 0.08774038461538461
0 0.5204326923076923 0.49759615384615385 0.04807692307692308 0.0889423076923077
0 0.5769230769230769 0.49158653846153844 0.056490384615384616 0.10576923076923077
0 0.6382211538461539 0.49038461538461536 0.055288461538461536 0.10336538461538461
0 0.7055288461538461 0.5048076923076923 0.07572115384615384 0.07572115384615384
0 0.7908653846153846 0.5060096153846154 0.08533653846153846 0.078125
0 0.8870192307692307 0.42788461538461536 0.054086538461538464 0.07932692307692307
0 0.9483173076923077 0.42427884615384615 0.054086538461538464 0.07932692307692307
0 0.8774038461538461 0.53125 0.06370192307692307 0.0829326923076923
0 0.9411057692307693 0.5324519230769231 0.06009615384615385 0.078125
0 0.1778846153846154 0.6081730769230769 0.04567307692307692 0.09014423076923077
0 0.12740384615384615 0.6081730769230769 0.05048076923076923 0.09375
0 0.05048076923076923 0.6838942307692307 0.09014423076923077 0.078125
0 0.9867788461538461 0.53125 0.025240384615384616 0.078125
0 0.359375 0.6105769230769231 0.04326923076923077 0.09134615384615384
0 0.6802884615384616 0.7139423076923077 0.042067307692307696 0.0829326923076923
0 0.4074519230769231 0.6081730769230769 0.04567307692307692 0.09254807692307693
0 0.5 0.609375 0.040865384615384616 0.09014423076923077
0 0.5901442307692307 0.7127403846153846 0.040865384615384616 0.07932692307692307
0 0.5456730769230769 0.7139423076923077 0.04326923076923077 0.08173076923076923
0 0.5 0.7115384615384616 0.040865384615384616 0.0829326923076923
0 0.4579326923076923 0.7151442307692307 0.039663461538461536 0.08173076923076923
0 0.41225961538461536 0.7139423076923077 0.038461538461538464 0.08173076923076923
0 0.36778846153846156 0.7151442307692307 0.04326923076923077 0.08052884615384616
0 0.3173076923076923 0.7151442307692307 0.04807692307692308 0.08173076923076923
0 0.2692307692307692 0.7151442307692307 0.04567307692307692 0.08052884615384616
0 0.22596153846153846 0.7127403846153846 0.039663461538461536 0.08052884615384616
0 0.18028846153846154 0.7151442307692307 0.04326923076923077 0.0829326923076923
0 0.13221153846153846 0.7151442307692307 0.04326923076923077 0.0829326923076923
0 0.9350961538461539 0.6394230769230769 0.05889423076923077 0.09134615384615384
0 0.8725961538461539 0.6370192307692307 0.06129807692307692 0.09375
0 0.7932692307692307 0.6129807692307693 0.040865384615384616 0.09254807692307693
0 0.7439903846153846 0.6141826923076923 0.042067307692307696 0.09254807692307693
0 0.6899038461538461 0.6117788461538461 0.04807692307692308 0.09375
0 0.6394230769230769 0.6129807692307693 0.04567307692307692 0.09014423076923077
0 0.5925480769230769 0.6117788461538461 0.039663461538461536 0.09014423076923077
0 0.5456730769230769 0.6081730769230769 0.039663461538461536 0.09134615384615384
0 0.453125 0.6105769230769231 0.038461538461538464 0.09254807692307693
0 0.5793269230769231 0.8341346153846154 0.03125 0.0985576923076923
0 0.4182692307692308 0.8305288461538461 0.03485576923076923 0.0985576923076923
0 0.6502403846153846 0.8317307692307693 0.03485576923076923 0.10096153846153846
0 0.6971153846153846 0.09134615384615384 0.12139423076923077 0.0625
0 0.5949519230769231 0.13341346153846154 0.07451923076923077 0.10096153846153846
0 0.5144230769230769 0.13221153846153846 0.07932692307692307 0.09975961538461539
0 0.4423076923076923 0.1502403846153846 0.06610576923076923 0.06490384615384616
0 0.8461538461538461 0.8521634615384616 0.06370192307692307 0.06490384615384616
0 0.07932692307692307 0.08653846153846154 0.0673076923076923 0.06009615384615385
0 0.14783653846153846 0.0889423076923077 0.06850961538461539 0.06009615384615385
0 0.08173076923076923 0.14903846153846154 0.06850961538461539 0.056490384615384616
0 0.1502403846153846 0.14903846153846154 0.06850961538461539 0.056490384615384616
0 0.22716346153846154 0.06850961538461539 0.0889423076923077 0.07451923076923077
0 0.6141826923076923 0.8317307692307693 0.03365384615384615 0.09735576923076923
0 0.30528846153846156 0.13701923076923078 0.06610576923076923 0.08774038461538461
0 0.375 0.13701923076923078 0.06610576923076923 0.08774038461538461
0 0.4411057692307692 0.10096153846153846 0.06370192307692307 0.030048076923076924
0 0.9206730769230769 0.8581730769230769 0.0625 0.04927884615384615
0 0.6947115384615384 0.15384615384615385 0.11778846153846154 0.06129807692307692
0 0.7860576923076923 0.15745192307692307 0.05048076923076923 0.055288461538461536
0 0.2283653846153846 0.14302884615384615 0.08774038461538461 0.07091346153846154
0 0.9158653846153846 0.07932692307692307 0.09615384615384616 0.05048076923076923
0 0.28365384615384615 0.24158653846153846 0.06009615384615385 0.05889423076923077
0 0.35096153846153844 0.24158653846153846 0.0625 0.06009615384615385
0 0.4230769230769231 0.24278846153846154 0.055288461538461536 0.0625
0 0.7944711538461539 0.8425480769230769 0.03485576923076923 0.078125
0 0.7596153846153846 0.8425480769230769 0.03365384615384615 0.07692307692307693
0 0.7259615384615384 0.8389423076923077 0.03125 0.078125
0 0.09735576923076923 0.24519230769230768 0.06370192307692307 0.04927884615384615
0 0.21754807692307693 0.24158653846153846 0.06370192307692307 0.06009615384615385
0 0.6875 0.8305288461538461 0.036057692307692304 0.09975961538461539
0 0.84375 0.15384615384615385 0.05048076923076923 0.051682692307692304
0 0.030048076923076924 0.25240384615384615 0.06009615384615385 0.07692307692307693
0 0.9290865384615384 0.1935096153846154 0.10576923076923077 0.08653846153846154
0 0.15625 0.24519230769230768 0.05048076923076923 0.04807692307692308