0 0.7403846153846154 0.4675480769230769 0.054086538461538464 0.026442307692307692
0 0.8125 0.4699519230769231 0.051682692307692304 0.027644230769230768
0 0.21033653846153846 0.4951923076923077 0.05048076923076923 0.025240384615384616
0 0.8774038461538461 0.46875 0.06129807692307692 0.026442307692307692
0 0.6153846153846154 0.4639423076923077 0.054086538461538464 0.028846153846153848
0 0.6790865384615384 0.46634615384615385 0.051682692307692304 0.03125
0 0.9435096153846154 0.4987980769230769 0.057692307692307696 0.028846153846153848
0 0.6850961538461539 0.4987980769230769 0.052884615384615384 0.028846153846153848
0 0.8088942307692307 0.5024038461538461 0.06129807692307692 0.025240384615384616
0 0.7427884615384616 0.49759615384615385 0.04807692307692308 0.026442307692307692
0 0.6225961538461539 0.49759615384615385 0.052884615384615384 0.026442307692307692
0 0.5637019230769231 0.49759615384615385 0.04927884615384615 0.026442307692307692
0 0.5036057692307693 0.4963942307692308 0.054086538461538464 0.026442307692307692
0 0.5540865384615384 0.4675480769230769 0.056490384615384616 0.020432692307692308
0 0.44471153846153844 0.49759615384615385 0.05048076923076923 0.030048076923076924
0 0.3858173076923077 0.49759615384615385 0.057692307692307696 0.027644230769230768
0 0.32572115384615385 0.4951923076923077 0.051682692307692304 0.027644230769230768
0 0.2644230769230769 0.49399038461538464 0.055288461538461536 0.027644230769230768
0 0.8701923076923077 0.5012019230769231 0.052884615384615384 0.026442307692307692
0 0.49158653846153844 0.4639423076923077 0.05889423076923077 0.028846153846153848
0 0.6225961538461539 0.5564903846153846 0.052884615384615384 0.036057692307692304
0 0.40384615384615385 0.5540865384615384 0.04447115384615385 0.037259615384615384
0 0.19471153846153846 0.6141826923076923 0.06370192307692307 0.028846153846153848
0 0.12740384615384615 0.6442307692307693 0.06490384615384616 0.03245192307692308
0 0.12259615384615384 0.6117788461538461 0.06009615384615385 0.021634615384615384
0 0.06490384615384616 0.640625 0.052884615384615384 0.027644230769230768
0 0.057692307692307696 0.6117788461538461 0.06009615384615385 0.021634615384615384
0 0.018028846153846152 0.5600961538461539 0.030048076923076924 0.03485576923076923
0 0.5096153846153846 0.11778846153846154 0.04447115384615385 0.07692307692307693
0 0.07091346153846154 0.5600961538461539 0.055288461538461536 0.027644230769230768
0 0.13341346153846154 0.5576923076923077 0.054086538461538464 0.027644230769230768
0 0.2692307692307692 0.5588942307692307 0.07091346153846154 0.03245192307692308
0 0.19591346153846154 0.5576923076923077 0.06009615384615385 0.030048076923076924
0 0.9831730769230769 0.5625 0.03245192307692308 0.037259615384615384
0 0.9230769230769231 0.5612980769230769 0.06009615384615385 0.039663461538461536
0 0.8605769230769231 0.5612980769230769 0.04927884615384615 0.03365384615384615
0 0.8016826923076923 0.5576923076923077 0.05048076923076923 0.03365384615384615
0 0.7415865384615384 0.5576923076923077 0.056490384615384616 0.039663461538461536
0 0.6826923076923077 0.5588942307692307 0.051682692307692304 0.030048076923076924
0 0.16105769230769232 0.46153846153846156 0.06129807692307692 0.028846153846153848
0 0.5673076923076923 0.5564903846153846 0.039663461538461536 0.04447115384615385
0 0.5168269230769231 0.5576923076923077 0.051682692307692304 0.039663461538461536
0 0.45913461538461536 0.5564903846153846 0.042067307692307696 0.037259615384615384
0 0.43149038461538464 0.4639423076923077 0.056490384615384616 0.025240384615384616
0 0.15144230769230768 0.4951923076923077 0.05048076923076923 0.03245192307692308
0 0.640625 0.40865384615384615 0.09495192307692307 0.020432692307692308
0 0.09254807692307693 0.46033653846153844 0.06490384615384616 0.028846153846153848
0 0.7836538461538461 0.34134615384615385 0.10817307692307693 0.016826923076923076
0 0.6213942307692307 0.3401442307692308 0.0829326923076923 0.015625
0 0.6274038461538461 0.3137019230769231 0.08533653846153846 0.021634615384615384
0 0.5216346153846154 0.3389423076923077 0.10096153846153846 0.016826923076923076
0 0.5264423076923077 0.3161057692307692 0.1045673076923077 0.020432692307692308
0 0.31971153846153844 0.3317307692307692 0.10697115384615384 0.025240384615384616
0 0.20673076923076922 0.3329326923076923 0.10817307692307693 0.02283653846153846
0 0.09254807692307693 0.3317307692307692 0.10817307692307693 0.026442307692307692
0 0.0985576923076923 0.30408653846153844 0.1201923076923077 0.020432692307692308
0 0.7944711538461539 0.25961538461538464 0.10096153846153846 0.030048076923076924
0 0.6826923076923077 0.2548076923076923 0.10817307692307693 0.03365384615384615
0 0.5793269230769231 0.25961538461538464 0.09014423076923077 0.036057692307692304
0 0.47596153846153844 0.25961538461538464 0.07572115384615384 0.030048076923076924
0 0.47475961538461536 0.22115384615384615 0.078125 0.03245192307692308
0 0.030048076923076924 0.13822115384615385 0.039663461538461536 0.07451923076923077
0 0.07572115384615384 0.1201923076923077 0.055288461538461536 0.09254807692307693
0 0.125 0.12259615384615384 0.042067307692307696 0.08413461538461539
0 0.1778846153846154 0.12259615384615384 0.051682692307692304 0.07572115384615384
0 0.23317307692307693 0.12139423076923077 0.042067307692307696 0.06610576923076923
0 0.40024038461538464 0.2439903846153846 0.06009615384615385 0.052884615384615384
0 0.27524038461538464 0.12139423076923077 0.038461538461538464 0.07091346153846154
0 0.3112980769230769 0.23197115384615385 0.11057692307692307 0.07692307692307693
0 0.20072115384615385 0.23197115384615385 0.09615384615384616 0.06490384615384616
0 0.07572115384615384 0.23197115384615385 0.10817307692307693 0.07932692307692307
0 0.20432692307692307 0.6442307692307693 0.06490384615384616 0.02403846153846154
0 0.026442307692307692 0.49399038461538464 0.05048076923076923 0.02403846153846154
0 0.028846153846153848 0.46274038461538464 0.05048076923076923 0.028846153846153848
0 0.9122596153846154 0.40625 0.08173076923076923 0.03245192307692308
0 0.8257211538461539 0.4098557692307692 0.08653846153846154 0.019230769230769232
0 0.7307692307692307 0.41225961538461536 0.07692307692307693 0.02283653846153846
0 0.7355769230769231 0.3858173076923077 0.09254807692307693 0.015625
0 0.5360576923076923 0.4098557692307692 0.09134615384615384 0.02283653846153846
0 0.5396634615384616 0.38461538461538464 0.09975961538461539 0.020432692307692308
0 0.4387019230769231 0.4074519230769231 0.08774038461538461 0.025240384615384616
0 0.34615384615384615 0.4026442307692308 0.0829326923076923 0.03245192307692308
0 0.08774038461538461 0.4951923076923077 0.06009615384615385 0.028846153846153848
0 0.24879807692307693 0.4050480769230769 0.0889423076923077 0.030048076923076924
0 0.06009615384615385 0.40384615384615385 0.08173076923076923 0.042067307692307696
0 0.9771634615384616 0.33774038461538464 0.04326923076923077 0.021634615384615384
0 0.8966346153846154 0.33774038461538464 0.09975961538461539 0.02283653846153846
0 0.5552884615384616 0.1201923076923077 0.04326923076923077 0.07692307692307693
0 0.6033653846153846 0.11778846153846154 0.042067307692307696 0.09495192307692307
0 0.6466346153846154 0.11538461538461539 0.036057692307692304 0.0889423076923077
0 0.7007211538461539 0.1201923076923077 0.04567307692307692 0.09975961538461539
0 0.7596153846153846 0.11778846153846154 0.054086538461538464 0.09495192307692307
0 0.8377403846153846 0.12139423076923077 0.046875 0.08052884615384616
0 0.9302884615384616 0.109375 0.12379807692307693 0.10216346153846154
0 0.15264423076923078 0.4026442307692308 0.0985576923076923 0.03365384615384615
0 0.3088942307692308 0.6322115384615384 0.0673076923076923 0.037259615384615384
0 0.39903846153846156 0.125 0.054086538461538464 0.08052884615384616
0 0.6899038461538461 0.6370192307692307 0.051682692307692304 0.04447115384615385
0 0.9543269230769231 0.7836538461538461 0.046875 0.015625
0 0.026442307692307692 0.84375 0.04927884615384615 0.04447115384615385
0 0.07091346153846154 0.859375 0.03365384615384615 0.042067307692307696
0 0.12980769230769232 0.8629807692307693 0.042067307692307696 0.040865384615384616
0 0.17548076923076922 0.8653846153846154 0.04567307692307692 0.040865384615384616
0 0.23317307692307693 0.8605769230769231 0.040865384615384616 0.04326923076923077
0 0.03485576923076923 0.7716346153846154 0.0625 0.042067307692307696
0 0.3425480769230769 0.8581730769230769 0.04807692307692308 0.039663461538461536
0 0.40625 0.8581730769230769 0.055288461538461536 0.039663461538461536
0 0.5084134615384616 0.875 0.057692307692307696 0.046875
0 0.5853365384615384 0.8677884615384616 0.06490384615384616 0.04447115384615385
0 0.6550480769230769 0.8677884615384616 0.06129807692307692 0.046875
0 0.7235576923076923 0.8677884615384616 0.06370192307692307 0.04447115384615385
0 0.7980769230769231 0.8701923076923077 0.06490384615384616 0.04326923076923077
0 0.020432692307692308 0.703125 0.039663461538461536 0.02283653846153846
0 0.5805288461538461 0.6346153846153846 0.056490384615384616 0.046875
0 0.9038461538461539 0.7860576923076923 0.052884615384615384 0.014423076923076924
0 0.8497596153846154 0.7860576923076923 0.04447115384615385 0.021634615384615384
0 0.7884615384615384 0.7884615384615384 0.046875 0.02283653846153846
0 0.1045673076923077 0.7668269230769231 0.07211538461538461 0.046875
0 0.17307692307692307 0.7644230769230769 0.057692307692307696 0.046875
0 0.2283653846153846 0.7608173076923077 0.052884615384615384 0.026442307692307692
0 0.28846153846153844 0.7596153846153846 0.054086538461538464 0.027644230769230768
0 0.34375 0.7584134615384616 0.055288461538461536 0.025240384615384616
0 0.39903846153846156 0.7584134615384616 0.052884615384615384 0.02403846153846154
0 0.4014423076923077 0.7848557692307693 0.05048076923076923 0.021634615384615384
0 0.07451923076923077 0.7007211538461539 0.04447115384615385 0.02403846153846154
0 0.34615384615384615 0.7860576923076923 0.04927884615384615 0.025240384615384616
0 0.23076923076923078 0.7872596153846154 0.04807692307692308 0.018028846153846152
0 0.4579326923076923 0.7836538461538461 0.04927884615384615 0.025240384615384616
0 0.5144230769230769 0.7836538461538461 0.04807692307692308 0.025240384615384616
0 0.5661057692307693 0.7836538461538461 0.055288461538461536 0.02283653846153846
0 0.6213942307692307 0.7836538461538461 0.05048076923076923 0.02283653846153846
0 0.6790865384615384 0.7836538461538461 0.04447115384615385 0.026442307692307692
0 0.7355769230769231 0.7860576923076923 0.04927884615384615 0.02283653846153846
0 0.28846153846153844 0.7848557692307693 0.054086538461538464 0.019230769230769232
0 0.20432692307692307 0.7067307692307693 0.06490384615384616 0.030048076923076924
0 0.28846153846153844 0.859375 0.04326923076923077 0.04326923076923077
0 0.8774038461538461 0.8737980769230769 0.078125 0.040865384615384616
0 0.5084134615384616 0.7572115384615384 0.04807692307692308 0.021634615384615384
0 0.45552884615384615 0.7572115384615384 0.055288461538461536 0.02403846153846154
0 0.2704326923076923 0.703125 0.0625 0.021634615384615384
0 0.33413461538461536 0.703125 0.057692307692307696 0.02403846153846154
0 0.39783653846153844 0.7043269230769231 0.06009615384615385 0.02283653846153846
0 0.9615384615384616 0.7620192307692307 0.054086538461538464 0.019230769230769232
0 0.4831730769230769 0.703125 0.056490384615384616 0.02283653846153846
0 0.5420673076923077 0.7007211538461539 0.054086538461538464 0.02283653846153846
0 0.6237980769230769 0.7572115384615384 0.04927884615384615 0.02283653846153846
0 0.4579326923076923 0.12860576923076922 0.039663461538461536 0.08173076923076923
0 0.5709134615384616 0.7596153846153846 0.051682692307692304 0.02283653846153846
0 0.6081730769230769 0.7067307692307693 0.06129807692307692 0.026442307692307692
0 0.8449519230769231 0.7115384615384616 0.056490384615384616 0.021634615384615384
0 0.7764423076923077 0.7103365384615384 0.06610576923076923 0.030048076923076924
0 0.6766826923076923 0.7560096153846154 0.046875 0.02283653846153846
0 0.7331730769230769 0.7596153846153846 0.05048076923076923 0.020432692307692308
0 0.7920673076923077 0.7608173076923077 0.055288461538461536 0.02403846153846154
0 0.8485576923076923 0.7620192307692307 0.052884615384615384 0.02403846153846154
0 0.9026442307692307 0.7608173076923077 0.04567307692307692 0.02403846153846154
0 0.9735576923076923 0.6382211538461539 0.046875 0.04447115384615385
0 0.7439903846153846 0.6370192307692307 0.03485576923076923 0.04567307692307692
0 0.9579326923076923 0.8737980769230769 0.06971153846153846 0.038461538461538464
0 0.6694711538461539 0.7067307692307693 0.057692307692307696 0.02403846153846154