0 0.8100961538461539 0.6634615384615384 0.046875 0.04447115384615385
0 0.6418269230769231 0.7644230769230769 0.04447115384615385 0.07932692307692307
0 0.46153846153846156 0.9230769230769231 0.04807692307692308 0.019230769230769232
0 0.5084134615384616 0.8810096153846154 0.042067307692307696 0.09495192307692307
0 0.5661057692307693 0.8810096153846154 0.04567307692307692 0.0889423076923077
0 0.609375 0.8786057692307693 0.040865384615384616 0.09254807692307693
0 0.6682692307692307 0.8713942307692307 0.04326923076923077 0.09735576923076923
0 0.7103365384615384 0.8665865384615384 0.038461538461538464 0.09134615384615384
0 0.7536057692307693 0.8677884615384616 0.04807692307692308 0.09735576923076923
0 0.7992788461538461 0.8701923076923077 0.04447115384615385 0.09735576923076923
0 0.8389423076923077 0.8713942307692307 0.03485576923076923 0.08413461538461539
0 0.9555288461538461 0.8509615384615384 0.051682692307692304 0.08052884615384616
0 0.5733173076923077 0.6454326923076923 0.04447115384615385 0.09735576923076923
0 0.6141826923076923 0.6514423076923077 0.03485576923076923 0.08052884615384616
0 0.6490384615384616 0.6682692307692307 0.025240384615384616 0.04927884615384615
0 0.6802884615384616 0.6634615384615384 0.03485576923076923 0.06009615384615385
0 0.7211538461538461 0.6466346153846154 0.046875 0.09254807692307693
0 0.4567307692307692 0.8930288461538461 0.04567307692307692 0.03485576923076923
0 0.4050480769230769 0.8954326923076923 0.04807692307692308 0.07451923076923077
0 0.35216346153846156 0.8870192307692307 0.04807692307692308 0.09014423076923077
0 0.30649038461538464 0.8918269230769231 0.04447115384615385 0.08653846153846154
0 0.5492788461538461 0.7680288461538461 0.028846153846153848 0.08052884615384616
0 0.5108173076923077 0.7824519230769231 0.04326923076923077 0.05048076923076923
0 0.46634615384615385 0.765625 0.04567307692307692 0.09254807692307693
0 0.4206730769230769 0.7644230769230769 0.042067307692307696 0.09375
0 0.3762019230769231 0.7704326923076923 0.04807692307692308 0.09014423076923077
0 0.3293269230769231 0.7728365384615384 0.04567307692307692 0.09014423076923077
0 0.28846153846153844 0.8016826923076923 0.038461538461538464 0.038461538461538464
0 0.6790865384615384 0.7596153846153846 0.028846153846153848 0.07572115384615384
0 0.22956730769230768 0.7764423076923077 0.055288461538461536 0.08653846153846154
0 0.1201923076923077 0.7728365384615384 0.04447115384615385 0.09615384615384616
0 0.06971153846153846 0.7740384615384616 0.052884615384615384 0.10096153846153846
0 0.020432692307692308 0.7800480769230769 0.040865384615384616 0.09254807692307693
0 0.052884615384615384 0.9098557692307693 0.051682692307692304 0.06971153846153846
0 0.109375 0.9110576923076923 0.04807692307692308 0.055288461538461536
0 0.16466346153846154 0.9038461538461539 0.051682692307692304 0.07692307692307693
0 0.2620192307692308 0.9074519230769231 0.04326923076923077 0.056490384615384616
0 0.17067307692307693 0.7764423076923077 0.04927884615384615 0.09014423076923077
0 0.7644230769230769 0.6466346153846154 0.04326923076923077 0.09615384615384616
0 0.9302884615384616 0.29086538461538464 0.03245192307692308 0.07091346153846154
0 0.21875 0.11177884615384616 0.05889423076923077 0.11057692307692307
0 0.8161057692307693 0.5564903846153846 0.052884615384615384 0.03245192307692308
0 0.8197115384615384 0.5216346153846154 0.057692307692307696 0.037259615384615384
0 0.8713942307692307 0.5240384615384616 0.046875 0.03485576923076923
0 0.9495192307692307 0.5396634615384616 0.039663461538461536 0.06971153846153846
0 0.984375 0.5300480769230769 0.030048076923076924 0.09014423076923077
0 0.16105769230769232 0.11899038461538461 0.056490384615384616 0.09615384615384616
0 0.9495192307692307 0.4230769230769231 0.039663461538461536 0.056490384615384616
0 0.8990384615384616 0.421875 0.040865384615384616 0.054086538461538464
0 0.8966346153846154 0.36778846153846156 0.04326923076923077 0.054086538461538464
0 0.8701923076923077 0.5576923076923077 0.051682692307692304 0.03245192307692308
0 0.8605769230769231 0.42788461538461536 0.037259615384615384 0.052884615384615384
0 0.7776442307692307 0.4098557692307692 0.04567307692307692 0.08774038461538461
0 0.6574519230769231 0.4110576923076923 0.04326923076923077 0.08533653846153846
0 0.609375 0.4050480769230769 0.04927884615384615 0.10336538461538461
0 0.5528846153846154 0.4026442307692308 0.04447115384615385 0.09975961538461539
0 0.5048076923076923 0.4050480769230769 0.05048076923076923 0.1045673076923077
0 0.4411057692307692 0.40384615384615385 0.054086538461538464 0.10336538461538461
0 0.2824519230769231 0.4014423076923077 0.06009615384615385 0.11298076923076923
0 0.234375 0.41586538461538464 0.037259615384615384 0.08413461538461539
0 0.18990384615384615 0.44471153846153844 0.04807692307692308 0.02283653846153846
0 0.5252403846153846 0.6778846153846154 0.04807692307692308 0.038461538461538464
0 0.19110576923076922 0.421875 0.04807692307692308 0.020432692307692308
0 0.7235576923076923 0.5276442307692307 0.04567307692307692 0.09495192307692307
0 0.6117788461538461 0.5276442307692307 0.051682692307692304 0.09735576923076923
0 0.47716346153846156 0.6490384615384616 0.04567307692307692 0.09615384615384616
0 0.4326923076923077 0.6490384615384616 0.038461538461538464 0.09735576923076923
0 0.390625 0.6502403846153846 0.046875 0.0985576923076923
0 0.3449519230769231 0.6514423076923077 0.042067307692307696 0.0985576923076923
0 0.30528846153846156 0.6574519230769231 0.03485576923076923 0.08653846153846154
0 0.2608173076923077 0.6382211538461539 0.054086538461538464 0.04326923076923077
0 0.26322115384615385 0.6826923076923077 0.04927884615384615 0.04447115384615385
0 0.2127403846153846 0.6778846153846154 0.046875 0.04807692307692308
0 0.1622596153846154 0.6502403846153846 0.052884615384615384 0.10096153846153846
0 0.6754807692307693 0.5288461538461539 0.046875 0.09495192307692307
0 0.06009615384615385 0.6598557692307693 0.05048076923076923 0.09615384615384616
0 0.10576923076923077 0.5420673076923077 0.04807692307692308 0.0829326923076923
0 0.2668269230769231 0.5240384615384616 0.04807692307692308 0.028846153846153848
0 0.26802884615384615 0.5480769230769231 0.04326923076923077 0.021634615384615384
0 0.2704326923076923 0.5697115384615384 0.04567307692307692 0.020432692307692308
0 0.32211538461538464 0.5552884615384616 0.039663461538461536 0.04326923076923077
0 0.3641826923076923 0.5432692307692307 0.037259615384615384 0.07572115384615384
0 0.4110576923076923 0.53125 0.03365384615384615 0.09014423076923077
0 0.4879807692307692 0.5276442307692307 0.052884615384615384 0.09975961538461539
0 0.5637019230769231 0.5288461538461539 0.046875 0.09735576923076923
0 0.051682692307692304 0.5348557692307693 0.055288461538461536 0.10336538461538461
0 0.14543269230769232 0.42427884615384615 0.03365384615384615 0.06129807692307692
0 0.8197115384615384 0.40865384615384615 0.038461538461538464 0.08653846153846154
0 0.054086538461538464 0.4110576923076923 0.055288461538461536 0.09134615384615384
0 0.34615384615384615 0.15264423076923078 0.055288461538461536 0.040865384615384616
0 0.4014423076923077 0.15264423076923078 0.056490384615384616 0.04807692307692308
0 0.5889423076923077 0.1658653846153846 0.07211538461538461 0.013221153846153846
0 0.5036057692307693 0.1622596153846154 0.078125 0.013221153846153846
0 0.5036057692307693 0.1466346153846154 0.06971153846153846 0.016826923076923076
0 0.5877403846153846 0.14783653846153846 0.07572115384615384 0.02283653846153846
0 0.9459134615384616 0.1502403846153846 0.03365384615384615 0.06490384615384616
0 0.9110576923076923 0.1502403846153846 0.037259615384615384 0.06370192307692307
0 0.7115384615384616 0.7680288461538461 0.037259615384615384 0.07451923076923077
0 0.9759615384615384 0.28365384615384615 0.046875 0.08533653846153846
0 0.7524038461538461 0.7752403846153846 0.036057692307692304 0.054086538461538464
0 0.8990384615384616 0.7512019230769231 0.04447115384615385 0.09014423076923077
0 0.9675480769230769 0.75 0.05048076923076923 0.09375
0 0.8665865384615384 0.6646634615384616 0.06129807692307692 0.04567307692307692
0 0.9242788461538461 0.6670673076923077 0.054086538461538464 0.042067307692307696
0 0.9663461538461539 0.6574519230769231 0.027644230769230768 0.06490384615384616
0 0.9134615384615384 0.6165865384615384 0.0625 0.040865384615384616
0 0.84375 0.6117788461538461 0.056490384615384616 0.03485576923076923
0 0.8689903846153846 0.16105769230769232 0.046875 0.040865384615384616
0 0.8173076923076923 0.15865384615384615 0.052884615384615384 0.04326923076923077
0 0.8497596153846154 0.7524038461538461 0.054086538461538464 0.09134615384615384
0 0.10216346153846154 0.40865384615384615 0.042067307692307696 0.0889423076923077
0 0.5276442307692307 0.6346153846153846 0.046875 0.04807692307692308
0 0.22596153846153846 0.27884615384615385 0.06129807692307692 0.08774038461538461
0 0.5637019230769231 0.2860576923076923 0.04807692307692308 0.07692307692307693
0 0.8858173076923077 0.2956730769230769 0.026442307692307692 0.052884615384615384
0 0.47475961538461536 0.28846153846153844 0.05048076923076923 0.0733173076923077
0 0.3786057692307692 0.27884615384615385 0.06129807692307692 0.09495192307692307
0 0.2824519230769231 0.2800480769230769 0.04567307692307692 0.08533653846153846
0 0.6598557692307693 0.31009615384615385 0.06009615384615385 0.036057692307692304
0 0.7956730769230769 0.2956730769230769 0.07211538461538461 0.06009615384615385
0 0.11298076923076923 0.27524038461538464 0.07451923076923077 0.09014423076923077