0 0.8413461538461539 0.47836538461538464 0.0829326923076923 0.039663461538461536
0 0.5420673076923077 0.2920673076923077 0.04807692307692308 0.05889423076923077
0 0.6670673076923077 0.46634615384615385 0.0829326923076923 0.06610576923076923
0 0.5721153846153846 0.46634615384615385 0.0829326923076923 0.06610576923076923
0 0.4891826923076923 0.4651442307692308 0.0829326923076923 0.06610576923076923
0 0.4050480769230769 0.4651442307692308 0.0829326923076923 0.06610576923076923
0 0.3233173076923077 0.4807692307692308 0.07932692307692307 0.039663461538461536
0 0.23918269230769232 0.4699519230769231 0.08533653846153846 0.0625
0 0.7596153846153846 0.46875 0.078125 0.06490384615384616
0 0.921875 0.37259615384615385 0.04326923076923077 0.0673076923076923
0 0.40625 0.2860576923076923 0.0889423076923077 0.07091346153846154
0 0.7884615384615384 0.2920673076923077 0.054086538461538464 0.06370192307692307
0 0.8473557692307693 0.28966346153846156 0.054086538461538464 0.06370192307692307
0 0.90625 0.28846153846153844 0.054086538461538464 0.06370192307692307
0 0.953125 0.17307692307692307 0.06129807692307692 0.1045673076923077
0 0.8930288461538461 0.171875 0.06129807692307692 0.1045673076923077
0 0.7932692307692307 0.17548076923076922 0.05889423076923077 0.10096153846153846
0 0.7331730769230769 0.171875 0.05889423076923077 0.10096153846153846
0 0.6730769230769231 0.18629807692307693 0.05889423076923077 0.07091346153846154
0 0.6153846153846154 0.18990384615384615 0.05889423076923077 0.07091346153846154
0 0.515625 0.1935096153846154 0.046875 0.06009615384615385
0 0.40024038461538464 0.17307692307692307 0.06490384615384616 0.030048076923076924
0 0.45913461538461536 0.1971153846153846 0.056490384615384616 0.057692307692307696
0 0.38822115384615385 0.20673076923076922 0.07692307692307693 0.030048076923076924
0 0.2860576923076923 0.203125 0.06971153846153846 0.04326923076923077
0 0.2920673076923077 0.16346153846153846 0.08052884615384616 0.037259615384615384
0 0.12860576923076922 0.14182692307692307 0.04807692307692308 0.03485576923076923
0 0.203125 0.17067307692307693 0.078125 0.03245192307692308
0 0.2091346153846154 0.20793269230769232 0.0733173076923077 0.038461538461538464
0 0.13942307692307693 0.19230769230769232 0.05048076923076923 0.06490384615384616
0 0.0889423076923077 0.18990384615384615 0.05048076923076923 0.06370192307692307
0 0.037259615384615384 0.18990384615384615 0.05048076923076923 0.06370192307692307
0 0.7379807692307693 0.2920673076923077 0.054086538461538464 0.06370192307692307
0 0.4831730769230769 0.2920673076923077 0.051682692307692304 0.06610576923076923
0 0.7752403846153846 0.3786057692307692 0.046875 0.05889423076923077
0 0.6129807692307693 0.29086538461538464 0.0889423076923077 0.06850961538461539
0 0.31850961538461536 0.2920673076923077 0.04807692307692308 0.06129807692307692
0 0.2620192307692308 0.2920673076923077 0.04927884615384615 0.06009615384615385
0 0.18990384615384615 0.28725961538461536 0.09495192307692307 0.06850961538461539
0 0.11538461538461539 0.296875 0.052884615384615384 0.04927884615384615
0 0.06370192307692307 0.2956730769230769 0.054086538461538464 0.04807692307692308
0 0.04807692307692308 0.3786057692307692 0.04927884615384615 0.05048076923076923
0 0.09735576923076923 0.3786057692307692 0.04927884615384615 0.05048076923076923
0 0.1502403846153846 0.38100961538461536 0.04927884615384615 0.05048076923076923
0 0.20432692307692307 0.38221153846153844 0.04927884615384615 0.05048076923076923
0 0.25721153846153844 0.3786057692307692 0.04927884615384615 0.05048076923076923
0 0.3076923076923077 0.375 0.05048076923076923 0.05889423076923077
0 0.35697115384615385 0.3786057692307692 0.05048076923076923 0.05889423076923077
0 0.40865384615384615 0.3786057692307692 0.05048076923076923 0.05889423076923077
0 0.49759615384615385 0.375 0.05048076923076923 0.05889423076923077
0 0.5552884615384616 0.3786057692307692 0.05048076923076923 0.05889423076923077
0 0.6358173076923077 0.375 0.040865384615384616 0.06610576923076923
0 0.6875 0.3713942307692308 0.046875 0.06610576923076923
0 0.8329326923076923 0.3737980769230769 0.04326923076923077 0.0673076923076923
0 0.8786057692307693 0.375 0.04326923076923077 0.0673076923076923
0 0.046875 0.4699519230769231 0.08774038461538461 0.0625
0 0.14783653846153846 0.47836538461538464 0.0889423076923077 0.040865384615384616
0 0.6838942307692307 0.28966346153846156 0.052884615384615384 0.06610576923076923
0 0.9230769230769231 0.47836538461538464 0.0829326923076923 0.039663461538461536
0 0.7608173076923077 0.5504807692307693 0.07692307692307693 0.040865384615384616
0 0.1346153846153846 0.5492788461538461 0.08052884615384616 0.038461538461538464
0 0.14783653846153846 0.7956730769230769 0.06610576923076923 0.055288461538461536
0 0.23918269230769232 0.796875 0.11658653846153846 0.08413461538461539
0 0.34615384615384615 0.8004807692307693 0.07692307692307693 0.056490384615384616
0 0.4423076923076923 0.7944711538461539 0.109375 0.07211538461538461
0 0.5673076923076923 0.8088942307692307 0.06971153846153846 0.04567307692307692
0 0.65625 0.7932692307692307 0.07091346153846154 0.07692307692307693
0 0.7355769230769231 0.7944711538461539 0.07211538461538461 0.07572115384615384
0 0.8161057692307693 0.7956730769230769 0.07572115384615384 0.08533653846153846
0 0.8942307692307693 0.7932692307692307 0.07211538461538461 0.08413461538461539
0 0.9663461538461539 0.796875 0.06610576923076923 0.08413461538461539
0 0.9567307692307693 0.6983173076923077 0.04927884615384615 0.05889423076923077
0 0.9026442307692307 0.6971153846153846 0.056490384615384616 0.05889423076923077
0 0.0673076923076923 0.7980769230769231 0.09014423076923077 0.04807692307692308
0 0.8425480769230769 0.7007211538461539 0.056490384615384616 0.05889423076923077
0 0.7115384615384616 0.7043269230769231 0.078125 0.036057692307692304
0 0.625 0.7043269230769231 0.078125 0.036057692307692304
0 0.5444711538461539 0.703125 0.07932692307692307 0.036057692307692304
0 0.46153846153846156 0.7019230769230769 0.07932692307692307 0.036057692307692304
0 0.3798076923076923 0.7043269230769231 0.078125 0.036057692307692304
0 0.3016826923076923 0.7055288461538461 0.07932692307692307 0.036057692307692304
0 0.21995192307692307 0.703125 0.07692307692307693 0.039663461538461536
0 0.06370192307692307 0.6971153846153846 0.05889423076923077 0.03365384615384615
0 0.13701923076923078 0.7091346153846154 0.08533653846153846 0.030048076923076924
0 0.14182692307692307 0.6177884615384616 0.09254807692307693 0.03365384615384615
0 0.22355769230769232 0.6153846153846154 0.07692307692307693 0.03365384615384615
0 0.3076923076923077 0.6165865384615384 0.07932692307692307 0.039663461538461536
0 0.04567307692307692 0.5492788461538461 0.0829326923076923 0.039663461538461536
0 0.07932692307692307 0.9050480769230769 0.12980769230769232 0.054086538461538464
0 0.7848557692307693 0.6971153846153846 0.056490384615384616 0.05889423076923077
0 0.1971153846153846 0.8725961538461539 0.05889423076923077 0.06971153846153846
0 0.5913461538461539 0.5456730769230769 0.08413461538461539 0.040865384615384616
0 0.5012019230769231 0.5456730769230769 0.08413461538461539 0.039663461538461536
0 0.41466346153846156 0.5480769230769231 0.08413461538461539 0.039663461538461536
0 0.3233173076923077 0.5456730769230769 0.08413461538461539 0.039663461538461536
0 0.9230769230769231 0.5516826923076923 0.07692307692307693 0.040865384615384616
0 0.2608173076923077 0.8954326923076923 0.07091346153846154 0.09615384615384616
0 0.9507211538461539 0.6177884615384616 0.08533653846153846 0.03365384615384615
0 0.7536057692307693 0.6129807692307693 0.08774038461538461 0.04326923076923077
0 0.6634615384615384 0.6105769230769231 0.08413461538461539 0.04326923076923077
0 0.23317307692307693 0.5480769230769231 0.08413461538461539 0.040865384615384616
0 0.8317307692307693 0.6081730769230769 0.06490384615384616 0.036057692307692304
0 0.5877403846153846 0.6129807692307693 0.07451923076923077 0.038461538461538464
0 0.49038461538461536 0.6153846153846154 0.08052884615384616 0.036057692307692304
0 0.4050480769230769 0.6129807692307693 0.0829326923076923 0.038461538461538464
0 0.9014423076923077 0.8798076923076923 0.04447115384615385 0.06009615384615385
0 0.4699519230769231 0.14182692307692307 0.057692307692307696 0.039663461538461536
0 0.9603365384615384 0.9050480769230769 0.06490384615384616 0.0889423076923077
0 0.6610576923076923 0.8846153846153846 0.036057692307692304 0.06009615384615385
0 0.7043269230769231 0.8834134615384616 0.046875 0.06009615384615385
0 0.7632211538461539 0.90625 0.0625 0.08533653846153846
0 0.6129807692307693 0.9026442307692307 0.055288461538461536 0.08052884615384616
0 0.5540865384615384 0.9038461538461539 0.06490384615384616 0.078125
0 0.4807692307692308 0.8990384615384616 0.07211538461538461 0.09975961538461539
0 0.3918269230769231 0.9002403846153846 0.0673076923076923 0.1045673076923077
0 0.3269230769230769 0.9050480769230769 0.05889423076923077 0.08052884615384616
0 0.6706730769230769 0.546875 0.07211538461538461 0.038461538461538464
0 0.8377403846153846 0.5504807692307693 0.07692307692307693 0.039663461538461536