0 0.7548076923076923 0.8185096153846154 0.04447115384615385 0.03125
0 0.8076923076923077 0.8245192307692307 0.051682692307692304 0.03365384615384615
0 0.8233173076923077 0.875 0.054086538461538464 0.036057692307692304
0 0.7644230769230769 0.875 0.051682692307692304 0.036057692307692304
0 0.7055288461538461 0.8822115384615384 0.057692307692307696 0.030048076923076924
0 0.7019230769230769 0.8485576923076923 0.057692307692307696 0.036057692307692304
0 0.9002403846153846 0.7175480769230769 0.04927884615384615 0.036057692307692304
0 0.6442307692307693 0.8798076923076923 0.052884615384615384 0.03245192307692308
0 0.3293269230769231 0.8810096153846154 0.06370192307692307 0.03125
0 0.31971153846153844 0.8509615384615384 0.06129807692307692 0.026442307692307692
0 0.2608173076923077 0.8365384615384616 0.04807692307692308 0.030048076923076924
0 0.15504807692307693 0.859375 0.0625 0.038461538461538464
0 0.07091346153846154 0.8701923076923077 0.0829326923076923 0.055288461538461536
0 0.17307692307692307 0.7560096153846154 0.054086538461538464 0.04927884615384615
0 0.10576923076923077 0.7680288461538461 0.06490384615384616 0.05048076923076923
0 0.3245192307692308 0.7524038461538461 0.056490384615384616 0.04927884615384615
0 0.3942307692307692 0.7596153846153846 0.0625 0.021634615384615384
0 0.5528846153846154 0.7692307692307693 0.08413461538461539 0.02403846153846154
0 0.25841346153846156 0.8834134615384616 0.06129807692307692 0.030048076923076924
0 0.5516826923076923 0.7451923076923077 0.08052884615384616 0.018028846153846152
0 0.6382211538461539 0.734375 0.08173076923076923 0.020432692307692308
0 0.7331730769230769 0.7740384615384616 0.07692307692307693 0.021634615384615384
0 0.7283653846153846 0.7524038461538461 0.07572115384615384 0.018028846153846152
0 0.8161057692307693 0.7776442307692307 0.0829326923076923 0.016826923076923076
0 0.8149038461538461 0.7596153846153846 0.08533653846153846 0.016826923076923076
0 0.828125 0.7379807692307693 0.08653846153846154 0.019230769230769232
0 0.8966346153846154 0.7776442307692307 0.07572115384615384 0.016826923076923076
0 0.8990384615384616 0.7584134615384616 0.07211538461538461 0.018028846153846152
0 0.9699519230769231 0.7668269230769231 0.05889423076923077 0.03485576923076923
0 0.8834134615384616 0.8389423076923077 0.052884615384615384 0.03365384615384615
0 0.6466346153846154 0.7776442307692307 0.08533653846153846 0.02283653846153846
0 0.328125 0.8100961538461539 0.06370192307692307 0.013221153846153846
0 0.39903846153846156 0.8197115384615384 0.04807692307692308 0.02403846153846154
0 0.45913461538461536 0.8185096153846154 0.052884615384615384 0.026442307692307692
0 0.5817307692307693 0.8822115384615384 0.052884615384615384 0.03245192307692308
0 0.5240384615384616 0.8822115384615384 0.056490384615384616 0.03245192307692308
0 0.42908653846153844 0.6069711538461539 0.09975961538461539 0.05048076923076923
0 0.34134615384615385 0.6081730769230769 0.06850961538461539 0.04927884615384615
0 0.2692307692307692 0.6081730769230769 0.06971153846153846 0.04927884615384615
0 0.10817307692307693 0.6105769230769231 0.07572115384615384 0.051682692307692304
0 0.19471153846153846 0.5985576923076923 0.07692307692307693 0.04807692307692308
0 0.10817307692307693 0.6911057692307693 0.09014423076923077 0.030048076923076924
0 0.21754807692307693 0.6935096153846154 0.09254807692307693 0.020432692307692308
0 0.30528846153846156 0.6658653846153846 0.0733173076923077 0.03125
0 0.38822115384615385 0.6730769230769231 0.08533653846153846 0.042067307692307696
0 0.4795673076923077 0.6802884615384616 0.08533653846153846 0.042067307692307696
0 0.5504807692307693 0.6838942307692307 0.04927884615384615 0.03245192307692308
0 0.6033653846153846 0.6838942307692307 0.054086538461538464 0.03245192307692308
0 0.6622596153846154 0.6658653846153846 0.052884615384615384 0.030048076923076924
0 0.7295673076923077 0.6730769230769231 0.0625 0.03125
0 0.8028846153846154 0.6706730769230769 0.0733173076923077 0.03245192307692308
0 0.5757211538461539 0.8161057692307693 0.04567307692307692 0.02403846153846154
0 0.5240384615384616 0.8185096153846154 0.04807692307692308 0.025240384615384616
0 0.46033653846153844 0.8617788461538461 0.052884615384615384 0.02283653846153846
0 0.4026442307692308 0.8629807692307693 0.052884615384615384 0.02283653846153846
0 0.4014423076923077 0.8413461538461539 0.04927884615384615 0.018028846153846152
0 0.45913461538461536 0.8413461538461539 0.04927884615384615 0.018028846153846152
0 0.6334134615384616 0.8161057692307693 0.052884615384615384 0.025240384615384616
0 0.8858173076923077 0.875 0.052884615384615384 0.03365384615384615
0 0.19951923076923078 0.5180288461538461 0.04927884615384615 0.051682692307692304
0 0.2283653846153846 0.4699519230769231 0.04567307692307692 0.026442307692307692
0 0.0985576923076923 0.40625 0.06129807692307692 0.06129807692307692
0 0.15625 0.40625 0.042067307692307696 0.06009615384615385
0 0.20552884615384615 0.4074519230769231 0.05048076923076923 0.06129807692307692
0 0.25841346153846156 0.4074519230769231 0.054086538461538464 0.06129807692307692
0 0.3161057692307692 0.4026442307692308 0.04567307692307692 0.06490384615384616
0 0.3701923076923077 0.4014423076923077 0.056490384615384616 0.06971153846153846
0 0.6790865384615384 0.40024038461538464 0.04927884615384615 0.06610576923076923
0 0.42908653846153844 0.39663461538461536 0.056490384615384616 0.07692307692307693
0 0.4855769230769231 0.39663461538461536 0.054086538461538464 0.078125
0 0.59375 0.40024038461538464 0.11778846153846154 0.06850961538461539
0 0.7307692307692307 0.4050480769230769 0.05048076923076923 0.056490384615384616
0 0.7896634615384616 0.39302884615384615 0.06370192307692307 0.07572115384615384
0 0.030048076923076924 0.4014423076923077 0.06009615384615385 0.0673076923076923
0 0.8822115384615384 0.4110576923076923 0.09975961538461539 0.04326923076923077
0 0.9663461538461539 0.3786057692307692 0.06610576923076923 0.030048076923076924
0 0.24759615384615385 0.33052884615384615 0.05889423076923077 0.025240384615384616
0 0.18389423076923078 0.33052884615384615 0.05889423076923077 0.02403846153846154
0 0.11658653846153846 0.33413461538461536 0.05889423076923077 0.02403846153846154
0 0.052884615384615384 0.3317307692307692 0.05889423076923077 0.025240384615384616
0 0.24759615384615385 0.30288461538461536 0.0625 0.026442307692307692
0 0.1814903846153846 0.30528846153846156 0.0625 0.025240384615384616
0 0.11538461538461539 0.30649038461538464 0.06009615384615385 0.027644230769230768
0 0.054086538461538464 0.30528846153846156 0.05889423076923077 0.027644230769230768
0 0.11778846153846154 0.2776442307692308 0.05889423076923077 0.027644230769230768
0 0.055288461538461536 0.2764423076923077 0.05889423076923077 0.027644230769230768
0 0.3161057692307692 0.3173076923076923 0.046875 0.054086538461538464
0 0.9699519230769231 0.41346153846153844 0.057692307692307696 0.038461538461538464
0 0.026442307692307692 0.4951923076923077 0.052884615384615384 0.0673076923076923
0 0.07932692307692307 0.4831730769230769 0.051682692307692304 0.027644230769230768
0 0.07932692307692307 0.5240384615384616 0.051682692307692304 0.052884615384615384
0 0.04567307692307692 0.5793269230769231 0.04447115384615385 0.040865384615384616
0 0.9579326923076923 0.6814903846153846 0.057692307692307696 0.036057692307692304
0 0.5300480769230769 0.6069711538461539 0.0985576923076923 0.052884615384615384
0 0.6310096153846154 0.6057692307692307 0.09975961538461539 0.05048076923076923
0 0.7355769230769231 0.6057692307692307 0.09735576923076923 0.051682692307692304
0 0.828125 0.6105769230769231 0.05889423076923077 0.039663461538461536
0 0.9170673076923077 0.5588942307692307 0.04807692307692308 0.03245192307692308
0 0.8930288461538461 0.6105769230769231 0.05889423076923077 0.036057692307692304
0 0.9783653846153846 0.5997596153846154 0.042067307692307696 0.03365384615384615
0 0.9735576923076923 0.5649038461538461 0.051682692307692304 0.03365384615384615
0 0.9651442307692307 0.5060096153846154 0.06850961538461539 0.037259615384615384
0 0.9086538461538461 0.5108173076923077 0.03365384615384615 0.057692307692307696
0 0.875 0.5120192307692307 0.03365384615384615 0.057692307692307696
0 0.8269230769230769 0.5108173076923077 0.04927884615384615 0.06370192307692307
0 0.7764423076923077 0.5108173076923077 0.04927884615384615 0.06370192307692307
0 0.6887019230769231 0.4951923076923077 0.046875 0.052884615384615384
0 0.7127403846153846 0.5348557692307693 0.078125 0.016826923076923076
0 0.6478365384615384 0.5336538461538461 0.05048076923076923 0.018028846153846152
0 0.5649038461538461 0.5144230769230769 0.10216346153846154 0.057692307692307696
0 0.4699519230769231 0.5120192307692307 0.054086538461538464 0.06850961538461539
0 0.41586538461538464 0.5132211538461539 0.051682692307692304 0.06610576923076923
0 0.36177884615384615 0.4807692307692308 0.051682692307692304 0.027644230769230768
0 0.3088942307692308 0.4807692307692308 0.051682692307692304 0.028846153846153848
0 0.3605769230769231 0.5204326923076923 0.051682692307692304 0.051682692307692304
0 0.3076923076923077 0.5216346153846154 0.051682692307692304 0.05048076923076923
0 0.25721153846153844 0.5180288461538461 0.04567307692307692 0.04807692307692308
0 0.1346153846153846 0.5240384615384616 0.04927884615384615 0.05048076923076923
0 0.9375 0.8545673076923077 0.04326923076923077 0.030048076923076924
0 0.11778846153846154 0.055288461538461536 0.036057692307692304 0.057692307692307696
0 0.8894230769230769 0.6814903846153846 0.06971153846153846 0.030048076923076924
0 0.6033653846153846 0.30649038461538464 0.06610576923076923 0.06850961538461539
0 0.4326923076923077 0.31490384615384615 0.051682692307692304 0.056490384615384616
0 0.3629807692307692 0.25841346153846156 0.051682692307692304 0.055288461538461536
0 0.36778846153846156 0.31490384615384615 0.052884615384615384 0.055288461538461536
0 0.8557692307692307 0.09975961538461539 0.055288461538461536 0.078125
0 0.9146634615384616 0.09975961538461539 0.054086538461538464 0.078125
0 0.9723557692307693 0.09975961538461539 0.054086538461538464 0.07572115384615384
0 0.96875 0.27283653846153844 0.06129807692307692 0.042067307692307696
0 0.96875 0.3173076923076923 0.06129807692307692 0.04326923076923077
0 0.8810096153846154 0.25 0.09014423076923077 0.026442307692307692
0 0.8846153846153846 0.3004807692307692 0.09134615384615384 0.07211538461538461
0 0.7848557692307693 0.25961538461538464 0.09975961538461539 0.027644230769230768
0 0.6826923076923077 0.23798076923076922 0.07451923076923077 0.036057692307692304
0 0.6959134615384616 0.2980769230769231 0.07211538461538461 0.08413461538461539
0 0.203125 0.04326923076923077 0.12620192307692307 0.02283653846153846
0 0.7836538461538461 0.30649038461538464 0.10096153846153846 0.0625
0 0.48677884615384615 0.31971153846153844 0.04927884615384615 0.04567307692307692
0 0.43149038461538464 0.22355769230769232 0.052884615384615384 0.015625
0 0.43990384615384615 0.24519230769230768 0.052884615384615384 0.02283653846153846
0 0.4387019230769231 0.27163461538461536 0.052884615384615384 0.025240384615384616
0 0.6814903846153846 0.019230769230769232 0.057692307692307696 0.027644230769230768
0 0.6382211538461539 0.109375 0.056490384615384616 0.06490384615384616
0 0.5108173076923077 0.09615384615384616 0.1814903846153846 0.09134615384615384
0 0.3389423076923077 0.0985576923076923 0.12259615384615384 0.09134615384615384
0 0.11658653846153846 0.11538461538461539 0.06009615384615385 0.05889423076923077
0 0.057692307692307696 0.11658653846153846 0.057692307692307696 0.05889423076923077
0 0.21514423076923078 0.10096153846153846 0.12139423076923077 0.08653846153846154
0 0.0673076923076923 0.055288461538461536 0.057692307692307696 0.057692307692307696
0 0.5084134615384616 0.019230769230769232 0.17548076923076922 0.038461538461538464
0 0.3329326923076923 0.014423076923076924 0.12860576923076922 0.028846153846153848
0 0.19831730769230768 0.015625 0.11899038461538461 0.030048076923076924
0 0.33653846153846156 0.039663461538461536 0.12620192307692307 0.020432692307692308
0 0.7439903846153846 0.018028846153846152 0.056490384615384616 0.028846153846153848
0 0.6838942307692307 0.052884615384615384 0.05889423076923077 0.037259615384615384
0 0.7463942307692307 0.051682692307692304 0.06009615384615385 0.036057692307692304
0 0.7151442307692307 0.10697115384615384 0.09014423076923077 0.0625
0 0.7944711538461539 0.11057692307692307 0.057692307692307696 0.057692307692307696
0 0.8545673076923077 0.030048076923076924 0.057692307692307696 0.05889423076923077
0 0.9146634615384616 0.030048076923076924 0.057692307692307696 0.05889423076923077