0 0.8269230769230769 0.5612980769230769 0.038461538461538464 0.10697115384615384
0 0.7740384615384616 0.5625 0.038461538461538464 0.10697115384615384
0 0.953125 0.3137019230769231 0.03485576923076923 0.10216346153846154
0 0.4699519230769231 0.6802884615384616 0.05889423076923077 0.08653846153846154
0 0.5288461538461539 0.6826923076923077 0.05889423076923077 0.08653846153846154
0 0.5889423076923077 0.6826923076923077 0.06009615384615385 0.08653846153846154
0 0.6478365384615384 0.6802884615384616 0.057692307692307696 0.08653846153846154
0 0.7079326923076923 0.6706730769230769 0.057692307692307696 0.07572115384615384
0 0.7776442307692307 0.6826923076923077 0.04447115384615385 0.08653846153846154
0 0.8233173076923077 0.6838942307692307 0.042067307692307696 0.08413461538461539
0 0.8762019230769231 0.6923076923076923 0.054086538461538464 0.0733173076923077
0 0.9326923076923077 0.6911057692307693 0.055288461538461536 0.07091346153846154
0 0.9819711538461539 0.6838942307692307 0.03485576923076923 0.08774038461538461
0 0.9663461538461539 0.796875 0.057692307692307696 0.06850961538461539
0 0.90625 0.796875 0.06009615384615385 0.06971153846153846
0 0.8473557692307693 0.7896634615384616 0.04567307692307692 0.08052884615384616
0 0.7992788461538461 0.7932692307692307 0.04447115384615385 0.08052884615384616
0 0.7475961538461539 0.7908653846153846 0.046875 0.0829326923076923
0 0.6995192307692307 0.7884615384615384 0.042067307692307696 0.08052884615384616
0 0.6502403846153846 0.7896634615384616 0.04567307692307692 0.0829326923076923
0 0.35096153846153844 0.6802884615384616 0.0625 0.08533653846153846
0 0.28725961538461536 0.6802884615384616 0.06009615384615385 0.08533653846153846
0 0.2247596153846154 0.6838942307692307 0.06129807692307692 0.08533653846153846
0 0.16346153846153846 0.6790865384615384 0.057692307692307696 0.08653846153846154
0 0.7199519230769231 0.5600961538461539 0.04807692307692308 0.109375
0 0.6742788461538461 0.5625 0.03485576923076923 0.109375
0 0.625 0.5600961538461539 0.03485576923076923 0.1045673076923077
0 0.5793269230769231 0.5588942307692307 0.04567307692307692 0.109375
0 0.5252403846153846 0.5576923076923077 0.03485576923076923 0.10697115384615384
0 0.025240384615384616 0.5564903846153846 0.038461538461538464 0.11057692307692307
0 0.06490384615384616 0.5564903846153846 0.037259615384615384 0.109375
0 0.10697115384615384 0.5564903846153846 0.04326923076923077 0.11057692307692307
0 0.41466346153846156 0.6586538461538461 0.04567307692307692 0.05048076923076923
0 0.14783653846153846 0.5564903846153846 0.03365384615384615 0.109375
0 0.18629807692307693 0.578125 0.03365384615384615 0.06971153846153846
0 0.26802884615384615 0.5576923076923077 0.037259615384615384 0.109375
0 0.30528846153846156 0.5588942307692307 0.03245192307692308 0.1045673076923077
0 0.3389423076923077 0.5588942307692307 0.03125 0.10216346153846154
0 0.3737980769230769 0.5600961538461539 0.03125 0.1045673076923077
0 0.4483173076923077 0.5576923076923077 0.11298076923076923 0.1045673076923077
0 0.019230769230769232 0.6778846153846154 0.038461538461538464 0.09134615384615384
0 0.08413461538461539 0.6802884615384616 0.08653846153846154 0.09014423076923077
0 0.22716346153846154 0.5552884615384616 0.039663461538461536 0.10697115384615384
0 0.49158653846153844 0.16706730769230768 0.04927884615384615 0.1201923076923077
0 0.5108173076923077 0.7956730769230769 0.040865384615384616 0.07091346153846154
0 0.6009615384615384 0.78125 0.04447115384615385 0.07572115384615384
0 0.45913461538461536 0.9086538461538461 0.027644230769230768 0.04326923076923077
0 0.49399038461538464 0.8557692307692307 0.04326923076923077 0.018028846153846152
0 0.5793269230769231 0.8581730769230769 0.039663461538461536 0.018028846153846152
0 0.4963942307692308 0.9050480769230769 0.042067307692307696 0.052884615384615384
0 0.5408653846153846 0.90625 0.042067307692307696 0.052884615384615384
0 0.5841346153846154 0.9170673076923077 0.040865384615384616 0.03125
0 0.625 0.9098557692307693 0.03485576923076923 0.04447115384615385
0 0.6622596153846154 0.9098557692307693 0.037259615384615384 0.04567307692307692
0 0.6213942307692307 0.8545673076923077 0.037259615384615384 0.013221153846153846
0 0.7139423076923077 0.9194711538461539 0.042067307692307696 0.021634615384615384
0 0.7524038461538461 0.890625 0.04447115384615385 0.021634615384615384
0 0.7548076923076923 0.9170673076923077 0.03485576923076923 0.02283653846153846
0 0.8088942307692307 0.890625 0.06370192307692307 0.08173076923076923
0 0.8737980769230769 0.8894230769230769 0.0625 0.08052884615384616
0 0.9230769230769231 0.9110576923076923 0.030048076923076924 0.03365384615384615
0 0.9567307692307693 0.9122596153846154 0.028846153846153848 0.038461538461538464
0 0.9867788461538461 0.9122596153846154 0.025240384615384616 0.036057692307692304
0 0.43028846153846156 0.9098557692307693 0.025240384615384616 0.04447115384615385
0 0.4026442307692308 0.9098557692307693 0.027644230769230768 0.046875
0 0.43028846153846156 0.875 0.026442307692307692 0.015625
0 0.18269230769230768 0.921875 0.042067307692307696 0.025240384615384616
0 0.4699519230769231 0.7944711538461539 0.038461538461538464 0.06850961538461539
0 0.42788461538461536 0.7932692307692307 0.040865384615384616 0.07091346153846154
0 0.3858173076923077 0.7956730769230769 0.039663461538461536 0.06850961538461539
0 0.3401442307692308 0.7872596153846154 0.046875 0.08533653846153846
0 0.28846153846153844 0.7896634615384616 0.051682692307692304 0.0829326923076923
0 0.03245192307692308 0.7872596153846154 0.052884615384615384 0.08533653846153846
0 0.08413461538461539 0.7848557692307693 0.04807692307692308 0.08653846153846154
0 0.1346153846153846 0.7860576923076923 0.04927884615384615 0.0889423076923077
0 0.5540865384615384 0.7800480769230769 0.04447115384615385 0.078125
0 0.1875 0.7884615384615384 0.046875 0.08774038461538461
0 0.04807692307692308 0.9146634615384616 0.040865384615384616 0.03125
0 0.09134615384615384 0.9146634615384616 0.040865384615384616 0.03485576923076923
0 0.15384615384615385 0.8653846153846154 0.038461538461538464 0.025240384615384616
0 0.1971153846153846 0.8725961538461539 0.042067307692307696 0.028846153846153848
0 0.23317307692307693 0.9158653846153846 0.042067307692307696 0.03125
0 0.2764423076923077 0.9170673076923077 0.039663461538461536 0.03365384615384615
0 0.3269230769230769 0.9026442307692307 0.03365384615384615 0.03125
0 0.36658653846153844 0.9194711538461539 0.040865384615384616 0.03245192307692308
0 0.23677884615384615 0.7896634615384616 0.04807692307692308 0.08653846153846154
0 0.8016826923076923 0.03485576923076923 0.04567307692307692 0.03245192307692308
0 0.13942307692307693 0.9194711538461539 0.04326923076923077 0.02403846153846154
0 0.021634615384615384 0.15384615384615385 0.04326923076923077 0.12980769230769232
0 0.31009615384615385 0.3016826923076923 0.04567307692307692 0.10817307692307693
0 0.3605769230769231 0.30528846153846156 0.039663461538461536 0.1045673076923077
0 0.10817307692307693 0.4254807692307692 0.038461538461538464 0.10096153846153846
0 0.015625 0.42908653846153844 0.030048076923076924 0.1141826923076923
0 0.21514423076923078 0.42908653846153844 0.042067307692307696 0.1141826923076923
0 0.25721153846153844 0.4266826923076923 0.028846153846153848 0.10817307692307693
0 0.2956730769230769 0.42908653846153844 0.037259615384615384 0.11298076923076923
0 0.3786057692307692 0.43149038461538464 0.038461538461538464 0.11057692307692307
0 0.4182692307692308 0.4338942307692308 0.03485576923076923 0.10817307692307693
0 0.4579326923076923 0.4326923076923077 0.038461538461538464 0.11057692307692307
0 0.8894230769230769 0.3125 0.027644230769230768 0.10096153846153846
0 0.5420673076923077 0.4338942307692308 0.037259615384615384 0.109375
0 0.5829326923076923 0.4375 0.037259615384615384 0.10576923076923077
0 0.6225961538461539 0.4387019230769231 0.036057692307692304 0.10336538461538461
0 0.6586538461538461 0.4387019230769231 0.03365384615384615 0.10336538461538461
0 0.6959134615384616 0.4387019230769231 0.03365384615384615 0.1045673076923077
0 0.7379807692307693 0.4411057692307692 0.040865384615384616 0.10697115384615384
0 0.8413461538461539 0.4375 0.140625 0.11057692307692307
0 0.9338942307692307 0.4423076923076923 0.03485576923076923 0.1045673076923077
0 0.25841346153846156 0.2980769230769231 0.051682692307692304 0.11538461538461539
0 0.9759615384615384 0.4423076923076923 0.04447115384615385 0.10216346153846154
0 0.2091346153846154 0.3004807692307692 0.042067307692307696 0.109375
0 0.11899038461538461 0.296875 0.042067307692307696 0.1201923076923077
0 0.8545673076923077 0.3137019230769231 0.037259615384615384 0.10336538461538461
0 0.7764423076923077 0.31009615384615385 0.11298076923076923 0.11057692307692307
0 0.6947115384615384 0.30528846153846156 0.04567307692307692 0.11298076923076923
0 0.6478365384615384 0.30528846153846156 0.039663461538461536 0.11057692307692307
0 0.6069711538461539 0.30528846153846156 0.037259615384615384 0.11298076923076923
0 0.5264423076923077 0.3016826923076923 0.038461538461538464 0.11298076923076923
0 0.4807692307692308 0.30528846153846156 0.038461538461538464 0.10576923076923077
0 0.4375 0.30528846153846156 0.042067307692307696 0.109375
0 0.8461538461538461 0.036057692307692304 0.042067307692307696 0.03125
0 0.05889423076923077 0.1658653846153846 0.026442307692307692 0.10817307692307693
0 0.10216346153846154 0.16105769230769232 0.055288461538461536 0.1141826923076923
0 0.203125 0.16105769230769232 0.13942307692307693 0.1201923076923077
0 0.2932692307692308 0.16706730769230768 0.037259615384615384 0.1141826923076923
0 0.33052884615384615 0.16706730769230768 0.03485576923076923 0.11298076923076923
0 0.36538461538461536 0.16947115384615385 0.03125 0.10697115384615384
0 0.39903846153846156 0.171875 0.03125 0.10697115384615384
0 0.43990384615384615 0.16706730769230768 0.04927884615384615 0.1201923076923077
0 0.39903846153846156 0.30288461538461536 0.028846153846153848 0.109375
0 0.0733173076923077 0.29927884615384615 0.042067307692307696 0.1141826923076923
0 0.16346153846153846 0.3016826923076923 0.042067307692307696 0.11057692307692307
0 0.9711538461538461 0.5612980769230769 0.056490384615384616 0.10216346153846154
0 0.49759615384615385 0.43509615384615385 0.038461538461538464 0.11057692307692307
0 0.8966346153846154 0.5625 0.025240384615384616 0.10576923076923077
0 0.38341346153846156 0.037259615384615384 0.05048076923076923 0.07451923076923077
0 0.3389423076923077 0.036057692307692304 0.038461538461538464 0.07211538461538461
0 0.29927884615384615 0.036057692307692304 0.038461538461538464 0.07211538461538461
0 0.25721153846153844 0.036057692307692304 0.040865384615384616 0.07091346153846154
0 0.21394230769230768 0.036057692307692304 0.042067307692307696 0.07091346153846154
0 0.16826923076923078 0.03485576923076923 0.04567307692307692 0.06971153846153846
0 0.9254807692307693 0.5625 0.025240384615384616 0.10576923076923077
0 0.4338942307692308 0.037259615384615384 0.046875 0.0733173076923077
0 0.12259615384615384 0.03485576923076923 0.042067307692307696 0.06971153846153846
0 0.04567307692307692 0.03365384615384615 0.040865384615384616 0.06610576923076923
0 0.9603365384615384 0.046875 0.03365384615384615 0.08173076923076923
0 0.9230769230769231 0.04326923076923077 0.036057692307692304 0.08653846153846154
0 0.8858173076923077 0.04326923076923077 0.03125 0.08653846153846154
0 0.8461538461538461 0.008413461538461538 0.04567307692307692 0.016826923076923076
0 0.7992788461538461 0.008413461538461538 0.04447115384615385 0.015625
0 0.8221153846153846 0.06850961538461539 0.08774038461538461 0.028846153846153848
0 0.08413461538461539 0.03365384615384615 0.03365384615384615 0.0673076923076923
0 0.48197115384615385 0.037259615384615384 0.046875 0.07451923076923077
0 0.9194711538461539 0.31490384615384615 0.027644230769230768 0.10336538461538461
0 0.578125 0.039663461538461536 0.039663461538461536 0.07932692307692307
0 0.7776442307692307 0.17427884615384615 0.03485576923076923 0.11177884615384616
0 0.5324519230769231 0.038461538461538464 0.04807692307692308 0.07692307692307693
0 0.7427884615384616 0.171875 0.03125 0.11298076923076923
0 0.7079326923076923 0.17307692307692307 0.03365384615384615 0.1141826923076923
0 0.6742788461538461 0.17427884615384615 0.030048076923076924 0.11177884615384616
0 0.640625 0.17307692307692307 0.03245192307692308 0.11298076923076923
0 0.6045673076923077 0.171875 0.03125 0.11298076923076923
0 0.5697115384615384 0.17067307692307693 0.03365384615384615 0.11538461538461539
0 0.8161057692307693 0.17067307692307693 0.03485576923076923 0.12379807692307693
0 0.8521634615384616 0.17427884615384615 0.03125 0.11658653846153846
0 0.8846153846153846 0.17668269230769232 0.030048076923076924 0.1141826923076923
0 0.9254807692307693 0.17668269230769232 0.040865384615384616 0.11298076923076923
0 0.9747596153846154 0.18269230769230768 0.04567307692307692 0.10576923076923077
0 0.6911057692307693 0.040865384615384616 0.04447115384615385 0.08052884615384616
0 0.6502403846153846 0.040865384615384616 0.03485576923076923 0.08052884615384616
0 0.6153846153846154 0.039663461538461536 0.03245192307692308 0.07932692307692307
0 0.5348557692307693 0.171875 0.03485576923076923 0.11538461538461539