0 0.4050480769230769 0.4362980769230769 0.03125 0.1141826923076923
0 0.44591346153846156 0.4483173076923077 0.037259615384615384 0.10336538461538461
0 0.48197115384615385 0.44591346153846156 0.026442307692307692 0.10576923076923077
0 0.5144230769230769 0.26802884615384615 0.04807692307692308 0.11778846153846154
0 0.5625 0.2704326923076923 0.04567307692307692 0.11778846153846154
0 0.5072115384615384 0.8894230769230769 0.07091346153846154 0.010817307692307692
0 0.6574519230769231 0.26802884615384615 0.03485576923076923 0.11538461538461539
0 0.40384615384615385 0.5877403846153846 0.040865384615384616 0.12740384615384615
0 0.3605769230769231 0.5925480769230769 0.04447115384615385 0.11658653846153846
0 0.32211538461538464 0.5829326923076923 0.036057692307692304 0.11057692307692307
0 0.27283653846153844 0.5913461538461539 0.040865384615384616 0.0985576923076923
0 0.234375 0.5949519230769231 0.036057692307692304 0.11057692307692307
0 0.19471153846153846 0.5949519230769231 0.04567307692307692 0.10697115384615384
0 0.14302884615384615 0.6069711538461539 0.04927884615384615 0.0829326923076923
0 0.06370192307692307 0.5372596153846154 0.046875 0.046875
0 0.016826923076923076 0.7211538461538461 0.030048076923076924 0.10576923076923077
0 0.057692307692307696 0.7211538461538461 0.042067307692307696 0.10697115384615384
0 0.09615384615384616 0.7211538461538461 0.027644230769230768 0.11057692307692307
0 0.1310096153846154 0.7247596153846154 0.038461538461538464 0.1045673076923077
0 0.18629807692307693 0.6947115384615384 0.03485576923076923 0.06129807692307692
0 0.2920673076923077 0.75 0.04927884615384615 0.056490384615384616
0 0.2932692307692308 0.6899038461538461 0.055288461538461536 0.04326923076923077
0 0.34975961538461536 0.7235576923076923 0.051682692307692304 0.10576923076923077
0 0.4074519230769231 0.7367788461538461 0.056490384615384616 0.08533653846153846
0 0.18629807692307693 0.9074519230769231 0.06370192307692307 0.014423076923076924
0 0.19230769230769232 0.8918269230769231 0.07091346153846154 0.018028846153846152
0 0.18870192307692307 0.8737980769230769 0.07692307692307693 0.014423076923076924
0 0.18269230769230768 0.8533653846153846 0.06971153846153846 0.025240384615384616
0 0.18509615384615385 0.8233173076923077 0.06009615384615385 0.025240384615384616
0 0.09975961538461539 0.8918269230769231 0.0889423076923077 0.08774038461538461
0 0.44471153846153844 0.6105769230769231 0.03125 0.06850961538461539
0 0.9459134615384616 0.7259615384615384 0.06971153846153846 0.09495192307692307
0 0.8028846153846154 0.7379807692307693 0.05048076923076923 0.07692307692307693
0 0.7427884615384616 0.7391826923076923 0.057692307692307696 0.07451923076923077
0 0.6778846153846154 0.75 0.0625 0.051682692307692304
0 0.6021634615384616 0.7295673076923077 0.07451923076923077 0.08413461538461539
0 0.5348557692307693 0.7319711538461539 0.06129807692307692 0.08413461538461539
0 0.4699519230769231 0.7319711538461539 0.057692307692307696 0.08173076923076923
0 0.875 0.7247596153846154 0.0673076923076923 0.09735576923076923
0 0.5 0.6418269230769231 0.06490384615384616 0.014423076923076924
0 0.5 0.6045673076923077 0.06009615384615385 0.056490384615384616
0 0.5889423076923077 0.5949519230769231 0.07091346153846154 0.08533653846153846
0 0.6225961538461539 0.42788461538461536 0.05048076923076923 0.10336538461538461
0 0.6694711538461539 0.44350961538461536 0.03125 0.10096153846153846
0 0.71875 0.44471153846153844 0.051682692307692304 0.10336538461538461
0 0.7776442307692307 0.44591346153846156 0.038461538461538464 0.109375
0 0.8257211538461539 0.44711538461538464 0.037259615384615384 0.10576923076923077
0 0.8701923076923077 0.45072115384615385 0.036057692307692304 0.10817307692307693
0 0.5793269230769231 0.43990384615384615 0.030048076923076924 0.10096153846153846
0 0.609375 0.27163461538461536 0.04927884615384615 0.11538461538461539
0 0.7451923076923077 0.5973557692307693 0.07091346153846154 0.0889423076923077
0 0.8076923076923077 0.5817307692307693 0.03485576923076923 0.07692307692307693
0 0.8786057692307693 0.6033653846153846 0.06971153846153846 0.07211538461538461
0 0.9567307692307693 0.6129807692307693 0.06850961538461539 0.04807692307692308
0 0.9771634615384616 0.4254807692307692 0.040865384615384616 0.1201923076923077
0 0.9206730769230769 0.45072115384615385 0.056490384615384616 0.10817307692307693
0 0.6875 0.5913461538461539 0.040865384615384616 0.10216346153846154
0 0.2620192307692308 0.9110576923076923 0.07572115384615384 0.014423076923076924
0 0.5300480769230769 0.44471153846153844 0.06009615384615385 0.11538461538461539
0 0.4182692307692308 0.26802884615384615 0.040865384615384616 0.11177884615384616
0 0.3293269230769231 0.44711538461538464 0.03485576923076923 0.1045673076923077
0 0.29086538461538464 0.44711538461538464 0.027644230769230768 0.10336538461538461
0 0.25841346153846156 0.44471153846153844 0.039663461538461536 0.10697115384615384
0 0.21514423076923078 0.4423076923076923 0.03125 0.10817307692307693
0 0.17908653846153846 0.4411057692307692 0.039663461538461536 0.10817307692307693
0 0.1346153846153846 0.4387019230769231 0.03485576923076923 0.10336538461538461
0 0.46634615384615385 0.2668269230769231 0.042067307692307696 0.1201923076923077
0 0.09254807692307693 0.43149038461538464 0.038461538461538464 0.11899038461538461
0 0.02283653846153846 0.421875 0.028846153846153848 0.10576923076923077
0 0.05048076923076923 0.2860576923076923 0.09014423076923077 0.06971153846153846
0 0.15264423076923078 0.28846153846153844 0.09495192307692307 0.06610576923076923
0 0.23798076923076922 0.28966346153846156 0.07451923076923077 0.06850961538461539
0 0.3088942307692308 0.28966346153846156 0.06129807692307692 0.0673076923076923
0 0.36899038461538464 0.2644230769230769 0.052884615384615384 0.125
0 0.057692307692307696 0.4230769230769231 0.02403846153846154 0.10817307692307693
0 0.26802884615384615 0.890625 0.07572115384615384 0.014423076923076924
0 0.23317307692307693 0.7259615384615384 0.051682692307692304 0.10697115384615384
0 0.265625 0.8557692307692307 0.08533653846153846 0.009615384615384616
0 0.7848557692307693 0.9350961538461539 0.08052884615384616 0.021634615384615384
0 0.7644230769230769 0.8701923076923077 0.07692307692307693 0.01201923076923077
0 0.8689903846153846 0.9206730769230769 0.0673076923076923 0.020432692307692308
0 0.9435096153846154 0.9134615384615384 0.06490384615384616 0.014423076923076924
0 0.9399038461538461 0.8990384615384616 0.07692307692307693 0.010817307692307692
0 0.9302884615384616 0.8665865384615384 0.07932692307692307 0.009615384615384616
0 0.36899038461538464 0.4387019230769231 0.03245192307692308 0.1141826923076923
0 0.05048076923076923 0.06129807692307692 0.06129807692307692 0.11658653846153846
0 0.11658653846153846 0.0625 0.06610576923076923 0.1141826923076923
0 0.2692307692307692 0.8725961538461539 0.07451923076923077 0.014423076923076924
0 0.23557692307692307 0.0673076923076923 0.05048076923076923 0.11057692307692307
0 0.2980769230769231 0.05889423076923077 0.06129807692307692 0.11177884615384616
0 0.359375 0.0625 0.052884615384615384 0.11658653846153846
0 0.41346153846153844 0.06009615384615385 0.04807692307692308 0.11538461538461539
0 0.46033653846153844 0.07211538461538461 0.04447115384615385 0.09495192307692307
0 0.5060096153846154 0.07211538461538461 0.038461538461538464 0.09134615384615384
0 0.5600961538461539 0.06009615384615385 0.05889423076923077 0.11778846153846154
0 0.6334134615384616 0.06370192307692307 0.08052884615384616 0.11538461538461539
0 0.7367788461538461 0.06610576923076923 0.08413461538461539 0.12259615384615384
0 0.8209134615384616 0.0829326923076923 0.07211538461538461 0.09254807692307693
0 0.9050480769230769 0.06490384615384616 0.06009615384615385 0.12740384615384615
0 0.9711538461538461 0.0673076923076923 0.054086538461538464 0.12740384615384615
0 0.9026442307692307 0.2512019230769231 0.18028846153846154 0.14903846153846154
0 0.78125 0.27524038461538464 0.04326923076923077 0.10336538461538461
0 0.7247596153846154 0.27524038461538464 0.07211538461538461 0.1045673076923077
0 0.7091346153846154 0.9110576923076923 0.02283653846153846 0.042067307692307696
0 0.6514423076923077 0.9134615384615384 0.0673076923076923 0.013221153846153846
0 0.17908653846153846 0.06129807692307692 0.055288461538461536 0.11538461538461539
0 0.5036057692307693 0.9182692307692307 0.06850961538461539 0.009615384615384616
0 0.5817307692307693 0.9122596153846154 0.0625 0.013221153846153846
0 0.42427884615384615 0.8485576923076923 0.08052884615384616 0.015625
0 0.4266826923076923 0.8353365384615384 0.07932692307692307 0.013221153846153846
0 0.421875 0.9122596153846154 0.06971153846153846 0.009615384615384616
0 0.42788461538461536 0.8641826923076923 0.08413461538461539 0.013221153846153846
0 0.42788461538461536 0.8762019230769231 0.08173076923076923 0.009615384615384616
0 0.3473557692307692 0.9086538461538461 0.07451923076923077 0.016826923076923076
0 0.42908653846153844 0.8882211538461539 0.07932692307692307 0.008413461538461538
0 0.35096153846153844 0.8725961538461539 0.07692307692307693 0.016826923076923076
0 0.2644230769230769 0.8353365384615384 0.07091346153846154 0.02283653846153846
0 0.3449519230769231 0.8918269230769231 0.07692307692307693 0.015625
0 0.42427884615384615 0.8978365384615384 0.07692307692307693 0.01201923076923077
0 0.5072115384615384 0.8665865384615384 0.07211538461538461 0.010817307692307692
0 0.5036057692307693 0.9050480769230769 0.07692307692307693 0.010817307692307692
0 0.5072115384615384 0.8786057692307693 0.07572115384615384 0.009615384615384616