0 0.07211538461538461 0.7175480769230769 0.08774038461538461 0.038461538461538464
0 0.9711538461538461 0.6370192307692307 0.055288461538461536 0.042067307692307696
0 0.8930288461538461 0.6382211538461539 0.09735576923076923 0.040865384615384616
0 0.7932692307692307 0.6382211538461539 0.09014423076923077 0.040865384615384616
0 0.1502403846153846 0.6057692307692307 0.08413461538461539 0.042067307692307696
0 0.23798076923076922 0.6033653846153846 0.08774038461538461 0.042067307692307696
0 0.3317307692307692 0.6021634615384616 0.08774038461538461 0.040865384615384616
0 0.4206730769230769 0.6009615384615384 0.09134615384615384 0.04326923076923077
0 0.5120192307692307 0.5985576923076923 0.08653846153846154 0.042067307692307696
0 0.6009615384615384 0.5985576923076923 0.0889423076923077 0.039663461538461536
0 0.6983173076923077 0.6394230769230769 0.09014423076923077 0.040865384615384616
0 0.6971153846153846 0.5961538461538461 0.09735576923076923 0.04326923076923077
0 0.7944711538461539 0.59375 0.09134615384615384 0.04447115384615385
0 0.8966346153846154 0.5925480769230769 0.09735576923076923 0.04447115384615385
0 0.06610576923076923 0.6478365384615384 0.08774038461538461 0.036057692307692304
0 0.15384615384615385 0.6478365384615384 0.07932692307692307 0.037259615384615384
0 0.24278846153846154 0.6466346153846154 0.09014423076923077 0.038461538461538464
0 0.6057692307692307 0.6418269230769231 0.08653846153846154 0.042067307692307696
0 0.8341346153846154 0.9026442307692307 0.09014423076923077 0.037259615384615384
0 0.3317307692307692 0.6466346153846154 0.08533653846153846 0.038461538461538464
0 0.42427884615384615 0.6466346153846154 0.08653846153846154 0.039663461538461536
0 0.6442307692307693 0.9038461538461539 0.09375 0.038461538461538464
0 0.7415865384615384 0.8617788461538461 0.09254807692307693 0.039663461538461536
0 0.8341346153846154 0.8605769230769231 0.08653846153846154 0.038461538461538464
0 0.9266826923076923 0.8605769230769231 0.08774038461538461 0.038461538461538464
0 0.1622596153846154 0.7151442307692307 0.08052884615384616 0.040865384615384616
0 0.515625 0.6442307692307693 0.09014423076923077 0.040865384615384616
0 0.9278846153846154 0.9026442307692307 0.08774038461538461 0.039663461538461536
0 0.25 0.7115384615384616 0.08774038461538461 0.036057692307692304
0 0.9074519230769231 0.7463942307692307 0.09014423076923077 0.039663461538461536
0 0.3473557692307692 0.75 0.08413461538461539 0.038461538461538464
0 0.030048076923076924 0.8665865384615384 0.06009615384615385 0.038461538461538464
0 0.030048076923076924 0.9098557692307693 0.06009615384615385 0.036057692307692304
0 0.10697115384615384 0.90625 0.08052884615384616 0.03125
0 0.19831730769230768 0.9038461538461539 0.0829326923076923 0.03485576923076923
0 0.1875 0.8641826923076923 0.08653846153846154 0.039663461538461536
0 0.2764423076923077 0.8653846153846154 0.0829326923076923 0.042067307692307696
0 0.2824519230769231 0.90625 0.08413461538461539 0.03245192307692308
0 0.7163461538461539 0.7487980769230769 0.09014423076923077 0.038461538461538464
0 0.6225961538461539 0.7512019230769231 0.08774038461538461 0.037259615384615384
0 0.5336538461538461 0.75 0.08052884615384616 0.036057692307692304
0 0.9050480769230769 0.703125 0.0985576923076923 0.042067307692307696
0 0.8052884615384616 0.7055288461538461 0.09014423076923077 0.04567307692307692
0 0.7103365384615384 0.7067307692307693 0.08774038461538461 0.042067307692307696
0 0.6213942307692307 0.7103365384615384 0.0889423076923077 0.040865384615384616
0 0.5300480769230769 0.7067307692307693 0.08533653846153846 0.04567307692307692
0 0.453125 0.7295673076923077 0.06129807692307692 0.037259615384615384
0 0.08052884615384616 0.7584134615384616 0.09735576923076923 0.03365384615384615
0 0.16947115384615385 0.7560096153846154 0.08052884615384616 0.037259615384615384
0 0.25600961538461536 0.7560096153846154 0.08653846153846154 0.037259615384615384
0 0.05889423076923077 0.6045673076923077 0.09254807692307693 0.042067307692307696
0 0.36658653846153844 0.8617788461538461 0.08533653846153846 0.038461538461538464
0 0.37259615384615385 0.9014423076923077 0.08413461538461539 0.036057692307692304
0 0.8149038461538461 0.7475961538461539 0.0829326923076923 0.039663461538461536
0 0.4543269230769231 0.8605769230769231 0.08413461538461539 0.04447115384615385
0 0.5456730769230769 0.8629807692307693 0.0829326923076923 0.039663461538461536
0 0.5480769230769231 0.9050480769230769 0.08173076923076923 0.036057692307692304
0 0.7403846153846154 0.9026442307692307 0.09375 0.037259615384615384
0 0.3389423076923077 0.7103365384615384 0.08653846153846154 0.039663461538461536
0 0.9194711538461539 0.5192307692307693 0.0985576923076923 0.04567307692307692
0 0.46033653846153844 0.9038461538461539 0.08653846153846154 0.038461538461538464
0 0.7271634615384616 0.5228365384615384 0.09014423076923077 0.04326923076923077
0 0.49278846153846156 0.22355769230769232 0.10096153846153846 0.04447115384615385
0 0.6033653846153846 0.21875 0.1045673076923077 0.05048076923076923
0 0.7055288461538461 0.21394230769230768 0.09975961538461539 0.04807692307692308
0 0.8088942307692307 0.2091346153846154 0.10096153846153846 0.04567307692307692
0 0.9146634615384616 0.20552884615384615 0.1045673076923077 0.052884615384615384
0 0.10697115384615384 0.28365384615384615 0.09375 0.04447115384615385
0 0.39663461538461536 0.2283653846153846 0.09134615384615384 0.04807692307692308
0 0.20432692307692307 0.2824519230769231 0.09134615384615384 0.04807692307692308
0 0.39903846153846156 0.2776442307692308 0.09735576923076923 0.046875
0 0.5 0.27283653846153844 0.0985576923076923 0.04326923076923077
0 0.6045673076923077 0.2704326923076923 0.1045673076923077 0.04927884615384615
0 0.7091346153846154 0.265625 0.09735576923076923 0.04447115384615385
0 0.8125 0.25841346153846156 0.09615384615384616 0.04567307692307692
0 0.9134615384615384 0.25721153846153844 0.10336538461538461 0.046875
0 0.3016826923076923 0.2776442307692308 0.09375 0.04567307692307692
0 0.04567307692307692 0.37259615384615385 0.09134615384615384 0.04326923076923077
0 0.29927884615384615 0.22716346153846154 0.09615384615384616 0.04807692307692308
0 0.09975961538461539 0.234375 0.10216346153846154 0.04326923076923077
0 0.8221153846153846 0.5204326923076923 0.09254807692307693 0.04447115384615385
0 0.6442307692307693 0.8629807692307693 0.09014423076923077 0.036057692307692304
0 0.7572115384615384 0.037259615384615384 0.056490384615384616 0.04326923076923077
0 0.6814903846153846 0.1045673076923077 0.06610576923076923 0.07932692307692307
0 0.5841346153846154 0.11778846153846154 0.046875 0.055288461538461536
0 0.5084134615384616 0.12740384615384615 0.09615384615384616 0.04927884615384615
0 0.20072115384615385 0.23197115384615385 0.09495192307692307 0.05048076923076923
0 0.41346153846153844 0.1310096153846154 0.09134615384615384 0.04326923076923077
0 0.20552884615384615 0.13581730769230768 0.09375 0.04567307692307692
0 0.11298076923076923 0.14423076923076922 0.0829326923076923 0.054086538461538464
0 0.036057692307692304 0.1466346153846154 0.06370192307692307 0.04927884615384615
0 0.7560096153846154 0.10216346153846154 0.06610576923076923 0.08173076923076923
0 0.8425480769230769 0.10216346153846154 0.07091346153846154 0.07211538461538461
0 0.9266826923076923 0.09495192307692307 0.0673076923076923 0.07932692307692307
0 0.3112980769230769 0.13581730769230768 0.10096153846153846 0.04927884615384615
0 0.13581730769230768 0.3713942307692308 0.08774038461538461 0.046875
0 0.3245192307692308 0.09014423076923077 0.08173076923076923 0.03365384615384615
0 0.046875 0.41947115384615385 0.09375 0.046875
0 0.34975961538461536 0.4879807692307692 0.09495192307692307 0.04447115384615385
0 0.44350961538461536 0.4855769230769231 0.08774038461538461 0.04326923076923077
0 0.5396634615384616 0.4807692307692308 0.09375 0.04567307692307692
0 0.6346153846153846 0.47716346153846156 0.09615384615384616 0.04326923076923077
0 0.7295673076923077 0.47596153846153844 0.0889423076923077 0.04447115384615385
0 0.8233173076923077 0.4723557692307692 0.09495192307692307 0.04326923076923077
0 0.2512019230769231 0.49038461538461536 0.09375 0.042067307692307696
0 0.921875 0.47115384615384615 0.09134615384615384 0.04567307692307692
0 0.25961538461538464 0.5348557692307693 0.09014423076923077 0.042067307692307696
0 0.35216346153846156 0.5324519230769231 0.08774038461538461 0.038461538461538464
0 0.44711538461538464 0.5300480769230769 0.09134615384615384 0.039663461538461536
0 0.6346153846153846 0.5240384615384616 0.09014423076923077 0.042067307692307696
0 0.23197115384615385 0.36778846153846156 0.09735576923076923 0.040865384615384616
0 0.5408653846153846 0.5264423076923077 0.09134615384615384 0.042067307692307696
0 0.08052884615384616 0.5384615384615384 0.08653846153846154 0.038461538461538464
0 0.16105769230769232 0.49278846153846156 0.08173076923076923 0.04447115384615385
0 0.16947115384615385 0.5360576923076923 0.08533653846153846 0.040865384615384616
0 0.5084134615384616 0.36538461538461536 0.09014423076923077 0.04567307692307692
0 0.07211538461538461 0.4951923076923077 0.08653846153846154 0.042067307692307696
0 0.41346153846153844 0.36658653846153844 0.09375 0.042067307692307696
0 0.23197115384615385 0.41586538461538464 0.09375 0.042067307692307696
0 0.140625 0.4182692307692308 0.0889423076923077 0.04567307692307692
0 0.6009615384615384 0.36177884615384615 0.0889423076923077 0.04447115384615385
0 0.7043269230769231 0.359375 0.09134615384615384 0.04927884615384615
0 0.8052884615384616 0.35216346153846156 0.10096153846153846 0.04447115384615385
0 0.3269230769230769 0.41586538461538464 0.08413461538461539 0.04326923076923077
0 0.703125 0.4074519230769231 0.09735576923076923 0.04447115384615385
0 0.6057692307692307 0.40865384615384615 0.0889423076923077 0.04447115384615385
0 0.5108173076923077 0.41466346153846156 0.0889423076923077 0.04326923076923077
0 0.4170673076923077 0.41346153846153844 0.08774038461538461 0.04567307692307692
0 0.9254807692307693 0.3858173076923077 0.12740384615384615 0.06971153846153846
0 0.8064903846153846 0.40384615384615385 0.09975961538461539 0.04927884615384615