0 0.013221153846153846 0.6081730769230769 0.026442307692307692 0.057692307692307696
0 0.057692307692307696 0.6081730769230769 0.04326923076923077 0.055288461538461536
0 0.9807692307692307 0.5132211538461539 0.037259615384615384 0.0673076923076923
0 0.8028846153846154 0.4795673076923077 0.06490384615384616 0.08413461538461539
0 0.7331730769230769 0.4807692307692308 0.052884615384615384 0.0829326923076923
0 0.6814903846153846 0.4855769230769231 0.03365384615384615 0.07932692307692307
0 0.6394230769230769 0.4855769230769231 0.03365384615384615 0.07932692307692307
0 0.5961538461538461 0.4951923076923077 0.036057692307692304 0.06129807692307692
0 0.1502403846153846 0.6021634615384616 0.05048076923076923 0.06009615384615385
0 0.5276442307692307 0.4987980769230769 0.021634615384615384 0.0673076923076923
0 0.5012019230769231 0.4987980769230769 0.021634615384615384 0.0625
0 0.47716346153846156 0.5 0.020432692307692308 0.06129807692307692
0 0.4338942307692308 0.5901442307692307 0.025240384615384616 0.06370192307692307
0 0.45072115384615385 0.49759615384615385 0.020432692307692308 0.0733173076923077
0 0.40024038461538464 0.5012019230769231 0.020432692307692308 0.0733173076923077
0 0.37740384615384615 0.5024038461538461 0.019230769230769232 0.07091346153846154
0 0.35216346153846156 0.5036057692307693 0.016826923076923076 0.07211538461538461
0 0.20673076923076922 0.6045673076923077 0.039663461538461536 0.04807692307692308
0 0.24519230769230768 0.6009615384615384 0.028846153846153848 0.052884615384615384
0 0.2980769230769231 0.5961538461538461 0.02403846153846154 0.057692307692307696
0 0.3269230769230769 0.5949519230769231 0.027644230769230768 0.06009615384615385
0 0.3581730769230769 0.5925480769230769 0.028846153846153848 0.056490384615384616
0 0.38221153846153844 0.5889423076923077 0.015625 0.057692307692307696
0 0.40384615384615385 0.5925480769230769 0.02403846153846154 0.054086538461538464
0 0.4254807692307692 0.5 0.020432692307692308 0.06971153846153846
0 0.5576923076923077 0.4951923076923077 0.027644230769230768 0.06490384615384616
0 0.96875 0.7764423076923077 0.04447115384615385 0.05889423076923077
0 0.8882211538461539 0.31850961538461536 0.04447115384615385 0.051682692307692304
0 0.6742788461538461 0.6658653846153846 0.03365384615384615 0.056490384615384616
0 0.7175480769230769 0.6442307692307693 0.036057692307692304 0.020432692307692308
0 0.7199519230769231 0.6646634615384616 0.040865384615384616 0.016826923076923076
0 0.7632211538461539 0.6658653846153846 0.03365384615384615 0.0625
0 0.8016826923076923 0.6574519230769231 0.025240384615384616 0.06610576923076923
0 0.8269230769230769 0.6634615384615384 0.018028846153846152 0.05889423076923077
0 0.8449519230769231 0.6526442307692307 0.013221153846153846 0.04567307692307692
0 0.8882211538461539 0.6598557692307693 0.025240384615384616 0.06370192307692307
0 0.9807692307692307 0.6358173076923077 0.037259615384615384 0.06009615384615385
0 0.9459134615384616 0.6382211538461539 0.02283653846153846 0.06610576923076923
0 0.01201923076923077 0.7992788461538461 0.02283653846153846 0.0829326923076923
0 0.056490384615384616 0.6670673076923077 0.03365384615384615 0.021634615384615384
0 0.6262019230769231 0.6658653846153846 0.042067307692307696 0.06490384615384616
0 0.06129807692307692 0.8028846153846154 0.021634615384615384 0.07211538461538461
0 0.328125 0.5048076923076923 0.02403846153846154 0.06971153846153846
0 0.2920673076923077 0.5084134615384616 0.040865384615384616 0.06370192307692307
0 0.24278846153846154 0.5144230769230769 0.039663461538461536 0.054086538461538464
0 0.203125 0.5168269230769231 0.03245192307692308 0.05048076923076923
0 0.16826923076923078 0.5120192307692307 0.021634615384615384 0.06009615384615385
0 0.140625 0.5228365384615384 0.020432692307692308 0.04326923076923077
0 0.11298076923076923 0.5252403846153846 0.020432692307692308 0.042067307692307696
0 0.09134615384615384 0.5216346153846154 0.020432692307692308 0.054086538461538464
0 0.057692307692307696 0.5240384615384616 0.02283653846153846 0.055288461538461536
0 0.028846153846153848 0.5264423076923077 0.025240384615384616 0.05048076923076923
0 0.9831730769230769 0.40384615384615385 0.03245192307692308 0.06850961538461539
0 0.9519230769230769 0.40384615384615385 0.02403846153846154 0.07572115384615384
0 0.0889423076923077 0.8004807692307693 0.021634615384615384 0.07572115384615384
0 0.8377403846153846 0.3605769230769231 0.052884615384615384 0.08052884615384616
0 0.578125 0.6694711538461539 0.030048076923076924 0.06129807692307692
0 0.5012019230769231 0.6502403846153846 0.04326923076923077 0.01201923076923077
0 0.46274038461538464 0.5865384615384616 0.025240384615384616 0.06129807692307692
0 0.4855769230769231 0.5889423076923077 0.02283653846153846 0.06129807692307692
0 0.5132211538461539 0.5865384615384616 0.021634615384615384 0.0625
0 0.5444711538461539 0.5853365384615384 0.026442307692307692 0.06129807692307692
0 0.5769230769230769 0.5865384615384616 0.027644230769230768 0.056490384615384616
0 0.6105769230769231 0.5829326923076923 0.021634615384615384 0.06129807692307692
0 0.6418269230769231 0.5769230769230769 0.026442307692307692 0.055288461538461536
0 0.6850961538461539 0.5841346153846154 0.03245192307692308 0.0625
0 0.7247596153846154 0.5793269230769231 0.03485576923076923 0.055288461538461536
0 0.7704326923076923 0.5805288461538461 0.03485576923076923 0.057692307692307696
0 0.8004807692307693 0.578125 0.021634615384615384 0.06009615384615385
0 0.8293269230769231 0.5745192307692307 0.027644230769230768 0.06009615384615385
0 0.5396634615384616 0.671875 0.030048076923076924 0.06370192307692307
0 0.859375 0.5745192307692307 0.028846153846153848 0.0625
0 0.042067307692307696 0.6995192307692307 0.042067307692307696 0.018028846153846152
0 0.10216346153846154 0.6935096153846154 0.025240384615384616 0.028846153846153848
0 0.14543269230769232 0.6826923076923077 0.042067307692307696 0.0625
0 0.19471153846153846 0.6899038461538461 0.036057692307692304 0.039663461538461536
0 0.2512019230769231 0.6814903846153846 0.03365384615384615 0.057692307692307696
0 0.28125 0.6875 0.016826923076923076 0.04807692307692308
0 0.3233173076923077 0.6778846153846154 0.036057692307692304 0.06129807692307692
0 0.3786057692307692 0.6730769230769231 0.018028846153846152 0.054086538461538464
0 0.4074519230769231 0.6754807692307693 0.016826923076923076 0.056490384615384616
0 0.4362980769230769 0.6778846153846154 0.027644230769230768 0.057692307692307696
0 0.46033653846153844 0.671875 0.01201923076923077 0.04807692307692308
0 0.4963942307692308 0.6899038461538461 0.046875 0.03125
0 0.8930288461538461 0.5745192307692307 0.02403846153846154 0.055288461538461536
0 0.7728365384615384 0.3605769230769231 0.0625 0.08173076923076923
0 0.036057692307692304 0.8028846153846154 0.020432692307692308 0.07091346153846154
0 0.6466346153846154 0.3798076923076923 0.04447115384615385 0.06370192307692307
0 0.15745192307692307 0.23918269230769232 0.037259615384615384 0.11899038461538461
0 0.109375 0.24278846153846154 0.03365384615384615 0.11899038461538461
0 0.06370192307692307 0.24879807692307693 0.038461538461538464 0.11177884615384616
0 0.11899038461538461 0.7956730769230769 0.02403846153846154 0.078125
0 0.15144230769230768 0.7980769230769231 0.028846153846153848 0.08413461538461539
0 0.1814903846153846 0.7944711538461539 0.027644230769230768 0.08173076923076923
0 0.21153846153846154 0.7956730769230769 0.027644230769230768 0.07692307692307693
0 0.23918269230769232 0.7944711538461539 0.020432692307692308 0.08173076923076923
0 0.26802884615384615 0.7932692307692307 0.026442307692307692 0.08173076923076923
0 0.30649038461538464 0.8052884615384616 0.03245192307692308 0.055288461538461536
0 0.3798076923076923 0.765625 0.03485576923076923 0.07572115384615384
0 0.4375 0.7632211538461539 0.05048076923076923 0.06850961538461539
0 0.21754807692307693 0.23677884615384615 0.04447115384615385 0.12259615384615384
0 0.5072115384615384 0.7620192307692307 0.05048076923076923 0.014423076923076924
0 0.703125 0.36658653846153844 0.051682692307692304 0.07572115384615384
0 0.5096153846153846 0.7740384615384616 0.052884615384615384 0.007211538461538462
0 0.5817307692307693 0.765625 0.055288461538461536 0.013221153846153846
0 0.5721153846153846 0.7800480769230769 0.055288461538461536 0.01201923076923077
0 0.5745192307692307 0.7920673076923077 0.05889423076923077 0.009615384615384616
0 0.6670673076923077 0.7259615384615384 0.04927884615384615 0.01201923076923077
0 0.6694711538461539 0.7391826923076923 0.04567307692307692 0.014423076923076924
0 0.6754807692307693 0.7716346153846154 0.046875 0.040865384615384616
0 0.7391826923076923 0.7596153846153846 0.05048076923076923 0.06009615384615385
0 0.8004807692307693 0.7584134615384616 0.04807692307692308 0.04807692307692308
0 0.8822115384615384 0.7536057692307693 0.06490384615384616 0.05889423076923077
0 0.984375 0.2764423076923077 0.028846153846153848 0.0673076923076923
0 0.5024038461538461 0.7944711538461539 0.051682692307692304 0.008413461538461538
0 0.3016826923076923 0.24519230769230768 0.051682692307692304 0.09254807692307693
0 0.5096153846153846 0.7836538461538461 0.052884615384615384 0.008413461538461538
0 0.4230769230769231 0.23076923076923078 0.057692307692307696 0.11057692307692307
0 0.36538461538461536 0.22956730769230768 0.042067307692307696 0.11177884615384616
0 0.5901442307692307 0.37740384615384615 0.04447115384615385 0.07572115384615384
0 0.48677884615384615 0.38100961538461536 0.051682692307692304 0.07572115384615384
0 0.44350961538461536 0.3858173076923077 0.028846153846153848 0.06971153846153846
0 0.40865384615384615 0.39302884615384615 0.028846153846153848 0.06610576923076923
0 0.34375 0.3894230769230769 0.08052884615384616 0.06610576923076923
0 0.2548076923076923 0.40024038461538464 0.04567307692307692 0.06370192307692307
0 0.20432692307692307 0.40384615384615385 0.040865384615384616 0.057692307692307696
0 0.10096153846153846 0.4050480769230769 0.025240384615384616 0.07451923076923077
0 0.06490384615384616 0.4098557692307692 0.038461538461538464 0.07091346153846154
0 0.019230769230769232 0.40384615384615385 0.036057692307692304 0.08653846153846154
0 0.9651442307692307 0.13701923076923078 0.040865384615384616 0.11778846153846154
0 0.8629807692307693 0.18269230769230768 0.05889423076923077 0.14903846153846154
0 0.15144230769230768 0.4026442307692308 0.03485576923076923 0.07091346153846154
0 0.7199519230769231 0.1875 0.06490384615384616 0.15865384615384615
0 0.6442307692307693 0.19591346153846154 0.057692307692307696 0.14903846153846154
0 0.5661057692307693 0.19591346153846154 0.08052884615384616 0.15504807692307693
0 0.49158653846153844 0.21033653846153846 0.05048076923076923 0.13942307692307693
0 0.796875 0.1814903846153846 0.0625 0.1622596153846154