0 0.71875 0.7908653846153846 0.025240384615384616 0.0733173076923077
0 0.8185096153846154 0.7932692307692307 0.03125 0.07211538461538461
0 0.9194711538461539 0.7872596153846154 0.046875 0.09014423076923077
0 0.9639423076923077 0.3737980769230769 0.07091346153846154 0.15384615384615385
0 0.9615384615384616 0.5324519230769231 0.06971153846153846 0.16105769230769232
0 0.7115384615384616 0.6574519230769231 0.036057692307692304 0.08052884615384616
0 0.7427884615384616 0.6622596153846154 0.027644230769230768 0.07572115384615384
0 0.7716346153846154 0.6622596153846154 0.028846153846153848 0.0733173076923077
0 0.8004807692307693 0.6622596153846154 0.03125 0.07211538461538461
0 0.8317307692307693 0.6598557692307693 0.028846153846153848 0.07572115384615384
0 0.7836538461538461 0.7824519230769231 0.037259615384615384 0.09375
0 0.8401442307692307 0.5180288461538461 0.038461538461538464 0.07692307692307693
0 0.7560096153846154 0.5180288461538461 0.039663461538461536 0.07932692307692307
0 0.9483173076923077 0.6790865384615384 0.08052884615384616 0.125
0 0.9735576923076923 0.7896634615384616 0.04807692307692308 0.08413461538461539
0 0.9771634615384616 0.8870192307692307 0.040865384615384616 0.0625
0 0.9170673076923077 0.8894230769230769 0.055288461538461536 0.05889423076923077
0 0.8004807692307693 0.921875 0.037259615384615384 0.0889423076923077
0 0.7632211538461539 0.9158653846153846 0.037259615384615384 0.09975961538461539
0 0.7223557692307693 0.9266826923076923 0.040865384615384616 0.0829326923076923
0 0.7163461538461539 0.5180288461538461 0.038461538461538464 0.07572115384615384
0 0.7980769230769231 0.5180288461538461 0.042067307692307696 0.08052884615384616
0 0.6766826923076923 0.5180288461538461 0.038461538461538464 0.078125
0 0.7487980769230769 0.7884615384615384 0.03125 0.07932692307692307
0 0.6586538461538461 0.7872596153846154 0.03125 0.078125
0 0.24519230769230768 0.9230769230769231 0.028846153846153848 0.06610576923076923
0 0.2776442307692308 0.9230769230769231 0.03245192307692308 0.06370192307692307
0 0.3088942307692308 0.9254807692307693 0.028846153846153848 0.06850961538461539
0 0.3425480769230769 0.9278846153846154 0.03485576923076923 0.06490384615384616
0 0.36899038461538464 0.9278846153846154 0.019230769230769232 0.06370192307692307
0 0.3894230769230769 0.9290865384615384 0.020432692307692308 0.0625
0 0.5372596153846154 0.6658653846153846 0.02403846153846154 0.057692307692307696
0 0.5637019230769231 0.6598557692307693 0.025240384615384616 0.07211538461538461
0 0.5913461538461539 0.6586538461538461 0.028846153846153848 0.0733173076923077
0 0.6911057692307693 0.7896634615384616 0.027644230769230768 0.07572115384615384
0 0.6213942307692307 0.6586538461538461 0.027644230769230768 0.0733173076923077
0 0.6778846153846154 0.6610576923076923 0.027644230769230768 0.07451923076923077
0 0.46274038461538464 0.7860576923076923 0.026442307692307692 0.0733173076923077
0 0.49038461538461536 0.7848557692307693 0.026442307692307692 0.07451923076923077
0 0.5180288461538461 0.7848557692307693 0.02403846153846154 0.07451923076923077
0 0.5432692307692307 0.7920673076923077 0.025240384615384616 0.06129807692307692
0 0.5709134615384616 0.7932692307692307 0.026442307692307692 0.06370192307692307
0 0.5973557692307693 0.7908653846153846 0.026442307692307692 0.0673076923076923
0 0.6274038461538461 0.7860576923076923 0.030048076923076924 0.08052884615384616
0 0.41346153846153844 0.9302884615384616 0.025240384615384616 0.05889423076923077
0 0.6490384615384616 0.6598557692307693 0.026442307692307692 0.06971153846153846
0 0.6334134615384616 0.5216346153846154 0.027644230769230768 0.07211538461538461
0 0.6045673076923077 0.5228365384615384 0.027644230769230768 0.07091346153846154
0 0.5721153846153846 0.5180288461538461 0.03365384615384615 0.078125
0 0.32091346153846156 0.3762019230769231 0.036057692307692304 0.07091346153846154
0 0.359375 0.36899038461538464 0.037259615384615384 0.08533653846153846
0 0.39663461538461536 0.3701923076923077 0.03485576923076923 0.08653846153846154
0 0.42788461538461536 0.3798076923076923 0.025240384615384616 0.06370192307692307
0 0.45072115384615385 0.38100961538461536 0.021634615384615384 0.06490384615384616
0 0.4735576923076923 0.3798076923076923 0.02283653846153846 0.06370192307692307
0 0.4987980769230769 0.38100961538461536 0.025240384615384616 0.0625
0 0.6790865384615384 0.9254807692307693 0.04567307692307692 0.08052884615384616
0 0.6334134615384616 0.921875 0.04326923076923077 0.08533653846153846
0 0.28846153846153844 0.3786057692307692 0.027644230769230768 0.06610576923076923
0 0.5877403846153846 0.921875 0.046875 0.08413461538461539
0 0.49759615384615385 0.921875 0.03125 0.078125
0 0.46875 0.9278846153846154 0.026442307692307692 0.06129807692307692
0 0.4411057692307692 0.9338942307692307 0.025240384615384616 0.054086538461538464
0 0.7524038461538461 0.36177884615384615 0.046875 0.0985576923076923
0 0.7079326923076923 0.3641826923076923 0.038461538461538464 0.09615384615384616
0 0.6658653846153846 0.36538461538461536 0.042067307692307696 0.09615384615384616
0 0.6213942307692307 0.3629807692307692 0.04326923076923077 0.0985576923076923
0 0.5709134615384616 0.3701923076923077 0.042067307692307696 0.08653846153846154
0 0.5288461538461539 0.36538461538461536 0.03245192307692308 0.09375
0 0.5336538461538461 0.921875 0.039663461538461536 0.08173076923076923
0 0.2620192307692308 0.3786057692307692 0.02403846153846154 0.06610576923076923
0 0.23677884615384615 0.3786057692307692 0.02403846153846154 0.06850961538461539
0 0.20673076923076922 0.38100961538461536 0.03245192307692308 0.0625
0 0.5372596153846154 0.5204326923076923 0.03245192307692308 0.078125
0 0.5036057692307693 0.5204326923076923 0.03125 0.07451923076923077
0 0.47115384615384615 0.5180288461538461 0.03125 0.078125
0 0.4375 0.5180288461538461 0.03365384615384615 0.08052884615384616
0 0.3125 0.5216346153846154 0.010817307692307692 0.07211538461538461
0 0.28846153846153844 0.5204326923076923 0.03125 0.07451923076923077
0 0.2548076923076923 0.5216346153846154 0.03125 0.0733173076923077
0 0.22235576923076922 0.5204326923076923 0.03245192307692308 0.07091346153846154
0 0.1875 0.5180288461538461 0.03485576923076923 0.078125
0 0.15264423076923078 0.5180288461538461 0.03365384615384615 0.08052884615384616
0 0.11899038461538461 0.5180288461538461 0.030048076923076924 0.07692307692307693
0 0.08533653846153846 0.5120192307692307 0.036057692307692304 0.08774038461538461
0 0.051682692307692304 0.5264423076923077 0.030048076923076924 0.06009615384615385
0 0.02403846153846154 0.5264423076923077 0.02403846153846154 0.06009615384615385
0 0.36778846153846156 0.5877403846153846 0.09735576923076923 0.34375
0 0.01201923076923077 0.3798076923076923 0.02403846153846154 0.05889423076923077
0 0.038461538461538464 0.3786057692307692 0.02403846153846154 0.0625
0 0.09375 0.38100961538461536 0.025240384615384616 0.057692307692307696
0 0.12139423076923077 0.37259615384615385 0.027644230769230768 0.07451923076923077
0 0.15144230769230768 0.375 0.030048076923076924 0.07451923076923077
0 0.1778846153846154 0.3762019230769231 0.02283653846153846 0.0733173076923077
0 0.21514423076923078 0.9170673076923077 0.03125 0.06971153846153846
0 0.15264423076923078 0.9194711538461539 0.03245192307692308 0.06370192307692307
0 0.18389423076923078 0.9194711538461539 0.028846153846153848 0.06610576923076923
0 0.09975961538461539 0.9182692307692307 0.02403846153846154 0.06610576923076923
0 0.6790865384615384 0.2127403846153846 0.052884615384615384 0.08052884615384616
0 0.7151442307692307 0.12860576923076922 0.04567307692307692 0.07932692307692307
0 0.5973557692307693 0.21514423076923078 0.109375 0.08052884615384616
0 0.5228365384615384 0.17668269230769232 0.036057692307692304 0.15985576923076922
0 0.48197115384615385 0.18028846153846154 0.039663461538461536 0.15625
0 0.44471153846153844 0.1814903846153846 0.03485576923076923 0.15144230769230768
0 0.4170673076923077 0.22115384615384615 0.018028846153846152 0.06850961538461539
0 0.39783653846153844 0.22115384615384615 0.018028846153846152 0.06971153846153846
0 0.3786057692307692 0.22115384615384615 0.018028846153846152 0.0673076923076923
0 0.3545673076923077 0.22235576923076922 0.028846153846153848 0.06850961538461539
0 0.32211538461538464 0.21875 0.03365384615384615 0.078125
0 0.28966346153846156 0.21995192307692307 0.027644230769230768 0.07451923076923077
0 0.2620192307692308 0.22716346153846154 0.026442307692307692 0.06129807692307692
0 0.234375 0.2283653846153846 0.026442307692307692 0.06009615384615385
0 0.20673076923076922 0.2283653846153846 0.026442307692307692 0.05889423076923077
0 0.12379807692307693 0.9194711538461539 0.02403846153846154 0.06610576923076923
0 0.06971153846153846 0.10697115384615384 0.03485576923076923 0.06850961538461539
0 0.03125 0.10817307692307693 0.039663461538461536 0.06610576923076923
0 0.4543269230769231 0.6550480769230769 0.025240384615384616 0.07451923076923077
0 0.42908653846153844 0.6586538461538461 0.020432692307692308 0.06850961538461539
0 0.30649038461538464 0.6574519230769231 0.020432692307692308 0.05889423076923077
0 0.16826923076923078 0.19110576923076922 0.04927884615384615 0.13221153846153846
0 0.11538461538461539 0.19110576923076922 0.054086538461538464 0.1310096153846154
0 0.06490384615384616 0.19951923076923078 0.04567307692307692 0.11538461538461539
0 0.020432692307692308 0.2091346153846154 0.039663461538461536 0.09495192307692307
0 0.2704326923076923 0.6478365384615384 0.037259615384615384 0.09014423076923077
0 0.23557692307692307 0.6598557692307693 0.03125 0.06490384615384616
0 0.019230769230769232 0.9074519230769231 0.03485576923076923 0.08052884615384616
0 0.7355769230769231 0.21153846153846154 0.05889423076923077 0.08413461538461539
0 0.05048076923076923 0.9170673076923077 0.02283653846153846 0.06490384615384616
0 0.8473557692307693 0.21033653846153846 0.056490384615384616 0.0829326923076923
0 0.07451923076923077 0.9182692307692307 0.02403846153846154 0.06490384615384616
0 0.43509615384615385 0.7848557692307693 0.026442307692307692 0.07211538461538461
0 0.4074519230769231 0.7908653846153846 0.02403846153846154 0.05889423076923077
0 0.3762019230769231 0.7896634615384616 0.03365384615384615 0.056490384615384616
0 0.3425480769230769 0.7908653846153846 0.03365384615384615 0.056490384615384616
0 0.31009615384615385 0.7908653846153846 0.028846153846153848 0.05889423076923077
0 0.2776442307692308 0.7860576923076923 0.03245192307692308 0.0673076923076923
0 0.24639423076923078 0.7920673076923077 0.027644230769230768 0.056490384615384616
0 0.21514423076923078 0.7848557692307693 0.030048076923076924 0.06490384615384616
0 0.18509615384615385 0.7848557692307693 0.030048076923076924 0.06610576923076923
0 0.15264423076923078 0.7836538461538461 0.03125 0.06610576923076923
0 0.7920673076923077 0.21033653846153846 0.05048076923076923 0.08173076923076923
0 0.0889423076923077 0.78125 0.020432692307692308 0.0733173076923077
0 0.06490384615384616 0.7836538461538461 0.025240384615384616 0.06490384615384616
0 0.11778846153846154 0.7752403846153846 0.03365384615384615 0.0829326923076923
0 0.010817307692307692 0.7752403846153846 0.021634615384615384 0.078125
0 0.84375 0.3629807692307692 0.04567307692307692 0.09735576923076923
0 0.20793269230769232 0.65625 0.02403846153846154 0.06971153846153846
0 0.036057692307692304 0.7848557692307693 0.027644230769230768 0.06370192307692307
0 0.7992788461538461 0.36177884615384615 0.04447115384615385 0.09735576923076923
0 0.1502403846153846 0.6586538461538461 0.02403846153846154 0.06971153846153846
0 0.1778846153846154 0.6574519230769231 0.030048076923076924 0.07091346153846154
0 0.09615384615384616 0.6574519230769231 0.027644230769230768 0.06971153846153846
0 0.06850961538461539 0.65625 0.026442307692307692 0.07091346153846154
0 0.037259615384615384 0.6418269230769231 0.03365384615384615 0.09254807692307693
0 0.48197115384615385 0.65625 0.027644230769230768 0.07572115384615384
0 0.5096153846153846 0.6550480769230769 0.027644230769230768 0.078125
0 0.125 0.65625 0.026442307692307692 0.06850961538461539