0 0.7007211538461539 0.7752403846153846 0.04447115384615385 0.08173076923076923
0 0.7716346153846154 0.7632211538461539 0.03485576923076923 0.08173076923076923
0 0.6201923076923077 0.7980769230769231 0.038461538461538464 0.078125
0 0.5769230769230769 0.8076923076923077 0.040865384615384616 0.07572115384615384
0 0.8365384615384616 0.7475961538461539 0.019230769230769232 0.07572115384615384
0 0.8737980769230769 0.7463942307692307 0.030048076923076924 0.07572115384615384
0 0.90625 0.7403846153846154 0.026442307692307692 0.07572115384615384
0 0.9338942307692307 0.7331730769230769 0.02403846153846154 0.08052884615384616
0 0.9651442307692307 0.7271634615384616 0.03485576923076923 0.08173076923076923
0 0.53125 0.8161057692307693 0.04326923076923077 0.07932692307692307
0 0.6538461538461539 0.7824519230769231 0.02403846153846154 0.06971153846153846
0 0.8088942307692307 0.7608173076923077 0.03245192307692308 0.07692307692307693
0 0.8954326923076923 0.6310096153846154 0.02403846153846154 0.07932692307692307
0 0.6165865384615384 0.6694711538461539 0.04326923076923077 0.07932692307692307
0 0.6586538461538461 0.6646634615384616 0.039663461538461536 0.07692307692307693
0 0.7007211538461539 0.6586538461538461 0.038461538461538464 0.07091346153846154
0 0.7427884615384616 0.6466346153846154 0.039663461538461536 0.0889423076923077
0 0.48677884615384615 0.8233173076923077 0.03365384615384615 0.06850961538461539
0 0.7788461538461539 0.6430288461538461 0.027644230769230768 0.0829326923076923
0 0.8088942307692307 0.6418269230769231 0.027644230769230768 0.08052884615384616
0 0.9903846153846154 0.625 0.014423076923076924 0.0625
0 0.9699519230769231 0.6274038461538461 0.021634615384615384 0.06009615384615385
0 0.9435096153846154 0.6274038461538461 0.02283653846153846 0.06850961538461539
0 0.921875 0.6298076923076923 0.021634615384615384 0.07211538461538461
0 0.5564903846153846 0.44711538461538464 0.04927884615384615 0.06971153846153846
0 0.8401442307692307 0.6370192307692307 0.027644230769230768 0.08052884615384616
0 0.8689903846153846 0.6334134615384616 0.027644230769230768 0.07692307692307693
0 0.44471153846153844 0.828125 0.04326923076923077 0.0889423076923077
0 0.015625 0.9194711538461539 0.03125 0.06971153846153846
0 0.34615384615384615 0.8425480769230769 0.04807692307692308 0.09014423076923077
0 0.28725961538461536 0.46634615384615385 0.02283653846153846 0.056490384615384616
0 0.31971153846153844 0.46033653846153844 0.028846153846153848 0.06610576923076923
0 0.34975961538461536 0.45913461538461536 0.027644230769230768 0.06490384615384616
0 0.3942307692307692 0.4723557692307692 0.046875 0.03365384615384615
0 0.4879807692307692 0.4543269230769231 0.03125 0.02403846153846154
0 0.4879807692307692 0.47836538461538464 0.03125 0.019230769230769232
0 0.5180288461538461 0.45072115384615385 0.026442307692307692 0.0673076923076923
0 0.43509615384615385 0.6862980769230769 0.04927884615384615 0.09375
0 0.48677884615384615 0.6778846153846154 0.04447115384615385 0.09014423076923077
0 0.5240384615384616 0.6670673076923077 0.026442307692307692 0.08653846153846154
0 0.5769230769230769 0.6730769230769231 0.03245192307692308 0.07932692307692307
0 0.39903846153846156 0.44350961538461536 0.04326923076923077 0.018028846153846152
0 0.02283653846153846 0.15504807692307693 0.042067307692307696 0.08774038461538461
0 0.24759615384615385 0.8774038461538461 0.040865384615384616 0.07091346153846154
0 0.20552884615384615 0.9026442307692307 0.037259615384615384 0.036057692307692304
0 0.20432692307692307 0.8629807692307693 0.039663461538461536 0.03245192307692308
0 0.1658653846153846 0.890625 0.03365384615384615 0.07572115384615384
0 0.1346153846153846 0.9050480769230769 0.026442307692307692 0.06009615384615385
0 0.09615384615384616 0.9194711538461539 0.040865384615384616 0.046875
0 0.052884615384615384 0.9098557692307693 0.038461538461538464 0.08052884615384616
0 0.23197115384615385 0.7692307692307693 0.036057692307692304 0.07451923076923077
0 0.19951923076923078 0.7764423076923077 0.03125 0.07451923076923077
0 0.16947115384615385 0.7788461538461539 0.027644230769230768 0.07451923076923077
0 0.125 0.7860576923076923 0.036057692307692304 0.07451923076923077
0 0.04807692307692308 0.7980769230769231 0.03485576923076923 0.07451923076923077
0 0.014423076923076924 0.8040865384615384 0.028846153846153848 0.07932692307692307
0 0.2932692307692308 0.8545673076923077 0.04927884615384615 0.0985576923076923
0 0.39783653846153844 0.8365384615384616 0.04326923076923077 0.08413461538461539
0 0.34134615384615385 0.16706730769230768 0.04807692307692308 0.10216346153846154
0 0.8822115384615384 0.19951923076923078 0.026442307692307692 0.09014423076923077
0 0.22115384615384615 0.42788461538461536 0.037259615384615384 0.07091346153846154
0 0.03245192307692308 0.703125 0.04567307692307692 0.06009615384615385
0 0.08052884615384616 0.6959134615384616 0.04567307692307692 0.0625
0 0.1310096153846154 0.6899038461538461 0.04567307692307692 0.05889423076923077
0 0.18028846153846154 0.6862980769230769 0.04567307692307692 0.06129807692307692
0 0.22596153846153846 0.6790865384615384 0.042067307692307696 0.057692307692307696
0 0.1141826923076923 0.640625 0.04567307692307692 0.02403846153846154
0 0.1814903846153846 0.6442307692307693 0.042067307692307696 0.010817307692307692
0 0.22716346153846154 0.6418269230769231 0.040865384615384616 0.01201923076923077
0 0.2824519230769231 0.7067307692307693 0.054086538461538464 0.09735576923076923
0 0.37259615384615385 0.6850961538461539 0.042067307692307696 0.08533653846153846
0 0.20432692307692307 0.5612980769230769 0.07091346153846154 0.039663461538461536
0 0.5420673076923077 0.18389423076923078 0.039663461538461536 0.09254807692307693
0 0.9495192307692307 0.4483173076923077 0.03125 0.03245192307692308
0 0.9411057692307693 0.41225961538461536 0.04326923076923077 0.03125
0 0.9134615384615384 0.4483173076923077 0.03245192307692308 0.03485576923076923
0 0.8774038461538461 0.4495192307692308 0.03485576923076923 0.03365384615384615
0 0.8774038461538461 0.41466346153846156 0.037259615384615384 0.03365384615384615
0 0.2956730769230769 0.15745192307692307 0.037259615384615384 0.11298076923076923
0 0.25 0.1622596153846154 0.037259615384615384 0.10576923076923077
0 0.20793269230769232 0.15985576923076922 0.03365384615384615 0.10576923076923077
0 0.1502403846153846 0.15865384615384615 0.06129807692307692 0.10096153846153846
0 0.08413461538461539 0.1502403846153846 0.052884615384615384 0.10576923076923077
0 0.9819711538461539 0.44591346153846156 0.028846153846153848 0.03245192307692308
0 0.12740384615384615 0.5697115384615384 0.0733173076923077 0.042067307692307696
0 0.051682692307692304 0.5757211538461539 0.06971153846153846 0.040865384615384616
0 0.042067307692307696 0.5276442307692307 0.07572115384615384 0.042067307692307696
0 0.9819711538461539 0.41346153846153844 0.03365384615384615 0.03125
0 0.96875 0.5348557692307693 0.015625 0.040865384615384616
0 0.9819711538461539 0.5348557692307693 0.01201923076923077 0.042067307692307696
0 0.9507211538461539 0.5300480769230769 0.019230769230769232 0.057692307692307696
0 0.9338942307692307 0.5324519230769231 0.013221153846153846 0.051682692307692304
0 0.9110576923076923 0.5336538461538461 0.026442307692307692 0.055288461538461536
0 0.8870192307692307 0.53125 0.020432692307692308 0.06370192307692307
0 0.8605769230769231 0.5336538461538461 0.028846153846153848 0.06971153846153846
0 0.8293269230769231 0.5360576923076923 0.030048076923076924 0.0673076923076923
0 0.7980769230769231 0.5420673076923077 0.030048076923076924 0.06490384615384616
0 0.765625 0.5432692307692307 0.03485576923076923 0.06610576923076923
0 0.7319711538461539 0.5420673076923077 0.030048076923076924 0.07692307692307693
0 0.6971153846153846 0.5456730769230769 0.039663461538461536 0.0733173076923077
0 0.6538461538461539 0.5492788461538461 0.040865384615384616 0.07572115384615384
0 0.6117788461538461 0.5504807692307693 0.04326923076923077 0.07932692307692307
0 0.5685096153846154 0.5600961538461539 0.03485576923076923 0.07091346153846154
0 0.53125 0.5612980769230769 0.03365384615384615 0.07572115384615384
0 0.4951923076923077 0.5649038461538461 0.03365384615384615 0.07211538461538461
0 0.4519230769230769 0.5697115384615384 0.039663461538461536 0.07692307692307693
0 0.4110576923076923 0.5745192307692307 0.038461538461538464 0.07692307692307693
0 0.36658653846153844 0.5769230769230769 0.038461538461538464 0.07692307692307693
0 0.32211538461538464 0.578125 0.04326923076923077 0.08052884615384616
0 0.4987980769230769 0.1814903846153846 0.040865384615384616 0.09495192307692307
0 0.84375 0.4543269230769231 0.028846153846153848 0.02403846153846154
0 0.25600961538461536 0.46274038461538464 0.025240384615384616 0.06850961538461539
0 0.84375 0.42788461538461536 0.027644230769230768 0.026442307692307692
0 0.7199519230769231 0.44471153846153844 0.016826923076923076 0.057692307692307696
0 0.8629807692307693 0.31971153846153844 0.028846153846153848 0.09495192307692307
0 0.8269230769230769 0.3161057692307692 0.038461538461538464 0.10096153846153846
0 0.6875 0.3161057692307692 0.039663461538461536 0.0985576923076923
0 0.6430288461538461 0.3233173076923077 0.038461538461538464 0.08533653846153846
0 0.5949519230769231 0.3245192307692308 0.03125 0.08533653846153846
0 0.5552884615384616 0.3125 0.04326923076923077 0.1045673076923077
0 0.5072115384615384 0.3125 0.04326923076923077 0.109375
0 0.4579326923076923 0.32091346153846156 0.04567307692307692 0.09134615384615384
0 0.40865384615384615 0.32091346153846156 0.04567307692307692 0.0889423076923077
0 0.3641826923076923 0.3173076923076923 0.030048076923076924 0.09375
0 0.8966346153846154 0.32211538461538464 0.030048076923076924 0.08653846153846154
0 0.04567307692307692 0.2932692307692308 0.04447115384615385 0.09014423076923077
0 0.14302884615384615 0.30528846153846156 0.04927884615384615 0.07091346153846154
0 0.203125 0.30649038461538464 0.055288461538461536 0.07211538461538461
0 0.2620192307692308 0.3173076923076923 0.051682692307692304 0.03245192307692308
0 0.32211538461538464 0.31971153846153844 0.051682692307692304 0.030048076923076924
0 0.265625 0.35216346153846156 0.04567307692307692 0.028846153846153848
0 0.31971153846153844 0.35096153846153844 0.046875 0.030048076923076924
0 0.04447115384615385 0.4230769230769231 0.04567307692307692 0.09495192307692307
0 0.09134615384615384 0.4254807692307692 0.04447115384615385 0.08774038461538461
0 0.13581730769230768 0.4254807692307692 0.042067307692307696 0.08653846153846154
0 0.17908653846153846 0.42908653846153844 0.037259615384615384 0.0733173076923077
0 0.09495192307692307 0.2956730769230769 0.038461538461538464 0.09134615384615384
0 0.9266826923076923 0.3233173076923077 0.028846153846153848 0.08413461538461539
0 0.9567307692307693 0.3233173076923077 0.027644230769230768 0.08173076923076923
0 0.9855769230769231 0.31971153846153844 0.027644230769230768 0.08774038461538461
0 0.6887019230769231 0.41947115384615385 0.03125 0.038461538461538464
0 0.6574519230769231 0.43028846153846156 0.026442307692307692 0.015625
0 0.6814903846153846 0.4567307692307692 0.036057692307692304 0.036057692307692304
0 0.6430288461538461 0.4579326923076923 0.036057692307692304 0.038461538461538464
0 0.6021634615384616 0.4519230769230769 0.039663461538461536 0.055288461538461536
0 0.7247596153846154 0.33052884615384615 0.02283653846153846 0.06610576923076923
0 0.5913461538461539 0.17668269230769232 0.04567307692307692 0.11057692307692307
0 0.671875 0.13341346153846154 0.04927884615384615 0.03485576923076923
0 0.6358173076923077 0.171875 0.038461538461538464 0.039663461538461536
0 0.6790865384615384 0.17427884615384615 0.039663461538461536 0.038461538461538464
0 0.6382211538461539 0.2127403846153846 0.038461538461538464 0.038461538461538464
0 0.6802884615384616 0.21634615384615385 0.038461538461538464 0.038461538461538464
0 0.7139423076923077 0.19230769230769232 0.026442307692307692 0.08413461538461539
0 0.7415865384615384 0.19471153846153846 0.018028846153846152 0.0829326923076923
0 0.7872596153846154 0.20673076923076922 0.027644230769230768 0.06370192307692307
0 0.8161057692307693 0.16947115384615385 0.030048076923076924 0.026442307692307692
0 0.8173076923076923 0.19831730769230768 0.028846153846153848 0.027644230769230768
0 0.8173076923076923 0.22956730769230768 0.027644230769230768 0.027644230769230768
0 0.8533653846153846 0.2091346153846154 0.03125 0.06850961538461539
0 0.4338942307692308 0.1814903846153846 0.040865384615384616 0.08653846153846154
0 0.9122596153846154 0.20192307692307693 0.028846153846153848 0.08653846153846154
0 0.9435096153846154 0.20192307692307693 0.026442307692307692 0.09375
0 0.9723557692307693 0.20793269230769232 0.026442307692307692 0.08653846153846154
0 0.8173076923076923 0.44471153846153844 0.018028846153846152 0.05048076923076923
0 0.27403846153846156 0.5877403846153846 0.04927884615384615 0.08173076923076923