0 0.12740384615384615 0.421875 0.0733173076923077 0.0673076923076923
0 0.9783653846153846 0.9302884615384616 0.042067307692307696 0.08653846153846154
0 0.9242788461538461 0.7836538461538461 0.0733173076923077 0.08533653846153846
0 0.9807692307692307 0.7824519230769231 0.037259615384615384 0.08774038461538461
0 0.6466346153846154 0.8257211538461539 0.06490384615384616 0.08413461538461539
0 0.7379807692307693 0.8221153846153846 0.10336538461538461 0.07932692307692307
0 0.8233173076923077 0.8209134615384616 0.046875 0.08173076923076923
0 0.6334134615384616 0.7379807692307693 0.055288461538461536 0.09014423076923077
0 0.6935096153846154 0.7367788461538461 0.052884615384615384 0.09375
0 0.7524038461538461 0.7608173076923077 0.055288461538461536 0.046875
0 0.8112980769230769 0.7439903846153846 0.05889423076923077 0.07091346153846154
0 0.6430288461538461 0.640625 0.057692307692307696 0.08533653846153846
0 0.7067307692307693 0.6478365384615384 0.05889423076923077 0.07572115384615384
0 0.7992788461538461 0.6574519230769231 0.07692307692307693 0.09134615384615384
0 0.9182692307692307 0.6081730769230769 0.057692307692307696 0.10336538461538461
0 0.8064903846153846 0.5396634615384616 0.06009615384615385 0.07091346153846154
0 0.7247596153846154 0.5456730769230769 0.06370192307692307 0.07451923076923077
0 0.6213942307692307 0.5288461538461539 0.0625 0.0625
0 0.23677884615384615 0.43028846153846156 0.0829326923076923 0.08052884615384616
0 0.9579326923076923 0.0625 0.07932692307692307 0.10576923076923077
0 0.5997596153846154 0.2848557692307692 0.04326923076923077 0.07211538461538461
0 0.6177884615384616 0.16466346153846154 0.055288461538461536 0.06850961538461539
0 0.6838942307692307 0.19110576923076922 0.04807692307692308 0.07091346153846154
0 0.7932692307692307 0.16826923076923078 0.06610576923076923 0.09375
0 0.9134615384615384 0.9350961538461539 0.06850961538461539 0.08533653846153846
0 0.9507211538461539 0.24278846153846154 0.09014423076923077 0.0985576923076923
0 0.6959134615384616 0.29447115384615385 0.07451923076923077 0.08533653846153846
0 0.9795673076923077 0.4266826923076923 0.039663461538461536 0.10576923076923077
0 0.9242788461538461 0.42908653846153844 0.0625 0.11057692307692307
0 0.7896634615384616 0.4182692307692308 0.057692307692307696 0.08413461538461539
0 0.6959134615384616 0.41947115384615385 0.05889423076923077 0.0829326923076923
0 0.6129807692307693 0.41466346153846156 0.052884615384615384 0.09615384615384616
0 0.7836538461538461 0.2956730769230769 0.06009615384615385 0.08774038461538461
0 0.8341346153846154 0.9122596153846154 0.019230769230769232 0.016826923076923076
0 0.9759615384615384 0.6057692307692307 0.046875 0.1045673076923077
0 0.8269230769230769 0.8954326923076923 0.02403846153846154 0.010817307692307692
0 0.3245192307692308 0.29927884615384615 0.06971153846153846 0.08533653846153846
0 0.8028846153846154 0.9134615384615384 0.03125 0.016826923076923076
0 0.1045673076923077 0.3137019230769231 0.09134615384615384 0.07211538461538461
0 0.32211538461538464 0.17307692307692307 0.06971153846153846 0.08653846153846154
0 0.10817307692307693 0.20192307692307693 0.109375 0.09134615384615384
0 0.3293269230769231 0.4362980769230769 0.0673076923076923 0.078125
0 0.11298076923076923 0.5384615384615384 0.07932692307692307 0.07211538461538461
0 0.203125 0.5384615384615384 0.07451923076923077 0.0673076923076923
0 0.28125 0.5300480769230769 0.0673076923076923 0.0625
0 0.12740384615384615 0.6490384615384616 0.07692307692307693 0.08533653846153846
0 0.21033653846153846 0.6430288461538461 0.078125 0.0733173076923077
0 0.30288461538461536 0.6502403846153846 0.05889423076923077 0.07211538461538461
0 0.35697115384615385 0.6394230769230769 0.03365384615384615 0.06850961538461539
0 0.12980769230769232 0.7512019230769231 0.03485576923076923 0.09014423076923077
0 0.21995192307692307 0.7427884615384616 0.10096153846153846 0.0985576923076923
0 0.20673076923076922 0.3173076923076923 0.08653846153846154 0.0829326923076923
0 0.765625 0.9038461538461539 0.03125 0.0625
0 0.11057692307692307 0.8317307692307693 0.04326923076923077 0.051682692307692304
0 0.17548076923076922 0.828125 0.056490384615384616 0.04927884615384615
0 0.23076923076923078 0.8461538461538461 0.04567307692307692 0.0625
0 0.3233173076923077 0.8413461538461539 0.10576923076923077 0.06850961538461539
0 0.09735576923076923 0.9278846153846154 0.05048076923076923 0.06370192307692307
0 0.15865384615384615 0.9266826923076923 0.055288461538461536 0.07091346153846154
0 0.21634615384615385 0.9266826923076923 0.04927884615384615 0.09254807692307693
0 0.2776442307692308 0.9254807692307693 0.0625 0.09375
0 0.3269230769230769 0.7439903846153846 0.10096153846153846 0.08774038461538461
0 0.34375 0.9375 0.054086538461538464 0.06009615384615385
0 0.6490384615384616 0.9026442307692307 0.06009615384615385 0.056490384615384616
0 0.7115384615384616 0.8990384615384616 0.057692307692307696 0.06370192307692307
0 0.7992788461538461 0.8930288461538461 0.018028846153846152 0.018028846153846152