0 0.5012019230769231 0.5396634615384616 0.0625 0.057692307692307696
0 0.7668269230769231 0.6045673076923077 0.040865384615384616 0.018028846153846152
0 0.7704326923076923 0.6466346153846154 0.07692307692307693 0.03485576923076923
0 0.7668269230769231 0.6754807692307693 0.08413461538461539 0.02283653846153846
0 0.7620192307692307 0.7067307692307693 0.08173076923076923 0.025240384615384616
0 0.8521634615384616 0.6838942307692307 0.08173076923076923 0.06370192307692307
0 0.9362980769230769 0.6706730769230769 0.0733173076923077 0.020432692307692308
0 0.9375 0.6911057692307693 0.07932692307692307 0.018028846153846152
0 0.037259615384615384 0.4735576923076923 0.04927884615384615 0.11778846153846154
0 0.10336538461538461 0.5372596153846154 0.0625 0.06009615384615385
0 0.17548076923076922 0.5336538461538461 0.06009615384615385 0.06129807692307692
0 0.15745192307692307 0.4519230769230769 0.055288461538461536 0.038461538461538464
0 0.5625 0.5372596153846154 0.056490384615384616 0.06129807692307692
0 0.3112980769230769 0.47836538461538464 0.06009615384615385 0.006009615384615385
0 0.23557692307692307 0.5348557692307693 0.057692307692307696 0.05048076923076923
0 0.29927884615384615 0.5336538461538461 0.055288461538461536 0.06490384615384616
0 0.3629807692307692 0.5360576923076923 0.0673076923076923 0.0673076923076923
0 0.43028846153846156 0.5420673076923077 0.06129807692307692 0.06370192307692307
0 0.7283653846153846 0.6045673076923077 0.03365384615384615 0.018028846153846152
0 0.9350961538461539 0.7091346153846154 0.078125 0.016826923076923076
0 0.3269230769230769 0.4495192307692308 0.04807692307692308 0.03365384615384615
0 0.3701923076923077 0.6430288461538461 0.08052884615384616 0.021634615384615384
0 0.6754807692307693 0.6694711538461539 0.08173076923076923 0.026442307692307692
0 0.8822115384615384 0.9098557692307693 0.027644230769230768 0.046875
0 0.6310096153846154 0.5384615384615384 0.06009615384615385 0.0625
0 0.8449519230769231 0.9098557692307693 0.040865384615384616 0.052884615384615384
0 0.9206730769230769 0.9110576923076923 0.037259615384615384 0.051682692307692304
0 0.9603365384615384 0.9014423076923077 0.038461538461538464 0.0673076923076923
0 0.037259615384615384 0.6021634615384616 0.055288461538461536 0.06490384615384616
0 0.09014423076923077 0.7007211538461539 0.03125 0.030048076923076924
0 0.13221153846153846 0.6995192307692307 0.040865384615384616 0.02283653846153846
0 0.203125 0.6586538461538461 0.06850961538461539 0.0733173076923077
0 0.2848557692307692 0.6129807692307693 0.07091346153846154 0.025240384615384616
0 0.6742788461538461 0.6995192307692307 0.07932692307692307 0.030048076923076924
0 0.2860576923076923 0.6358173076923077 0.07451923076923077 0.020432692307692308
0 0.28365384615384615 0.6838942307692307 0.08173076923076923 0.038461538461538464
0 0.3737980769230769 0.6201923076923077 0.08052884615384616 0.02283653846153846
0 0.3713942307692308 0.6634615384615384 0.07932692307692307 0.020432692307692308
0 0.3713942307692308 0.6959134615384616 0.07932692307692307 0.04326923076923077
0 0.47836538461538464 0.6694711538461539 0.11778846153846154 0.042067307692307696
0 0.484375 0.7043269230769231 0.12980769230769232 0.026442307692307692
0 0.5829326923076923 0.6394230769230769 0.06850961538461539 0.03485576923076923
0 0.5913461538461539 0.671875 0.07692307692307693 0.027644230769230768
0 0.5925480769230769 0.703125 0.07932692307692307 0.03125
0 0.6790865384615384 0.6370192307692307 0.07692307692307693 0.037259615384615384
0 0.28365384615384615 0.65625 0.08052884615384616 0.018028846153846152
0 0.6959134615384616 0.5384615384615384 0.06610576923076923 0.06129807692307692
0 0.2668269230769231 0.20432692307692307 0.05889423076923077 0.09134615384615384
0 0.8233173076923077 0.5444711538461539 0.05889423076923077 0.06009615384615385
0 0.5012019230769231 0.22235576923076922 0.06850961538461539 0.0673076923076923
0 0.5625 0.22355769230769232 0.055288461538461536 0.06370192307692307
0 0.6646634615384616 0.16947115384615385 0.078125 0.11899038461538461
0 0.8185096153846154 0.18389423076923078 0.07091346153846154 0.04807692307692308
0 0.7644230769230769 0.23798076923076922 0.07211538461538461 0.05889423076923077
0 0.8353365384615384 0.23918269230769232 0.06009615384615385 0.05889423076923077
0 0.8954326923076923 0.23918269230769232 0.06009615384615385 0.057692307692307696
0 0.9639423076923077 0.2127403846153846 0.07091346153846154 0.10697115384615384
0 0.054086538461538464 0.03125 0.0673076923076923 0.04567307692307692
0 0.11778846153846154 0.037259615384615384 0.054086538461538464 0.051682692307692304
0 0.17668269230769232 0.03485576923076923 0.06129807692307692 0.055288461538461536
0 0.24158653846153846 0.039663461538461536 0.056490384615384616 0.051682692307692304
0 0.29927884615384615 0.03485576923076923 0.056490384615384616 0.0625
0 0.3545673076923077 0.038461538461538464 0.051682692307692304 0.0625
0 0.41225961538461536 0.038461538461538464 0.057692307692307696 0.06490384615384616
0 0.47115384615384615 0.036057692307692304 0.056490384615384616 0.06129807692307692
0 0.5288461538461539 0.036057692307692304 0.06009615384615385 0.06129807692307692
0 0.6610576923076923 0.036057692307692304 0.07572115384615384 0.06490384615384616
0 0.7475961538461539 0.039663461538461536 0.08413461538461539 0.07451923076923077
0 0.8028846153846154 0.9110576923076923 0.04447115384615385 0.056490384615384616
0 0.8305288461538461 0.038461538461538464 0.07932692307692307 0.06971153846153846
0 0.4254807692307692 0.21153846153846154 0.06850961538461539 0.08173076923076923
0 0.34615384615384615 0.21634615384615385 0.0889423076923077 0.07932692307692307
0 0.4963942307692308 0.15504807692307693 0.06009615384615385 0.06490384615384616
0 0.20192307692307693 0.203125 0.07091346153846154 0.09375
0 0.890625 0.5444711538461539 0.06370192307692307 0.04567307692307692
0 0.9627403846153846 0.5348557692307693 0.07091346153846154 0.06490384615384616
0 0.08052884615384616 0.38221153846153844 0.06850961538461539 0.038461538461538464
0 0.14903846153846154 0.38100961538461536 0.06009615384615385 0.04447115384615385
0 0.16346153846153846 0.33413461538461536 0.07451923076923077 0.038461538461538464
0 0.2620192307692308 0.328125 0.042067307692307696 0.037259615384615384
0 0.21875 0.3798076923076923 0.07451923076923077 0.03485576923076923
0 0.28846153846153844 0.3762019230769231 0.052884615384615384 0.040865384615384616
0 0.34975961538461536 0.3786057692307692 0.07211538461538461 0.04447115384615385
0 0.41466346153846156 0.35336538461538464 0.055288461538461536 0.09254807692307693
0 0.7632211538461539 0.5432692307692307 0.06129807692307692 0.057692307692307696
0 0.4807692307692308 0.3701923076923077 0.06490384615384616 0.07091346153846154
0 0.6213942307692307 0.3762019230769231 0.057692307692307696 0.06610576923076923
0 0.6790865384615384 0.37259615384615385 0.04447115384615385 0.06610576923076923
0 0.7271634615384616 0.3641826923076923 0.04567307692307692 0.0829326923076923
0 0.7728365384615384 0.36899038461538464 0.04567307692307692 0.0889423076923077
0 0.8209134615384616 0.36538461538461536 0.04567307692307692 0.09495192307692307
0 0.8762019230769231 0.3629807692307692 0.056490384615384616 0.09254807692307693
0 0.9230769230769231 0.3605769230769231 0.039663461538461536 0.08774038461538461
0 0.9723557692307693 0.3713942307692308 0.05048076923076923 0.07932692307692307
0 0.1346153846153846 0.12860576923076922 0.09375 0.037259615384615384
0 0.10576923076923077 0.19951923076923078 0.11057692307692307 0.08774038461538461
0 0.5492788461538461 0.3713942307692308 0.0673076923076923 0.06850961538461539
0 0.8966346153846154 0.8774038461538461 0.08533653846153846 0.008413461538461538
0 0.7223557692307693 0.7848557692307693 0.021634615384615384 0.01201923076923077
0 0.9206730769230769 0.7872596153846154 0.03485576923076923 0.05048076923076923
0 0.6045673076923077 0.7524038461538461 0.014423076923076924 0.014423076923076924
0 0.5096153846153846 0.7692307692307693 0.02283653846153846 0.016826923076923076
0 0.5324519230769231 0.7692307692307693 0.02283653846153846 0.015625
0 0.5552884615384616 0.7704326923076923 0.02283653846153846 0.016826923076923076
0 0.578125 0.7704326923076923 0.019230769230769232 0.014423076923076924
0 0.5985576923076923 0.7692307692307693 0.016826923076923076 0.01201923076923077
0 0.6298076923076923 0.7536057692307693 0.026442307692307692 0.01201923076923077
0 0.6526442307692307 0.7536057692307693 0.018028846153846152 0.010817307692307692
0 0.6754807692307693 0.7548076923076923 0.02403846153846154 0.01201923076923077
0 0.6959134615384616 0.7560096153846154 0.020432692307692308 0.008413461538461538
0 0.7211538461538461 0.7560096153846154 0.02283653846153846 0.008413461538461538
0 0.6286057692307693 0.7680288461538461 0.019230769230769232 0.013221153846153846
0 0.6502403846153846 0.7680288461538461 0.02403846153846154 0.013221153846153846
0 0.6742788461538461 0.7680288461538461 0.02283653846153846 0.010817307692307692
0 0.6959134615384616 0.7680288461538461 0.018028846153846152 0.009615384615384616
0 0.7175480769230769 0.7692307692307693 0.02403846153846154 0.013221153846153846
0 0.6322115384615384 0.7836538461538461 0.027644230769230768 0.013221153846153846
0 0.6550480769230769 0.7836538461538461 0.019230769230769232 0.014423076923076924
0 0.6778846153846154 0.7836538461538461 0.025240384615384616 0.014423076923076924
0 0.7007211538461539 0.7836538461538461 0.019230769230769232 0.013221153846153846
0 0.5276442307692307 0.8305288461538461 0.02403846153846154 0.021634615384615384
0 0.5877403846153846 0.7524038461538461 0.021634615384615384 0.014423076923076924
0 0.5528846153846154 0.8305288461538461 0.02283653846153846 0.019230769230769232
0 0.5637019230769231 0.7536057692307693 0.026442307692307692 0.01201923076923077
0 0.5132211538461539 0.7536057692307693 0.028846153846153848 0.014423076923076924
0 0.9014423076923077 0.039663461538461536 0.06009615384615385 0.07211538461538461
0 0.10336538461538461 0.8389423076923077 0.02403846153846154 0.03365384615384615
0 0.12860576923076922 0.8377403846153846 0.027644230769230768 0.03245192307692308
0 0.15384615384615385 0.8377403846153846 0.021634615384615384 0.030048076923076924
0 0.18028846153846154 0.8413461538461539 0.02283653846153846 0.03245192307692308
0 0.20192307692307693 0.8401442307692307 0.02283653846153846 0.03365384615384615
0 0.21754807692307693 0.890625 0.025240384615384616 0.03485576923076923
0 0.2439903846153846 0.8942307692307693 0.026442307692307692 0.040865384615384616
0 0.27283653846153844 0.8942307692307693 0.027644230769230768 0.040865384615384616
0 0.29927884615384615 0.8966346153846154 0.020432692307692308 0.039663461538461536
0 0.32572115384615385 0.8954326923076923 0.026442307692307692 0.040865384615384616
0 0.07211538461538461 0.9278846153846154 0.028846153846153848 0.04326923076923077
0 0.10336538461538461 0.9266826923076923 0.027644230769230768 0.040865384615384616
0 0.13221153846153846 0.9266826923076923 0.028846153846153848 0.040865384615384616
0 0.16346153846153846 0.9278846153846154 0.028846153846153848 0.042067307692307696
0 0.19110576923076922 0.9278846153846154 0.027644230769230768 0.042067307692307696
0 0.22716346153846154 0.9278846153846154 0.02283653846153846 0.026442307692307692
0 0.2548076923076923 0.9266826923076923 0.027644230769230768 0.025240384615384616
0 0.2824519230769231 0.9290865384615384 0.026442307692307692 0.021634615384615384
0 0.3088942307692308 0.9290865384615384 0.02403846153846154 0.021634615384615384
0 0.3317307692307692 0.9266826923076923 0.021634615384615384 0.025240384615384616
0 0.5384615384615384 0.7548076923076923 0.019230769230769232 0.015625
0 0.5769230769230769 0.8293269230769231 0.02403846153846154 0.021634615384615384
0 0.6021634615384616 0.828125 0.026442307692307692 0.016826923076923076
0 0.6274038461538461 0.8233173076923077 0.02403846153846154 0.021634615384615384
0 0.6286057692307693 0.90625 0.03125 0.021634615384615384
0 0.6177884615384616 0.9399038461538461 0.030048076923076924 0.010817307692307692
0 0.6153846153846154 0.9266826923076923 0.02283653846153846 0.013221153846153846
0 0.6586538461538461 0.9206730769230769 0.02403846153846154 0.014423076923076924
0 0.6658653846153846 0.9375 0.026442307692307692 0.015625
0 0.6923076923076923 0.9387019230769231 0.021634615384615384 0.019230769230769232
0 0.7163461538461539 0.9230769230769231 0.015625 0.018028846153846152
0 0.7175480769230769 0.9375 0.019230769230769232 0.013221153846153846
0 0.7367788461538461 0.9230769230769231 0.020432692307692308 0.01201923076923077
0 0.7391826923076923 0.9387019230769231 0.025240384615384616 0.01201923076923077
0 0.6574519230769231 0.9002403846153846 0.026442307692307692 0.014423076923076924
0 0.6826923076923077 0.9014423076923077 0.020432692307692308 0.01201923076923077
0 0.7115384615384616 0.9014423076923077 0.027644230769230768 0.01201923076923077
0 0.7355769230769231 0.9002403846153846 0.020432692307692308 0.016826923076923076
0 0.7644230769230769 0.9026442307692307 0.02283653846153846 0.020432692307692308
0 0.765625 0.921875 0.02283653846153846 0.014423076923076924
0 0.7668269230769231 0.9387019230769231 0.025240384615384616 0.016826923076923076
0 0.7776442307692307 0.7896634615384616 0.03365384615384615 0.05048076923076923
0 0.8149038461538461 0.7896634615384616 0.03485576923076923 0.04807692307692308
0 0.8485576923076923 0.7884615384615384 0.03125 0.04927884615384615
0 0.8870192307692307 0.7896634615384616 0.03245192307692308 0.046875
0 0.5985576923076923 0.9050480769230769 0.02283653846153846 0.018028846153846152
0 0.5721153846153846 0.9074519230769231 0.027644230769230768 0.015625
0 0.5432692307692307 0.9074519230769231 0.021634615384615384 0.019230769230769232
0 0.5168269230769231 0.9074519230769231 0.030048076923076924 0.021634615384615384
0 0.6634615384615384 0.8305288461538461 0.025240384615384616 0.020432692307692308
0 0.6887019230769231 0.8317307692307693 0.02283653846153846 0.019230769230769232
0 0.7139423076923077 0.8305288461538461 0.02403846153846154 0.016826923076923076
0 0.7379807692307693 0.8305288461538461 0.02283653846153846 0.018028846153846152
0 0.36538461538461536 0.9110576923076923 0.027644230769230768 0.02403846153846154
0 0.3629807692307692 0.9302884615384616 0.025240384615384616 0.014423076923076924
0 0.390625 0.9146634615384616 0.020432692307692308 0.019230769230769232
0 0.3918269230769231 0.9314903846153846 0.02403846153846154 0.014423076923076924
0 0.421875 0.9158653846153846 0.021634615384615384 0.021634615384615384
0 0.421875 0.9326923076923077 0.021634615384615384 0.013221153846153846
0 0.8930288461538461 0.8581730769230769 0.08173076923076923 0.025240384615384616
0 0.44591346153846156 0.9158653846153846 0.020432692307692308 0.018028846153846152
0 0.47475961538461536 0.9134615384615384 0.02283653846153846 0.020432692307692308
0 0.4735576923076923 0.9302884615384616 0.020432692307692308 0.015625
0 0.5036057692307693 0.9242788461538461 0.020432692307692308 0.009615384615384616
0 0.5060096153846154 0.9362980769230769 0.021634615384615384 0.010817307692307692
0 0.53125 0.9242788461538461 0.020432692307692308 0.010817307692307692
0 0.5348557692307693 0.9362980769230769 0.02403846153846154 0.01201923076923077
0 0.5564903846153846 0.9254807692307693 0.020432692307692308 0.014423076923076924
0 0.5600961538461539 0.9387019230769231 0.02403846153846154 0.008413461538461538
0 0.5877403846153846 0.9278846153846154 0.021634615384615384 0.01201923076923077
0 0.5889423076923077 0.9387019230769231 0.026442307692307692 0.008413461538461538
0 0.4483173076923077 0.9314903846153846 0.019230769230769232 0.015625
0 0.9651442307692307 0.039663461538461536 0.06610576923076923 0.0733173076923077
0 0.6887019230769231 0.9206730769230769 0.015625 0.018028846153846152