0 0.21875 0.6009615384615384 0.046875 0.07692307692307693
0 0.2668269230769231 0.5997596153846154 0.05048076923076923 0.078125
0 0.3161057692307692 0.5985576923076923 0.046875 0.07572115384615384
0 0.5108173076923077 0.5997596153846154 0.04567307692307692 0.0733173076923077
0 0.41947115384615385 0.5997596153846154 0.04326923076923077 0.07572115384615384
0 0.46274038461538464 0.5973557692307693 0.04567307692307692 0.078125
0 0.1658653846153846 0.6009615384615384 0.057692307692307696 0.07932692307692307
0 0.36538461538461536 0.5985576923076923 0.04927884615384615 0.07572115384615384
0 0.11538461538461539 0.6057692307692307 0.04447115384615385 0.07091346153846154
0 0.9074519230769231 0.45072115384615385 0.04326923076923077 0.08413461538461539
0 0.018028846153846152 0.6057692307692307 0.03485576923076923 0.0733173076923077
0 0.9795673076923077 0.6045673076923077 0.037259615384615384 0.06009615384615385
0 0.9519230769230769 0.4519230769230769 0.046875 0.0829326923076923
0 0.859375 0.45072115384615385 0.05048076923076923 0.08413461538461539
0 0.8100961538461539 0.45072115384615385 0.046875 0.08173076923076923
0 0.7632211538461539 0.453125 0.04567307692307692 0.07932692307692307
0 0.7175480769230769 0.453125 0.04567307692307692 0.08173076923076923
0 0.6682692307692307 0.4543269230769231 0.054086538461538464 0.08533653846153846
0 0.6189903846153846 0.4543269230769231 0.04326923076923077 0.08413461538461539
0 0.0625 0.6045673076923077 0.05048076923076923 0.07572115384615384
0 0.5564903846153846 0.5985576923076923 0.04567307692307692 0.07451923076923077
0 0.7872596153846154 0.6045673076923077 0.04326923076923077 0.06490384615384616
0 0.6514423076923077 0.6057692307692307 0.040865384615384616 0.06490384615384616
0 0.6586538461538461 0.7247596153846154 0.04447115384615385 0.07451923076923077
0 0.6153846153846154 0.7175480769230769 0.038461538461538464 0.08413461538461539
0 0.5745192307692307 0.7211538461538461 0.038461538461538464 0.078125
0 0.5300480769230769 0.7175480769230769 0.039663461538461536 0.08653846153846154
0 0.49278846153846156 0.7199519230769231 0.03485576923076923 0.08173076923076923
0 0.45072115384615385 0.7211538461538461 0.046875 0.08413461538461539
0 0.40865384615384615 0.7223557692307693 0.037259615384615384 0.08413461538461539
0 0.36899038461538464 0.7211538461538461 0.042067307692307696 0.0829326923076923
0 0.28365384615384615 0.7199519230769231 0.036057692307692304 0.08533653846153846
0 0.23677884615384615 0.7307692307692307 0.04927884615384615 0.06971153846153846
0 0.1875 0.7307692307692307 0.04927884615384615 0.07091346153846154
0 0.01201923076923077 0.7271634615384616 0.02403846153846154 0.07451923076923077
0 0.140625 0.7271634615384616 0.04326923076923077 0.07572115384615384
0 0.09375 0.7283653846153846 0.046875 0.07451923076923077
0 0.04807692307692308 0.7283653846153846 0.040865384615384616 0.07572115384615384
0 0.9338942307692307 0.6033653846153846 0.04567307692307692 0.06610576923076923
0 0.8834134615384616 0.6045673076923077 0.04326923076923077 0.0673076923076923
0 0.8365384615384616 0.6033653846153846 0.05048076923076923 0.06610576923076923
0 0.5709134615384616 0.453125 0.051682692307692304 0.08052884615384616
0 0.7439903846153846 0.6045673076923077 0.042067307692307696 0.06490384615384616
0 0.6983173076923077 0.6045673076923077 0.040865384615384616 0.0673076923076923
0 0.6021634615384616 0.6045673076923077 0.038461538461538464 0.06610576923076923
0 0.5228365384615384 0.4519230769230769 0.04326923076923077 0.08173076923076923
0 0.23557692307692307 0.45072115384615385 0.04927884615384615 0.0829326923076923
0 0.4266826923076923 0.4495192307692308 0.04447115384615385 0.08653846153846154
0 0.09615384615384616 0.28966346153846156 0.052884615384615384 0.08533653846153846
0 0.040865384615384616 0.28846153846153844 0.046875 0.08774038461538461
0 0.9555288461538461 0.14423076923076922 0.06009615384615385 0.09014423076923077
0 0.9002403846153846 0.14302884615384615 0.042067307692307696 0.09014423076923077
0 0.8533653846153846 0.14543269230769232 0.04807692307692308 0.09134615384615384
0 0.8028846153846154 0.14423076923076922 0.051682692307692304 0.09254807692307693
0 0.7512019230769231 0.12740384615384615 0.04326923076923077 0.11658653846153846
0 0.703125 0.12860576923076922 0.042067307692307696 0.11899038461538461
0 0.6550480769230769 0.12740384615384615 0.040865384615384616 0.1201923076923077
0 0.15144230769230768 0.2860576923076923 0.05048076923076923 0.09134615384615384
0 0.6057692307692307 0.12620192307692307 0.051682692307692304 0.11899038461538461
0 0.4951923076923077 0.12620192307692307 0.039663461538461536 0.1201923076923077
0 0.4362980769230769 0.1201923076923077 0.04447115384615385 0.12620192307692307
0 0.38822115384615385 0.1201923076923077 0.052884615384615384 0.12620192307692307
0 0.33774038461538464 0.1201923076923077 0.038461538461538464 0.125
0 0.2920673076923077 0.1201923076923077 0.052884615384615384 0.12379807692307693
0 0.24519230769230768 0.11899038461538461 0.042067307692307696 0.12740384615384615
0 0.19831730769230768 0.12379807692307693 0.04447115384615385 0.11057692307692307
0 0.1502403846153846 0.12379807692307693 0.04927884615384615 0.11057692307692307
0 0.0985576923076923 0.12259615384615384 0.04927884615384615 0.10576923076923077
0 0.5588942307692307 0.125 0.04326923076923077 0.12139423076923077
0 0.47475961538461536 0.4519230769230769 0.04807692307692308 0.08173076923076923
0 0.20673076923076922 0.28846153846153844 0.055288461538461536 0.09014423076923077
0 0.3137019230769231 0.28846153846153844 0.05048076923076923 0.0889423076923077
0 0.38221153846153844 0.45072115384615385 0.04447115384615385 0.08533653846153846
0 0.33413461538461536 0.45072115384615385 0.04326923076923077 0.08653846153846154
0 0.2848557692307692 0.45072115384615385 0.05048076923076923 0.08533653846153846
0 0.7043269230769231 0.7247596153846154 0.046875 0.07451923076923077
0 0.18509615384615385 0.4483173076923077 0.046875 0.0829326923076923
0 0.1310096153846154 0.4495192307692308 0.04447115384615385 0.08173076923076923
0 0.08052884615384616 0.45072115384615385 0.052884615384615384 0.07692307692307693
0 0.030048076923076924 0.4519230769230769 0.04807692307692308 0.07572115384615384
0 0.9555288461538461 0.2956730769230769 0.052884615384615384 0.0889423076923077
0 0.2620192307692308 0.28846153846153844 0.051682692307692304 0.09014423076923077
0 0.8990384615384616 0.2932692307692308 0.038461538461538464 0.09254807692307693
0 0.7956730769230769 0.29447115384615385 0.04326923076923077 0.08774038461538461
0 0.7463942307692307 0.29447115384615385 0.052884615384615384 0.08774038461538461
0 0.6899038461538461 0.29447115384615385 0.05889423076923077 0.08653846153846154
0 0.6334134615384616 0.2932692307692308 0.04447115384615385 0.08653846153846154
0 0.5829326923076923 0.29447115384615385 0.056490384615384616 0.0889423076923077
0 0.5276442307692307 0.2932692307692308 0.04447115384615385 0.09254807692307693
0 0.47716346153846156 0.2920673076923077 0.055288461538461536 0.0889423076923077
0 0.4230769230769231 0.29086538461538464 0.046875 0.0889423076923077
0 0.36899038461538464 0.28966346153846156 0.05048076923076923 0.09014423076923077
0 0.8461538461538461 0.2932692307692308 0.04326923076923077 0.08774038461538461
0 0.7487980769230769 0.7235576923076923 0.038461538461538464 0.07451923076923077
0 0.32572115384615385 0.7211538461538461 0.03485576923076923 0.0829326923076923
0 0.04567307692307692 0.1346153846153846 0.056490384615384616 0.0829326923076923
0 0.9879807692307693 0.8689903846153846 0.02283653846153846 0.06850961538461539
0 0.9555288461538461 0.8677884615384616 0.04326923076923077 0.07091346153846154
0 0.9098557692307693 0.8653846153846154 0.042067307692307696 0.06971153846153846
0 0.8677884615384616 0.8713942307692307 0.042067307692307696 0.0625
0 0.8245192307692307 0.8737980769230769 0.046875 0.06490384615384616
0 0.7764423076923077 0.875 0.039663461538461536 0.06129807692307692
0 0.7331730769230769 0.8774038461538461 0.04326923076923077 0.06129807692307692
0 0.6899038461538461 0.8737980769230769 0.037259615384615384 0.0673076923076923
0 0.6454326923076923 0.875 0.038461538461538464 0.06610576923076923
0 0.6009615384615384 0.8689903846153846 0.051682692307692304 0.07692307692307693
0 0.5504807692307693 0.8713942307692307 0.04927884615384615 0.07932692307692307
0 0.4987980769230769 0.8762019230769231 0.04567307692307692 0.06971153846153846
0 0.4579326923076923 0.8762019230769231 0.03485576923076923 0.0673076923076923
0 0.3737980769230769 0.8774038461538461 0.04447115384615385 0.06971153846153846
0 0.32572115384615385 0.8762019230769231 0.04447115384615385 0.06971153846153846
0 0.4170673076923077 0.8774038461538461 0.040865384615384616 0.06850961538461539
0 0.234375 0.8798076923076923 0.046875 0.06850961538461539
0 0.7944711538461539 0.7235576923076923 0.051682692307692304 0.07451923076923077
0 0.2800480769230769 0.8762019230769231 0.04326923076923077 0.06971153846153846
0 0.8966346153846154 0.7247596153846154 0.04326923076923077 0.06850961538461539
0 0.9435096153846154 0.7247596153846154 0.046875 0.06971153846153846
0 0.9879807692307693 0.7211538461538461 0.02283653846153846 0.07692307692307693
0 0.8461538461538461 0.7247596153846154 0.04927884615384615 0.06971153846153846
0 0.05889423076923077 0.8677884615384616 0.038461538461538464 0.10216346153846154
0 0.09975961538461539 0.8822115384615384 0.04326923076923077 0.06850961538461539
0 0.14302884615384615 0.8810096153846154 0.04326923076923077 0.06971153846153846
0 0.1875 0.8798076923076923 0.046875 0.0673076923076923
0 0.019230769230769232 0.8689903846153846 0.038461538461538464 0.09975961538461539