0 0.5264423076923077 0.5480769230769231 0.1658653846153846 0.039663461538461536
0 0.9375 0.40865384615384615 0.014423076923076924 0.06610576923076923
0 0.9591346153846154 0.39663461538461536 0.025240384615384616 0.0829326923076923
0 0.9855769230769231 0.39783653846153844 0.025240384615384616 0.08413461538461539
0 0.014423076923076924 0.5673076923076923 0.025240384615384616 0.056490384615384616
0 0.9483173076923077 0.49038461538461536 0.014423076923076924 0.040865384615384616
0 0.9290865384615384 0.49399038461538464 0.018028846153846152 0.040865384615384616
0 0.7367788461538461 0.5384615384615384 0.06850961538461539 0.013221153846153846
0 0.8365384615384616 0.4879807692307692 0.06129807692307692 0.05889423076923077
0 0.6550480769230769 0.5384615384615384 0.06370192307692307 0.016826923076923076
0 0.1875 0.5612980769230769 0.1310096153846154 0.02403846153846154
0 0.9194711538461539 0.40625 0.016826923076923076 0.0673076923076923
0 0.3605769230769231 0.5612980769230769 0.15865384615384615 0.020432692307692308
0 0.8882211538461539 0.49038461538461536 0.025240384615384616 0.054086538461538464
0 0.9014423076923077 0.39783653846153844 0.016826923076923076 0.0829326923076923
0 0.6454326923076923 0.8353365384615384 0.08173076923076923 0.09014423076923077
0 0.8581730769230769 0.4014423076923077 0.019230769230769232 0.078125
0 0.7235576923076923 0.8305288461538461 0.06129807692307692 0.0829326923076923
0 0.7199519230769231 0.7752403846153846 0.051682692307692304 0.01201923076923077
0 0.7848557692307693 0.8112980769230769 0.05048076923076923 0.08413461538461539
0 0.8473557692307693 0.8100961538461539 0.06490384615384616 0.04567307692307692
0 0.9182692307692307 0.8052884615384616 0.0625 0.04927884615384615
0 0.8978365384615384 0.7536057692307693 0.06971153846153846 0.03125
0 0.9759615384615384 0.7872596153846154 0.04326923076923077 0.05048076923076923
0 0.328125 0.8341346153846154 0.07692307692307693 0.06129807692307692
0 0.3401442307692308 0.9122596153846154 0.06971153846153846 0.08774038461538461
0 0.25721153846153844 0.9290865384615384 0.08052884615384616 0.0673076923076923
0 0.1875 0.9194711538461539 0.04447115384615385 0.12740384615384615
0 0.10817307692307693 0.9314903846153846 0.0829326923076923 0.10817307692307693
0 0.03245192307692308 0.9507211538461539 0.06129807692307692 0.09735576923076923
0 0.9158653846153846 0.6923076923076923 0.025240384615384616 0.040865384615384616
0 0.8894230769230769 0.7055288461538461 0.025240384615384616 0.019230769230769232
0 0.9663461538461539 0.49038461538461536 0.014423076923076924 0.039663461538461536
0 0.6850961538461539 0.41586538461538464 0.028846153846153848 0.04447115384615385
0 0.765625 0.4387019230769231 0.02283653846153846 0.09134615384615384
0 0.7944711538461539 0.40384615384615385 0.026442307692307692 0.08413461538461539
0 0.8185096153846154 0.41346153846153844 0.014423076923076924 0.06009615384615385
0 0.8365384615384616 0.39663461538461536 0.016826923076923076 0.08653846153846154
0 0.8798076923076923 0.39783653846153844 0.018028846153846152 0.08413461538461539
0 0.9855769230769231 0.4891826923076923 0.013221153846153846 0.040865384615384616
0 0.9254807692307693 0.6322115384615384 0.03245192307692308 0.008413461538461538
0 0.7439903846153846 0.5120192307692307 0.014423076923076924 0.028846153846153848
0 0.890625 0.6201923076923077 0.02403846153846154 0.04447115384615385
0 0.8617788461538461 0.6418269230769231 0.02283653846153846 0.009615384615384616
0 0.8389423076923077 0.6418269230769231 0.019230769230769232 0.009615384615384616
0 0.8149038461538461 0.6418269230769231 0.021634615384615384 0.016826923076923076
0 0.8545673076923077 0.6262019230769231 0.030048076923076924 0.01201923076923077
0 0.8185096153846154 0.6153846153846154 0.027644230769230768 0.014423076923076924
0 0.7896634615384616 0.6430288461538461 0.02283653846153846 0.021634615384615384
0 0.7355769230769231 0.5877403846153846 0.08413461538461539 0.06129807692307692
0 0.6454326923076923 0.6009615384615384 0.07932692307692307 0.06370192307692307
0 0.5504807692307693 0.6057692307692307 0.09615384615384616 0.06971153846153846
0 0.47475961538461536 0.6177884615384616 0.04927884615384615 0.06490384615384616
0 0.921875 0.6189903846153846 0.030048076923076924 0.014423076923076924
0 0.42427884615384615 0.6201923076923077 0.042067307692307696 0.06850961538461539
0 0.3233173076923077 0.6322115384615384 0.04807692307692308 0.06610576923076923
0 0.27163461538461536 0.6334134615384616 0.04326923076923077 0.06490384615384616
0 0.22115384615384615 0.6430288461538461 0.046875 0.06490384615384616
0 0.1658653846153846 0.6502403846153846 0.057692307692307696 0.057692307692307696
0 0.10697115384615384 0.6466346153846154 0.04927884615384615 0.078125
0 0.037259615384615384 0.65625 0.07211538461538461 0.06370192307692307
0 0.9939903846153846 0.5372596153846154 0.007211538461538462 0.036057692307692304
0 0.9795673076923077 0.5408653846153846 0.013221153846153846 0.038461538461538464
0 0.9663461538461539 0.5420673076923077 0.008413461538461538 0.038461538461538464
0 0.953125 0.5432692307692307 0.01201923076923077 0.042067307692307696
0 0.9362980769230769 0.5456730769230769 0.015625 0.040865384615384616
0 0.3762019230769231 0.6225961538461539 0.04807692307692308 0.06370192307692307
0 0.7259615384615384 0.41225961538461536 0.036057692307692304 0.04927884615384615
0 0.9639423076923077 0.6141826923076923 0.025240384615384616 0.01201923076923077
0 0.9651442307692307 0.6274038461538461 0.027644230769230768 0.008413461538461538
0 0.7596153846153846 0.5096153846153846 0.010817307692307692 0.027644230769230768
0 0.7920673076923077 0.5564903846153846 0.01201923076923077 0.038461538461538464
0 0.8064903846153846 0.5528846153846154 0.014423076923076924 0.040865384615384616
0 0.8317307692307693 0.5516826923076923 0.016826923076923076 0.040865384615384616
0 0.8581730769230769 0.5504807692307693 0.019230769230769232 0.038461538461538464
0 0.8762019230769231 0.5492788461538461 0.015625 0.037259615384615384
0 0.9110576923076923 0.546875 0.020432692307692308 0.04326923076923077
0 0.8858173076923077 0.6802884615384616 0.02403846153846154 0.02403846153846154
0 0.8569711538461539 0.7079326923076923 0.026442307692307692 0.027644230769230768
0 0.8233173076923077 0.7175480769230769 0.03245192307692308 0.026442307692307692
0 0.7944711538461539 0.7139423076923077 0.020432692307692308 0.037259615384615384
0 0.7091346153846154 0.6814903846153846 0.06490384615384616 0.09615384615384616
0 0.6286057692307693 0.6935096153846154 0.08774038461538461 0.09975961538461539
0 0.53125 0.7103365384615384 0.09254807692307693 0.07211538461538461
0 0.4326923076923077 0.7247596153846154 0.09134615384615384 0.09134615384615384
0 0.34975961538461536 0.7524038461538461 0.04807692307692308 0.06129807692307692
0 0.30528846153846156 0.7487980769230769 0.03485576923076923 0.06370192307692307
0 0.2704326923076923 0.7536057692307693 0.028846153846153848 0.07451923076923077
0 0.23317307692307693 0.7620192307692307 0.037259615384615384 0.06490384615384616
0 0.1875 0.7668269230769231 0.039663461538461536 0.07211538461538461
0 0.13221153846153846 0.7572115384615384 0.06009615384615385 0.09254807692307693
0 0.06610576923076923 0.7716346153846154 0.05889423076923077 0.11298076923076923
0 0.016826923076923076 0.7896634615384616 0.026442307692307692 0.08052884615384616
0 0.9675480769230769 0.6754807692307693 0.0625 0.05889423076923077
0 0.9915865384615384 0.6213942307692307 0.015625 0.01201923076923077
0 0.7740384615384616 0.5096153846153846 0.01201923076923077 0.026442307692307692
0 0.6850961538461539 0.4651442307692308 0.027644230769230768 0.046875
0 0.4411057692307692 0.8725961538461539 0.11899038461538461 0.09735576923076923
0 0.609375 0.44471153846153844 0.03485576923076923 0.0985576923076923
0 0.30649038461538464 0.32211538461538464 0.046875 0.08653846153846154
0 0.2620192307692308 0.32572115384615385 0.03245192307692308 0.07572115384615384
0 0.22235576923076922 0.31490384615384615 0.042067307692307696 0.09735576923076923
0 0.15264423076923078 0.32572115384615385 0.06971153846153846 0.07572115384615384
0 0.0625 0.31009615384615385 0.09975961538461539 0.10576923076923077
0 0.9807692307692307 0.2536057692307692 0.03245192307692308 0.025240384615384616
0 0.9483173076923077 0.22235576923076922 0.027644230769230768 0.07692307692307693
0 0.9170673076923077 0.21995192307692307 0.026442307692307692 0.0829326923076923
0 0.8846153846153846 0.21875 0.028846153846153848 0.07932692307692307
0 0.8509615384615384 0.23677884615384615 0.01201923076923077 0.03125
0 0.8317307692307693 0.22235576923076922 0.020432692307692308 0.06129807692307692
0 0.8004807692307693 0.20793269230769232 0.036057692307692304 0.08774038461538461
0 0.7680288461538461 0.21033653846153846 0.02403846153846154 0.0829326923076923
0 0.7307692307692307 0.20072115384615385 0.04567307692307692 0.09975961538461539
0 0.6947115384615384 0.203125 0.019230769230769232 0.08533653846153846
0 0.6706730769230769 0.21634615384615385 0.021634615384615384 0.055288461538461536
0 0.6310096153846154 0.19230769230769232 0.030048076923076924 0.10216346153846154
0 0.6478365384615384 0.4423076923076923 0.039663461538461536 0.09495192307692307
0 0.016826923076923076 0.15985576923076922 0.030048076923076924 0.09254807692307693
0 0.056490384615384616 0.15865384615384615 0.039663461538461536 0.09615384615384616
0 0.11177884615384616 0.14543269230769232 0.052884615384615384 0.12379807692307693
0 0.1778846153846154 0.18389423076923078 0.06490384615384616 0.06370192307692307
0 0.23076923076923078 0.1622596153846154 0.03245192307692308 0.1045673076923077
0 0.3473557692307692 0.31971153846153844 0.030048076923076924 0.09254807692307693
0 0.27403846153846156 0.16466346153846154 0.04326923076923077 0.11298076923076923
0 0.5504807692307693 0.8545673076923077 0.09375 0.09495192307692307
0 0.35697115384615385 0.16947115384615385 0.038461538461538464 0.11177884615384616
0 0.3954326923076923 0.17067307692307693 0.028846153846153848 0.109375
0 0.43509615384615385 0.17067307692307693 0.040865384615384616 0.11899038461538461
0 0.4891826923076923 0.1778846153846154 0.056490384615384616 0.11778846153846154
0 0.5877403846153846 0.18629807692307693 0.05048076923076923 0.11177884615384616
0 0.3161057692307692 0.16826923076923078 0.037259615384615384 0.10817307692307693
0 0.38461538461538464 0.32211538461538464 0.037259615384615384 0.08653846153846154
0 0.5384615384615384 0.1814903846153846 0.03485576923076923 0.10817307692307693
0 0.4543269230769231 0.34375 0.026442307692307692 0.039663461538461536
0 0.5757211538461539 0.45552884615384615 0.021634615384615384 0.07692307692307693
0 0.42427884615384615 0.3449519230769231 0.02403846153846154 0.042067307692307696
0 0.5504807692307693 0.4543269230769231 0.027644230769230768 0.08052884615384616
0 0.515625 0.4567307692307692 0.036057692307692304 0.078125
0 0.4855769230769231 0.4735576923076923 0.016826923076923076 0.05048076923076923
0 0.46274038461538464 0.41586538461538464 0.038461538461538464 0.054086538461538464
0 0.4543269230769231 0.47836538461538464 0.038461538461538464 0.042067307692307696
0 0.40024038461538464 0.4639423076923077 0.03245192307692308 0.019230769230769232
0 0.35096153846153844 0.4699519230769231 0.054086538461538464 0.06490384615384616
0 0.2860576923076923 0.4266826923076923 0.0625 0.09254807692307693
0 0.23918269230769232 0.45913461538461536 0.021634615384615384 0.09014423076923077
0 0.20072115384615385 0.4639423076923077 0.039663461538461536 0.09254807692307693
0 0.14903846153846154 0.46033653846153844 0.056490384615384616 0.10096153846153846
0 0.09014423076923077 0.4639423076923077 0.054086538461538464 0.1045673076923077
0 0.03125 0.4567307692307692 0.056490384615384616 0.12139423076923077
0 0.40384615384615385 0.49158653846153844 0.04326923076923077 0.018028846153846152
0 0.9831730769230769 0.3112980769230769 0.028846153846153848 0.0625
0 0.5120192307692307 0.34134615384615385 0.02403846153846154 0.05048076923076923
0 0.8810096153846154 0.32091346153846156 0.01201923076923077 0.036057692307692304
0 0.5444711538461539 0.34134615384615385 0.03365384615384615 0.05048076923076923
0 0.5865384615384616 0.33533653846153844 0.04326923076923077 0.06490384615384616
0 0.6850961538461539 0.3293269230769231 0.038461538461538464 0.07211538461538461
0 0.7199519230769231 0.3317307692307692 0.025240384615384616 0.0673076923076923
0 0.7572115384615384 0.33052884615384615 0.037259615384615384 0.0673076923076923
0 0.6490384615384616 0.3293269230769231 0.025240384615384616 0.07572115384615384
0 0.8293269230769231 0.31009615384615385 0.021634615384615384 0.06009615384615385
0 0.859375 0.32091346153846156 0.027644230769230768 0.03245192307692308
0 0.9050480769230769 0.3088942307692308 0.027644230769230768 0.0625
0 0.9314903846153846 0.3088942307692308 0.021634615384615384 0.06009615384615385
0 0.9555288461538461 0.3112980769230769 0.019230769230769232 0.05889423076923077
0 0.7908653846153846 0.31490384615384615 0.025240384615384616 0.04447115384615385
0 0.4831730769230769 0.3449519230769231 0.027644230769230768 0.04447115384615385