0 0.125 0.5492788461538461 0.056490384615384616 0.10336538461538461
0 0.07572115384615384 0.5504807692307693 0.04567307692307692 0.09975961538461539
0 0.027644230769230768 0.5492788461538461 0.04326923076923077 0.10216346153846154
0 0.6105769230769231 0.4254807692307692 0.04927884615384615 0.10697115384615384
0 0.2403846153846154 0.5480769230769231 0.046875 0.10336538461538461
0 0.9254807692307693 0.4230769230769231 0.04927884615384615 0.10817307692307693
0 0.8798076923076923 0.421875 0.040865384615384616 0.11057692307692307
0 0.8245192307692307 0.421875 0.056490384615384616 0.11057692307692307
0 0.7668269230769231 0.421875 0.054086538461538464 0.11057692307692307
0 0.7175480769230769 0.42788461538461536 0.04447115384615385 0.10216346153846154
0 0.2920673076923077 0.5516826923076923 0.04567307692307692 0.10216346153846154
0 0.6694711538461539 0.4266826923076923 0.04567307692307692 0.10336538461538461
0 0.1875 0.5492788461538461 0.06129807692307692 0.10336538461538461
0 0.9759615384615384 0.4206730769230769 0.046875 0.10697115384615384
0 0.0673076923076923 0.43149038461538464 0.051682692307692304 0.10096153846153846
0 0.5120192307692307 0.4266826923076923 0.04927884615384615 0.10336538461538461
0 0.6201923076923077 0.2980769230769231 0.04807692307692308 0.10817307692307693
0 0.6742788461538461 0.296875 0.054086538461538464 0.109375
0 0.78125 0.2956730769230769 0.05048076923076923 0.11177884615384616
0 0.8353365384615384 0.2956730769230769 0.052884615384615384 0.11177884615384616
0 0.8930288461538461 0.2932692307692308 0.052884615384615384 0.11177884615384616
0 0.020432692307692308 0.43149038461538464 0.040865384615384616 0.10216346153846154
0 0.3473557692307692 0.5492788461538461 0.0625 0.10697115384615384
0 0.1201923076923077 0.43149038461538464 0.046875 0.0985576923076923
0 0.16947115384615385 0.43149038461538464 0.04927884615384615 0.09735576923076923
0 0.21995192307692307 0.43028846153846156 0.05048076923076923 0.0985576923076923
0 0.2692307692307692 0.43028846153846156 0.04326923076923077 0.0985576923076923
0 0.3137019230769231 0.43149038461538464 0.04326923076923077 0.09975961538461539
0 0.36177884615384615 0.43028846153846156 0.04447115384615385 0.09975961538461539
0 0.4098557692307692 0.42908653846153844 0.04326923076923077 0.10096153846153846
0 0.45913461538461536 0.42788461538461536 0.051682692307692304 0.10336538461538461
0 0.5600961538461539 0.4266826923076923 0.04326923076923077 0.1045673076923077
0 0.40384615384615385 0.5552884615384616 0.042067307692307696 0.09014423076923077
0 0.8954326923076923 0.8497596153846154 0.040865384615384616 0.042067307692307696
0 0.5769230769230769 0.9026442307692307 0.054086538461538464 0.02403846153846154
0 0.43509615384615385 0.16826923076923078 0.037259615384615384 0.10697115384615384
0 0.47475961538461536 0.16947115384615385 0.040865384615384616 0.10216346153846154
0 0.5192307692307693 0.16947115384615385 0.042067307692307696 0.10216346153846154
0 0.5661057692307693 0.16947115384615385 0.042067307692307696 0.1045673076923077
0 0.609375 0.16706730769230768 0.04326923076923077 0.10576923076923077
0 0.6526442307692307 0.1658653846153846 0.04447115384615385 0.10817307692307693
0 0.7139423076923077 0.15745192307692307 0.06610576923076923 0.11778846153846154
0 0.39302884615384615 0.16706730769230768 0.04567307692307692 0.109375
0 0.7800480769230769 0.15745192307692307 0.06610576923076923 0.11778846153846154
0 0.9146634615384616 0.15384615384615385 0.0625 0.11298076923076923
0 0.9723557692307693 0.15865384615384615 0.046875 0.10697115384615384
0 0.021634615384615384 0.30649038461538464 0.04326923076923077 0.0985576923076923
0 0.06490384615384616 0.30528846153846156 0.039663461538461536 0.09975961538461539
0 0.11057692307692307 0.30528846153846156 0.040865384615384616 0.0985576923076923
0 0.15745192307692307 0.30528846153846156 0.04567307692307692 0.10096153846153846
0 0.2091346153846154 0.30528846153846156 0.05048076923076923 0.0985576923076923
0 0.8473557692307693 0.15504807692307693 0.06370192307692307 0.11658653846153846
0 0.34615384615384615 0.16706730769230768 0.040865384615384616 0.10697115384615384
0 0.25 0.1658653846153846 0.04807692307692308 0.11298076923076923
0 0.203125 0.16706730769230768 0.04567307692307692 0.11298076923076923
0 0.6346153846153846 0.9026442307692307 0.056490384615384616 0.025240384615384616
0 0.6887019230769231 0.8966346153846154 0.046875 0.04326923076923077
0 0.7415865384615384 0.8966346153846154 0.054086538461538464 0.042067307692307696
0 0.7956730769230769 0.8966346153846154 0.05048076923076923 0.04326923076923077
0 0.8485576923076923 0.8966346153846154 0.05048076923076923 0.04326923076923077
0 0.8990384615384616 0.9002403846153846 0.04326923076923077 0.040865384615384616
0 0.9471153846153846 0.9050480769230769 0.040865384615384616 0.040865384615384616
0 0.9411057692307693 0.8497596153846154 0.046875 0.04326923076923077
0 0.4495192307692308 0.5516826923076923 0.046875 0.09495192307692307
0 0.4951923076923077 0.5492788461538461 0.042067307692307696 0.09735576923076923
0 0.5384615384615384 0.5480769230769231 0.039663461538461536 0.10336538461538461
0 0.5901442307692307 0.546875 0.051682692307692304 0.10216346153846154
0 0.6466346153846154 0.5480769230769231 0.046875 0.1045673076923077
0 0.030048076923076924 0.171875 0.03125 0.10576923076923077
0 0.07091346153846154 0.16826923076923078 0.046875 0.10817307692307693
0 0.11778846153846154 0.16947115384615385 0.04447115384615385 0.10817307692307693
0 0.15985576923076922 0.16947115384615385 0.039663461538461536 0.10817307692307693
0 0.5204326923076923 0.9038461538461539 0.052884615384615384 0.02283653846153846
0 0.29927884615384615 0.16826923076923078 0.046875 0.10817307692307693
0 0.7283653846153846 0.2956730769230769 0.055288461538461536 0.11177884615384616
0 0.5228365384615384 0.3004807692307692 0.04567307692307692 0.10697115384615384
0 0.16947115384615385 0.7692307692307693 0.06850961538461539 0.06610576923076923
0 0.5697115384615384 0.2980769230769231 0.04807692307692308 0.109375
0 0.8161057692307693 0.7788461538461539 0.0985576923076923 0.046875
0 0.4651442307692308 0.9026442307692307 0.05048076923076923 0.021634615384615384
0 0.41225961538461536 0.9050480769230769 0.05048076923076923 0.019230769230769232
0 0.35096153846153844 0.9026442307692307 0.055288461538461536 0.02283653846153846
0 0.2692307692307692 0.8798076923076923 0.04326923076923077 0.03245192307692308
0 0.22716346153846154 0.8810096153846154 0.042067307692307696 0.03365384615384615
0 0.17548076923076922 0.8942307692307693 0.04807692307692308 0.03245192307692308
0 0.12980769230769232 0.8918269230769231 0.037259615384615384 0.030048076923076924
0 0.0889423076923077 0.8918269230769231 0.038461538461538464 0.037259615384615384
0 0.08774038461538461 0.7692307692307693 0.0829326923076923 0.06490384615384616
0 0.054086538461538464 0.8918269230769231 0.03245192307692308 0.036057692307692304
0 0.47475961538461536 0.3004807692307692 0.04326923076923077 0.10576923076923077
0 0.4266826923076923 0.3004807692307692 0.04927884615384615 0.10576923076923077
0 0.3161057692307692 0.30288461538461536 0.1622596153846154 0.109375
0 0.24519230769230768 0.7632211538461539 0.06370192307692307 0.0733173076923077
0 0.3125 0.7620192307692307 0.06009615384615385 0.07451923076923077
0 0.3737980769230769 0.7620192307692307 0.057692307692307696 0.07572115384615384
0 0.4338942307692308 0.7620192307692307 0.06370192307692307 0.078125
0 0.4987980769230769 0.7644230769230769 0.06009615384615385 0.0829326923076923
0 0.5673076923076923 0.7644230769230769 0.0673076923076923 0.08413461538461539
0 0.6346153846153846 0.7632211538461539 0.06129807692307692 0.08052884615384616
0 0.71875 0.7776442307692307 0.09375 0.04807692307692308
0 0.019230769230769232 0.8918269230769231 0.038461538461538464 0.038461538461538464
0 0.9543269230769231 0.6586538461538461 0.07932692307692307 0.0829326923076923
0 0.9146634615384616 0.7788461538461539 0.09014423076923077 0.04927884615384615
0 0.8209134615384616 0.6586538461538461 0.057692307692307696 0.08052884615384616
0 0.6971153846153846 0.5480769230769231 0.04567307692307692 0.1045673076923077
0 0.7463942307692307 0.5480769230769231 0.04927884615384615 0.10216346153846154
0 0.09254807692307693 0.6622596153846154 0.08173076923076923 0.0673076923076923
0 0.8846153846153846 0.6586538461538461 0.06129807692307692 0.08052884615384616
0 0.24759615384615385 0.6586538461538461 0.0625 0.07692307692307693
0 0.3137019230769231 0.6574519230769231 0.06129807692307692 0.08173076923076923
0 0.3786057692307692 0.65625 0.06971153846153846 0.08173076923076923
0 0.5036057692307693 0.6598557692307693 0.10817307692307693 0.07692307692307693
0 0.17067307692307693 0.6610576923076923 0.07451923076923077 0.07091346153846154
0 0.6069711538461539 0.6598557692307693 0.10096153846153846 0.07692307692307693
0 0.6983173076923077 0.65625 0.06129807692307692 0.08173076923076923
0 0.7596153846153846 0.6574519230769231 0.0625 0.08052884615384616