0 0.734375 0.5973557692307693 0.03365384615384615 0.09735576923076923
0 0.6947115384615384 0.5985576923076923 0.040865384615384616 0.09615384615384616
0 0.5709134615384616 0.6069711538461539 0.06009615384615385 0.109375
0 0.7920673076923077 0.59375 0.07211538461538461 0.09254807692307693
0 0.6382211538461539 0.5997596153846154 0.0673076923076923 0.0985576923076923
0 0.3713942307692308 0.39783653846153844 0.038461538461538464 0.046875
0 0.28125 0.4987980769230769 0.054086538461538464 0.09735576923076923
0 0.7884615384615384 0.5072115384615384 0.020432692307692308 0.027644230769230768
0 0.7524038461538461 0.47596153846153844 0.046875 0.08774038461538461
0 0.32572115384615385 0.40024038461538464 0.04807692307692308 0.04326923076923077
0 0.7367788461538461 0.36778846153846156 0.04927884615384615 0.06971153846153846
0 0.6899038461538461 0.38461538461538464 0.042067307692307696 0.04567307692307692
0 0.6454326923076923 0.38822115384615385 0.042067307692307696 0.046875
0 0.6021634615384616 0.3894230769230769 0.040865384615384616 0.051682692307692304
0 0.5564903846153846 0.4050480769230769 0.04567307692307692 0.02403846153846154
0 0.0889423076923077 0.4519230769230769 0.055288461538461536 0.12620192307692307
0 0.14903846153846154 0.4519230769230769 0.0625 0.12139423076923077
0 0.46153846153846156 0.4014423076923077 0.040865384615384616 0.03125
0 0.41466346153846156 0.40384615384615385 0.04447115384615385 0.02403846153846154
0 0.8100961538461539 0.5060096153846154 0.019230769230769232 0.021634615384615384
0 0.5060096153846154 0.4014423076923077 0.042067307692307696 0.026442307692307692
0 0.5360576923076923 0.328125 0.04927884615384615 0.11778846153846154
0 0.5588942307692307 0.484375 0.05048076923076923 0.08653846153846154
0 0.703125 0.47836538461538464 0.05048076923076923 0.08653846153846154
0 0.20673076923076922 0.6322115384615384 0.08173076923076923 0.06610576923076923
0 0.12620192307692307 0.6177884615384616 0.06971153846153846 0.11298076923076923
0 0.06129807692307692 0.6286057692307693 0.057692307692307696 0.0985576923076923
0 0.014423076923076924 0.6141826923076923 0.028846153846153848 0.11298076923076923
0 0.06850961538461539 0.8942307692307693 0.055288461538461536 0.09615384615384616
0 0.125 0.8834134615384616 0.055288461538461536 0.08052884615384616
0 0.1778846153846154 0.8774038461538461 0.04447115384615385 0.10216346153846154
0 0.22235576923076922 0.8786057692307693 0.04447115384615385 0.09735576923076923
0 0.27524038461538464 0.8713942307692307 0.05048076923076923 0.0985576923076923
0 0.33052884615384615 0.8762019230769231 0.057692307692307696 0.07451923076923077
0 0.3894230769230769 0.8545673076923077 0.056490384615384616 0.0889423076923077
0 0.46153846153846156 0.8581730769230769 0.05048076923076923 0.08173076923076923
0 0.5336538461538461 0.8497596153846154 0.04927884615384615 0.07932692307692307
0 0.5985576923076923 0.8485576923076923 0.06850961538461539 0.09495192307692307
0 0.6670673076923077 0.8233173076923077 0.0625 0.07692307692307693
0 0.7319711538461539 0.8521634615384616 0.051682692307692304 0.07692307692307693
0 0.7836538461538461 0.8329326923076923 0.04567307692307692 0.07932692307692307
0 0.8990384615384616 0.8653846153846154 0.038461538461538464 0.08774038461538461
0 0.9254807692307693 0.6622596153846154 0.051682692307692304 0.08533653846153846
0 0.28966346153846156 0.6346153846153846 0.05048076923076923 0.06370192307692307
0 0.3473557692307692 0.6117788461538461 0.054086538461538464 0.09735576923076923
0 0.40384615384615385 0.6069711538461539 0.04567307692307692 0.09134615384615384
0 0.453125 0.6069711538461539 0.040865384615384616 0.09615384615384616
0 0.37259615384615385 0.49399038461538464 0.040865384615384616 0.09375
0 0.6526442307692307 0.4795673076923077 0.046875 0.0889423076923077
0 0.6057692307692307 0.4831730769230769 0.04326923076923077 0.08413461538461539
0 0.3293269230769231 0.4951923076923077 0.039663461538461536 0.09375
0 0.5108173076923077 0.48677884615384615 0.04447115384615385 0.08653846153846154
0 0.030048076923076924 0.4495192307692308 0.05889423076923077 0.12139423076923077
0 0.8293269230769231 0.3269230769230769 0.08052884615384616 0.12620192307692307
0 0.7451923076923077 0.27524038461538464 0.054086538461538464 0.10576923076923077
0 0.6875 0.30649038461538464 0.04567307692307692 0.0985576923076923
0 0.6129807692307693 0.3076923076923077 0.04807692307692308 0.10697115384615384
0 0.47836538461538464 0.31009615384615385 0.052884615384615384 0.109375
0 0.4182692307692308 0.328125 0.05048076923076923 0.11177884615384616
0 0.3401442307692308 0.31850961538461536 0.06850961538461539 0.10697115384615384
0 0.2608173076923077 0.35216346153846156 0.07211538461538461 0.13701923076923078
0 0.7692307692307693 0.16346153846153846 0.04927884615384615 0.109375
0 0.7079326923076923 0.14182692307692307 0.06370192307692307 0.13341346153846154
0 0.8341346153846154 0.16105769230769232 0.055288461538461536 0.11538461538461539
0 0.53125 0.15865384615384615 0.06370192307692307 0.12860576923076922
0 0.4495192307692308 0.16706730769230768 0.06490384615384616 0.12620192307692307
0 0.38221153846153844 0.16346153846153846 0.0673076923076923 0.1310096153846154
0 0.3076923076923077 0.1502403846153846 0.07211538461538461 0.11298076923076923
0 0.23677884615384615 0.15625 0.06850961538461539 0.11658653846153846
0 0.15625 0.22596153846153846 0.06129807692307692 0.15985576923076922
0 0.0985576923076923 0.23197115384615385 0.051682692307692304 0.15625
0 0.04326923076923077 0.23317307692307693 0.057692307692307696 0.14423076923076922
0 0.4170673076923077 0.5096153846153846 0.04326923076923077 0.04927884615384615
0 0.46274038461538464 0.49038461538461536 0.04567307692307692 0.09254807692307693
0 0.6286057692307693 0.14783653846153846 0.06850961538461539 0.1141826923076923