0 0.18389423076923078 0.640625 0.06370192307692307 0.03125
0 0.32211538461538464 0.33774038461538464 0.03125 0.02403846153846154
0 0.3557692307692308 0.3389423076923077 0.038461538461538464 0.021634615384615384
0 0.40024038461538464 0.34975961538461536 0.04447115384615385 0.046875
0 0.44350961538461536 0.6490384615384616 0.038461538461538464 0.03125
0 0.11658653846153846 0.6862980769230769 0.052884615384615384 0.054086538461538464
0 0.7632211538461539 0.6875 0.06490384615384616 0.030048076923076924
0 0.6983173076923077 0.6911057692307693 0.06490384615384616 0.030048076923076924
0 0.6057692307692307 0.6358173076923077 0.05889423076923077 0.026442307692307692
0 0.6141826923076923 0.6742788461538461 0.06490384615384616 0.03365384615384615
0 0.5480769230769231 0.671875 0.057692307692307696 0.027644230769230768
0 0.5432692307692307 0.6394230769230769 0.06009615384615385 0.026442307692307692
0 0.49158653846153844 0.6538461538461539 0.054086538461538464 0.028846153846153848
0 0.49399038461538464 0.6875 0.04807692307692308 0.028846153846153848
0 0.44711538461538464 0.6875 0.040865384615384616 0.03245192307692308
0 0.32091346153846156 0.36177884615384615 0.03365384615384615 0.02403846153846154
0 0.3713942307692308 0.6394230769230769 0.051682692307692304 0.027644230769230768
0 0.3713942307692308 0.6694711538461539 0.05048076923076923 0.030048076923076924
0 0.31490384615384615 0.6766826923076923 0.057692307692307696 0.030048076923076924
0 0.31490384615384615 0.6478365384615384 0.054086538461538464 0.028846153846153848
0 0.24158653846153846 0.6382211538461539 0.04807692307692308 0.02403846153846154
0 0.23076923076923078 0.6862980769230769 0.04927884615384615 0.054086538461538464
0 0.17427884615384615 0.6850961538461539 0.06009615384615385 0.051682692307692304
0 0.12379807692307693 0.6394230769230769 0.057692307692307696 0.03245192307692308
0 0.3557692307692308 0.3629807692307692 0.03245192307692308 0.02403846153846154
0 0.4543269230769231 0.2403846153846154 0.09735576923076923 0.0625
0 0.4795673076923077 0.3557692307692308 0.030048076923076924 0.040865384615384616
0 0.2776442307692308 0.4362980769230769 0.04447115384615385 0.020432692307692308
0 0.2403846153846154 0.43509615384615385 0.028846153846153848 0.021634615384615384
0 0.25 0.4723557692307692 0.038461538461538464 0.03245192307692308
0 0.2127403846153846 0.4735576923076923 0.038461538461538464 0.03245192307692308
0 0.15865384615384615 0.45913461538461536 0.04927884615384615 0.0673076923076923
0 0.10697115384615384 0.4735576923076923 0.04567307692307692 0.039663461538461536
0 0.8569711538461539 0.4651442307692308 0.028846153846153848 0.055288461538461536
0 0.8545673076923077 0.42788461538461536 0.037259615384615384 0.013221153846153846
0 0.8545673076923077 0.4170673076923077 0.039663461538461536 0.016826923076923076
0 0.8918269230769231 0.4543269230769231 0.038461538461538464 0.06610576923076923
0 0.96875 0.4831730769230769 0.06129807692307692 0.06971153846153846
0 0.9735576923076923 0.35336538461538464 0.05048076923076923 0.07932692307692307
0 0.8100961538461539 0.3473557692307692 0.06009615384615385 0.042067307692307696
0 0.75 0.3701923076923077 0.021634615384615384 0.008413461538461538
0 0.7752403846153846 0.36899038461538464 0.021634615384615384 0.010817307692307692
0 0.7692307692307693 0.359375 0.021634615384615384 0.008413461538461538
0 0.7475961538461539 0.35697115384615385 0.015625 0.013221153846153846
0 0.75 0.3425480769230769 0.015625 0.015625
0 0.9170673076923077 0.3425480769230769 0.056490384615384616 0.06129807692307692
0 0.8557692307692307 0.6838942307692307 0.052884615384615384 0.04567307692307692
0 0.6971153846153846 0.34615384615384615 0.07692307692307693 0.056490384615384616
0 0.640625 0.34975961538461536 0.036057692307692304 0.046875
0 0.6009615384615384 0.35216346153846156 0.038461538461538464 0.04447115384615385
0 0.5540865384615384 0.3389423076923077 0.04807692307692308 0.06850961538461539
0 0.5132211538461539 0.3557692307692308 0.03245192307692308 0.039663461538461536
0 0.44471153846153844 0.3605769230769231 0.03485576923076923 0.03365384615384615
0 0.9579326923076923 0.6790865384615384 0.078125 0.06370192307692307
0 0.06370192307692307 0.8197115384615384 0.12139423076923077 0.0673076923076923
0 0.9507211538461539 0.828125 0.09134615384615384 0.03485576923076923
0 0.44711538461538464 0.39903846153846156 0.07211538461538461 0.01201923076923077
0 0.44471153846153844 0.41225961538461536 0.06850961538461539 0.010817307692307692
0 0.4483173076923077 0.4266826923076923 0.07211538461538461 0.008413461538461538
0 0.4362980769230769 0.4807692307692308 0.078125 0.016826923076923076
0 0.49278846153846156 0.46033653846153844 0.028846153846153848 0.051682692307692304
0 0.5240384615384616 0.46274038461538464 0.026442307692307692 0.0625
0 0.5504807692307693 0.4639423076923077 0.025240384615384616 0.05889423076923077
0 0.5793269230769231 0.47115384615384615 0.027644230769230768 0.04567307692307692
0 0.6105769230769231 0.46875 0.030048076923076924 0.04447115384615385
0 0.6526442307692307 0.4651442307692308 0.04447115384615385 0.057692307692307696
0 0.7019230769230769 0.453125 0.039663461538461536 0.078125
0 0.7788461538461539 0.4567307692307692 0.036057692307692304 0.07211538461538461
0 0.8197115384615384 0.4519230769230769 0.036057692307692304 0.08173076923076923
0 0.109375 0.5612980769230769 0.056490384615384616 0.08774038461538461
0 0.17067307692307693 0.5673076923076923 0.05889423076923077 0.078125
0 0.23076923076923078 0.5745192307692307 0.04927884615384615 0.056490384615384616
0 0.28846153846153844 0.5721153846153846 0.04927884615384615 0.05889423076923077
0 0.3545673076923077 0.24158653846153846 0.0985576923076923 0.0673076923076923
0 0.2283653846153846 0.2403846153846154 0.09254807692307693 0.07211538461538461
0 0.14903846153846154 0.2439903846153846 0.06370192307692307 0.0625
0 0.9603365384615384 0.5817307692307693 0.055288461538461536 0.07211538461538461
0 0.9074519230769231 0.5733173076923077 0.04807692307692308 0.0673076923076923
0 0.8569711538461539 0.5649038461538461 0.04447115384615385 0.08653846153846154
0 0.4375 0.46634615384615385 0.0829326923076923 0.014423076923076924
0 0.7836538461538461 0.5685096153846154 0.055288461538461536 0.0673076923076923
0 0.6502403846153846 0.5600961538461539 0.0673076923076923 0.08052884615384616
0 0.5829326923076923 0.5625 0.0625 0.08173076923076923
0 0.5252403846153846 0.5661057692307693 0.05048076923076923 0.0829326923076923
0 0.4639423076923077 0.5637019230769231 0.05889423076923077 0.078125
0 0.40625 0.5745192307692307 0.052884615384615384 0.06370192307692307
0 0.7283653846153846 0.7536057692307693 0.07692307692307693 0.04807692307692308
0 0.7199519230769231 0.5673076923076923 0.07091346153846154 0.06490384615384616
0 0.35697115384615385 0.4723557692307692 0.057692307692307696 0.040865384615384616
0 0.7451923076923077 0.453125 0.03365384615384615 0.078125
0 0.28365384615384615 0.3473557692307692 0.036057692307692304 0.055288461538461536
0 0.036057692307692304 0.33533653846153844 0.06610576923076923 0.021634615384615384
0 0.8485576923076923 0.8209134615384616 0.09975961538461539 0.03485576923076923
0 0.03245192307692308 0.35697115384615385 0.06009615384615385 0.019230769230769232
0 0.09375 0.3485576923076923 0.046875 0.04447115384615385
0 0.1346153846153846 0.3473557692307692 0.030048076923076924 0.04927884615384615
0 0.1814903846153846 0.35697115384615385 0.06971153846153846 0.03245192307692308
0 0.24158653846153846 0.3485576923076923 0.04807692307692308 0.052884615384615384
0 0.8401442307692307 0.7884615384615384 0.0985576923076923 0.02403846153846154
0 0.18990384615384615 0.8064903846153846 0.11899038461538461 0.09375
0 0.038461538461538464 0.3137019230769231 0.07091346153846154 0.025240384615384616
0 0.8918269230769231 0.25240384615384615 0.07091346153846154 0.04807692307692308
0 0.8329326923076923 0.24759615384615385 0.036057692307692304 0.06370192307692307
0 0.9651442307692307 0.2536057692307692 0.055288461538461536 0.04447115384615385
0 0.7860576923076923 0.23798076923076922 0.04927884615384615 0.08052884615384616
0 0.8930288461538461 0.7584134615384616 0.2091346153846154 0.036057692307692304
0 0.8389423076923077 0.203125 0.042067307692307696 0.020432692307692308
0 0.45913461538461536 0.8125 0.11899038461538461 0.07692307692307693
0 0.3161057692307692 0.8004807692307693 0.13221153846153846 0.0889423076923077
0 0.2980769230769231 0.4723557692307692 0.05889423076923077 0.03485576923076923
0 0.5913461538461539 0.8112980769230769 0.14543269230769232 0.078125
0 0.6310096153846154 0.24519230769230768 0.07692307692307693 0.06490384615384616
0 0.6935096153846154 0.234375 0.04927884615384615 0.08173076923076923
0 0.7403846153846154 0.23677884615384615 0.04447115384615385 0.08653846153846154
0 0.5492788461538461 0.25721153846153844 0.08653846153846154 0.036057692307692304