0 0.47836538461538464 0.8040865384615384 0.020432692307692308 0.1045673076923077
0 0.45552884615384615 0.7980769230769231 0.020432692307692308 0.1045673076923077
0 0.5288461538461539 0.8221153846153846 0.021634615384615384 0.109375
0 0.5576923076923077 0.8341346153846154 0.03245192307692308 0.11658653846153846
0 0.15504807692307693 0.3870192307692308 0.025240384615384616 0.08533653846153846
0 0.125 0.390625 0.030048076923076924 0.09134615384615384
0 0.10096153846153846 0.3894230769230769 0.016826923076923076 0.08653846153846154
0 0.5889423076923077 0.8377403846153846 0.026442307692307692 0.11538461538461539
0 0.6189903846153846 0.8485576923076923 0.030048076923076924 0.12259615384615384
0 0.6502403846153846 0.8581730769230769 0.030048076923076924 0.1201923076923077
0 0.5036057692307693 0.8125 0.02403846153846154 0.11177884615384616
0 0.4326923076923077 0.7920673076923077 0.02403846153846154 0.10216346153846154
0 0.32572115384615385 0.7548076923076923 0.016826923076923076 0.08653846153846154
0 0.38461538461538464 0.7764423076923077 0.020432692307692308 0.09735576923076923
0 0.3629807692307692 0.7692307692307693 0.019230769230769232 0.09375
0 0.3449519230769231 0.7632211538461539 0.014423076923076924 0.09134615384615384
0 0.6838942307692307 0.8725961538461539 0.03365384615384615 0.12620192307692307
0 0.30528846153846156 0.75 0.02283653846153846 0.08774038461538461
0 0.2848557692307692 0.7427884615384616 0.02283653846153846 0.0829326923076923
0 0.2620192307692308 0.7403846153846154 0.019230769230769232 0.08533653846153846
0 0.23197115384615385 0.7271634615384616 0.038461538461538464 0.10096153846153846
0 0.19591346153846154 0.7163461538461539 0.030048076923076924 0.1045673076923077
0 0.16346153846153846 0.6995192307692307 0.03365384615384615 0.09134615384615384
0 0.125 0.6947115384615384 0.038461538461538464 0.08653846153846154
0 0.09375 0.6814903846153846 0.021634615384615384 0.08413461538461539
0 0.06610576923076923 0.6742788461538461 0.027644230769230768 0.08533653846153846
0 0.038461538461538464 0.6694711538461539 0.02403846153846154 0.06850961538461539
0 0.40865384615384615 0.7824519230769231 0.02403846153846154 0.09975961538461539
0 0.7211538461538461 0.8786057692307693 0.03485576923076923 0.1310096153846154
0 0.7007211538461539 0.7199519230769231 0.06490384615384616 0.13341346153846154
0 0.8100961538461539 0.9098557692307693 0.052884615384615384 0.14423076923076922
0 0.36658653846153844 0.6550480769230769 0.037259615384615384 0.10697115384615384
0 0.328125 0.6442307692307693 0.03485576923076923 0.09975961538461539
0 0.2920673076923077 0.6346153846153846 0.03365384615384615 0.09975961538461539
0 0.25721153846153844 0.625 0.03125 0.09254807692307693
0 0.2247596153846154 0.6153846153846154 0.030048076923076924 0.08413461538461539
0 0.18509615384615385 0.6009615384615384 0.042067307692307696 0.09495192307692307
0 0.4110576923076923 0.6622596153846154 0.04567307692307692 0.11298076923076923
0 0.14543269230769232 0.5949519230769231 0.037259615384615384 0.09014423076923077
0 0.0829326923076923 0.5829326923076923 0.019230769230769232 0.0829326923076923
0 0.054086538461538464 0.578125 0.03245192307692308 0.078125
0 0.02403846153846154 0.5733173076923077 0.02283653846153846 0.0673076923076923
0 0.007211538461538462 0.5709134615384616 0.014423076923076924 0.06971153846153846
0 0.20793269230769232 0.5060096153846154 0.026442307692307692 0.08774038461538461
0 0.17548076923076922 0.49759615384615385 0.036057692307692304 0.10096153846153846
0 0.109375 0.5913461538461539 0.030048076923076924 0.09134615384615384
0 0.46274038461538464 0.6706730769230769 0.04807692307692308 0.11177884615384616
0 0.5168269230769231 0.6802884615384616 0.046875 0.11778846153846154
0 0.40024038461538464 0.4110576923076923 0.036057692307692304 0.1201923076923077
0 0.8617788461538461 0.921875 0.046875 0.1466346153846154
0 0.9134615384615384 0.9326923076923077 0.052884615384615384 0.12980769230769232
0 0.96875 0.9387019230769231 0.06129807692307692 0.12139423076923077
0 0.9423076923076923 0.7692307692307693 0.09254807692307693 0.16105769230769232
0 0.8485576923076923 0.7487980769230769 0.08533653846153846 0.14302884615384615
0 0.7692307692307693 0.7367788461538461 0.0673076923076923 0.14903846153846154
0 0.054086538461538464 0.15144230769230768 0.040865384615384616 0.02283653846153846
0 0.6310096153846154 0.7019230769230769 0.06370192307692307 0.12860576923076922
0 0.5697115384615384 0.6923076923076923 0.052884615384615384 0.12379807692307693
0 0.18870192307692307 0.3894230769230769 0.03485576923076923 0.09254807692307693
0 0.43990384615384615 0.4098557692307692 0.04326923076923077 0.12259615384615384
0 0.2247596153846154 0.40865384615384615 0.03125 0.10336538461538461
0 0.25721153846153844 0.4074519230769231 0.03125 0.10697115384615384
0 0.28966346153846156 0.4098557692307692 0.03365384615384615 0.11057692307692307
0 0.32211538461538464 0.4098557692307692 0.027644230769230768 0.11298076923076923
0 0.7608173076923077 0.8870192307692307 0.038461538461538464 0.13701923076923078
0 0.06009615384615385 0.19951923076923078 0.040865384615384616 0.057692307692307696
0 0.26322115384615385 0.13942307692307693 0.025240384615384616 0.09495192307692307
0 0.12139423076923077 0.09495192307692307 0.04447115384615385 0.016826923076923076
0 0.4723557692307692 0.2512019230769231 0.04567307692307692 0.13581730769230768
0 0.5192307692307693 0.24519230769230768 0.04326923076923077 0.14302884615384615
0 0.5600961538461539 0.2403846153846154 0.03365384615384615 0.14543269230769232
0 0.6971153846153846 0.22235576923076922 0.03485576923076923 0.15745192307692307
0 0.6466346153846154 0.23197115384615385 0.06370192307692307 0.1502403846153846
0 0.7463942307692307 0.21754807692307693 0.06129807692307692 0.171875
0 0.8137019230769231 0.20673076923076922 0.06971153846153846 0.17427884615384615
0 0.8894230769230769 0.20072115384615385 0.08052884615384616 0.18028846153846154
0 0.9651442307692307 0.18870192307692307 0.06850961538461539 0.19471153846153846
0 0.8317307692307693 0.03125 0.12139423076923077 0.057692307692307696
0 0.7247596153846154 0.042067307692307696 0.0733173076923077 0.0829326923076923
0 0.4963942307692308 0.4110576923076923 0.06610576923076923 0.12259615384615384
0 0.5637019230769231 0.41346153846153844 0.0673076923076923 0.12740384615384615
0 0.6574519230769231 0.4026442307692308 0.05889423076923077 0.14302884615384615
0 0.7331730769230769 0.4098557692307692 0.08173076923076923 0.15745192307692307
0 0.42908653846153844 0.2704326923076923 0.039663461538461536 0.10576923076923077
0 0.8293269230769231 0.41225961538461536 0.10576923076923077 0.15745192307692307
0 0.390625 0.2776442307692308 0.030048076923076924 0.09975961538461539
0 0.32091346153846156 0.28365384615384615 0.03245192307692308 0.09495192307692307
0 0.078125 0.390625 0.02403846153846154 0.08653846153846154
0 0.052884615384615384 0.3918269230769231 0.025240384615384616 0.0829326923076923
0 0.028846153846153848 0.3942307692307692 0.015625 0.08173076923076923
0 0.010817307692307692 0.3942307692307692 0.021634615384615384 0.07211538461538461
0 0.1778846153846154 0.28125 0.02403846153846154 0.11177884615384616
0 0.14783653846153846 0.28125 0.03365384615384615 0.1045673076923077
0 0.11899038461538461 0.2860576923076923 0.02403846153846154 0.10096153846153846
0 0.09254807692307693 0.2860576923076923 0.027644230769230768 0.09375
0 0.0673076923076923 0.28846153846153844 0.020432692307692308 0.08413461538461539
0 0.042067307692307696 0.29086538461538464 0.027644230769230768 0.07932692307692307
0 0.018028846153846152 0.2932692307692308 0.018028846153846152 0.07091346153846154
0 0.20192307692307693 0.2980769230769231 0.028846153846153848 0.08052884615384616
0 0.23197115384615385 0.2956730769230769 0.027644230769230768 0.09014423076923077
0 0.2608173076923077 0.2920673076923077 0.026442307692307692 0.0889423076923077
0 0.28966346153846156 0.28846153846153844 0.026442307692307692 0.09254807692307693
0 0.35697115384615385 0.2800480769230769 0.03365384615384615 0.0985576923076923
0 0.10336538461538461 0.16826923076923078 0.038461538461538464 0.12379807692307693
0 0.9206730769230769 0.42427884615384615 0.07211538461538461 0.1346153846153846
0 0.9603365384615384 0.5985576923076923 0.078125 0.17067307692307693
0 0.5432692307692307 0.06490384615384616 0.05889423076923077 0.10576923076923077
0 0.49399038461538464 0.0829326923076923 0.03125 0.1045673076923077
0 0.46033653846153844 0.09134615384615384 0.03365384615384615 0.09975961538461539
0 0.42788461538461536 0.10096153846153846 0.025240384615384616 0.09975961538461539
0 0.40024038461538464 0.1045673076923077 0.027644230769230768 0.09735576923076923
0 0.37740384615384615 0.11177884615384616 0.015625 0.09615384615384616
0 0.359375 0.11778846153846154 0.020432692307692308 0.10336538461538461
0 0.3389423076923077 0.12139423076923077 0.019230769230769232 0.10096153846153846
0 0.31971153846153844 0.12620192307692307 0.016826923076923076 0.09615384615384616
0 0.30288461538461536 0.1310096153846154 0.018028846153846152 0.09495192307692307
0 0.2848557692307692 0.13581730769230768 0.013221153846153846 0.09254807692307693
0 0.23557692307692307 0.14903846153846154 0.027644230769230768 0.09134615384615384
0 0.20793269230769232 0.15865384615384615 0.026442307692307692 0.0829326923076923
0 0.1778846153846154 0.1622596153846154 0.027644230769230768 0.08173076923076923
0 0.14423076923076922 0.1658653846153846 0.036057692307692304 0.09014423076923077
0 0.5985576923076923 0.05889423076923077 0.046875 0.11177884615384616
0 0.9795673076923077 0.4266826923076923 0.039663461538461536 0.14182692307692307
0 0.6526442307692307 0.052884615384615384 0.055288461538461536 0.10096153846153846
0 0.015625 0.19951923076923078 0.028846153846153848 0.07451923076923077
0 0.8713942307692307 0.5901442307692307 0.09375 0.16947115384615385
0 0.7836538461538461 0.5793269230769231 0.08052884615384616 0.15985576923076922
0 0.7091346153846154 0.5745192307692307 0.06129807692307692 0.140625
0 0.6478365384615384 0.5685096153846154 0.05889423076923077 0.12980769230769232
0 0.5877403846153846 0.5625 0.056490384615384616 0.12620192307692307
0 0.5336538461538461 0.5552884615384616 0.04807692307692308 0.12379807692307693
0 0.4831730769230769 0.5528846153846154 0.05048076923076923 0.11899038461538461
0 0.43509615384615385 0.5408653846153846 0.039663461538461536 0.11778846153846154
0 0.3942307692307692 0.5372596153846154 0.040865384615384616 0.11778846153846154
0 0.35336538461538464 0.5360576923076923 0.039663461538461536 0.1141826923076923
0 0.31490384615384615 0.5288461538461539 0.03485576923076923 0.109375
0 0.2764423076923077 0.5252403846153846 0.036057692307692304 0.10697115384615384
0 0.2403846153846154 0.5192307692307693 0.03485576923076923 0.10096153846153846
0 0.037259615384615384 0.48197115384615385 0.027644230769230768 0.08653846153846154
0 0.06610576923076923 0.484375 0.026442307692307692 0.09615384615384616
0 0.013221153846153846 0.6598557692307693 0.026442307692307692 0.07091346153846154
0 0.01201923076923077 0.49038461538461536 0.02403846153846154 0.09014423076923077
0 0.10096153846153846 0.4891826923076923 0.040865384615384616 0.09495192307692307
0 0.13822115384615385 0.49278846153846156 0.03245192307692308 0.09495192307692307