0 0.17548076923076922 0.6670673076923077 0.056490384615384616 0.07451923076923077
0 0.11658653846153846 0.6694711538461539 0.05048076923076923 0.07091346153846154
0 0.056490384615384616 0.6670673076923077 0.04927884615384615 0.06610576923076923
0 0.037259615384615384 0.7776442307692307 0.036057692307692304 0.07091346153846154
0 0.078125 0.7800480769230769 0.039663461538461536 0.07572115384615384
0 0.37740384615384615 0.7776442307692307 0.04927884615384615 0.07932692307692307
0 0.20552884615384615 0.7824519230769231 0.04567307692307692 0.07451923076923077
0 0.2644230769230769 0.7800480769230769 0.054086538461538464 0.08052884615384616
0 0.32211538461538464 0.7788461538461539 0.054086538461538464 0.08052884615384616
0 0.43028846153846156 0.7800480769230769 0.054086538461538464 0.08413461538461539
0 0.49038461538461536 0.7836538461538461 0.051682692307692304 0.07692307692307693
0 0.12620192307692307 0.7824519230769231 0.039663461538461536 0.07451923076923077
0 0.3004807692307692 0.6658653846153846 0.042067307692307696 0.07572115384615384
0 0.5661057692307693 0.6610576923076923 0.027644230769230768 0.06850961538461539
0 0.43149038461538464 0.6646634615384616 0.04807692307692308 0.07451923076923077
0 0.47716346153846156 0.6646634615384616 0.037259615384615384 0.07692307692307693
0 0.5757211538461539 0.7716346153846154 0.06610576923076923 0.09134615384615384
0 0.5204326923076923 0.6682692307692307 0.040865384615384616 0.05889423076923077
0 0.6201923076923077 0.6694711538461539 0.052884615384615384 0.0673076923076923
0 0.671875 0.6646634615384616 0.046875 0.06610576923076923
0 0.7259615384615384 0.6682692307692307 0.052884615384615384 0.06610576923076923
0 0.9014423076923077 0.6598557692307693 0.04447115384615385 0.07091346153846154
0 0.8425480769230769 0.6862980769230769 0.04807692307692308 0.018028846153846152
0 0.8389423076923077 0.6574519230769231 0.054086538461538464 0.03245192307692308
0 0.7848557692307693 0.6850961538461539 0.054086538461538464 0.025240384615384616
0 0.7824519230769231 0.6586538461538461 0.04927884615384615 0.028846153846153848
0 0.9158653846153846 0.5733173076923077 0.06610576923076923 0.06009615384615385
0 0.8533653846153846 0.59375 0.05889423076923077 0.028846153846153848
0 0.23677884615384615 0.6658653846153846 0.04326923076923077 0.07091346153846154
0 0.6490384615384616 0.7752403846153846 0.052884615384615384 0.08533653846153846
0 0.8966346153846154 0.7788461538461539 0.03365384615384615 0.08413461538461539
0 0.7536057692307693 0.7872596153846154 0.04326923076923077 0.06610576923076923
0 0.17427884615384615 0.2764423076923077 0.046875 0.0625
0 0.12860576923076922 0.2776442307692308 0.039663461538461536 0.06009615384615385
0 0.0889423076923077 0.2776442307692308 0.036057692307692304 0.056490384615384616
0 0.056490384615384616 0.2764423076923077 0.028846153846153848 0.06129807692307692
0 0.019230769230769232 0.27524038461538464 0.03245192307692308 0.05889423076923077
0 0.9290865384615384 0.17668269230769232 0.04807692307692308 0.09014423076923077
0 0.8425480769230769 0.1622596153846154 0.04807692307692308 0.057692307692307696
0 0.7836538461538461 0.15985576923076922 0.07091346153846154 0.051682692307692304
0 0.7079326923076923 0.15985576923076922 0.054086538461538464 0.06009615384615385
0 0.6394230769230769 0.17307692307692307 0.04567307692307692 0.057692307692307696
0 0.5540865384615384 0.1658653846153846 0.04807692307692308 0.06129807692307692
0 0.41586538461538464 0.16466346153846154 0.0625 0.06490384615384616
0 0.3425480769230769 0.1778846153846154 0.04326923076923077 0.08533653846153846
0 0.28846153846153844 0.16105769230769232 0.04447115384615385 0.05048076923076923
0 0.23317307692307693 0.17548076923076922 0.056490384615384616 0.08774038461538461
0 0.15625 0.18509615384615385 0.05048076923076923 0.09014423076923077
0 0.10336538461538461 0.18389423076923078 0.04807692307692308 0.09014423076923077
0 0.9735576923076923 0.6766826923076923 0.046875 0.018028846153846152
0 0.9723557692307693 0.6526442307692307 0.05048076923076923 0.021634615384615384
0 0.9723557692307693 0.6286057692307693 0.051682692307692304 0.025240384615384616
0 0.9723557692307693 0.6033653846153846 0.038461538461538464 0.019230769230769232
0 0.84375 0.5540865384615384 0.04927884615384615 0.026442307692307692
0 0.9807692307692307 0.5564903846153846 0.037259615384615384 0.021634615384615384
0 0.9819711538461539 0.5324519230769231 0.03245192307692308 0.018028846153846152
0 0.9783653846153846 0.5036057692307693 0.038461538461538464 0.016826923076923076
0 0.9819711538461539 0.47716346153846156 0.03125 0.021634615384615384
0 0.9411057692307693 0.7788461538461539 0.054086538461538464 0.08052884615384616
0 0.8557692307692307 0.7764423076923077 0.042067307692307696 0.08413461538461539
0 0.8064903846153846 0.7836538461538461 0.046875 0.06610576923076923
0 0.703125 0.7764423076923077 0.04447115384615385 0.08774038461538461
0 0.9807692307692307 0.5805288461538461 0.037259615384615384 0.021634615384615384
0 0.7944711538461539 0.5961538461538461 0.055288461538461536 0.02283653846153846
0 0.7415865384615384 0.5961538461538461 0.046875 0.026442307692307692
0 0.29086538461538464 0.2644230769230769 0.037259615384615384 0.08173076923076923
0 0.3317307692307692 0.2644230769230769 0.042067307692307696 0.08173076923076923
0 0.36899038461538464 0.2668269230769231 0.03245192307692308 0.07211538461538461
0 0.40384615384615385 0.27524038461538464 0.03245192307692308 0.052884615384615384
0 0.453125 0.25841346153846156 0.06490384615384616 0.030048076923076924
0 0.4579326923076923 0.2920673076923077 0.0625 0.030048076923076924
0 0.5168269230769231 0.28966346153846156 0.03245192307692308 0.02403846153846154
0 0.5721153846153846 0.2848557692307692 0.040865384615384616 0.036057692307692304
0 0.6225961538461539 0.29086538461538464 0.03125 0.028846153846153848
0 0.7043269230769231 0.25841346153846156 0.042067307692307696 0.018028846153846152
0 0.7043269230769231 0.28365384615384615 0.042067307692307696 0.028846153846153848
0 0.7800480769230769 0.2668269230769231 0.06490384615384616 0.056490384615384616
0 0.8641826923076923 0.2860576923076923 0.046875 0.02403846153846154
0 0.9819711538461539 0.2692307692307692 0.03125 0.057692307692307696
0 0.9254807692307693 0.26802884615384615 0.06610576923076923 0.055288461538461536
0 0.02283653846153846 0.35216346153846156 0.040865384615384616 0.036057692307692304
0 0.021634615384615384 0.3942307692307692 0.037259615384615384 0.04447115384615385
0 0.24278846153846154 0.28846153846153844 0.0625 0.036057692307692304
0 0.23197115384615385 0.24879807692307693 0.06610576923076923 0.038461538461538464
0 0.8329326923076923 0.453125 0.04807692307692308 0.03125
0 0.8858173076923077 0.453125 0.040865384615384616 0.025240384615384616
0 0.2980769230769231 0.4807692307692308 0.037259615384615384 0.06610576923076923
0 0.35096153846153844 0.4951923076923077 0.054086538461538464 0.046875
0 0.46634615384615385 0.4951923076923077 0.054086538461538464 0.04326923076923077
0 0.4098557692307692 0.4963942307692308 0.054086538461538464 0.04326923076923077
0 0.46274038461538464 0.453125 0.051682692307692304 0.03365384615384615
0 0.4026442307692308 0.45552884615384615 0.055288461538461536 0.030048076923076924
0 0.6442307692307693 0.4963942307692308 0.055288461538461536 0.03485576923076923
0 0.5841346153846154 0.49759615384615385 0.052884615384615384 0.03485576923076923
0 0.07692307692307693 0.39302884615384615 0.06370192307692307 0.04567307692307692
0 0.5240384615384616 0.49759615384615385 0.054086538461538464 0.03125
0 0.5865384615384616 0.45913461538461536 0.04927884615384615 0.038461538461538464
0 0.5240384615384616 0.4567307692307692 0.054086538461538464 0.039663461538461536
0 0.6983173076923077 0.484375 0.056490384615384616 0.057692307692307696
0 0.9350961538461539 0.49278846153846156 0.046875 0.02403846153846154
0 0.8822115384615384 0.49399038461538464 0.04447115384615385 0.02403846153846154
0 0.8221153846153846 0.49399038461538464 0.05889423076923077 0.03125
0 0.7620192307692307 0.49759615384615385 0.054086538461538464 0.03245192307692308
0 0.9399038461538461 0.44711538461538464 0.056490384615384616 0.025240384615384616
0 0.6442307692307693 0.4567307692307692 0.055288461538461536 0.036057692307692304
0 0.140625 0.35096153846153844 0.04927884615384615 0.037259615384615384
0 0.13822115384615385 0.39302884615384615 0.05889423076923077 0.04567307692307692
0 0.19951923076923078 0.34615384615384615 0.05889423076923077 0.042067307692307696
0 0.04927884615384615 0.49158653846153844 0.06610576923076923 0.04447115384615385
0 0.06370192307692307 0.5600961538461539 0.06850961538461539 0.037259615384615384
0 0.07572115384615384 0.5973557692307693 0.07451923076923077 0.036057692307692304
0 0.16346153846153846 0.5552884615384616 0.09495192307692307 0.037259615384615384
0 0.16346153846153846 0.5949519230769231 0.08413461538461539 0.038461538461538464
0 0.24158653846153846 0.5745192307692307 0.04807692307692308 0.07211538461538461
0 0.28846153846153844 0.5721153846153846 0.04447115384615385 0.07211538461538461
0 0.33052884615384615 0.5721153846153846 0.038461538461538464 0.07211538461538461
0 0.11538461538461539 0.48197115384615385 0.04567307692307692 0.07091346153846154
0 0.3737980769230769 0.5709134615384616 0.042067307692307696 0.06971153846153846
0 0.4807692307692308 0.546875 0.04807692307692308 0.028846153846153848
0 0.484375 0.5901442307692307 0.04567307692307692 0.03365384615384615
0 0.5384615384615384 0.5540865384615384 0.055288461538461536 0.038461538461538464
0 0.5384615384615384 0.5913461538461539 0.04927884615384615 0.03485576923076923
0 0.59375 0.5697115384615384 0.04447115384615385 0.07211538461538461
0 0.6382211538461539 0.5697115384615384 0.038461538461538464 0.07091346153846154
0 0.6875 0.5673076923076923 0.03245192307692308 0.07572115384615384
0 0.734375 0.5721153846153846 0.05048076923076923 0.021634615384615384
0 0.4254807692307692 0.5913461538461539 0.054086538461538464 0.037259615384615384
0 0.7848557692307693 0.5697115384615384 0.04807692307692308 0.020432692307692308
0 0.15865384615384615 0.48197115384615385 0.03365384615384615 0.07211538461538461
0 0.2548076923076923 0.484375 0.03365384615384615 0.0625
0 0.1971153846153846 0.3942307692307692 0.06009615384615385 0.04447115384615385
0 0.26322115384615385 0.3894230769230769 0.051682692307692304 0.05048076923076923
0 0.7560096153846154 0.4543269230769231 0.05048076923076923 0.026442307692307692
0 0.9098557692307693 0.38341346153846156 0.046875 0.04927884615384615
0 0.8449519230769231 0.38822115384615385 0.052884615384615384 0.042067307692307696
0 0.8461538461538461 0.33774038461538464 0.06129807692307692 0.039663461538461536
0 0.7776442307692307 0.38822115384615385 0.054086538461538464 0.040865384615384616
0 0.2091346153846154 0.4807692307692308 0.046875 0.08052884615384616
0 0.7740384615384616 0.3401442307692308 0.06490384615384616 0.040865384615384616
0 0.65625 0.3894230769230769 0.054086538461538464 0.039663461538461536
0 0.6959134615384616 0.3473557692307692 0.056490384615384616 0.03485576923076923
0 0.5997596153846154 0.3858173076923077 0.04927884615384615 0.042067307692307696
0 0.546875 0.38822115384615385 0.055288461538461536 0.04326923076923077
0 0.484375 0.3870192307692308 0.052884615384615384 0.04567307692307692
0 0.43149038461538464 0.3737980769230769 0.042067307692307696 0.055288461538461536
0 0.37740384615384615 0.3762019230769231 0.05048076923076923 0.07211538461538461
0 0.31850961538461536 0.39903846153846156 0.05889423076923077 0.025240384615384616
0 0.7163461538461539 0.390625 0.046875 0.03485576923076923