0 0.5240384615384616 0.45072115384615385 0.06610576923076923 0.057692307692307696
0 0.421875 0.4423076923076923 0.04447115384615385 0.055288461538461536
0 0.4675480769230769 0.4495192307692308 0.04807692307692308 0.0625
0 0.49038461538461536 0.9074519230769231 0.05048076923076923 0.08052884615384616
0 0.37740384615384615 0.4423076923076923 0.04326923076923077 0.055288461538461536
0 0.7391826923076923 0.46634615384615385 0.07451923076923077 0.06490384615384616
0 0.8557692307692307 0.359375 0.11658653846153846 0.046875
0 0.8605769230769231 0.5348557692307693 0.051682692307692304 0.11778846153846154
0 0.9326923076923077 0.5384615384615384 0.06610576923076923 0.10817307692307693
0 0.9519230769230769 0.33774038461538464 0.07572115384615384 0.0625
0 0.8569711538461539 0.4098557692307692 0.11778846153846154 0.052884615384615384
0 0.7439903846153846 0.36177884615384615 0.08653846153846154 0.10817307692307693
0 0.33533653846153844 0.43990384615384615 0.039663461538461536 0.054086538461538464
0 0.8088942307692307 0.5276442307692307 0.054086538461538464 0.10336538461538461
0 0.2932692307692308 0.4326923076923077 0.04567307692307692 0.052884615384615384
0 0.09254807692307693 0.53125 0.018028846153846152 0.04567307692307692
0 0.20793269230769232 0.42788461538461536 0.036057692307692304 0.051682692307692304
0 0.16947115384615385 0.4266826923076923 0.040865384615384616 0.055288461538461536
0 0.13221153846153846 0.4230769230769231 0.03365384615384615 0.046875
0 0.1045673076923077 0.4362980769230769 0.019230769230769232 0.0733173076923077
0 0.08653846153846154 0.4338942307692308 0.018028846153846152 0.06971153846153846
0 0.06610576923076923 0.42908653846153844 0.021634615384615384 0.08052884615384616
0 0.039663461538461536 0.42788461538461536 0.03125 0.07932692307692307
0 0.015625 0.5120192307692307 0.03125 0.06370192307692307
0 0.04807692307692308 0.5240384615384616 0.02403846153846154 0.04927884615384615
0 0.0733173076923077 0.5288461538461539 0.020432692307692308 0.039663461538461536
0 0.6538461538461539 0.35697115384615385 0.09375 0.0985576923076923
0 0.12259615384615384 0.4963942307692308 0.037259615384615384 0.04927884615384615
0 0.15865384615384615 0.4987980769230769 0.03245192307692308 0.052884615384615384
0 0.19951923076923078 0.5 0.04807692307692308 0.04807692307692308
0 0.25 0.43028846153846156 0.04326923076923077 0.054086538461538464
0 0.5769230769230769 0.36658653846153844 0.06129807692307692 0.07932692307692307
0 0.36538461538461536 0.8004807692307693 0.028846153846153848 0.028846153846153848
0 0.46634615384615385 0.3629807692307692 0.055288461538461536 0.078125
0 0.16105769230769232 0.7319711538461539 0.025240384615384616 0.05889423076923077
0 0.13221153846153846 0.7271634615384616 0.03245192307692308 0.0673076923076923
0 0.09495192307692307 0.7091346153846154 0.02403846153846154 0.04567307692307692
0 0.07211538461538461 0.7091346153846154 0.021634615384615384 0.046875
0 0.05048076923076923 0.703125 0.020432692307692308 0.04447115384615385
0 0.027644230769230768 0.6947115384615384 0.020432692307692308 0.040865384615384616
0 0.1875 0.7427884615384616 0.028846153846153848 0.07091346153846154
0 0.06370192307692307 0.8052884615384616 0.02403846153846154 0.07211538461538461
0 0.021634615384615384 0.7932692307692307 0.014423076923076924 0.06370192307692307
0 0.625 0.0889423076923077 0.06490384615384616 0.11658653846153846
0 0.5661057692307693 0.09615384615384616 0.046875 0.10576923076923077
0 0.5132211538461539 0.0985576923076923 0.06009615384615385 0.109375
0 0.4567307692307692 0.0985576923076923 0.05048076923076923 0.10817307692307693
0 0.4074519230769231 0.109375 0.04807692307692308 0.09254807692307693
0 0.039663461538461536 0.796875 0.02403846153846154 0.057692307692307696
0 0.5204326923076923 0.3641826923076923 0.054086538461538464 0.07451923076923077
0 0.22235576923076922 0.7451923076923077 0.042067307692307696 0.06610576923076923
0 0.2848557692307692 0.7572115384615384 0.03245192307692308 0.06971153846153846
0 0.44471153846153844 0.9026442307692307 0.040865384615384616 0.09134615384615384
0 0.39663461538461536 0.8846153846153846 0.055288461538461536 0.08653846153846154
0 0.34375 0.8653846153846154 0.046875 0.08774038461538461
0 0.296875 0.8569711538461539 0.046875 0.0733173076923077
0 0.24879807692307693 0.8413461538461539 0.04567307692307692 0.09014423076923077
0 0.20552884615384615 0.8329326923076923 0.040865384615384616 0.07572115384615384
0 0.2548076923076923 0.7512019230769231 0.025240384615384616 0.06971153846153846
0 0.16706730769230768 0.8329326923076923 0.036057692307692304 0.07451923076923077
0 0.09615384615384616 0.8125 0.039663461538461536 0.06610576923076923
0 0.390625 0.8040865384615384 0.018028846153846152 0.025240384615384616
0 0.2800480769230769 0.5132211538461539 0.037259615384615384 0.056490384615384616
0 0.3401442307692308 0.7908653846153846 0.020432692307692308 0.026442307692307692
0 0.3161057692307692 0.7872596153846154 0.025240384615384616 0.021634615384615384
0 0.3581730769230769 0.7608173076923077 0.03485576923076923 0.026442307692307692
0 0.1346153846153846 0.8233173076923077 0.027644230769230768 0.056490384615384616
0 0.3233173076923077 0.5180288461538461 0.04326923076923077 0.04807692307692308
0 0.5252403846153846 0.6177884615384616 0.042067307692307696 0.05048076923076923
0 0.4230769230769231 0.5252403846153846 0.046875 0.04927884615384615
0 0.6983173076923077 0.8569711538461539 0.055288461538461536 0.05889423076923077
0 0.6490384615384616 0.8485576923076923 0.04447115384615385 0.07211538461538461
0 0.6033653846153846 0.8341346153846154 0.04326923076923077 0.06610576923076923
0 0.5576923076923077 0.8233173076923077 0.04807692307692308 0.06129807692307692
0 0.41225961538461536 0.36177884615384615 0.05048076923076923 0.07211538461538461
0 0.3605769230769231 0.3581730769230769 0.051682692307692304 0.07091346153846154
0 0.31009615384615385 0.35697115384615385 0.04807692307692308 0.0733173076923077
0 0.26322115384615385 0.3545673076923077 0.04447115384615385 0.06850961538461539
0 0.171875 0.34975961538461536 0.037259615384615384 0.06490384615384616
0 0.12980769230769232 0.3485576923076923 0.046875 0.06850961538461539
0 0.03365384615384615 0.33413461538461536 0.027644230769230768 0.06490384615384616
0 0.009615384615384616 0.3317307692307692 0.019230769230769232 0.06971153846153846
0 0.020432692307692308 0.24639423076923078 0.03485576923076923 0.07091346153846154
0 0.057692307692307696 0.24759615384615385 0.039663461538461536 0.0733173076923077
0 0.12379807692307693 0.2512019230769231 0.025240384615384616 0.05889423076923077
0 0.1502403846153846 0.25240384615384615 0.026442307692307692 0.05889423076923077
0 0.17427884615384615 0.2536057692307692 0.02403846153846154 0.06129807692307692
0 0.35697115384615385 0.1141826923076923 0.052884615384615384 0.08533653846153846
0 0.6887019230769231 0.08653846153846154 0.06009615384615385 0.11057692307692307
0 0.7475961538461539 0.0985576923076923 0.04807692307692308 0.08533653846153846
0 0.796875 0.09375 0.051682692307692304 0.08653846153846154
0 0.8822115384615384 0.1201923076923077 0.12259615384615384 0.039663461538461536
0 0.9302884615384616 0.26322115384615385 0.109375 0.08653846153846154
0 0.8245192307692307 0.9206730769230769 0.19831730769230768 0.15745192307692307
0 0.8209134615384616 0.2764423076923077 0.057692307692307696 0.052884615384615384
0 0.43509615384615385 0.23677884615384615 0.05889423076923077 0.10096153846153846
0 0.37740384615384615 0.23677884615384615 0.056490384615384616 0.09975961538461539
0 0.3269230769230769 0.23918269230769232 0.04326923076923077 0.09375
0 0.27884615384615385 0.23798076923076922 0.052884615384615384 0.09495192307692307
0 0.23317307692307693 0.2536057692307692 0.03125 0.0625
0 0.20192307692307693 0.25240384615384615 0.03125 0.06129807692307692
0 0.5240384615384616 0.2512019230769231 0.04807692307692308 0.06850961538461539
0 0.7115384615384616 0.7463942307692307 0.06610576923076923 0.05889423076923077
0 0.6514423076923077 0.7367788461538461 0.05048076923076923 0.06370192307692307
0 0.5985576923076923 0.7283653846153846 0.04807692307692308 0.057692307692307696
0 0.3137019230769231 0.5901442307692307 0.046875 0.051682692307692304
0 0.36177884615384615 0.5949519230769231 0.04807692307692308 0.056490384615384616
0 0.4387019230769231 0.6057692307692307 0.04927884615384615 0.04927884615384615
0 0.48197115384615385 0.6105769230769231 0.038461538461538464 0.06009615384615385
0 0.5685096153846154 0.6237980769230769 0.042067307692307696 0.06370192307692307
0 0.6201923076923077 0.6322115384615384 0.057692307692307696 0.051682692307692304
0 0.27283653846153844 0.5865384615384616 0.03365384615384615 0.05889423076923077
0 0.6730769230769231 0.6382211538461539 0.04807692307692308 0.06370192307692307
0 0.7271634615384616 0.5528846153846154 0.055288461538461536 0.054086538461538464
0 0.6742788461538461 0.5528846153846154 0.05048076923076923 0.054086538461538464
0 0.6201923076923077 0.5444711538461539 0.06009615384615385 0.056490384615384616
0 0.5649038461538461 0.5384615384615384 0.05048076923076923 0.05889423076923077
0 0.515625 0.5384615384615384 0.04927884615384615 0.055288461538461536
0 0.4675480769230769 0.53125 0.04326923076923077 0.05889423076923077
0 0.7319711538461539 0.6442307692307693 0.06971153846153846 0.06129807692307692
0 0.36658653846153844 0.5192307692307693 0.040865384615384616 0.054086538461538464
0 0.23557692307692307 0.5817307692307693 0.04326923076923077 0.051682692307692304
0 0.1622596153846154 0.5709134615384616 0.038461538461538464 0.04807692307692308
0 0.5528846153846154 0.7223557692307693 0.04447115384615385 0.06490384615384616
0 0.5024038461538461 0.703125 0.05048076923076923 0.0625
0 0.453125 0.6971153846153846 0.040865384615384616 0.06610576923076923
0 0.4050480769230769 0.6875 0.04807692307692308 0.057692307692307696
0 0.359375 0.6826923076923077 0.042067307692307696 0.06850961538461539
0 0.3112980769230769 0.6754807692307693 0.05048076923076923 0.06129807692307692
0 0.1971153846153846 0.5745192307692307 0.03245192307692308 0.052884615384615384
0 0.26322115384615385 0.6658653846153846 0.042067307692307696 0.06490384615384616
0 0.18028846153846154 0.6490384615384616 0.042067307692307696 0.06610576923076923
0 0.13221153846153846 0.6442307692307693 0.05048076923076923 0.055288461538461536
0 0.04326923076923077 0.6478365384615384 0.04326923076923077 0.046875
0 0.08653846153846154 0.6526442307692307 0.036057692307692304 0.042067307692307696
0 0.09014423076923077 0.6081730769230769 0.037259615384615384 0.038461538461538464
0 0.04807692307692308 0.6033653846153846 0.038461538461538464 0.04447115384615385
0 0.21995192307692307 0.65625 0.040865384615384616 0.054086538461538464
0 0.29927884615384615 0.11778846153846154 0.056490384615384616 0.09014423076923077
0 0.21514423076923078 0.35216346153846156 0.046875 0.07091346153846154
0 0.21514423076923078 0.1201923076923077 0.042067307692307696 0.09014423076923077
0 0.2536057692307692 0.11899038461538461 0.036057692307692304 0.08653846153846154
0 0.5456730769230769 0.9194711538461539 0.05889423076923077 0.0889423076923077
0 0.6057692307692307 0.9399038461538461 0.0625 0.10817307692307693
0 0.43149038461538464 0.8004807692307693 0.06370192307692307 0.054086538461538464
0 0.019230769230769232 0.1502403846153846 0.028846153846153848 0.09495192307692307
0 0.6730769230769231 0.953125 0.06971153846153846 0.08653846153846154
0 0.07451923076923077 0.1466346153846154 0.027644230769230768 0.0985576923076923
0 0.09735576923076923 0.14423076923076922 0.021634615384615384 0.10096153846153846
0 0.12740384615384615 0.125 0.038461538461538464 0.08533653846153846
0 0.16947115384615385 0.11658653846153846 0.04567307692307692 0.09615384615384616
0 0.046875 0.14903846153846154 0.027644230769230768 0.09375