0 0.24639423076923078 0.4699519230769231 0.0889423076923077 0.04447115384615385
0 0.24158653846153846 0.4230769230769231 0.06971153846153846 0.04447115384615385
0 0.14903846153846154 0.47115384615384615 0.0985576923076923 0.046875
0 0.13581730769230768 0.4206730769230769 0.078125 0.038461538461538464
0 0.046875 0.47475961538461536 0.09375 0.04567307692307692
0 0.03125 0.3557692307692308 0.0625 0.046875
0 0.04447115384615385 0.42427884615384615 0.08774038461538461 0.04927884615384615
0 0.33052884615384615 0.41947115384615385 0.09014423076923077 0.04447115384615385
0 0.4963942307692308 0.45913461538461536 0.07692307692307693 0.038461538461538464
0 0.4098557692307692 0.46153846153846156 0.0625 0.038461538461538464
0 0.48677884615384615 0.5216346153846154 0.06610576923076923 0.038461538461538464
0 0.4098557692307692 0.5276442307692307 0.078125 0.03365384615384615
0 0.6237980769230769 0.5480769230769231 0.06009615384615385 0.037259615384615384
0 0.5588942307692307 0.5576923076923077 0.0625 0.036057692307692304
0 0.6862980769230769 0.546875 0.054086538461538464 0.03485576923076923
0 0.9771634615384616 0.49278846153846156 0.036057692307692304 0.026442307692307692
0 0.9747596153846154 0.5276442307692307 0.03485576923076923 0.030048076923076924
0 0.9254807692307693 0.5336538461538461 0.046875 0.03245192307692308
0 0.9314903846153846 0.5 0.046875 0.03125
0 0.875 0.5384615384615384 0.05048076923076923 0.036057692307692304
0 0.8677884615384616 0.5 0.056490384615384616 0.03245192307692308
0 0.796875 0.5336538461538461 0.019230769230769232 0.03485576923076923
0 0.75 0.5396634615384616 0.057692307692307696 0.040865384615384616
0 0.7536057692307693 0.5048076923076923 0.056490384615384616 0.02403846153846154
0 0.9795673076923077 0.44471153846153844 0.038461538461538464 0.030048076923076924
0 0.9783653846153846 0.40865384615384615 0.038461538461538464 0.03125
0 0.9314903846153846 0.44711538461538464 0.05048076923076923 0.03485576923076923
0 0.9266826923076923 0.4110576923076923 0.051682692307692304 0.03485576923076923
0 0.7980769230769231 0.4495192307692308 0.11298076923076923 0.036057692307692304
0 0.625 0.45552884615384615 0.07211538461538461 0.03365384615384615
0 0.6153846153846154 0.4182692307692308 0.057692307692307696 0.025240384615384616
0 0.33413461538461536 0.46634615384615385 0.08173076923076923 0.04326923076923077
0 0.13701923076923078 0.35336538461538464 0.10096153846153846 0.046875
0 0.296875 0.21875 0.037259615384615384 0.07692307692307693
0 0.23918269230769232 0.35336538461538464 0.09375 0.04927884615384615
0 0.5745192307692307 0.23677884615384615 0.11298076923076923 0.057692307692307696
0 0.5336538461538461 0.16346153846153846 0.10576923076923077 0.05048076923076923
0 0.43509615384615385 0.21394230769230768 0.04447115384615385 0.09615384615384616
0 0.38221153846153844 0.20793269230769232 0.046875 0.1045673076923077
0 0.33774038461538464 0.22115384615384615 0.036057692307692304 0.07572115384615384
0 0.4098557692307692 0.5685096153846154 0.078125 0.04447115384615385
0 0.25721153846153844 0.21394230769230768 0.039663461538461536 0.0829326923076923
0 0.21995192307692307 0.22235576923076922 0.028846153846153848 0.06370192307692307
0 0.1875 0.21875 0.03485576923076923 0.06490384615384616
0 0.15625 0.21995192307692307 0.028846153846153848 0.06490384615384616
0 0.09975961538461539 0.2127403846153846 0.07692307692307693 0.07211538461538461
0 0.1045673076923077 0.14182692307692307 0.07932692307692307 0.06610576923076923
0 0.03125 0.2127403846153846 0.05889423076923077 0.07692307692307693
0 0.027644230769230768 0.13701923076923078 0.055288461538461536 0.0733173076923077
0 0.02403846153846154 0.07451923076923077 0.046875 0.04927884615384615
0 0.6454326923076923 0.18629807692307693 0.08653846153846154 0.03485576923076923
0 0.14543269230769232 0.3016826923076923 0.09134615384615384 0.04567307692307692
0 0.7163461538461539 0.14903846153846154 0.0829326923076923 0.05889423076923077
0 0.8317307692307693 0.21153846153846154 0.05889423076923077 0.03245192307692308
0 0.31971153846153844 0.3545673076923077 0.0625 0.039663461538461536
0 0.453125 0.35096153846153844 0.14423076923076922 0.04447115384615385
0 0.32572115384615385 0.3173076923076923 0.06610576923076923 0.03245192307692308
0 0.4014423076923077 0.31490384615384615 0.0625 0.02403846153846154
0 0.5877403846153846 0.35336538461538464 0.057692307692307696 0.046875
0 0.6742788461538461 0.3485576923076923 0.0625 0.054086538461538464
0 0.7463942307692307 0.34975961538461536 0.04807692307692308 0.04927884615384615
0 0.9675480769230769 0.35096153846153844 0.06370192307692307 0.04927884615384615
0 0.9663461538461539 0.26322115384615385 0.06610576923076923 0.04927884615384615
0 0.9699519230769231 0.22355769230769232 0.055288461538461536 0.028846153846153848
0 0.8918269230769231 0.25841346153846156 0.0733173076923077 0.055288461538461536
0 0.9002403846153846 0.21394230769230768 0.06971153846153846 0.03365384615384615
0 0.9038461538461539 0.16826923076923078 0.06490384615384616 0.04927884615384615
0 0.7620192307692307 0.24879807692307693 0.078125 0.0625
0 0.8353365384615384 0.16346153846153846 0.06610576923076923 0.05889423076923077
0 0.6754807692307693 0.23918269230769232 0.07572115384615384 0.06129807692307692
0 0.4879807692307692 0.5625 0.0733173076923077 0.040865384615384616
0 0.484375 0.22956730769230768 0.04447115384615385 0.07091346153846154
0 0.24519230769230768 0.5348557692307693 0.09134615384615384 0.04927884615384615
0 0.7163461538461539 0.6862980769230769 0.05048076923076923 0.02403846153846154
0 0.6983173076923077 0.7259615384615384 0.05889423076923077 0.04567307692307692
0 0.6322115384615384 0.7451923076923077 0.0625 0.037259615384615384
0 0.8353365384615384 0.6959134615384616 0.06129807692307692 0.04326923076923077
0 0.9002403846153846 0.6971153846153846 0.037259615384615384 0.039663461538461536
0 0.9302884615384616 0.6959134615384616 0.018028846153846152 0.03125
0 0.9194711538461539 0.6165865384615384 0.03245192307692308 0.038461538461538464
0 0.8713942307692307 0.6237980769230769 0.04927884615384615 0.037259615384615384
0 0.8497596153846154 0.5865384615384616 0.054086538461538464 0.02403846153846154
0 0.7620192307692307 0.6370192307692307 0.056490384615384616 0.037259615384615384
0 0.7596153846153846 0.7199519230769231 0.055288461538461536 0.046875
0 0.7572115384615384 0.5997596153846154 0.05889423076923077 0.03125
0 0.6646634615384616 0.5997596153846154 0.06610576923076923 0.027644230769230768
0 0.6286057692307693 0.6502403846153846 0.0625 0.03485576923076923
0 0.5600961538461539 0.65625 0.06610576923076923 0.03365384615384615
0 0.47475961538461536 0.6538461538461539 0.04927884615384615 0.03125
0 0.4110576923076923 0.6694711538461539 0.07692307692307693 0.03125
0 0.33533653846153844 0.6826923076923077 0.06850961538461539 0.042067307692307696
0 0.3329326923076923 0.6358173076923077 0.078125 0.03485576923076923
0 0.2512019230769231 0.6923076923076923 0.0889423076923077 0.042067307692307696
0 0.1622596153846154 0.6995192307692307 0.0889423076923077 0.04807692307692308
0 0.14182692307692307 0.6490384615384616 0.078125 0.028846153846153848
0 0.6899038461538461 0.6382211538461539 0.056490384615384616 0.03365384615384615
0 0.056490384615384616 0.6610576923076923 0.08653846153846154 0.03245192307692308
0 0.5588942307692307 0.7127403846153846 0.06971153846153846 0.04326923076923077
0 0.4831730769230769 0.7620192307692307 0.06009615384615385 0.052884615384615384
0 0.8774038461538461 0.7992788461538461 0.0673076923076923 0.038461538461538464
0 0.8822115384615384 0.7632211538461539 0.06009615384615385 0.03125
0 0.7836538461538461 0.8233173076923077 0.07211538461538461 0.04447115384615385
0 0.7668269230769231 0.7800480769230769 0.054086538461538464 0.03125
0 0.7055288461538461 0.8293269230769231 0.0625 0.036057692307692304
0 0.7019230769230769 0.7920673076923077 0.055288461538461536 0.03365384615384615
0 0.6418269230769231 0.8377403846153846 0.042067307692307696 0.04927884615384615
0 0.5841346153846154 0.8545673076923077 0.07211538461538461 0.04447115384615385
0 0.5829326923076923 0.8125 0.06610576923076923 0.036057692307692304
0 0.3245192307692308 0.5673076923076923 0.0625 0.042067307692307696
0 0.5649038461538461 0.7584134615384616 0.07211538461538461 0.04567307692307692
0 0.9675480769230769 0.7716346153846154 0.06370192307692307 0.037259615384615384
0 0.5 0.8245192307692307 0.0673076923076923 0.03485576923076923
0 0.43509615384615385 0.8810096153846154 0.06850961538461539 0.04927884615384615
0 0.41346153846153844 0.8329326923076923 0.06370192307692307 0.02283653846153846
0 0.3581730769230769 0.8978365384615384 0.07451923076923077 0.046875
0 0.2704326923076923 0.9098557692307693 0.08173076923076923 0.05889423076923077
0 0.18389423076923078 0.9266826923076923 0.08173076923076923 0.055288461538461536
0 0.08774038461538461 0.9411057692307693 0.10216346153846154 0.06009615384615385
0 0.06971153846153846 0.8221153846153846 0.08774038461538461 0.052884615384615384
0 0.1622596153846154 0.8076923076923077 0.09014423076923077 0.054086538461538464
0 0.25240384615384615 0.796875 0.078125 0.05048076923076923
0 0.5060096153846154 0.8689903846153846 0.06129807692307692 0.038461538461538464
0 0.04807692307692308 0.5925480769230769 0.09254807692307693 0.04447115384615385
0 0.06370192307692307 0.7115384615384616 0.09615384615384616 0.052884615384615384
0 0.04326923076923077 0.5420673076923077 0.08653846153846154 0.055288461538461536
0 0.140625 0.5384615384615384 0.0889423076923077 0.042067307692307696
0 0.24639423076923078 0.5865384615384616 0.0889423076923077 0.040865384615384616
0 0.14302884615384615 0.5865384615384616 0.08653846153846154 0.04326923076923077