0 0.6923076923076923 0.7259615384615384 0.06490384615384616 0.04807692307692308
0 0.9387019230769231 0.9134615384615384 0.0673076923076923 0.06610576923076923
0 0.9326923076923077 0.9747596153846154 0.06610576923076923 0.04927884615384615
0 0.6322115384615384 0.4951923076923077 0.02403846153846154 0.0829326923076923
0 0.6574519230769231 0.5 0.02283653846153846 0.09134615384615384
0 0.6826923076923077 0.5024038461538461 0.027644230769230768 0.08653846153846154
0 0.7091346153846154 0.5048076923076923 0.026442307692307692 0.09495192307692307
0 0.7391826923076923 0.5072115384615384 0.030048076923076924 0.09615384615384616
0 0.7692307692307693 0.5120192307692307 0.028846153846153848 0.10576923076923077
0 0.8004807692307693 0.5144230769230769 0.037259615384615384 0.10216346153846154
0 0.8737980769230769 0.5228365384615384 0.03365384615384615 0.1141826923076923
0 0.8521634615384616 0.8269230769230769 0.06850961538461539 0.06129807692307692
0 0.84375 0.6947115384615384 0.06971153846153846 0.06610576923076923
0 0.7992788461538461 0.6141826923076923 0.18870192307692307 0.056490384615384616
0 0.7235576923076923 0.6706730769230769 0.056490384615384616 0.04807692307692308
0 0.78125 0.6778846153846154 0.054086538461538464 0.057692307692307696
0 0.7536057692307693 0.8401442307692307 0.0625 0.054086538461538464
0 0.7427884615384616 0.8978365384615384 0.046875 0.04807692307692308
0 0.7992788461538461 0.9182692307692307 0.051682692307692304 0.06370192307692307
0 0.8677884615384616 0.890625 0.06850961538461539 0.05048076923076923
0 0.8617788461538461 0.9507211538461539 0.06370192307692307 0.06009615384615385
0 0.9194711538461539 0.7115384615384616 0.06971153846153846 0.07091346153846154
0 0.8365384615384616 0.5168269230769231 0.03365384615384615 0.10697115384615384
0 0.6418269230769231 0.8521634615384616 0.04447115384615385 0.046875
0 0.6887019230769231 0.8197115384615384 0.05048076923076923 0.04447115384615385
0 0.5036057692307693 0.75 0.039663461538461536 0.037259615384615384
0 0.4651442307692308 0.7355769230769231 0.03365384615384615 0.03365384615384615
0 0.5120192307692307 0.703125 0.040865384615384616 0.04326923076923077
0 0.4699519230769231 0.6935096153846154 0.03125 0.04326923076923077
0 0.5060096153846154 0.7932692307692307 0.037259615384615384 0.039663461538461536
0 0.4699519230769231 0.7776442307692307 0.030048076923076924 0.042067307692307696
0 0.4375 0.7632211538461539 0.030048076923076924 0.036057692307692304
0 0.6646634615384616 0.6490384615384616 0.04807692307692308 0.046875
0 0.6105769230769231 0.6370192307692307 0.042067307692307696 0.05048076923076923
0 0.5673076923076923 0.625 0.040865384615384616 0.04807692307692308
0 0.6646634615384616 0.5949519230769231 0.057692307692307696 0.055288461538461536
0 0.6105769230769231 0.5841346153846154 0.042067307692307696 0.051682692307692304
0 0.5661057692307693 0.5745192307692307 0.042067307692307696 0.04807692307692308
0 0.6875 0.7728365384615384 0.05048076923076923 0.04567307692307692
0 0.5240384615384616 0.6129807692307693 0.039663461538461536 0.04567307692307692
0 0.4483173076923077 0.5973557692307693 0.028846153846153848 0.03125
0 0.515625 0.5673076923076923 0.04807692307692308 0.040865384615384616
0 0.4723557692307692 0.5625 0.03485576923076923 0.042067307692307696
0 0.4170673076923077 0.59375 0.03245192307692308 0.03245192307692308
0 0.4230769230769231 0.5552884615384616 0.039663461538461536 0.04567307692307692
0 0.5889423076923077 0.8269230769230769 0.040865384615384616 0.046875
0 0.5516826923076923 0.8076923076923077 0.03485576923076923 0.04567307692307692
0 0.5889423076923077 0.7788461538461539 0.04567307692307692 0.04807692307692308
0 0.5504807692307693 0.7632211538461539 0.028846153846153848 0.042067307692307696
0 0.6081730769230769 0.49278846153846156 0.02283653846153846 0.0889423076923077
0 0.6382211538461539 0.8004807692307693 0.04447115384615385 0.046875
0 0.640625 0.7524038461538461 0.046875 0.04567307692307692
0 0.6911057692307693 0.8713942307692307 0.04807692307692308 0.042067307692307696
0 0.4831730769230769 0.6045673076923077 0.03365384615384615 0.040865384615384616
0 0.5853365384615384 0.4879807692307692 0.02403846153846154 0.08173076923076923
0 0.6826923076923077 0.18389423076923078 0.04447115384615385 0.14783653846153846
0 0.5384615384615384 0.48197115384615385 0.019230769230769232 0.07932692307692307
0 0.5625 0.484375 0.02403846153846154 0.0889423076923077
0 0.640625 0.18870192307692307 0.042067307692307696 0.15144230769230768
0 0.59375 0.19831730769230768 0.04927884615384615 0.13221153846153846
0 0.546875 0.20192307692307693 0.040865384615384616 0.12980769230769232
0 0.5072115384615384 0.20673076923076922 0.037259615384615384 0.12139423076923077
0 0.4735576923076923 0.21394230769230768 0.03245192307692308 0.125
0 0.4387019230769231 0.21394230769230768 0.037259615384615384 0.12259615384615384
0 0.7283653846153846 0.17668269230769232 0.04567307692307692 0.15985576923076922
0 0.7776442307692307 0.16947115384615385 0.055288461538461536 0.15625
0 0.8377403846153846 0.1658653846153846 0.06009615384615385 0.16346153846153846
0 0.9086538461538461 0.14783653846153846 0.07211538461538461 0.15865384615384615
0 0.9711538461538461 0.1466346153846154 0.052884615384615384 0.16346153846153846
0 0.44711538461538464 0.359375 0.037259615384615384 0.11057692307692307
0 0.47596153846153844 0.36177884615384615 0.03485576923076923 0.11057692307692307
0 0.5072115384615384 0.3629807692307692 0.028846153846153848 0.1201923076923077
0 0.9206730769230769 0.36658653846153844 0.06370192307692307 0.15384615384615385
0 0.5769230769230769 0.3629807692307692 0.036057692307692304 0.12740384615384615
0 0.4951923076923077 0.47596153846153844 0.025240384615384616 0.08173076923076923
0 0.47475961538461536 0.47596153846153844 0.014423076923076924 0.07572115384615384
0 0.4579326923076923 0.47475961538461536 0.019230769230769232 0.06971153846153846
0 0.43990384615384615 0.4723557692307692 0.018028846153846152 0.07572115384615384
0 0.9567307692307693 0.5276442307692307 0.04927884615384615 0.109375
0 0.5180288461538461 0.47836538461538464 0.019230769230769232 0.08533653846153846
0 0.9110576923076923 0.5264423076923077 0.039663461538461536 0.11298076923076923
0 0.5396634615384616 0.36177884615384615 0.036057692307692304 0.12259615384615384
0 0.9759615384615384 0.36177884615384615 0.046875 0.15865384615384615
0 0.8569711538461539 0.3641826923076923 0.06370192307692307 0.15384615384615385
0 0.8016826923076923 0.36658653846153844 0.04807692307692308 0.1502403846153846
0 0.7512019230769231 0.36538461538461536 0.054086538461538464 0.15264423076923078
0 0.703125 0.3629807692307692 0.039663461538461536 0.14783653846153846
0 0.6622596153846154 0.36538461538461536 0.039663461538461536 0.14423076923076922
0 0.6177884615384616 0.36177884615384615 0.04927884615384615 0.13221153846153846