0 0.06610576923076923 0.18389423076923078 0.037259615384615384 0.09014423076923077
0 0.22716346153846154 0.36177884615384615 0.03245192307692308 0.06370192307692307
0 0.19831730769230768 0.359375 0.025240384615384616 0.05889423076923077
0 0.16826923076923078 0.359375 0.03125 0.055288461538461536
0 0.9423076923076923 0.21394230769230768 0.0733173076923077 0.09735576923076923
0 0.8774038461538461 0.21514423076923078 0.0625 0.09254807692307693
0 0.8197115384615384 0.21875 0.05048076923076923 0.08653846153846154
0 0.07572115384615384 0.4387019230769231 0.0625 0.040865384615384616
0 0.019230769230769232 0.4495192307692308 0.036057692307692304 0.056490384615384616
0 0.07451923076923077 0.5132211538461539 0.140625 0.06850961538461539
0 0.13221153846153846 0.4230769230769231 0.04326923076923077 0.05889423076923077
0 0.13822115384615385 0.25 0.025240384615384616 0.07692307692307693
0 0.1622596153846154 0.24879807692307693 0.019230769230769232 0.08052884615384616
0 0.18629807692307693 0.24879807692307693 0.03125 0.08052884615384616
0 0.22115384615384615 0.2548076923076923 0.03485576923076923 0.0673076923076923
0 0.2536057692307692 0.2536057692307692 0.030048076923076924 0.0673076923076923
0 0.2860576923076923 0.25 0.03485576923076923 0.07211538461538461
0 0.31850961538461536 0.24759615384615385 0.030048076923076924 0.0733173076923077
0 0.35216346153846156 0.24879807692307693 0.036057692307692304 0.06971153846153846
0 0.390625 0.24879807692307693 0.037259615384615384 0.06971153846153846
0 0.4266826923076923 0.24158653846153846 0.03125 0.0829326923076923
0 0.46634615384615385 0.23918269230769232 0.046875 0.08052884615384616
0 0.5120192307692307 0.234375 0.04567307692307692 0.0889423076923077
0 0.5576923076923077 0.23557692307692307 0.04447115384615385 0.09254807692307693
0 0.6057692307692307 0.234375 0.051682692307692304 0.09495192307692307
0 0.6574519230769231 0.2283653846153846 0.051682692307692304 0.09014423076923077
0 0.7043269230769231 0.22596153846153846 0.04326923076923077 0.09254807692307693
0 0.7536057692307693 0.22355769230769232 0.051682692307692304 0.08774038461538461
0 0.25721153846153844 0.3629807692307692 0.027644230769230768 0.06129807692307692
0 0.28966346153846156 0.36177884615384615 0.036057692307692304 0.0625
0 0.3605769230769231 0.3641826923076923 0.040865384615384616 0.0733173076923077
0 0.43509615384615385 0.36177884615384615 0.036057692307692304 0.0733173076923077
0 0.03125 0.20432692307692307 0.026442307692307692 0.051682692307692304
0 0.12860576923076922 0.14302884615384615 0.019230769230769232 0.0889423076923077
0 0.1502403846153846 0.14182692307692307 0.02283653846153846 0.09014423076923077
0 0.17427884615384615 0.13822115384615385 0.026442307692307692 0.0829326923076923
0 0.203125 0.13942307692307693 0.03245192307692308 0.0829326923076923
0 0.23798076923076922 0.13701923076923078 0.038461538461538464 0.078125
0 0.2692307692307692 0.1346153846153846 0.025240384615384616 0.0829326923076923
0 0.296875 0.13221153846153846 0.027644230769230768 0.07932692307692307
0 0.3269230769230769 0.125 0.03485576923076923 0.09254807692307693
0 0.3629807692307692 0.1141826923076923 0.03485576923076923 0.09735576923076923
0 0.39903846153846156 0.11658653846153846 0.037259615384615384 0.09134615384615384
0 0.4375 0.11298076923076923 0.038461538461538464 0.08413461538461539
0 0.47836538461538464 0.109375 0.042067307692307696 0.09134615384615384
0 0.3245192307692308 0.3605769230769231 0.03245192307692308 0.06610576923076923
0 0.5204326923076923 0.1045673076923077 0.042067307692307696 0.08173076923076923
0 0.6117788461538461 0.09495192307692307 0.037259615384615384 0.09254807692307693
0 0.6887019230769231 0.08173076923076923 0.037259615384615384 0.08653846153846154
0 0.734375 0.07692307692307693 0.051682692307692304 0.09495192307692307
0 0.8209134615384616 0.06129807692307692 0.04567307692307692 0.09014423076923077
0 0.8701923076923077 0.056490384615384616 0.051682692307692304 0.10096153846153846
0 0.9170673076923077 0.052884615384615384 0.039663461538461536 0.09735576923076923
0 0.9675480769230769 0.051682692307692304 0.057692307692307696 0.10096153846153846
0 0.021634615384615384 0.3076923076923077 0.03365384615384615 0.08173076923076923
0 0.057692307692307696 0.30649038461538464 0.037259615384615384 0.08533653846153846
0 0.10216346153846154 0.3088942307692308 0.03485576923076923 0.09375
0 0.03125 0.38341346153846156 0.036057692307692304 0.03485576923076923
0 0.07451923076923077 0.3858173076923077 0.037259615384615384 0.046875
0 0.40024038461538464 0.36538461538461536 0.03485576923076923 0.06971153846153846
0 0.5673076923076923 0.09975961538461539 0.04447115384615385 0.09134615384615384
0 0.47475961538461536 0.36177884615384615 0.042067307692307696 0.0733173076923077
0 0.09975961538461539 0.18389423076923078 0.028846153846153848 0.09014423076923077
0 0.27163461538461536 0.5649038461538461 0.030048076923076924 0.05889423076923077
0 0.671875 0.7427884615384616 0.042067307692307696 0.07091346153846154
0 0.7151442307692307 0.7427884615384616 0.04567307692307692 0.06490384615384616
0 0.7632211538461539 0.7536057692307693 0.04326923076923077 0.08533653846153846
0 0.8161057692307693 0.7680288461538461 0.04927884615384615 0.07451923076923077
0 0.8677884615384616 0.7788461538461539 0.054086538461538464 0.06490384615384616
0 0.9254807692307693 0.7848557692307693 0.04447115384615385 0.09254807692307693
0 0.9747596153846154 0.7920673076923077 0.04807692307692308 0.07091346153846154
0 0.3713942307692308 0.7752403846153846 0.030048076923076924 0.08413461538461539
0 0.4014423076923077 0.7776442307692307 0.027644230769230768 0.07932692307692307
0 0.4338942307692308 0.8052884615384616 0.026442307692307692 0.06490384615384616
0 0.4651442307692308 0.8125 0.036057692307692304 0.05048076923076923
0 0.6274038461538461 0.7259615384615384 0.037259615384615384 0.07451923076923077
0 0.5012019230769231 0.8221153846153846 0.036057692307692304 0.06971153846153846
0 0.36538461538461536 0.5805288461538461 0.038461538461538464 0.07211538461538461
0 0.3293269230769231 0.5733173076923077 0.03125 0.056490384615384616
0 0.3016826923076923 0.5685096153846154 0.026442307692307692 0.0673076923076923
0 0.026442307692307692 0.7019230769230769 0.04326923076923077 0.0625
0 0.24278846153846154 0.5625 0.03125 0.06370192307692307
0 0.18629807692307693 0.5516826923076923 0.03365384615384615 0.046875
0 0.16346153846153846 0.6262019230769231 0.03245192307692308 0.09495192307692307
0 0.6021634615384616 0.484375 0.05048076923076923 0.0829326923076923
0 0.5552884615384616 0.4807692307692308 0.04326923076923077 0.07572115384615384
0 0.5144230769230769 0.47836538461538464 0.037259615384615384 0.07932692307692307
0 0.47836538461538464 0.47475961538461536 0.03485576923076923 0.07091346153846154
0 0.40384615384615385 0.5841346153846154 0.030048076923076924 0.0673076923076923
0 0.4411057692307692 0.4735576923076923 0.038461538461538464 0.07572115384615384
0 0.5865384615384616 0.7163461538461539 0.03485576923076923 0.08173076923076923
0 0.5096153846153846 0.7007211538461539 0.038461538461538464 0.07692307692307693
0 0.8918269230769231 0.6550480769230769 0.0625 0.07091346153846154
0 0.8389423076923077 0.6502403846153846 0.04326923076923077 0.08413461538461539
0 0.7908653846153846 0.6466346153846154 0.052884615384615384 0.06129807692307692
0 0.7415865384615384 0.6310096153846154 0.04447115384615385 0.08774038461538461
0 0.6983173076923077 0.6262019230769231 0.042067307692307696 0.07692307692307693
0 0.6454326923076923 0.625 0.04807692307692308 0.06370192307692307
0 0.5985576923076923 0.6069711538461539 0.04567307692307692 0.07692307692307693
0 0.5540865384615384 0.6021634615384616 0.04326923076923077 0.06490384615384616
0 0.5132211538461539 0.5961538461538461 0.038461538461538464 0.07572115384615384
0 0.4735576923076923 0.5925480769230769 0.038461538461538464 0.06610576923076923
0 0.4375 0.5865384615384616 0.03485576923076923 0.07572115384615384
0 0.5492788461538461 0.7067307692307693 0.039663461538461536 0.06490384615384616
0 0.2091346153846154 0.7548076923076923 0.02403846153846154 0.046875
0 0.25961538461538464 0.7487980769230769 0.027644230769230768 0.08413461538461539
0 0.29086538461538464 0.7536057692307693 0.03245192307692308 0.06971153846153846
0 0.3317307692307692 0.7668269230769231 0.04927884615384615 0.09495192307692307
0 0.24759615384615385 0.6550480769230769 0.03245192307692308 0.06490384615384616
0 0.2800480769230769 0.6574519230769231 0.026442307692307692 0.057692307692307696
0 0.3088942307692308 0.6646634615384616 0.028846153846153848 0.06971153846153846
0 0.34134615384615385 0.6694711538461539 0.036057692307692304 0.06009615384615385
0 0.375 0.6754807692307693 0.028846153846153848 0.07211538461538461
0 0.40384615384615385 0.6814903846153846 0.028846153846153848 0.05889423076923077
0 0.4375 0.6899038461538461 0.038461538461538464 0.07451923076923077
0 0.47475961538461536 0.6947115384615384 0.03125 0.06490384615384616
0 0.234375 0.7427884615384616 0.021634615384615384 0.0733173076923077
0 0.9507211538461539 0.6622596153846154 0.05889423076923077 0.09254807692307693
0 0.40384615384615385 0.4675480769230769 0.036057692307692304 0.06490384615384616
0 0.3329326923076923 0.46634615384615385 0.028846153846153848 0.0625
0 0.515625 0.3641826923076923 0.040865384615384616 0.078125
0 0.13341346153846154 0.6189903846153846 0.030048076923076924 0.08533653846153846
0 0.06129807692307692 0.7079326923076923 0.021634615384615384 0.05889423076923077
0 0.36778846153846156 0.4675480769230769 0.038461538461538464 0.06610576923076923
0 0.11778846153846154 0.7151442307692307 0.026442307692307692 0.07091346153846154
0 0.14543269230769232 0.7247596153846154 0.028846153846153848 0.08774038461538461
0 0.18028846153846154 0.7391826923076923 0.038461538461538464 0.057692307692307696
0 0.6538461538461539 0.4891826923076923 0.051682692307692304 0.07091346153846154
0 0.5564903846153846 0.3629807692307692 0.038461538461538464 0.08052884615384616
0 0.6983173076923077 0.4963942307692308 0.037259615384615384 0.0829326923076923
0 0.8677884615384616 0.5048076923076923 0.06009615384615385 0.08774038461538461
0 0.9254807692307693 0.5084134615384616 0.056490384615384616 0.09615384615384616
0 0.9759615384615384 0.515625 0.046875 0.0829326923076923
0 0.010817307692307692 0.5949519230769231 0.013221153846153846 0.09134615384615384
0 0.027644230769230768 0.6021634615384616 0.019230769230769232 0.07572115384615384
0 0.04567307692307692 0.6057692307692307 0.018028846153846152 0.08173076923076923
0 0.0673076923076923 0.6057692307692307 0.02403846153846154 0.08052884615384616
0 0.0985576923076923 0.6129807692307693 0.038461538461538464 0.09735576923076923
0 0.8125 0.5036057692307693 0.04927884615384615 0.08774038461538461
0 0.6021634615384616 0.36538461538461536 0.054086538461538464 0.08413461538461539
0 0.08774038461538461 0.7151442307692307 0.03245192307692308 0.07091346153846154
0 0.6995192307692307 0.3629807692307692 0.04326923076923077 0.08173076923076923
0 0.5396634615384616 0.828125 0.040865384615384616 0.056490384615384616
0 0.5793269230769231 0.8389423076923077 0.036057692307692304 0.078125
0 0.6201923076923077 0.8497596153846154 0.042067307692307696 0.06490384615384616
0 0.6634615384615384 0.8641826923076923 0.040865384615384616 0.0673076923076923
0 0.7055288461538461 0.875 0.042067307692307696 0.06370192307692307
0 0.7475961538461539 0.8846153846153846 0.040865384615384616 0.07211538461538461
0 0.7944711538461539 0.8990384615384616 0.05048076923076923 0.06610576923076923
0 0.6526442307692307 0.3641826923076923 0.046875 0.08173076923076923
0 0.890625 0.9230769230769231 0.04807692307692308 0.0673076923076923
0 0.9375 0.9350961538461539 0.040865384615384616 0.0889423076923077
0 0.9807692307692307 0.9579326923076923 0.037259615384615384 0.06370192307692307
0 0.8413461538461539 0.9158653846153846 0.039663461538461536 0.08173076923076923
0 0.9302884615384616 0.36658653846153844 0.06009615384615385 0.09375
0 0.8725961538461539 0.36658653846153844 0.051682692307692304 0.09254807692307693
0 0.9795673076923077 0.36658653846153844 0.039663461538461536 0.09615384615384616
0 0.18509615384615385 0.45552884615384615 0.030048076923076924 0.0625
0 0.2127403846153846 0.4543269230769231 0.026442307692307692 0.06370192307692307
0 0.1971153846153846 0.640625 0.03365384615384615 0.06370192307692307
0 0.2704326923076923 0.46033653846153844 0.028846153846153848 0.06490384615384616
0 0.3016826923076923 0.46153846153846156 0.03365384615384615 0.06971153846153846
0 0.24158653846153846 0.4567307692307692 0.027644230769230768 0.07091346153846154