0 0.9014423076923077 0.4567307692307692 0.019230769230769232 0.03245192307692308
0 0.7944711538461539 0.5757211538461539 0.08774038461538461 0.02403846153846154
0 0.7235576923076923 0.5576923076923077 0.04326923076923077 0.06129807692307692
0 0.6694711538461539 0.5492788461538461 0.046875 0.06370192307692307
0 0.6730769230769231 0.45552884615384615 0.07932692307692307 0.03485576923076923
0 0.5745192307692307 0.45072115384615385 0.1045673076923077 0.01201923076923077
0 0.7596153846153846 0.45552884615384615 0.07932692307692307 0.036057692307692304
0 0.6105769230769231 0.5420673076923077 0.0625 0.08413461538461539
0 0.5396634615384616 0.5420673076923077 0.06490384615384616 0.08533653846153846
0 0.4699519230769231 0.5420673076923077 0.05889423076923077 0.08533653846153846
0 0.84375 0.4567307692307692 0.07932692307692307 0.03125
0 0.4074519230769231 0.5372596153846154 0.056490384615384616 0.07932692307692307
0 0.33774038461538464 0.5420673076923077 0.06490384615384616 0.08173076923076923
0 0.2644230769230769 0.5432692307692307 0.07451923076923077 0.08413461538461539
0 0.15144230769230768 0.5336538461538461 0.07692307692307693 0.078125
0 0.7920673076923077 0.5492788461538461 0.0829326923076923 0.025240384615384616
0 0.890625 0.5769230769230769 0.09615384615384616 0.02403846153846154
0 0.5444711538461539 0.6634615384615384 0.09375 0.02283653846153846
0 0.16105769230769232 0.6442307692307693 0.040865384615384616 0.056490384615384616
0 0.5769230769230769 0.4651442307692308 0.10817307692307693 0.010817307692307692
0 0.37259615384615385 0.6418269230769231 0.052884615384615384 0.0625
0 0.44591346153846156 0.6622596153846154 0.08774038461538461 0.020432692307692308
0 0.4495192307692308 0.6358173076923077 0.0889423076923077 0.026442307692307692
0 0.5420673076923077 0.6382211538461539 0.09134615384615384 0.02403846153846154
0 0.6394230769230769 0.6658653846153846 0.08413461538461539 0.020432692307692308
0 0.6382211538461539 0.6394230769230769 0.08774038461538461 0.026442307692307692
0 0.7175480769230769 0.6442307692307693 0.06129807692307692 0.06009615384615385
0 0.7848557692307693 0.6430288461538461 0.06370192307692307 0.06490384615384616
0 0.8605769230769231 0.6658653846153846 0.07091346153846154 0.02403846153846154
0 0.8605769230769231 0.6382211538461539 0.07572115384615384 0.027644230769230768
0 0.13341346153846154 0.7127403846153846 0.08774038461538461 0.025240384615384616
0 0.31490384615384615 0.6418269230769231 0.05048076923076923 0.06370192307692307
0 0.25961538461538464 0.6418269230769231 0.04927884615384615 0.06490384615384616
0 0.21033653846153846 0.6394230769230769 0.04567307692307692 0.06370192307692307
0 0.11298076923076923 0.6442307692307693 0.042067307692307696 0.06009615384615385
0 0.46033653846153844 0.44591346153846156 0.11177884615384616 0.018028846153846152
0 0.26802884615384615 0.2932692307692308 0.06490384615384616 0.03485576923076923
0 0.3485576923076923 0.45913461538461536 0.10216346153846154 0.02283653846153846
0 0.8725961538461539 0.7824519230769231 0.06490384615384616 0.036057692307692304
0 0.6730769230769231 0.7608173076923077 0.08052884615384616 0.009615384615384616
0 0.15625 0.8341346153846154 0.056490384615384616 0.026442307692307692
0 0.21634615384615385 0.8461538461538461 0.057692307692307696 0.04447115384615385
0 0.27884615384615385 0.8461538461538461 0.056490384615384616 0.04326923076923077
0 0.33052884615384615 0.8461538461538461 0.040865384615384616 0.04807692307692308
0 0.37259615384615385 0.8473557692307693 0.038461538461538464 0.04807692307692308
0 0.4110576923076923 0.8461538461538461 0.03365384615384615 0.04447115384615385
0 0.4567307692307692 0.8461538461538461 0.046875 0.04447115384615385
0 0.5048076923076923 0.8485576923076923 0.040865384615384616 0.04807692307692308
0 0.5456730769230769 0.8485576923076923 0.03125 0.04447115384615385
0 0.6105769230769231 0.8653846153846154 0.0889423076923077 0.02283653846153846
0 0.6911057692307693 0.8533653846153846 0.05048076923076923 0.046875
0 0.7704326923076923 0.8653846153846154 0.07572115384615384 0.026442307692307692
0 0.7704326923076923 0.8401442307692307 0.06490384615384616 0.020432692307692308
0 0.8557692307692307 0.8653846153846154 0.07211538461538461 0.02283653846153846
0 0.8509615384615384 0.8413461538461539 0.0733173076923077 0.02283653846153846
0 0.6706730769230769 0.10216346153846154 0.056490384615384616 0.054086538461538464
0 0.7391826923076923 0.10096153846153846 0.06490384615384616 0.054086538461538464
0 0.8040865384615384 0.7848557692307693 0.06610576923076923 0.03365384615384615
0 0.8088942307692307 0.09615384615384616 0.055288461538461536 0.06610576923076923
0 0.7379807692307693 0.7872596153846154 0.046875 0.027644230769230768
0 0.46033653846153844 0.4651442307692308 0.11538461538461539 0.016826923076923076
0 0.609375 0.1141826923076923 0.056490384615384616 0.037259615384615384
0 0.5504807692307693 0.10817307692307693 0.056490384615384616 0.04807692307692308
0 0.48677884615384615 0.11538461538461539 0.056490384615384616 0.03485576923076923
0 0.4026442307692308 0.11658653846153846 0.078125 0.03125
0 0.3173076923076923 0.11658653846153846 0.08173076923076923 0.03125
0 0.2247596153846154 0.11658653846153846 0.09014423076923077 0.03245192307692308
0 0.13822115384615385 0.11538461538461539 0.07572115384615384 0.03485576923076923
0 0.06971153846153846 0.10336538461538461 0.052884615384615384 0.04567307692307692
0 0.30288461538461536 0.7139423076923077 0.0889423076923077 0.02403846153846154
0 0.3894230769230769 0.7127403846153846 0.07692307692307693 0.021634615384615384
0 0.4723557692307692 0.7091346153846154 0.0733173076923077 0.018028846153846152
0 0.5540865384615384 0.7139423076923077 0.07692307692307693 0.025240384615384616
0 0.6394230769230769 0.7151442307692307 0.07932692307692307 0.027644230769230768
0 0.7403846153846154 0.7127403846153846 0.078125 0.02283653846153846
0 0.8293269230769231 0.7151442307692307 0.07572115384615384 0.021634615384615384
0 0.21634615384615385 0.78125 0.07451923076923077 0.025240384615384616
0 0.30408653846153844 0.7788461538461539 0.08533653846153846 0.030048076923076924
0 0.3954326923076923 0.7800480769230769 0.0829326923076923 0.027644230769230768
0 0.49158653846153844 0.7788461538461539 0.09134615384615384 0.030048076923076924
0 0.6682692307692307 0.7860576923076923 0.06971153846153846 0.02403846153846154
0 0.8665865384615384 0.09375 0.052884615384615384 0.0673076923076923
0 0.5889423076923077 0.78125 0.07572115384615384 0.03485576923076923
0 0.11298076923076923 0.2091346153846154 0.10336538461538461 0.030048076923076924
0 0.6971153846153846 0.29927884615384615 0.08774038461538461 0.025240384615384616
0 0.7992788461538461 0.29447115384615385 0.09134615384615384 0.030048076923076924
0 0.8966346153846154 0.2932692307692308 0.09134615384615384 0.026442307692307692
0 0.7800480769230769 0.25961538461538464 0.0889423076923077 0.03485576923076923
0 0.9134615384615384 0.2620192307692308 0.09495192307692307 0.026442307692307692
0 0.08774038461538461 0.37259615384615385 0.0625 0.04807692307692308
0 0.15865384615384615 0.38100961538461536 0.06490384615384616 0.026442307692307692
0 0.23677884615384615 0.37740384615384615 0.0625 0.025240384615384616
0 0.6021634615384616 0.30288461538461536 0.08173076923076923 0.02283653846153846
0 0.4230769230769231 0.3786057692307692 0.057692307692307696 0.021634615384615384
0 0.6081730769230769 0.3870192307692308 0.09375 0.018028846153846152
0 0.7067307692307693 0.3858173076923077 0.09495192307692307 0.019230769230769232
0 0.1310096153846154 0.4639423076923077 0.10817307692307693 0.018028846153846152
0 0.9098557692307693 0.38341346153846156 0.018028846153846152 0.015625
0 0.8918269230769231 0.38461538461538464 0.015625 0.016826923076923076
0 0.8701923076923077 0.38461538461538464 0.020432692307692308 0.019230769230769232
0 0.8052884615384616 0.38461538461538464 0.09495192307692307 0.016826923076923076
0 0.9254807692307693 0.09615384615384616 0.052884615384615384 0.0673076923076923
0 0.5072115384615384 0.3798076923076923 0.09615384615384616 0.02403846153846154
0 0.13341346153846154 0.44471153846153844 0.10216346153846154 0.016826923076923076
0 0.3605769230769231 0.3786057692307692 0.06129807692307692 0.025240384615384616
0 0.6009615384615384 0.27403846153846156 0.08052884615384616 0.026442307692307692
0 0.21754807692307693 0.21033653846153846 0.10096153846153846 0.03125
0 0.15264423076923078 0.4266826923076923 0.1141826923076923 0.01201923076923077
0 0.32211538461538464 0.2091346153846154 0.10216346153846154 0.026442307692307692
0 0.2403846153846154 0.45913461538461536 0.10216346153846154 0.021634615384615384
0 0.42908653846153844 0.2091346153846154 0.0985576923076923 0.028846153846153848
0 0.5336538461538461 0.20552884615384615 0.10336538461538461 0.027644230769230768
0 0.8137019230769231 0.19591346153846154 0.07451923076923077 0.04927884615384615
0 0.9002403846153846 0.19471153846153846 0.07451923076923077 0.04927884615384615
0 0.9627403846153846 0.1971153846153846 0.040865384615384616 0.046875
0 0.6430288461538461 0.20552884615384615 0.10817307692307693 0.027644230769230768
0 0.1814903846153846 0.29086538461538464 0.09014423076923077 0.040865384615384616
0 0.10697115384615384 0.27163461538461536 0.04326923076923077 0.027644230769230768
0 0.34134615384615385 0.296875 0.07451923076923077 0.026442307692307692
0 0.421875 0.2980769230769231 0.08173076923076923 0.028846153846153848
0 0.34615384615384615 0.2644230769230769 0.0625 0.03125
0 0.41947115384615385 0.2644230769230769 0.07572115384615384 0.03245192307692308
0 0.09375 0.29927884615384615 0.078125 0.021634615384615384
0 0.5120192307692307 0.3004807692307692 0.08173076923076923 0.021634615384615384
0 0.5108173076923077 0.27403846153846156 0.07932692307692307 0.027644230769230768