0 0.8173076923076923 0.6129807692307693 0.027644230769230768 0.021634615384615384
0 0.7668269230769231 0.6466346153846154 0.026442307692307692 0.014423076923076924
0 0.7211538461538461 0.6430288461538461 0.015625 0.021634615384615384
0 0.7788461538461539 0.6105769230769231 0.019230769230769232 0.018028846153846152
0 0.9495192307692307 0.8112980769230769 0.03365384615384615 0.042067307692307696
0 0.7247596153846154 0.6105769230769231 0.027644230769230768 0.02283653846153846
0 0.9819711538461539 0.8125 0.03245192307692308 0.038461538461538464
0 0.8473557692307693 0.6117788461538461 0.02283653846153846 0.018028846153846152
0 0.9134615384615384 0.8677884615384616 0.03125 0.054086538461538464
0 0.8762019230769231 0.8701923076923077 0.037259615384615384 0.057692307692307696
0 0.7548076923076923 0.6117788461538461 0.02283653846153846 0.021634615384615384
0 0.8137019230769231 0.6334134615384616 0.02283653846153846 0.013221153846153846
0 0.9002403846153846 0.609375 0.046875 0.04927884615384615
0 0.8569711538461539 0.6502403846153846 0.021634615384615384 0.019230769230769232
0 0.8653846153846154 0.6298076923076923 0.021634615384615384 0.01201923076923077
0 0.9567307692307693 0.6069711538461539 0.05048076923076923 0.04567307692307692
0 0.1814903846153846 0.7115384615384616 0.026442307692307692 0.03125
0 0.4735576923076923 0.6057692307692307 0.03245192307692308 0.06009615384615385
0 0.4375 0.6045673076923077 0.027644230769230768 0.046875
0 0.39302884615384615 0.6045673076923077 0.03125 0.054086538461538464
0 0.35697115384615385 0.6057692307692307 0.042067307692307696 0.052884615384615384
0 0.3137019230769231 0.6033653846153846 0.027644230769230768 0.056490384615384616
0 0.2668269230769231 0.6141826923076923 0.037259615384615384 0.0673076923076923
0 0.19591346153846154 0.6033653846153846 0.040865384615384616 0.052884615384615384
0 0.8076923076923077 0.6514423076923077 0.02403846153846154 0.014423076923076924
0 0.8293269230769231 0.8641826923076923 0.046875 0.054086538461538464
0 0.7487980769230769 0.8557692307692307 0.03485576923076923 0.07572115384615384
0 0.7019230769230769 0.8545673076923077 0.04447115384615385 0.07692307692307693
0 0.6033653846153846 0.6105769230769231 0.03485576923076923 0.027644230769230768
0 0.5612980769230769 0.6069711538461539 0.036057692307692304 0.027644230769230768
0 0.5649038461538461 0.6358173076923077 0.028846153846153848 0.02283653846153846
0 0.6021634615384616 0.6370192307692307 0.036057692307692304 0.020432692307692308
0 0.6454326923076923 0.6165865384615384 0.036057692307692304 0.025240384615384616
0 0.6887019230769231 0.6141826923076923 0.03485576923076923 0.025240384615384616
0 0.6478365384615384 0.6454326923076923 0.036057692307692304 0.02283653846153846
0 0.6838942307692307 0.6430288461538461 0.03245192307692308 0.030048076923076924
0 0.6033653846153846 0.7175480769230769 0.03485576923076923 0.04326923076923077
0 0.6670673076923077 0.7127403846153846 0.078125 0.025240384615384616
0 0.6706730769230769 0.7379807692307693 0.0733173076923077 0.018028846153846152
0 0.18028846153846154 0.8233173076923077 0.03365384615384615 0.020432692307692308
0 0.21754807692307693 0.8221153846153846 0.037259615384615384 0.02403846153846154
0 0.7884615384615384 0.8629807692307693 0.03245192307692308 0.054086538461538464
0 0.2536057692307692 0.8221153846153846 0.03125 0.025240384615384616
0 0.3293269230769231 0.8221153846153846 0.03125 0.02403846153846154
0 0.18629807692307693 0.8557692307692307 0.027644230769230768 0.036057692307692304
0 0.22115384615384615 0.8533653846153846 0.028846153846153848 0.03245192307692308
0 0.25721153846153844 0.8545673076923077 0.030048076923076924 0.03365384615384615
0 0.5192307692307693 0.6105769230769231 0.03245192307692308 0.055288461538461536
0 0.3329326923076923 0.8557692307692307 0.028846153846153848 0.036057692307692304
0 0.37259615384615385 0.8425480769230769 0.03485576923076923 0.06971153846153846
0 0.4182692307692308 0.8473557692307693 0.037259615384615384 0.07211538461538461
0 0.46153846153846156 0.8509615384615384 0.040865384615384616 0.07572115384615384
0 0.5096153846153846 0.8485576923076923 0.03485576923076923 0.07451923076923077
0 0.5564903846153846 0.8569711538461539 0.040865384615384616 0.07091346153846154
0 0.6021634615384616 0.8545673076923077 0.037259615384615384 0.06971153846153846
0 0.6490384615384616 0.8545673076923077 0.04567307692307692 0.07572115384615384
0 0.29086538461538464 0.8233173076923077 0.036057692307692304 0.026442307692307692
0 0.29447115384615385 0.8569711538461539 0.027644230769230768 0.03125
0 0.6670673076923077 0.5396634615384616 0.054086538461538464 0.02283653846153846
0 0.9086538461538461 0.4879807692307692 0.018028846153846152 0.02283653846153846
0 0.7007211538461539 0.36899038461538464 0.04447115384615385 0.09615384615384616
0 0.6538461538461539 0.3701923076923077 0.040865384615384616 0.0985576923076923
0 0.6057692307692307 0.38822115384615385 0.036057692307692304 0.06370192307692307
0 0.5600961538461539 0.36538461538461536 0.04927884615384615 0.1045673076923077
0 0.5012019230769231 0.32091346153846156 0.046875 0.05048076923076923
0 0.5036057692307693 0.38461538461538464 0.055288461538461536 0.0625
0 0.4519230769230769 0.3798076923076923 0.036057692307692304 0.07091346153846154
0 0.39903846153846156 0.38100961538461536 0.054086538461538464 0.06610576923076923
0 0.33653846153846156 0.3713942307692308 0.05048076923076923 0.08774038461538461
0 0.265625 0.38221153846153844 0.056490384615384616 0.06370192307692307
0 0.2704326923076923 0.3233173076923077 0.052884615384615384 0.040865384615384616
0 0.20072115384615385 0.3858173076923077 0.05889423076923077 0.06850961538461539
0 0.13942307692307693 0.3858173076923077 0.06009615384615385 0.06971153846153846
0 0.9579326923076923 0.16947115384615385 0.08052884615384616 0.1778846153846154
0 0.8930288461538461 0.17067307692307693 0.03485576923076923 0.16706730769230768
0 0.828125 0.1658653846153846 0.07572115384615384 0.1814903846153846
0 0.6947115384615384 0.18028846153846154 0.04567307692307692 0.16105769230769232
0 0.6262019230769231 0.18028846153846154 0.08173076923076923 0.16346153846153846
0 0.5480769230769231 0.18269230769230768 0.037259615384615384 0.16466346153846154
0 0.2692307692307692 0.7355769230769231 0.02403846153846154 0.020432692307692308
0 0.3016826923076923 0.7355769230769231 0.026442307692307692 0.018028846153846152
0 0.09254807692307693 0.8185096153846154 0.06129807692307692 0.1141826923076923
0 0.35096153846153844 0.7211538461538461 0.0673076923076923 0.06009615384615385
0 0.43149038461538464 0.7175480769230769 0.07451923076923077 0.04807692307692308
0 0.48197115384615385 0.7127403846153846 0.03245192307692308 0.026442307692307692
0 0.5216346153846154 0.7151442307692307 0.039663461538461536 0.02403846153846154
0 0.49278846153846156 0.7403846153846154 0.025240384615384616 0.021634615384615384
0 0.53125 0.7403846153846154 0.03125 0.02403846153846154
0 0.5649038461538461 0.7175480769230769 0.026442307692307692 0.04447115384615385
0 0.7536057692307693 0.36658653846153844 0.046875 0.09975961538461539
0 0.8125 0.3641826923076923 0.05889423076923077 0.09375
0 0.9206730769230769 0.3737980769230769 0.0673076923076923 0.08774038461538461
0 0.19471153846153846 0.47716346153846156 0.054086538461538464 0.03125
0 0.8617788461538461 0.5204326923076923 0.06129807692307692 0.052884615384615384
0 0.8605769230769231 0.4651442307692308 0.06129807692307692 0.04807692307692308
0 0.7860576923076923 0.5036057692307693 0.04927884615384615 0.04807692307692308
0 0.7271634615384616 0.5192307692307693 0.056490384615384616 0.06009615384615385
0 0.7271634615384616 0.46274038461538464 0.054086538461538464 0.03485576923076923
0 0.6634615384615384 0.4651442307692308 0.051682692307692304 0.046875
0 0.6622596153846154 0.5144230769230769 0.06129807692307692 0.02283653846153846
0 0.5925480769230769 0.4951923076923077 0.052884615384615384 0.039663461538461536
0 0.21033653846153846 0.7139423076923077 0.025240384615384616 0.02403846153846154
0 0.18990384615384615 0.7439903846153846 0.02283653846153846 0.02403846153846154
0 0.21514423076923078 0.7427884615384616 0.02283653846153846 0.02403846153846154
0 0.25841346153846156 0.7103365384615384 0.027644230769230768 0.030048076923076924
0 0.9627403846153846 0.5108173076923077 0.018028846153846152 0.016826923076923076
0 0.28846153846153844 0.7103365384615384 0.025240384615384616 0.02403846153846154
0 0.9338942307692307 0.4891826923076923 0.025240384615384616 0.021634615384615384
0 0.125 0.2091346153846154 0.11899038461538461 0.10576923076923077
0 0.28846153846153844 0.2403846153846154 0.05048076923076923 0.04927884615384615
0 0.3545673076923077 0.2403846153846154 0.046875 0.051682692307692304
0 0.40865384615384615 0.23798076923076922 0.054086538461538464 0.055288461538461536
0 0.47716346153846156 0.1814903846153846 0.06850961538461539 0.16466346153846154
0 0.5925480769230769 0.4567307692307692 0.04927884615384615 0.028846153846153848
0 0.5240384615384616 0.46274038461538464 0.056490384615384616 0.04447115384615385
0 0.53125 0.5204326923076923 0.06370192307692307 0.057692307692307696
0 0.46153846153846156 0.5288461538461539 0.051682692307692304 0.042067307692307696
0 0.40384615384615385 0.5276442307692307 0.056490384615384616 0.04447115384615385
0 0.34134615384615385 0.4879807692307692 0.05048076923076923 0.03365384615384615
0 0.3425480769230769 0.53125 0.04567307692307692 0.038461538461538464
0 0.28365384615384615 0.5324519230769231 0.056490384615384616 0.03485576923076923
0 0.2824519230769231 0.49038461538461536 0.06129807692307692 0.038461538461538464
0 0.16826923076923078 0.5252403846153846 0.04927884615384615 0.04326923076923077
0 0.23677884615384615 0.2403846153846154 0.052884615384615384 0.04807692307692308
0 0.9639423076923077 0.48677884615384615 0.025240384615384616 0.018028846153846152