0 0.08413461538461539 0.3293269230769231 0.08173076923076923 0.14783653846153846
0 0.5769230769230769 0.33774038461538464 0.03365384615384615 0.13341346153846154
0 0.6069711538461539 0.33653846153846156 0.021634615384615384 0.12860576923076922
0 0.5444711538461539 0.33774038461538464 0.026442307692307692 0.13581730769230768
0 0.5036057692307693 0.3329326923076923 0.05048076923076923 0.13822115384615385
0 0.15264423076923078 0.33413461538461536 0.051682692307692304 0.13701923076923078
0 0.3786057692307692 0.33052884615384615 0.039663461538461536 0.1466346153846154
0 0.2512019230769231 0.328125 0.037259615384615384 0.14302884615384615
0 0.29447115384615385 0.3293269230769231 0.040865384615384616 0.14423076923076922
0 0.3389423076923077 0.32572115384615385 0.038461538461538464 0.15264423076923078
0 0.4543269230769231 0.33413461538461536 0.04326923076923077 0.13701923076923078
0 0.6334134615384616 0.33653846153846156 0.026442307692307692 0.12980769230769232
0 0.20432692307692307 0.3293269230769231 0.05048076923076923 0.14543269230769232
0 0.7103365384615384 0.33774038461538464 0.11538461538461539 0.13581730769230768
0 0.6442307692307693 0.49759615384615385 0.036057692307692304 0.14423076923076922
0 0.8581730769230769 0.3329326923076923 0.04447115384615385 0.13221153846153846
0 0.8990384615384616 0.33533653846153844 0.03485576923076923 0.12740384615384615
0 0.9290865384615384 0.33653846153846156 0.02283653846153846 0.125
0 0.9591346153846154 0.3389423076923077 0.03125 0.12860576923076922
0 0.9879807692307693 0.33774038461538464 0.019230769230769232 0.13221153846153846
0 0.021634615384615384 0.33052884615384615 0.027644230769230768 0.15144230769230768
0 0.04326923076923077 0.5060096153846154 0.04807692307692308 0.15144230769230768
0 0.09014423076923077 0.5072115384615384 0.039663461538461536 0.1346153846153846
0 0.125 0.5048076923076923 0.025240384615384616 0.15384615384615385
0 0.15745192307692307 0.5072115384615384 0.036057692307692304 0.1466346153846154
0 0.2091346153846154 0.5036057692307693 0.04447115384615385 0.1502403846153846
0 0.25600961538461536 0.5048076923076923 0.039663461538461536 0.14423076923076922
0 0.3076923076923077 0.5 0.036057692307692304 0.14182692307692307
0 0.8052884615384616 0.3317307692307692 0.04807692307692308 0.13942307692307693
0 0.953125 0.15865384615384615 0.038461538461538464 0.1466346153846154
0 0.21033653846153846 0.1935096153846154 0.039663461538461536 0.06129807692307692
0 0.8737980769230769 0.15985576923076922 0.028846153846153848 0.140625
0 0.5528846153846154 0.49759615384615385 0.03245192307692308 0.140625
0 0.7247596153846154 0.4987980769230769 0.027644230769230768 0.140625
0 0.7740384615384616 0.4951923076923077 0.03365384615384615 0.14543269230769232
0 0.8137019230769231 0.49759615384615385 0.038461538461538464 0.14423076923076922
0 0.5096153846153846 0.5036057692307693 0.03125 0.13822115384615385
0 0.4567307692307692 0.5048076923076923 0.07091346153846154 0.13822115384615385
0 0.39302884615384615 0.5 0.039663461538461536 0.14182692307692307
0 0.06490384615384616 0.15985576923076922 0.03245192307692308 0.12379807692307693
0 0.10336538461538461 0.19951923076923078 0.042067307692307696 0.046875
0 0.12139423076923077 0.14783653846153846 0.038461538461538464 0.040865384615384616
0 0.17548076923076922 0.1346153846153846 0.06490384615384616 0.04326923076923077
0 0.16346153846153846 0.19471153846153846 0.04567307692307692 0.04807692307692308
0 0.6021634615384616 0.5 0.03365384615384615 0.140625
0 0.25721153846153844 0.14783653846153846 0.037259615384615384 0.14783653846153846
0 0.2980769230769231 0.15384615384615385 0.042067307692307696 0.1310096153846154
0 0.3401442307692308 0.15985576923076922 0.03365384615384615 0.1346153846153846
0 0.3858173076923077 0.15865384615384615 0.04447115384615385 0.1346153846153846
0 0.4362980769230769 0.1502403846153846 0.046875 0.1466346153846154
0 0.5240384615384616 0.15625 0.11538461538461539 0.140625
0 0.6045673076923077 0.15625 0.040865384615384616 0.14423076923076922
0 0.640625 0.16105769230769232 0.02403846153846154 0.1346153846153846
0 0.6706730769230769 0.15985576923076922 0.03245192307692308 0.140625
0 0.703125 0.15985576923076922 0.03125 0.13581730769230768
0 0.7391826923076923 0.15985576923076922 0.03365384615384615 0.13701923076923078
0 0.7692307692307693 0.15985576923076922 0.02403846153846154 0.13221153846153846
0 0.8040865384615384 0.15504807692307693 0.03365384615384615 0.140625
0 0.8401442307692307 0.15865384615384615 0.03125 0.140625
0 0.9122596153846154 0.1658653846153846 0.039663461538461536 0.1346153846153846
0 0.6887019230769231 0.4987980769230769 0.037259615384615384 0.1502403846153846
0 0.34975961538461536 0.5 0.040865384615384616 0.14182692307692307
0 0.9555288461538461 0.9567307692307693 0.040865384615384616 0.08533653846153846
0 0.13581730769230768 0.8557692307692307 0.05048076923076923 0.11057692307692307
0 0.0733173076923077 0.84375 0.0733173076923077 0.10576923076923077
0 0.016826923076923076 0.8449519230769231 0.03365384615384615 0.109375
0 0.9747596153846154 0.6598557692307693 0.036057692307692304 0.13701923076923078
0 0.9338942307692307 0.6610576923076923 0.036057692307692304 0.1310096153846154
0 0.890625 0.6646634615384616 0.040865384615384616 0.13701923076923078
0 0.8485576923076923 0.6634615384615384 0.038461538461538464 0.13701923076923078
0 0.7944711538461539 0.6634615384615384 0.040865384615384616 0.140625
0 0.7560096153846154 0.6634615384615384 0.028846153846153848 0.13942307692307693
0 0.7199519230769231 0.6646634615384616 0.03365384615384615 0.1466346153846154
0 0.6814903846153846 0.6682692307692307 0.036057692307692304 0.14182692307692307
0 0.5649038461538461 0.6598557692307693 0.028846153846153848 0.13221153846153846
0 0.5264423076923077 0.6694711538461539 0.037259615384615384 0.13942307692307693
0 0.4879807692307692 0.6682692307692307 0.036057692307692304 0.15144230769230768
0 0.4483173076923077 0.671875 0.040865384615384616 0.14783653846153846
0 0.40865384615384615 0.6658653846153846 0.037259615384615384 0.13822115384615385
0 0.36658653846153844 0.6706730769230769 0.036057692307692304 0.13942307692307693
0 0.3269230769230769 0.6730769230769231 0.037259615384615384 0.13942307692307693
0 0.2800480769230769 0.6766826923076923 0.040865384615384616 0.13701923076923078
0 0.22355769230769232 0.6814903846153846 0.054086538461538464 0.13221153846153846
0 0.17427884615384615 0.6790865384615384 0.040865384615384616 0.1466346153846154
0 0.12980769230769232 0.6790865384615384 0.039663461538461536 0.14783653846153846
0 0.08413461538461539 0.6754807692307693 0.04326923076923077 0.14543269230769232
0 0.042067307692307696 0.6814903846153846 0.038461538461538464 0.14903846153846154
0 0.008413461538461538 0.6838942307692307 0.015625 0.13942307692307693
0 0.9723557692307693 0.49759615384615385 0.039663461538461536 0.15264423076923078
0 0.9326923076923077 0.4951923076923077 0.030048076923076924 0.14182692307692307
0 0.8954326923076923 0.49399038461538464 0.039663461538461536 0.1502403846153846
0 0.8497596153846154 0.49278846153846156 0.027644230769230768 0.14903846153846154
0 0.18990384615384615 0.8497596153846154 0.051682692307692304 0.11177884615384616
0 0.23798076923076922 0.8365384615384616 0.039663461538461536 0.11057692307692307
0 0.6370192307692307 0.6658653846153846 0.040865384615384616 0.1346153846153846
0 0.3389423076923077 0.8461538461538461 0.04326923076923077 0.1045673076923077
0 0.8581730769230769 0.9603365384615384 0.057692307692307696 0.07451923076923077
0 0.7620192307692307 0.9627403846153846 0.038461538461538464 0.0673076923076923
0 0.7211538461538461 0.9711538461538461 0.04326923076923077 0.052884615384615384
0 0.6610576923076923 0.9663461538461539 0.04567307692307692 0.06610576923076923
0 0.6105769230769231 0.9651442307692307 0.052884615384615384 0.06490384615384616
0 0.28725961538461536 0.8509615384615384 0.04927884615384615 0.10216346153846154
0 0.5612980769230769 0.9627403846153846 0.04567307692307692 0.0733173076923077
0 0.04807692307692308 0.9783653846153846 0.04807692307692308 0.038461538461538464
0 0.09495192307692307 0.9759615384615384 0.04567307692307692 0.037259615384615384
0 0.1502403846153846 0.9747596153846154 0.05048076923076923 0.04567307692307692
0 0.19831730769230768 0.9747596153846154 0.039663461538461536 0.04927884615384615
0 0.24639423076923078 0.9759615384615384 0.04927884615384615 0.04567307692307692
0 0.2980769230769231 0.96875 0.05048076923076923 0.06129807692307692
0 0.3545673076923077 0.96875 0.055288461538461536 0.057692307692307696
0 0.4050480769230769 0.96875 0.04807692307692308 0.06129807692307692
0 0.9134615384615384 0.9591346153846154 0.04326923076923077 0.07692307692307693
0 0.4579326923076923 0.9651442307692307 0.051682692307692304 0.06850961538461539
0 0.5096153846153846 0.9639423076923077 0.05048076923076923 0.06971153846153846
0 0.8954326923076923 0.8257211538461539 0.04807692307692308 0.1141826923076923
0 0.3894230769230769 0.8413461538461539 0.04807692307692308 0.11298076923076923
0 0.43990384615384615 0.8353365384615384 0.051682692307692304 0.1201923076923077
0 0.4879807692307692 0.8125 0.040865384615384616 0.08533653846153846
0 0.5588942307692307 0.8317307692307693 0.0889423076923077 0.125
0 0.6442307692307693 0.8425480769230769 0.078125 0.10817307692307693
0 0.010817307692307692 0.9783653846153846 0.021634615384615384 0.042067307692307696
0 0.7091346153846154 0.8341346153846154 0.04447115384615385 0.11298076923076923
0 0.9867788461538461 0.8221153846153846 0.021634615384615384 0.1201923076923077
0 0.9483173076923077 0.8233173076923077 0.051682692307692304 0.109375
0 0.7572115384615384 0.8329326923076923 0.04927884615384615 0.109375
0 0.828125 0.8269230769230769 0.08052884615384616 0.1141826923076923