0 0.9831730769230769 0.12980769230769232 0.03125 0.09375
0 0.9543269230769231 0.7247596153846154 0.09014423076923077 0.07211538461538461
0 0.6766826923076923 0.6274038461538461 0.025240384615384616 0.09975961538461539
0 0.7055288461538461 0.6418269230769231 0.03245192307692308 0.10096153846153846
0 0.7295673076923077 0.6526442307692307 0.014423076923076924 0.0985576923076923
0 0.5264423076923077 0.6995192307692307 0.021634615384615384 0.04447115384615385
0 0.5492788461538461 0.7151442307692307 0.02283653846153846 0.046875
0 0.5721153846153846 0.7355769230769231 0.020432692307692308 0.03245192307692308
0 0.59375 0.7403846153846154 0.021634615384615384 0.06610576923076923
0 0.6213942307692307 0.7680288461538461 0.030048076923076924 0.04326923076923077
0 0.6490384615384616 0.7848557692307693 0.025240384615384616 0.055288461538461536
0 0.6153846153846154 0.5841346153846154 0.025240384615384616 0.08173076923076923
0 0.6730769230769231 0.8028846153846154 0.02403846153846154 0.05048076923076923
0 0.5396634615384616 0.7716346153846154 0.026442307692307692 0.054086538461538464
0 0.5625 0.7980769230769231 0.015625 0.037259615384615384
0 0.5829326923076923 0.8221153846153846 0.025240384615384616 0.037259615384615384
0 0.6117788461538461 0.8365384615384616 0.03365384615384615 0.04447115384615385
0 0.6574519230769231 0.8990384615384616 0.030048076923076924 0.07091346153846154
0 0.6959134615384616 0.9326923076923077 0.04326923076923077 0.08653846153846154
0 0.7752403846153846 0.40384615384615385 0.037259615384615384 0.15985576923076922
0 0.6778846153846154 0.41225961538461536 0.016826923076923076 0.06490384615384616
0 0.6586538461538461 0.41947115384615385 0.020432692307692308 0.040865384615384616
0 0.7043269230769231 0.828125 0.037259615384615384 0.055288461538461536
0 0.640625 0.39783653846153844 0.018028846153846152 0.0673076923076923
0 0.5913461538461539 0.5793269230769231 0.021634615384615384 0.09254807692307693
0 0.9483173076923077 0.1346153846153846 0.037259615384615384 0.0889423076923077
0 0.8858173076923077 0.6370192307692307 0.04447115384615385 0.17548076923076922
0 0.8245192307692307 0.6598557692307693 0.0733173076923077 0.040865384615384616
0 0.8245192307692307 0.6225961538461539 0.07451923076923077 0.03125
0 0.8233173076923077 0.59375 0.06490384615384616 0.020432692307692308
0 0.8221153846153846 0.5528846153846154 0.06490384615384616 0.046875
0 0.7680288461538461 0.5793269230769231 0.03125 0.14903846153846154
0 0.7367788461538461 0.5276442307692307 0.030048076923076924 0.0889423076923077
0 0.7067307692307693 0.5216346153846154 0.026442307692307692 0.09014423076923077
0 0.6850961538461539 0.5132211538461539 0.018028846153846152 0.07932692307692307
0 0.5661057692307693 0.5661057692307693 0.021634615384615384 0.07451923076923077
0 0.6105769230769231 0.48677884615384615 0.018028846153846152 0.06610576923076923
0 0.5745192307692307 0.4735576923076923 0.016826923076923076 0.06971153846153846
0 0.5600961538461539 0.46875 0.014423076923076924 0.06490384615384616
0 0.5456730769230769 0.47836538461538464 0.01201923076923077 0.01201923076923077
0 0.5456730769230769 0.49158653846153844 0.01201923076923077 0.010817307692307692
0 0.5300480769230769 0.484375 0.016826923076923076 0.01201923076923077
0 0.9567307692307693 0.5024038461538461 0.08173076923076923 0.07211538461538461
0 0.9038461538461539 0.39302884615384615 0.1141826923076923 0.04807692307692308
0 0.8533653846153846 0.44350961538461536 0.12379807692307693 0.046875
0 0.8329326923076923 0.4831730769230769 0.078125 0.03125
0 0.5925480769230769 0.4795673076923077 0.019230769230769232 0.06610576923076923
0 0.6213942307692307 0.3918269230769231 0.02283653846153846 0.0625
0 0.5985576923076923 0.3918269230769231 0.02283653846153846 0.0625
0 0.5709134615384616 0.38341346153846156 0.018028846153846152 0.06971153846153846
0 0.6129807692307693 0.28125 0.015625 0.08533653846153846
0 0.6310096153846154 0.28365384615384615 0.018028846153846152 0.0889423076923077
0 0.6478365384615384 0.28125 0.016826923076923076 0.09375
0 0.6658653846153846 0.28365384615384615 0.018028846153846152 0.0985576923076923
0 0.6923076923076923 0.27524038461538464 0.02403846153846154 0.11778846153846154
0 0.7307692307692307 0.33533653846153844 0.036057692307692304 0.09735576923076923
0 0.7836538461538461 0.27524038461538464 0.027644230769230768 0.04447115384615385
0 0.8125 0.2764423076923077 0.030048076923076924 0.04567307692307692
0 0.8581730769230769 0.23197115384615385 0.028846153846153848 0.038461538461538464
0 0.5973557692307693 0.28125 0.015625 0.08653846153846154
0 0.8870192307692307 0.23076923076923078 0.030048076923076924 0.042067307692307696
0 0.8834134615384616 0.2776442307692308 0.037259615384615384 0.051682692307692304
0 0.9230769230769231 0.2800480769230769 0.038461538461538464 0.052884615384615384
0 0.9639423076923077 0.2824519230769231 0.038461538461538464 0.052884615384615384
0 0.9651442307692307 0.23076923076923078 0.03485576923076923 0.04447115384615385
0 0.9903846153846154 0.2283653846153846 0.014423076923076924 0.052884615384615384
0 0.9915865384615384 0.28125 0.01201923076923077 0.052884615384615384
0 0.9314903846153846 0.23076923076923078 0.03365384615384615 0.038461538461538464
0 0.8894230769230769 0.14182692307692307 0.026442307692307692 0.07451923076923077
0 0.9158653846153846 0.13822115384615385 0.026442307692307692 0.08173076923076923
0 0.8473557692307693 0.27884615384615385 0.03485576923076923 0.04927884615384615
0 0.5673076923076923 0.28966346153846156 0.020432692307692308 0.0625
0 0.5516826923076923 0.27884615384615385 0.01201923076923077 0.08533653846153846
0 0.5372596153846154 0.27884615384615385 0.015625 0.08413461538461539
0 0.5528846153846154 0.39302884615384615 0.018028846153846152 0.046875
0 0.5360576923076923 0.3894230769230769 0.018028846153846152 0.04807692307692308
0 0.9915865384615384 0.051682692307692304 0.014423076923076924 0.07572115384615384
0 0.96875 0.055288461538461536 0.028846153846153848 0.06850961538461539
0 0.9399038461538461 0.05889423076923077 0.027644230769230768 0.07091346153846154
0 0.9122596153846154 0.06490384615384616 0.028846153846153848 0.06129807692307692
0 0.5552884615384616 0.1466346153846154 0.054086538461538464 0.12620192307692307
0 0.6141826923076923 0.13701923076923078 0.06009615384615385 0.13701923076923078
0 0.6574519230769231 0.15384615384615385 0.025240384615384616 0.09014423076923077
0 0.6826923076923077 0.15144230769230768 0.027644230769230768 0.0985576923076923
0 0.7115384615384616 0.14423076923076922 0.027644230769230768 0.10216346153846154
0 0.7379807692307693 0.14182692307692307 0.025240384615384616 0.09975961538461539
0 0.7608173076923077 0.15625 0.019230769230769232 0.0673076923076923
0 0.7824519230769231 0.15625 0.025240384615384616 0.0673076923076923
0 0.8064903846153846 0.15384615384615385 0.021634615384615384 0.07091346153846154
0 0.8305288461538461 0.15264423076923078 0.027644230769230768 0.06971153846153846
0 0.8064903846153846 0.09134615384615384 0.019230769230769232 0.038461538461538464
0 0.828125 0.08653846153846154 0.02403846153846154 0.046875
0 0.8497596153846154 0.08533653846153846 0.021634615384615384 0.046875
0 0.875 0.07932692307692307 0.026442307692307692 0.052884615384615384
0 0.859375 0.14783653846153846 0.028846153846153848 0.07451923076923077
0 0.7584134615384616 0.7524038461538461 0.03125 0.15504807692307693
0 0.8197115384615384 0.8293269230769231 0.08533653846153846 0.109375
0 0.5192307692307693 0.7668269230769231 0.013221153846153846 0.037259615384615384
0 0.7355769230769231 0.9278846153846154 0.030048076923076924 0.12980769230769232
0 0.8088942307692307 0.9543269230769231 0.11177884615384616 0.09014423076923077
0 0.5288461538461539 0.5516826923076923 0.016826923076923076 0.078125
0 0.5456730769230769 0.5576923076923077 0.019230769230769232 0.0829326923076923
0 0.9254807692307693 0.8509615384615384 0.125 0.11298076923076923