0 0.028846153846153848 0.4735576923076923 0.037259615384615384 0.03365384615384615
0 0.078125 0.47596153846153844 0.051682692307692304 0.016826923076923076
0 0.12379807692307693 0.4735576923076923 0.04326923076923077 0.03365384615384615
0 0.18028846153846154 0.4795673076923077 0.054086538461538464 0.021634615384615384
0 0.18870192307692307 0.4519230769230769 0.04447115384615385 0.021634615384615384
0 0.08774038461538461 0.45552884615384615 0.030048076923076924 0.021634615384615384
0 0.020432692307692308 0.5625 0.040865384615384616 0.03365384615384615
0 0.5673076923076923 0.36658653846153844 0.025240384615384616 0.08173076923076923
0 0.1814903846153846 0.5576923076923077 0.08774038461538461 0.039663461538461536
0 0.10697115384615384 0.5276442307692307 0.06971153846153846 0.014423076923076924
0 0.27884615384615385 0.47475961538461536 0.03365384615384615 0.08774038461538461
0 0.3125 0.47596153846153844 0.028846153846153848 0.08774038461538461
0 0.3449519230769231 0.4723557692307692 0.03365384615384615 0.08774038461538461
0 0.37740384615384615 0.47596153846153844 0.026442307692307692 0.0889423076923077
0 0.40625 0.47836538461538464 0.030048076923076924 0.08173076923076923
0 0.4375 0.4795673076923077 0.025240384615384616 0.078125
0 0.08533653846153846 0.5576923076923077 0.08653846153846154 0.038461538461538464
0 0.16947115384615385 0.38461538461538464 0.05048076923076923 0.037259615384615384
0 0.8581730769230769 0.36899038461538464 0.03365384615384615 0.0733173076923077
0 0.07091346153846154 0.3858173076923077 0.056490384615384616 0.040865384615384616
0 0.5925480769230769 0.36658653846153844 0.026442307692307692 0.08173076923076923
0 0.6225961538461539 0.3713942307692308 0.027644230769230768 0.06850961538461539
0 0.6754807692307693 0.36658653846153844 0.039663461538461536 0.07211538461538461
0 0.7127403846153846 0.36899038461538464 0.03485576923076923 0.0733173076923077
0 0.7487980769230769 0.3701923076923077 0.03485576923076923 0.07091346153846154
0 0.7836538461538461 0.36538461538461536 0.027644230769230768 0.078125
0 0.8149038461538461 0.36538461538461536 0.03485576923076923 0.08052884615384616
0 0.12139423076923077 0.38461538461538464 0.037259615384615384 0.042067307692307696
0 0.46875 0.49038461538461536 0.03245192307692308 0.056490384615384616
0 0.9170673076923077 0.3701923076923077 0.040865384615384616 0.06850961538461539
0 0.9507211538461539 0.3701923076923077 0.027644230769230768 0.06850961538461539
0 0.9855769230769231 0.36778846153846156 0.026442307692307692 0.07211538461538461
0 0.06490384615384616 0.16706730769230768 0.0625 0.12259615384615384
0 0.06610576923076923 0.27524038461538464 0.08052884615384616 0.056490384615384616
0 0.14903846153846154 0.2704326923076923 0.0673076923076923 0.06370192307692307
0 0.021634615384615384 0.38461538461538464 0.036057692307692304 0.039663461538461536
0 0.8834134615384616 0.36778846153846156 0.018028846153846152 0.07091346153846154
0 0.5024038461538461 0.4795673076923077 0.026442307692307692 0.07572115384615384
0 0.421875 0.5817307692307693 0.026442307692307692 0.078125
0 0.6262019230769231 0.47836538461538464 0.028846153846153848 0.08413461538461539
0 0.9627403846153846 0.6009615384615384 0.037259615384615384 0.027644230769230768
0 0.016826923076923076 0.7355769230769231 0.03365384615384615 0.04326923076923077
0 0.057692307692307696 0.734375 0.04807692307692308 0.04326923076923077
0 0.10576923076923077 0.7355769230769231 0.04326923076923077 0.042067307692307696
0 0.15745192307692307 0.7355769230769231 0.046875 0.04567307692307692
0 0.203125 0.7331730769230769 0.046875 0.04807692307692308
0 0.28125 0.6826923076923077 0.06129807692307692 0.07211538461538461
0 0.3545673076923077 0.6838942307692307 0.05889423076923077 0.08533653846153846
0 0.49158653846153844 0.6971153846153846 0.06370192307692307 0.11538461538461539
0 0.5576923076923077 0.6971153846153846 0.06370192307692307 0.11538461538461539
0 0.6225961538461539 0.6971153846153846 0.05889423076923077 0.11538461538461539
0 0.7019230769230769 0.6959134615384616 0.06850961538461539 0.11538461538461539
0 0.7704326923076923 0.6947115384615384 0.04447115384615385 0.11899038461538461
0 0.8485576923076923 0.6983173076923077 0.07572115384615384 0.11778846153846154
0 0.9134615384615384 0.6959134615384616 0.04447115384615385 0.11778846153846154
0 0.9699519230769231 0.6947115384615384 0.055288461538461536 0.1201923076923077
0 0.10817307692307693 0.6129807692307693 0.07091346153846154 0.007211538461538462
0 0.10336538461538461 0.6213942307692307 0.07211538461538461 0.009615384615384616
0 0.09615384615384616 0.6298076923076923 0.07932692307692307 0.008413461538461538
0 0.17307692307692307 0.6286057692307693 0.06009615384615385 0.007211538461538462
0 0.17427884615384615 0.6165865384615384 0.05048076923076923 0.007211538461538462
0 0.11658653846153846 0.6021634615384616 0.0733173076923077 0.007211538461538462
0 0.042067307692307696 0.6021634615384616 0.027644230769230768 0.009615384615384616
0 0.921875 0.6021634615384616 0.04447115384615385 0.03125
0 0.875 0.5997596153846154 0.04447115384615385 0.030048076923076924
0 0.828125 0.5997596153846154 0.04927884615384615 0.030048076923076924
0 0.7740384615384616 0.5841346153846154 0.04567307692307692 0.06971153846153846
0 0.6598557692307693 0.47836538461538464 0.028846153846153848 0.0829326923076923
0 0.6899038461538461 0.4723557692307692 0.028846153846153848 0.09495192307692307
0 0.7175480769230769 0.49278846153846156 0.02403846153846154 0.04927884615384615
0 0.7548076923076923 0.47596153846153844 0.04567307692307692 0.08173076923076923
0 0.8040865384615384 0.4807692307692308 0.052884615384615384 0.0733173076923077
0 0.8533653846153846 0.4831730769230769 0.039663461538461536 0.06370192307692307
0 0.9002403846153846 0.4831730769230769 0.054086538461538464 0.0673076923076923
0 0.9495192307692307 0.4855769230769231 0.04807692307692308 0.057692307692307696
0 0.0985576923076923 0.6514423076923077 0.08533653846153846 0.026442307692307692
0 0.17908653846153846 0.6478365384615384 0.07091346153846154 0.030048076923076924
0 0.24879807692307693 0.5829326923076923 0.037259615384615384 0.07932692307692307
0 0.5324519230769231 0.4795673076923077 0.030048076923076924 0.07932692307692307
0 0.2800480769230769 0.5829326923076923 0.028846153846153848 0.078125
0 0.33774038461538464 0.5829326923076923 0.030048076923076924 0.07572115384615384
0 0.36658653846153844 0.5829326923076923 0.027644230769230768 0.07572115384615384
0 0.3942307692307692 0.5829326923076923 0.026442307692307692 0.07572115384615384
0 0.453125 0.5829326923076923 0.030048076923076924 0.07692307692307693
0 0.484375 0.5889423076923077 0.030048076923076924 0.06370192307692307
0 0.5180288461538461 0.5829326923076923 0.037259615384615384 0.07572115384615384
0 0.5564903846153846 0.5829326923076923 0.036057692307692304 0.07572115384615384
0 0.5997596153846154 0.5973557692307693 0.042067307692307696 0.040865384615384616
0 0.6418269230769231 0.5769230769230769 0.042067307692307696 0.07692307692307693
0 0.6899038461538461 0.5889423076923077 0.04326923076923077 0.06370192307692307
0 0.7319711538461539 0.5865384615384616 0.039663461538461536 0.06009615384615385
0 0.31009615384615385 0.5817307692307693 0.02403846153846154 0.07692307692307693
0 0.5348557692307693 0.3701923076923077 0.028846153846153848 0.0733173076923077
0 0.42908653846153844 0.6850961538461539 0.04447115384615385 0.09014423076923077
0 0.4651442307692308 0.3641826923076923 0.03485576923076923 0.06009615384615385
0 0.2439903846153846 0.2403846153846154 0.02403846153846154 0.08413461538461539
0 0.4519230769230769 0.10697115384615384 0.030048076923076924 0.07572115384615384
0 0.5072115384615384 0.3701923076923077 0.028846153846153848 0.07451923076923077
0 0.20673076923076922 0.2536057692307692 0.038461538461538464 0.06009615384615385
0 0.9579326923076923 0.09615384615384616 0.05889423076923077 0.08413461538461539
0 0.8978365384615384 0.1045673076923077 0.055288461538461536 0.0673076923076923
0 0.8365384615384616 0.09495192307692307 0.06009615384615385 0.09254807692307693
0 0.7848557692307693 0.09375 0.039663461538461536 0.09254807692307693
0 0.75 0.11057692307692307 0.028846153846153848 0.06129807692307692
0 0.7199519230769231 0.11057692307692307 0.03125 0.06009615384615385
0 0.6862980769230769 0.09975961538461539 0.03365384615384615 0.07932692307692307
0 0.6514423076923077 0.10096153846153846 0.03125 0.07932692307692307
0 0.6069711538461539 0.09975961538461539 0.036057692307692304 0.08653846153846154
0 0.18629807692307693 0.10096153846153846 0.038461538461538464 0.08533653846153846
0 0.21754807692307693 0.09615384615384616 0.02403846153846154 0.09735576923076923
0 0.2536057692307692 0.10697115384615384 0.04447115384615385 0.07451923076923077
0 0.2980769230769231 0.10697115384615384 0.03125 0.0733173076923077
0 0.33774038461538464 0.10576923076923077 0.042067307692307696 0.07572115384615384
0 0.37740384615384615 0.10576923076923077 0.036057692307692304 0.07572115384615384
0 0.5697115384615384 0.10336538461538461 0.028846153846153848 0.0733173076923077
0 0.5360576923076923 0.10576923076923077 0.03485576923076923 0.07932692307692307
0 0.5060096153846154 0.10576923076923077 0.02283653846153846 0.07091346153846154
0 0.48197115384615385 0.10817307692307693 0.02283653846153846 0.07451923076923077
0 0.27524038461538464 0.2403846153846154 0.038461538461538464 0.08533653846153846
0 0.3112980769230769 0.24158653846153846 0.027644230769230768 0.08653846153846154
0 0.41947115384615385 0.10576923076923077 0.03365384615384615 0.078125
0 0.3786057692307692 0.2403846153846154 0.028846153846153848 0.08653846153846154
0 0.4651442307692308 0.2608173076923077 0.06129807692307692 0.04807692307692308
0 0.5637019230769231 0.24158653846153846 0.037259615384615384 0.08774038461538461
0 0.6009615384615384 0.2403846153846154 0.03365384615384615 0.08533653846153846
0 0.6346153846153846 0.2439903846153846 0.036057692307692304 0.07572115384615384
0 0.671875 0.2403846153846154 0.03365384615384615 0.08052884615384616
0 0.7007211538461539 0.24278846153846154 0.02403846153846154 0.07932692307692307
0 0.7319711538461539 0.24158653846153846 0.037259615384615384 0.08052884615384616
0 0.7692307692307693 0.2439903846153846 0.03245192307692308 0.07692307692307693
0 0.8028846153846154 0.24519230769230768 0.02403846153846154 0.078125
0 0.5216346153846154 0.25961538461538464 0.04567307692307692 0.04927884615384615
0 0.3449519230769231 0.2403846153846154 0.03365384615384615 0.08774038461538461
0 0.2644230769230769 0.3641826923076923 0.039663461538461536 0.057692307692307696
0 0.34615384615384615 0.3641826923076923 0.038461538461538464 0.06009615384615385
0 0.31009615384615385 0.3641826923076923 0.02403846153846154 0.06009615384615385
0 0.8341346153846154 0.2439903846153846 0.038461538461538464 0.07932692307692307
0 0.23076923076923078 0.3629807692307692 0.028846153846153848 0.05889423076923077
0 0.9615384615384616 0.22596153846153846 0.07572115384615384 0.1141826923076923
0 0.9038461538461539 0.24879807692307693 0.036057692307692304 0.0733173076923077
0 0.8701923076923077 0.24759615384615385 0.028846153846153848 0.07572115384615384
0 0.38822115384615385 0.3641826923076923 0.03365384615384615 0.05889423076923077
0 0.41225961538461536 0.23918269230769232 0.036057692307692304 0.08533653846153846
0 0.4254807692307692 0.3641826923076923 0.039663461538461536 0.06009615384615385