0 0.8293269230769231 0.7067307692307693 0.04807692307692308 0.07091346153846154
0 0.7608173076923077 0.7079326923076923 0.06850961538461539 0.078125
0 0.2536057692307692 0.7079326923076923 0.028846153846153848 0.06971153846153846
0 0.6262019230769231 0.7103365384615384 0.057692307692307696 0.054086538461538464
0 0.5552884615384616 0.7103365384615384 0.057692307692307696 0.056490384615384616
0 0.45552884615384615 0.7055288461538461 0.038461538461538464 0.08173076923076923
0 0.41947115384615385 0.7055288461538461 0.02403846153846154 0.07692307692307693
0 0.3798076923076923 0.7079326923076923 0.038461538461538464 0.06971153846153846
0 0.3401442307692308 0.7091346153846154 0.03125 0.07211538461538461
0 0.2932692307692308 0.7091346153846154 0.039663461538461536 0.07091346153846154
0 0.2247596153846154 0.7115384615384616 0.020432692307692308 0.0733173076923077
0 0.19471153846153846 0.7139423076923077 0.030048076923076924 0.0673076923076923
0 0.8737980769230769 0.7139423076923077 0.030048076923076924 0.040865384615384616
0 0.6923076923076923 0.7079326923076923 0.051682692307692304 0.06850961538461539
0 0.90625 0.7175480769230769 0.026442307692307692 0.042067307692307696
0 0.2091346153846154 0.49278846153846156 0.0673076923076923 0.08533653846153846
0 0.9795673076923077 0.7211538461538461 0.028846153846153848 0.037259615384615384
0 0.1622596153846154 0.7127403846153846 0.02403846153846154 0.07091346153846154
0 0.14903846153846154 0.5048076923076923 0.04927884615384615 0.06129807692307692
0 0.08173076923076923 0.49399038461538464 0.07451923076923077 0.09495192307692307
0 0.015625 0.5252403846153846 0.030048076923076924 0.03125
0 0.014423076923076924 0.4795673076923077 0.028846153846153848 0.040865384615384616
0 0.030048076923076924 0.6057692307692307 0.06009615384615385 0.038461538461538464
0 0.08413461538461539 0.6153846153846154 0.042067307692307696 0.06490384615384616
0 0.12980769230769232 0.6069711538461539 0.042067307692307696 0.07692307692307693
0 0.1778846153846154 0.6033653846153846 0.042067307692307696 0.08413461538461539
0 0.22716346153846154 0.6033653846153846 0.051682692307692304 0.08173076923076923
0 0.9483173076923077 0.7175480769230769 0.028846153846153848 0.039663461538461536
0 0.28365384615384615 0.6045673076923077 0.052884615384615384 0.08413461538461539
0 0.421875 0.6069711538461539 0.052884615384615384 0.08052884615384616
0 0.47596153846153844 0.6045673076923077 0.04807692307692308 0.07932692307692307
0 0.5336538461538461 0.6045673076923077 0.052884615384615384 0.07451923076923077
0 0.5889423076923077 0.6009615384615384 0.04927884615384615 0.07692307692307693
0 0.6454326923076923 0.6045673076923077 0.04807692307692308 0.07572115384615384
0 0.7139423076923077 0.5985576923076923 0.078125 0.08653846153846154
0 0.7848557692307693 0.5985576923076923 0.04807692307692308 0.08173076923076923
0 0.8545673076923077 0.5985576923076923 0.0625 0.09014423076923077
0 0.9194711538461539 0.6033653846153846 0.04807692307692308 0.06850961538461539
0 0.9759615384615384 0.5973557692307693 0.046875 0.09134615384615384
0 0.35216346153846156 0.6057692307692307 0.07211538461538461 0.08653846153846154
0 0.1201923076923077 0.7115384615384616 0.03365384615384615 0.07692307692307693
0 0.9158653846153846 0.8257211538461539 0.04567307692307692 0.04447115384615385
0 0.02403846153846154 0.6766826923076923 0.04807692307692308 0.06129807692307692
0 0.8617788461538461 0.9170673076923077 0.03245192307692308 0.0673076923076923
0 0.8209134615384616 0.9206730769230769 0.038461538461538464 0.06971153846153846
0 0.7788461538461539 0.9194711538461539 0.037259615384615384 0.07211538461538461
0 0.7391826923076923 0.9230769230769231 0.03125 0.07211538461538461
0 0.6899038461538461 0.9122596153846154 0.03365384615384615 0.06610576923076923
0 0.640625 0.9110576923076923 0.028846153846153848 0.07091346153846154
0 0.6045673076923077 0.9134615384615384 0.03485576923076923 0.0673076923076923
0 0.5637019230769231 0.9182692307692307 0.03365384615384615 0.07091346153846154
0 0.9038461538461539 0.9170673076923077 0.04927884615384615 0.08653846153846154
0 0.5216346153846154 0.9002403846153846 0.026442307692307692 0.05889423076923077
0 0.42908653846153844 0.90625 0.03125 0.078125
0 0.3425480769230769 0.9146634615384616 0.04326923076923077 0.08533653846153846
0 0.2956730769230769 0.9086538461538461 0.03365384615384615 0.09134615384615384
0 0.25 0.9122596153846154 0.038461538461538464 0.08653846153846154
0 0.20192307692307693 0.9134615384615384 0.042067307692307696 0.08653846153846154
0 0.16105769230769232 0.9086538461538461 0.030048076923076924 0.07211538461538461
0 0.10697115384615384 0.9182692307692307 0.06129807692307692 0.055288461538461536
0 0.03125 0.9254807692307693 0.0625 0.05048076923076923
0 0.4735576923076923 0.9050480769230769 0.04447115384615385 0.08533653846153846
0 0.953125 0.9122596153846154 0.03485576923076923 0.08653846153846154
0 0.9891826923076923 0.9158653846153846 0.020432692307692308 0.07091346153846154
0 0.9639423076923077 0.8209134615384616 0.039663461538461536 0.05048076923076923
0 0.027644230769230768 0.7560096153846154 0.051682692307692304 0.06850961538461539
0 0.04447115384615385 0.8317307692307693 0.057692307692307696 0.07451923076923077
0 0.08533653846153846 0.8100961538461539 0.02283653846153846 0.06850961538461539
0 0.11658653846153846 0.8100961538461539 0.016826923076923076 0.07091346153846154
0 0.14302884615384615 0.8100961538461539 0.018028846153846152 0.0733173076923077
0 0.1778846153846154 0.8088942307692307 0.025240384615384616 0.07692307692307693
0 0.21033653846153846 0.8221153846153846 0.021634615384615384 0.040865384615384616
0 0.24639423076923078 0.8173076923076923 0.020432692307692308 0.04447115384615385
0 0.28125 0.8221153846153846 0.019230769230769232 0.03485576923076923
0 0.32091346153846156 0.8197115384615384 0.028846153846153848 0.039663461538461536
0 0.3713942307692308 0.8112980769230769 0.06370192307692307 0.07692307692307693
0 0.44471153846153844 0.8088942307692307 0.054086538461538464 0.05048076923076923
0 0.5360576923076923 0.8209134615384616 0.10096153846153846 0.052884615384615384
0 0.6201923076923077 0.8064903846153846 0.055288461538461536 0.052884615384615384
0 0.7079326923076923 0.8161057692307693 0.057692307692307696 0.04927884615384615
0 0.8052884615384616 0.8209134615384616 0.06009615384615385 0.04927884615384615
0 0.8629807692307693 0.8293269230769231 0.04326923076923077 0.040865384615384616
0 0.8701923076923077 0.7800480769230769 0.040865384615384616 0.039663461538461536
0 0.26802884615384615 0.5096153846153846 0.03365384615384615 0.055288461538461536
0 0.08774038461538461 0.6995192307692307 0.028846153846153848 0.06971153846153846
0 0.32211538461538464 0.46033653846153844 0.04567307692307692 0.018028846153846152
0 0.5024038461538461 0.703125 0.038461538461538464 0.08052884615384616
0 0.375 0.49278846153846156 0.06129807692307692 0.08653846153846154
0 0.6838942307692307 0.15985576923076922 0.05048076923076923 0.015625
0 0.6911057692307693 0.13701923076923078 0.04447115384615385 0.020432692307692308
0 0.6850961538461539 0.1778846153846154 0.04927884615384615 0.019230769230769232
0 0.7536057692307693 0.1778846153846154 0.05048076923076923 0.021634615384615384
0 0.7536057692307693 0.15144230769230768 0.052884615384615384 0.019230769230769232
0 0.7536057692307693 0.125 0.04326923076923077 0.018028846153846152
0 0.7524038461538461 0.10336538461538461 0.037259615384615384 0.018028846153846152
0 0.8076923076923077 0.14302884615384615 0.042067307692307696 0.08653846153846154
0 0.8521634615384616 0.14783653846153846 0.036057692307692304 0.078125
0 0.90625 0.17668269230769232 0.04326923076923077 0.019230769230769232
0 0.9110576923076923 0.1502403846153846 0.040865384615384616 0.021634615384615384
0 0.9002403846153846 0.12259615384615384 0.046875 0.02283653846153846
0 0.9627403846153846 0.14903846153846154 0.04567307692307692 0.08533653846153846
0 0.9507211538461539 0.2704326923076923 0.08413461538461539 0.11298076923076923
0 0.8389423076923077 0.2776442307692308 0.07211538461538461 0.10216346153846154
0 0.6334134615384616 0.15384615384615385 0.046875 0.02403846153846154
0 0.6310096153846154 0.1778846153846154 0.04807692307692308 0.020432692307692308
0 0.5853365384615384 0.1201923076923077 0.028846153846153848 0.046875
0 0.5853365384615384 0.16947115384615385 0.03365384615384615 0.039663461538461536
0 0.04567307692307692 0.1658653846153846 0.054086538461538464 0.052884615384615384
0 0.042067307692307696 0.11057692307692307 0.05048076923076923 0.054086538461538464
0 0.10096153846153846 0.08533653846153846 0.04927884615384615 0.0733173076923077
0 0.10096153846153846 0.15865384615384615 0.046875 0.07091346153846154
0 0.1502403846153846 0.1466346153846154 0.038461538461538464 0.0889423076923077
0 0.19230769230769232 0.1466346153846154 0.037259615384615384 0.09254807692307693
0 0.18389423076923078 0.07091346153846154 0.03485576923076923 0.052884615384615384
0 0.6670673076923077 0.2704326923076923 0.078125 0.11298076923076923
0 0.22956730769230768 0.07692307692307693 0.026442307692307692 0.038461538461538464
0 0.296875 0.14903846153846154 0.07572115384615384 0.09014423076923077
0 0.3473557692307692 0.15384615384615385 0.026442307692307692 0.07091346153846154
0 0.3942307692307692 0.15264423076923078 0.05048076923076923 0.07451923076923077
0 0.3137019230769231 0.5048076923076923 0.055288461538461536 0.06129807692307692
0 0.44711538461538464 0.15625 0.04326923076923077 0.0733173076923077
0 0.49759615384615385 0.15504807692307693 0.042067307692307696 0.07451923076923077
0 0.5456730769230769 0.15144230769230768 0.03365384615384615 0.08173076923076923
0 0.23798076923076922 0.14903846153846154 0.038461538461538464 0.09014423076923077
0 0.5793269230769231 0.27163461538461536 0.07091346153846154 0.11298076923076923
0 0.28365384615384615 0.23918269230769232 0.04567307692307692 0.025240384615384616
0 0.46274038461538464 0.28846153846153844 0.04807692307692308 0.08173076923076923
0 0.3329326923076923 0.390625 0.0673076923076923 0.09375
0 0.39783653846153844 0.39302884615384615 0.052884615384615384 0.0829326923076923
0 0.4483173076923077 0.40384615384615385 0.040865384615384616 0.057692307692307696
0 0.5 0.4014423076923077 0.054086538461538464 0.06129807692307692
0 0.5661057692307693 0.39783653846153844 0.0625 0.07572115384615384
0 0.6262019230769231 0.39783653846153844 0.04807692307692308 0.0673076923076923
0 0.6826923076923077 0.3954326923076923 0.056490384615384616 0.0733173076923077
0 0.43509615384615385 0.5048076923076923 0.04927884615384615 0.06850961538461539
0 0.5108173076923077 0.5012019230769231 0.04326923076923077 0.07091346153846154
0 0.5745192307692307 0.49278846153846156 0.07572115384615384 0.08533653846153846
0 0.6598557692307693 0.49278846153846156 0.06850961538461539 0.08173076923076923
0 0.7259615384615384 0.4963942307692308 0.06129807692307692 0.07692307692307693
0 0.7884615384615384 0.5012019230769231 0.04807692307692308 0.0673076923076923
0 0.8401442307692307 0.5012019230769231 0.042067307692307696 0.06971153846153846
0 0.8930288461538461 0.45552884615384615 0.037259615384615384 0.02403846153846154
0 0.8942307692307693 0.5048076923076923 0.051682692307692304 0.055288461538461536
0 0.9555288461538461 0.49759615384615385 0.04807692307692308 0.06610576923076923
0 0.9759615384615384 0.3918269230769231 0.04326923076923077 0.0733173076923077
0 0.9134615384615384 0.3954326923076923 0.06490384615384616 0.06850961538461539
0 0.8497596153846154 0.3954326923076923 0.052884615384615384 0.06490384615384616
0 0.5132211538461539 0.29086538461538464 0.046875 0.07692307692307693
0 0.27283653846153844 0.36177884615384615 0.04807692307692308 0.02403846153846154
0 0.27283653846153844 0.40384615384615385 0.04447115384615385 0.056490384615384616
0 0.7668269230769231 0.3942307692307692 0.06610576923076923 0.0733173076923077
0 0.22596153846153846 0.29447115384615385 0.04326923076923077 0.0733173076923077
0 0.2776442307692308 0.21394230769230768 0.057692307692307696 0.02403846153846154
0 0.17307692307692307 0.2920673076923077 0.04927884615384615 0.07091346153846154
0 0.018028846153846152 0.2956730769230769 0.036057692307692304 0.0673076923076923
0 0.06610576923076923 0.2956730769230769 0.051682692307692304 0.07211538461538461
0 0.1201923076923077 0.2956730769230769 0.051682692307692304 0.0673076923076923
0 0.08413461538461539 0.3918269230769231 0.07091346153846154 0.09014423076923077
0 0.14543269230769232 0.40384615384615385 0.042067307692307696 0.06009615384615385
0 0.2091346153846154 0.390625 0.0673076923076923 0.08774038461538461
0 0.28125 0.28846153846153844 0.052884615384615384 0.07091346153846154
0 0.3401442307692308 0.2932692307692308 0.056490384615384616 0.0673076923076923
0 0.39903846153846156 0.28966346153846156 0.056490384615384616 0.07091346153846154