0 0.3942307692307692 0.7872596153846154 0.04567307692307692 0.05048076923076923
0 0.4423076923076923 0.7848557692307693 0.04326923076923077 0.05048076923076923
0 0.4387019230769231 0.8425480769230769 0.04326923076923077 0.055288461538461536
0 0.8293269230769231 0.4543269230769231 0.019230769230769232 0.10817307692307693
0 0.43509615384615385 0.9591346153846154 0.04567307692307692 0.056490384615384616
0 0.3894230769230769 0.8461538461538461 0.04326923076923077 0.055288461538461536
0 0.5048076923076923 0.9555288461538461 0.09014423076923077 0.05048076923076923
0 0.4362980769230769 0.9014423076923077 0.040865384615384616 0.05048076923076923
0 0.390625 0.9002403846153846 0.04447115384615385 0.04927884615384615
0 0.8497596153846154 0.4543269230769231 0.019230769230769232 0.10336538461538461
0 0.8713942307692307 0.265625 0.03365384615384615 0.16105769230769232
0 0.9110576923076923 0.2668269230769231 0.039663461538461536 0.15504807692307693
0 0.9519230769230769 0.2668269230769231 0.040865384615384616 0.15384615384615385
0 0.9411057692307693 0.46274038461538464 0.03245192307692308 0.10697115384615384
0 0.9134615384615384 0.45913461538461536 0.021634615384615384 0.09615384615384616
0 0.8725961538461539 0.4543269230769231 0.018028846153846152 0.10216346153846154
0 0.5048076923076923 0.8990384615384616 0.08774038461538461 0.054086538461538464
0 0.3870192307692308 0.9627403846153846 0.04567307692307692 0.057692307692307696
0 0.5072115384615384 0.84375 0.0889423076923077 0.04807692307692308
0 0.71875 0.24759615384615385 0.03245192307692308 0.14903846153846154
0 0.8377403846153846 0.26322115384615385 0.03365384615384615 0.15504807692307693
0 0.8088942307692307 0.46274038461538464 0.016826923076923076 0.07572115384615384
0 0.037259615384615384 0.16826923076923078 0.04326923076923077 0.18509615384615385
0 0.11778846153846154 0.17548076923076922 0.040865384615384616 0.18870192307692307
0 0.16706730769230768 0.18028846153846154 0.040865384615384616 0.18629807692307693
0 0.22235576923076922 0.18509615384615385 0.04807692307692308 0.18629807692307693
0 0.27283653846153844 0.18870192307692307 0.038461538461538464 0.1875
0 0.31850961538461536 0.1971153846153846 0.042067307692307696 0.1935096153846154
0 0.36778846153846156 0.20432692307692307 0.039663461538461536 0.17067307692307693
0 0.4170673076923077 0.2127403846153846 0.040865384615384616 0.17067307692307693
0 0.46153846153846156 0.21754807692307693 0.038461538461538464 0.17427884615384615
0 0.5036057692307693 0.21754807692307693 0.038461538461538464 0.17548076923076922
0 0.5444711538461539 0.2283653846153846 0.037259615384615384 0.15985576923076922
0 0.5949519230769231 0.23918269230769232 0.038461538461538464 0.16346153846153846
0 0.6370192307692307 0.24278846153846154 0.042067307692307696 0.16105769230769232
0 0.6790865384615384 0.2439903846153846 0.040865384615384616 0.1658653846153846
0 0.7560096153846154 0.2512019230769231 0.036057692307692304 0.14783653846153846
0 0.7980769230769231 0.2548076923076923 0.037259615384615384 0.15865384615384615
0 0.5108173076923077 0.7884615384615384 0.08653846153846154 0.056490384615384616
0 0.7872596153846154 0.46153846153846156 0.019230769230769232 0.07211538461538461
0 0.8918269230769231 0.46274038461538464 0.016826923076923076 0.0829326923076923
0 0.7427884615384616 0.46033653846153844 0.018028846153846152 0.078125
0 0.7403846153846154 0.6622596153846154 0.04447115384615385 0.06129807692307692
0 0.7836538461538461 0.6610576923076923 0.03365384615384615 0.04807692307692308
0 0.7932692307692307 0.5997596153846154 0.039663461538461536 0.054086538461538464
0 0.8365384615384616 0.5997596153846154 0.03485576923076923 0.05048076923076923
0 0.8762019230769231 0.6033653846153846 0.036057692307692304 0.06009615384615385
0 0.9158653846153846 0.6057692307692307 0.03365384615384615 0.04807692307692308
0 0.828125 0.65625 0.03485576923076923 0.04447115384615385
0 0.7487980769230769 0.6021634615384616 0.04447115384615385 0.051682692307692304
0 0.8713942307692307 0.6622596153846154 0.039663461538461536 0.04447115384615385
0 0.9771634615384616 0.65625 0.040865384615384616 0.0673076923076923
0 0.037259615384615384 0.8557692307692307 0.07451923076923077 0.055288461538461536
0 0.036057692307692304 0.9747596153846154 0.07211538461538461 0.04927884615384615
0 0.036057692307692304 0.9158653846153846 0.07091346153846154 0.051682692307692304
0 0.15144230769230768 0.7920673076923077 0.10336538461538461 0.057692307692307696
0 0.15264423076923078 0.859375 0.11177884615384616 0.06009615384615385
0 0.15384615384615385 0.9158653846153846 0.10336538461538461 0.04567307692307692
0 0.9122596153846154 0.6586538461538461 0.039663461538461536 0.04326923076923077
0 0.15384615384615385 0.9675480769230769 0.10817307692307693 0.05048076923076923
0 0.7043269230769231 0.5997596153846154 0.039663461538461536 0.056490384615384616
0 0.6490384615384616 0.6586538461538461 0.038461538461538464 0.052884615384615384
0 0.23918269230769232 0.6526442307692307 0.04447115384615385 0.056490384615384616
0 0.2956730769230769 0.5865384615384616 0.05048076923076923 0.0673076923076923
0 0.34615384615384615 0.5889423076923077 0.04447115384615385 0.06129807692307692
0 0.2920673076923077 0.6550480769230769 0.046875 0.05889423076923077
0 0.34615384615384615 0.6526442307692307 0.04807692307692308 0.055288461538461536
0 0.4170673076923077 0.5889423076923077 0.04807692307692308 0.06129807692307692
0 0.40865384615384615 0.6538461538461539 0.04807692307692308 0.056490384615384616
0 0.6935096153846154 0.6586538461538461 0.037259615384615384 0.055288461538461536
0 0.4675480769230769 0.5913461538461539 0.04326923076923077 0.056490384615384616
0 0.5108173076923077 0.6526442307692307 0.04567307692307692 0.06009615384615385
0 0.5132211538461539 0.5913461538461539 0.042067307692307696 0.055288461538461536
0 0.5625 0.5985576923076923 0.042067307692307696 0.054086538461538464
0 0.5600961538461539 0.6598557692307693 0.042067307692307696 0.0625
0 0.6057692307692307 0.6586538461538461 0.039663461538461536 0.054086538461538464
0 0.7632211538461539 0.4567307692307692 0.019230769230769232 0.07451923076923077
0 0.6598557692307693 0.5985576923076923 0.040865384615384616 0.055288461538461536
0 0.46274038461538464 0.6550480769230769 0.042067307692307696 0.0625
0 0.18509615384615385 0.6550480769230769 0.057692307692307696 0.056490384615384616
0 0.23197115384615385 0.7920673076923077 0.042067307692307696 0.05048076923076923
0 0.34134615384615385 0.7896634615384616 0.051682692307692304 0.05048076923076923
0 0.8641826923076923 0.9338942307692307 0.07211538461538461 0.052884615384615384
0 0.7944711538461539 0.78125 0.04567307692307692 0.057692307692307696
0 0.7956730769230769 0.8365384615384616 0.039663461538461536 0.046875
0 0.7896634615384616 0.8870192307692307 0.039663461538461536 0.04927884615384615
0 0.7860576923076923 0.9399038461538461 0.040865384615384616 0.051682692307692304
0 0.7295673076923077 0.8341346153846154 0.08052884615384616 0.04927884615384615
0 0.7271634615384616 0.8894230769230769 0.0829326923076923 0.054086538461538464
0 0.8689903846153846 0.8834134615384616 0.0889423076923077 0.04807692307692308
0 0.7247596153846154 0.9447115384615384 0.08052884615384616 0.051682692307692304
0 0.6430288461538461 0.890625 0.08413461538461539 0.051682692307692304
0 0.6442307692307693 0.8377403846153846 0.078125 0.04807692307692308
0 0.6526442307692307 0.7776442307692307 0.08533653846153846 0.057692307692307696
0 0.5817307692307693 0.7848557692307693 0.04326923076923077 0.052884615384615384
0 0.5757211538461539 0.8425480769230769 0.039663461538461536 0.05048076923076923
0 0.5757211538461539 0.8966346153846154 0.04326923076923077 0.051682692307692304
0 0.5733173076923077 0.953125 0.039663461538461536 0.051682692307692304
0 0.6418269230769231 0.9471153846153846 0.08653846153846154 0.054086538461538464
0 0.28725961538461536 0.7836538461538461 0.04567307692307692 0.06009615384615385
0 0.8713942307692307 0.8353365384615384 0.07932692307692307 0.04567307692307692
0 0.9615384615384616 0.9326923076923077 0.07572115384615384 0.04567307692307692
0 0.23557692307692307 0.8485576923076923 0.04447115384615385 0.054086538461538464
0 0.2860576923076923 0.8485576923076923 0.04807692307692308 0.06009615384615385
0 0.3389423076923077 0.8497596153846154 0.05048076923076923 0.05048076923076923
0 0.234375 0.9110576923076923 0.04326923076923077 0.05889423076923077
0 0.28725961538461536 0.9098557692307693 0.051682692307692304 0.051682692307692304
0 0.33774038461538464 0.9074519230769231 0.04567307692307692 0.05048076923076923
0 0.234375 0.9699519230769231 0.04447115384615385 0.051682692307692304
0 0.8834134615384616 0.7836538461538461 0.07932692307692307 0.051682692307692304
0 0.2848557692307692 0.9699519230769231 0.05048076923076923 0.055288461538461536
0 0.9591346153846154 0.055288461538461536 0.056490384615384616 0.10576923076923077
0 0.8774038461538461 0.04447115384615385 0.07932692307692307 0.08533653846153846
0 0.7920673076923077 0.037259615384615384 0.07091346153846154 0.07211538461538461
0 0.7139423076923077 0.02403846153846154 0.07932692307692307 0.046875
0 0.9723557692307693 0.7752403846153846 0.054086538461538464 0.04927884615384615
0 0.9663461538461539 0.828125 0.06610576923076923 0.04927884615384615
0 0.9615384615384616 0.8822115384615384 0.07572115384615384 0.052884615384615384
0 0.33653846153846156 0.9627403846153846 0.04807692307692308 0.051682692307692304
0 0.12860576923076922 0.6526442307692307 0.055288461538461536 0.055288461538461536
0 0.6117788461538461 0.5973557692307693 0.04567307692307692 0.052884615384615384
0 0.009615384615384616 0.4014423076923077 0.018028846153846152 0.11298076923076923
0 0.6875 0.4338942307692308 0.020432692307692308 0.0625
0 0.6670673076923077 0.43149038461538464 0.019230769230769232 0.06971153846153846
0 0.6478365384615384 0.4362980769230769 0.010817307692307692 0.06009615384615385
0 0.6310096153846154 0.4387019230769231 0.020432692307692308 0.10096153846153846
0 0.6057692307692307 0.4387019230769231 0.021634615384615384 0.10576923076923077
0 0.5853365384615384 0.4375 0.019230769230769232 0.10817307692307693
0 0.5612980769230769 0.4362980769230769 0.021634615384615384 0.1045673076923077
0 0.48197115384615385 0.42908653846153844 0.02403846153846154 0.11177884615384616
0 0.24519230769230768 0.390625 0.04326923076923077 0.057692307692307696
0 0.29447115384615385 0.39302884615384615 0.04927884615384615 0.057692307692307696
0 0.24278846153846154 0.4495192307692308 0.04807692307692308 0.05889423076923077
0 0.18990384615384615 0.4495192307692308 0.046875 0.051682692307692304
0 0.039663461538461536 0.5829326923076923 0.06129807692307692 0.06009615384615385
0 0.037259615384615384 0.6490384615384616 0.054086538461538464 0.0625
0 0.29447115384615385 0.453125 0.04927884615384615 0.054086538461538464
0 0.18509615384615385 0.5877403846153846 0.057692307692307696 0.06850961538461539
0 0.45552884615384615 0.43149038461538464 0.025240384615384616 0.12139423076923077
0 0.43028846153846156 0.42788461538461536 0.02403846153846154 0.11538461538461539
0 0.3870192307692308 0.46033653846153844 0.042067307692307696 0.04927884615384615
0 0.12740384615384615 0.5889423076923077 0.056490384615384616 0.06129807692307692
0 0.3449519230769231 0.38221153846153844 0.037259615384615384 0.055288461538461536
0 0.3425480769230769 0.45072115384615385 0.040865384615384616 0.05048076923076923
0 0.38461538461538464 0.38461538461538464 0.03485576923076923 0.057692307692307696
0 0.040865384615384616 0.4110576923076923 0.046875 0.10216346153846154
0 0.13581730769230768 0.38100961538461536 0.04567307692307692 0.057692307692307696
0 0.19230769230769232 0.38461538461538464 0.04807692307692308 0.052884615384615384
0 0.13822115384615385 0.4483173076923077 0.046875 0.051682692307692304
0 0.24158653846153846 0.5877403846153846 0.04807692307692308 0.06370192307692307