0 0.5612980769230769 0.5132211538461539 0.016826923076923076 0.040865384615384616
0 0.5396634615384616 0.5132211538461539 0.015625 0.037259615384615384
0 0.5216346153846154 0.5120192307692307 0.016826923076923076 0.038461538461538464
0 0.5012019230769231 0.5120192307692307 0.015625 0.037259615384615384
0 0.4411057692307692 0.5120192307692307 0.016826923076923076 0.038461538461538464
0 0.46033653846153844 0.5120192307692307 0.018028846153846152 0.037259615384615384
0 0.41947115384615385 0.5108173076923077 0.016826923076923076 0.037259615384615384
0 0.4014423076923077 0.5108173076923077 0.015625 0.039663461538461536
0 0.38221153846153844 0.5120192307692307 0.018028846153846152 0.040865384615384616
0 0.48197115384615385 0.5108173076923077 0.018028846153846152 0.036057692307692304
0 0.04927884615384615 0.18269230769230768 0.0985576923076923 0.13581730769230768
0 0.5288461538461539 0.18269230769230768 0.057692307692307696 0.14903846153846154
0 0.23798076923076922 0.18629807692307693 0.055288461538461536 0.1466346153846154
0 0.29447115384615385 0.18389423076923078 0.054086538461538464 0.14903846153846154
0 0.35216346153846156 0.18389423076923078 0.05889423076923077 0.15504807692307693
0 0.4110576923076923 0.18269230769230768 0.055288461538461536 0.15144230769230768
0 0.46875 0.18028846153846154 0.056490384615384616 0.15144230769230768
0 0.5877403846153846 0.1814903846153846 0.056490384615384616 0.1502403846153846
0 0.6454326923076923 0.18269230769230768 0.054086538461538464 0.14543269230769232
0 0.7427884615384616 0.17427884615384615 0.13822115384615385 0.16346153846153846
0 0.8617788461538461 0.18509615384615385 0.09014423076923077 0.14302884615384615
0 0.039663461538461536 0.3317307692307692 0.078125 0.12379807692307693
0 0.15384615384615385 0.3245192307692308 0.12860576923076922 0.1141826923076923
0 0.17548076923076922 0.18509615384615385 0.0625 0.15144230769230768
0 0.36177884615384615 0.5144230769230769 0.016826923076923076 0.037259615384615384
0 0.6875 0.3918269230769231 0.030048076923076924 0.12620192307692307
0 0.3016826923076923 0.5132211538461539 0.014423076923076924 0.037259615384615384
0 0.24879807692307693 0.3954326923076923 0.026442307692307692 0.12379807692307693
0 0.28365384615384615 0.3942307692307692 0.03245192307692308 0.12259615384615384
0 0.32091346153846156 0.3954326923076923 0.03125 0.12620192307692307
0 0.35697115384615385 0.39302884615384615 0.036057692307692304 0.12860576923076922
0 0.3942307692307692 0.3918269230769231 0.030048076923076924 0.12980769230769232
0 0.43028846153846156 0.3942307692307692 0.038461538461538464 0.12740384615384615
0 0.4699519230769231 0.3942307692307692 0.03365384615384615 0.1310096153846154
0 0.5060096153846154 0.3942307692307692 0.03245192307692308 0.13221153846153846
0 0.5420673076923077 0.3918269230769231 0.028846153846153848 0.12139423076923077
0 0.578125 0.3918269230769231 0.028846153846153848 0.12860576923076922
0 0.6105769230769231 0.39302884615384615 0.028846153846153848 0.12980769230769232
0 0.3425480769230769 0.5144230769230769 0.016826923076923076 0.039663461538461536
0 0.6502403846153846 0.39302884615384615 0.03245192307692308 0.12379807692307693
0 0.7259615384615384 0.3942307692307692 0.03125 0.13221153846153846
0 0.7596153846153846 0.3918269230769231 0.03125 0.1346153846153846
0 0.8125 0.39663461538461536 0.051682692307692304 0.1466346153846154
0 0.90625 0.3629807692307692 0.06129807692307692 0.08413461538461539
0 0.9735576923076923 0.3401442307692308 0.051682692307692304 0.040865384615384616
0 0.9723557692307693 0.38221153846153844 0.054086538461538464 0.040865384615384616
0 0.20432692307692307 0.5132211538461539 0.015625 0.038461538461538464
0 0.22235576923076922 0.5144230769230769 0.018028846153846152 0.037259615384615384
0 0.24158653846153846 0.5144230769230769 0.016826923076923076 0.039663461538461536
0 0.2620192307692308 0.5132211538461539 0.015625 0.037259615384615384
0 0.28125 0.5132211538461539 0.015625 0.03485576923076923
0 0.078125 0.4411057692307692 0.0889423076923077 0.08173076923076923
0 0.16826923076923078 0.4375 0.08173076923076923 0.08774038461538461
0 0.5480769230769231 0.5985576923076923 0.06610576923076923 0.08413461538461539
0 0.16466346153846154 0.5408653846153846 0.05889423076923077 0.08653846153846154
0 0.7512019230769231 0.7884615384615384 0.0889423076923077 0.055288461538461536
0 0.9098557692307693 0.7836538461538461 0.12259615384615384 0.04807692307692308
0 0.8810096153846154 0.8413461538461539 0.1045673076923077 0.06370192307692307
0 0.5805288461538461 0.5120192307692307 0.015625 0.038461538461538464
0 0.96875 0.8401442307692307 0.05889423076923077 0.06129807692307692
0 0.5985576923076923 0.5108173076923077 0.018028846153846152 0.038461538461538464
0 0.6201923076923077 0.5108173076923077 0.014423076923076924 0.037259615384615384
0 0.6394230769230769 0.5108173076923077 0.015625 0.03485576923076923
0 0.6598557692307693 0.5108173076923077 0.018028846153846152 0.038461538461538464
0 0.6814903846153846 0.5084134615384616 0.014423076923076924 0.036057692307692304
0 0.7019230769230769 0.5084134615384616 0.016826923076923076 0.037259615384615384
0 0.6490384615384616 0.8149038461538461 0.10336538461538461 0.08774038461538461
0 0.7211538461538461 0.5084134615384616 0.016826923076923076 0.038461538461538464
0 0.7644230769230769 0.5108173076923077 0.014423076923076924 0.038461538461538464
0 0.7824519230769231 0.5096153846153846 0.018028846153846152 0.037259615384615384
0 0.8040865384615384 0.5096153846153846 0.018028846153846152 0.037259615384615384
0 0.8233173076923077 0.5096153846153846 0.014423076923076924 0.039663461538461536
0 0.8413461538461539 0.5072115384615384 0.016826923076923076 0.040865384615384616
0 0.8617788461538461 0.5084134615384616 0.016826923076923076 0.037259615384615384
0 0.8846153846153846 0.5084134615384616 0.018028846153846152 0.038461538461538464
0 0.9050480769230769 0.5084134615384616 0.013221153846153846 0.037259615384615384
0 0.9266826923076923 0.5108173076923077 0.018028846153846152 0.036057692307692304
0 0.9471153846153846 0.5072115384615384 0.013221153846153846 0.038461538461538464
0 0.9675480769230769 0.5072115384615384 0.018028846153846152 0.03245192307692308
0 0.7427884615384616 0.5108173076923077 0.019230769230769232 0.038461538461538464
0 0.07211538461538461 0.5456730769230769 0.09495192307692307 0.08774038461538461
0 0.5300480769230769 0.8137019230769231 0.12259615384615384 0.0889423076923077
0 0.36177884615384615 0.8149038461538461 0.09134615384615384 0.08653846153846154
0 0.038461538461538464 0.6213942307692307 0.04807692307692308 0.046875
0 0.09375 0.6274038461538461 0.052884615384615384 0.04927884615384615
0 0.14302884615384615 0.6358173076923077 0.039663461538461536 0.051682692307692304
0 0.18389423076923078 0.6310096153846154 0.03245192307692308 0.05889423076923077
0 0.09495192307692307 0.6971153846153846 0.125 0.051682692307692304
0 0.26322115384615385 0.7019230769230769 0.11057692307692307 0.0625
0 0.38221153846153844 0.7019230769230769 0.10216346153846154 0.08052884615384616
0 0.24519230769230768 0.6105769230769231 0.0625 0.06009615384615385
0 0.31850961538461536 0.5997596153846154 0.0733173076923077 0.08052884615384616
0 0.3894230769230769 0.6021634615384616 0.06129807692307692 0.07932692307692307
0 0.4699519230769231 0.5997596153846154 0.0829326923076923 0.08413461538461539
0 0.43509615384615385 0.8293269230769231 0.040865384615384616 0.06610576923076923
0 0.6165865384615384 0.5997596153846154 0.06370192307692307 0.07451923076923077
0 0.7608173076923077 0.6033653846153846 0.06610576923076923 0.07451923076923077
0 0.8341346153846154 0.5997596153846154 0.06490384615384616 0.078125
0 0.9026442307692307 0.5877403846153846 0.06610576923076923 0.07932692307692307
0 0.96875 0.5853365384615384 0.057692307692307696 0.08413461538461539
0 0.5360576923076923 0.7019230769230769 0.12259615384615384 0.0673076923076923
0 0.6526442307692307 0.7007211538461539 0.10216346153846154 0.07932692307692307
0 0.7644230769230769 0.7019230769230769 0.10817307692307693 0.07572115384615384
0 0.8774038461538461 0.6983173076923077 0.10576923076923077 0.06971153846153846
0 0.9651442307692307 0.703125 0.06370192307692307 0.08052884615384616
0 0.07451923076923077 0.8173076923076923 0.12860576923076922 0.08052884615384616
0 0.1658653846153846 0.8028846153846154 0.04326923076923077 0.07091346153846154
0 0.2512019230769231 0.8221153846153846 0.11778846153846154 0.07572115384615384
0 0.6887019230769231 0.6033653846153846 0.06850961538461539 0.07211538461538461
0 0.32091346153846156 0.5120192307692307 0.019230769230769232 0.038461538461538464