0 0.7524038461538461 0.6466346153846154 0.03125 0.056490384615384616
0 0.7824519230769231 0.6418269230769231 0.027644230769230768 0.06009615384615385
0 0.8185096153846154 0.640625 0.025240384615384616 0.054086538461538464
0 0.8521634615384616 0.6394230769230769 0.028846153846153848 0.057692307692307696
0 0.41947115384615385 0.8112980769230769 0.039663461538461536 0.055288461538461536
0 0.9495192307692307 0.6310096153846154 0.028846153846153848 0.055288461538461536
0 0.9807692307692307 0.6298076923076923 0.027644230769230768 0.052884615384615384
0 0.14903846153846154 0.8413461538461539 0.04447115384615385 0.06370192307692307
0 0.1971153846153846 0.8341346153846154 0.04567307692307692 0.06129807692307692
0 0.28966346153846156 0.8257211538461539 0.038461538461538464 0.06610576923076923
0 0.33653846153846156 0.8209134615384616 0.04326923076923077 0.052884615384615384
0 0.3786057692307692 0.8112980769230769 0.03365384615384615 0.0625
0 0.8858173076923077 0.6358173076923077 0.03485576923076923 0.054086538461538464
0 0.9182692307692307 0.6346153846153846 0.026442307692307692 0.052884615384615384
0 0.7403846153846154 0.22596153846153846 0.036057692307692304 0.07451923076923077
0 0.7800480769230769 0.22716346153846154 0.038461538461538464 0.06971153846153846
0 0.45552884615384615 0.8100961538461539 0.03485576923076923 0.051682692307692304
0 0.4963942307692308 0.8028846153846154 0.028846153846153848 0.057692307692307696
0 0.5288461538461539 0.7956730769230769 0.03485576923076923 0.057692307692307696
0 0.5673076923076923 0.7896634615384616 0.03125 0.06370192307692307
0 0.6045673076923077 0.7872596153846154 0.03485576923076923 0.057692307692307696
0 0.6382211538461539 0.7824519230769231 0.028846153846153848 0.052884615384615384
0 0.6670673076923077 0.78125 0.027644230769230768 0.055288461538461536
0 0.03365384615384615 0.22596153846153846 0.0673076923076923 0.1201923076923077
0 0.703125 0.7716346153846154 0.036057692307692304 0.055288461538461536
0 0.7752403846153846 0.7644230769230769 0.03245192307692308 0.055288461538461536
0 0.8137019230769231 0.7620192307692307 0.037259615384615384 0.054086538461538464
0 0.8509615384615384 0.7584134615384616 0.03485576923076923 0.04927884615384615
0 0.8810096153846154 0.7524038461538461 0.02403846153846154 0.06129807692307692
0 0.9266826923076923 0.7331730769230769 0.036057692307692304 0.0673076923076923
0 0.9771634615384616 0.7367788461538461 0.04447115384615385 0.06370192307692307
0 0.8509615384615384 0.22596153846153846 0.02283653846153846 0.08413461538461539
0 0.7427884615384616 0.7668269230769231 0.03485576923076923 0.0625
0 0.054086538461538464 0.3605769230769231 0.08173076923076923 0.0673076923076923
0 0.040865384615384616 0.4639423076923077 0.06971153846153846 0.08413461538461539
0 0.06850961538461539 0.5745192307692307 0.06971153846153846 0.0985576923076923
0 0.6983173076923077 0.22596153846153846 0.04447115384615385 0.07451923076923077
0 0.6550480769230769 0.22596153846153846 0.036057692307692304 0.07932692307692307
0 0.6117788461538461 0.22355769230769232 0.036057692307692304 0.08052884615384616
0 0.5721153846153846 0.21995192307692307 0.040865384615384616 0.08052884615384616
0 0.5252403846153846 0.21995192307692307 0.04447115384615385 0.08774038461538461
0 0.47836538461538464 0.21754807692307693 0.04567307692307692 0.0829326923076923
0 0.42788461538461536 0.21634615384615385 0.046875 0.08774038461538461
0 0.3786057692307692 0.21634615384615385 0.05048076923076923 0.08533653846153846
0 0.33052884615384615 0.21394230769230768 0.04326923076923077 0.08774038461538461
0 0.28125 0.21754807692307693 0.046875 0.07572115384615384
0 0.23076923076923078 0.2127403846153846 0.046875 0.07692307692307693
0 0.17548076923076922 0.20552884615384615 0.06009615384615385 0.09254807692307693
0 0.11899038461538461 0.21153846153846154 0.051682692307692304 0.08413461538461539
0 0.028846153846153848 0.7776442307692307 0.03485576923076923 0.09495192307692307
0 0.08052884615384616 0.7668269230769231 0.04447115384615385 0.09254807692307693
0 0.7175480769230769 0.6490384615384616 0.03485576923076923 0.06009615384615385
0 0.027644230769230768 0.6730769230769231 0.054086538461538464 0.0889423076923077
0 0.8185096153846154 0.22716346153846154 0.03125 0.07211538461538461
0 0.6838942307692307 0.6538461538461539 0.030048076923076924 0.056490384615384616
0 0.8774038461538461 0.2247596153846154 0.025240384615384616 0.08052884615384616
0 0.5757211538461539 0.5552884615384616 0.03125 0.06009615384615385
0 0.6742788461538461 0.4519230769230769 0.02403846153846154 0.057692307692307696
0 0.7127403846153846 0.4495192307692308 0.042067307692307696 0.06490384615384616
0 0.7512019230769231 0.4483173076923077 0.03485576923076923 0.0625
0 0.7884615384615384 0.44711538461538464 0.036057692307692304 0.0625
0 0.8245192307692307 0.44711538461538464 0.03485576923076923 0.06370192307692307
0 0.8641826923076923 0.44471153846153844 0.030048076923076924 0.06129807692307692
0 0.8978365384615384 0.44471153846153844 0.03365384615384615 0.06009615384615385
0 0.9302884615384616 0.44350961538461536 0.02403846153846154 0.06009615384615385
0 0.9639423076923077 0.4423076923076923 0.027644230769230768 0.057692307692307696
0 0.6454326923076923 0.453125 0.028846153846153848 0.06009615384615385
0 0.23798076923076922 0.5685096153846154 0.056490384615384616 0.06850961538461539
0 0.4182692307692308 0.5600961538461539 0.046875 0.06610576923076923
0 0.4639423076923077 0.5588942307692307 0.04326923076923077 0.06610576923076923
0 0.6490384615384616 0.6574519230769231 0.038461538461538464 0.05889423076923077
0 0.6129807692307693 0.6586538461538461 0.028846153846153848 0.056490384615384616
0 0.5769230769230769 0.6622596153846154 0.038461538461538464 0.05889423076923077
0 0.5372596153846154 0.6610576923076923 0.038461538461538464 0.06009615384615385
0 0.49399038461538464 0.671875 0.040865384615384616 0.0625
0 0.4543269230769231 0.6766826923076923 0.036057692307692304 0.057692307692307696
0 0.41466346153846156 0.6754807692307693 0.04326923076923077 0.056490384615384616
0 0.33052884615384615 0.5733173076923077 0.046875 0.05889423076923077
0 0.3713942307692308 0.6814903846153846 0.039663461538461536 0.07211538461538461
0 0.5192307692307693 0.3329326923076923 0.04326923076923077 0.06490384615384616
0 0.6213942307692307 0.33653846153846156 0.03125 0.06610576923076923
0 0.6129807692307693 0.5528846153846154 0.036057692307692304 0.06490384615384616
0 0.8762019230769231 0.33533653846153844 0.03245192307692308 0.06490384615384616
0 0.9122596153846154 0.33533653846153844 0.03125 0.0625
0 0.9507211538461539 0.33653846153846156 0.036057692307692304 0.05889423076923077
0 0.9831730769230769 0.33413461538461536 0.028846153846153848 0.0673076923076923
0 0.12980769230769232 0.46033653846153844 0.051682692307692304 0.07932692307692307
0 0.1814903846153846 0.46033653846153844 0.046875 0.07091346153846154
0 0.22956730769230768 0.46033653846153844 0.046875 0.07091346153846154
0 0.28365384615384615 0.4567307692307692 0.042067307692307696 0.07211538461538461
0 0.5733173076923077 0.3329326923076923 0.055288461538461536 0.06490384615384616
0 0.3317307692307692 0.45913461538461536 0.039663461538461536 0.06850961538461539
0 0.42788461538461536 0.45552884615384615 0.038461538461538464 0.06850961538461539
0 0.46875 0.45552884615384615 0.038461538461538464 0.06971153846153846
0 0.5084134615384616 0.4519230769230769 0.03485576923076923 0.06971153846153846
0 0.6141826923076923 0.45072115384615385 0.027644230769230768 0.06009615384615385
0 0.8401442307692307 0.33413461538461536 0.03365384615384615 0.06850961538461539
0 0.7439903846153846 0.33413461538461536 0.020432692307692308 0.06370192307692307
0 0.7151442307692307 0.33413461538461536 0.02403846153846154 0.0673076923076923
0 0.6862980769230769 0.33413461538461536 0.027644230769230768 0.06610576923076923
0 0.6514423076923077 0.33653846153846156 0.025240384615384616 0.06129807692307692
0 0.38221153846153844 0.45913461538461536 0.046875 0.0733173076923077
0 0.3317307692307692 0.6814903846153846 0.039663461538461536 0.0733173076923077
0 0.5576923076923077 0.453125 0.055288461538461536 0.06610576923076923
0 0.2403846153846154 0.6875 0.04326923076923077 0.0673076923076923
0 0.4266826923076923 0.3317307692307692 0.046875 0.0733173076923077
0 0.4735576923076923 0.33413461538461536 0.038461538461538464 0.07091346153846154
0 0.6490384615384616 0.5504807692307693 0.03125 0.056490384615384616
0 0.5396634615384616 0.5576923076923077 0.037259615384615384 0.06490384615384616
0 0.2824519230769231 0.3317307692307692 0.046875 0.078125
0 0.23317307692307693 0.3317307692307692 0.05048076923076923 0.07932692307692307
0 0.1814903846153846 0.33052884615384615 0.055288461538461536 0.0829326923076923
0 0.9819711538461539 0.2247596153846154 0.020432692307692308 0.08173076923076923
0 0.9555288461538461 0.22596153846153846 0.021634615384615384 0.08173076923076923
0 0.9278846153846154 0.22355769230769232 0.02403846153846154 0.08173076923076923
0 0.2860576923076923 0.6814903846153846 0.04807692307692308 0.07451923076923077
0 0.3798076923076923 0.3317307692307692 0.04326923076923077 0.07692307692307693
0 0.9014423076923077 0.22355769230769232 0.019230769230769232 0.08052884615384616
0 0.5036057692307693 0.5588942307692307 0.03485576923076923 0.06490384615384616
0 0.3293269230769231 0.33052884615384615 0.04807692307692308 0.078125
0 0.890625 0.5372596153846154 0.028846153846153848 0.054086538461538464
0 0.19230769230769232 0.6899038461538461 0.04927884615384615 0.07692307692307693
0 0.13942307692307693 0.6947115384615384 0.051682692307692304 0.06971153846153846
0 0.9855769230769231 0.5372596153846154 0.02403846153846154 0.055288461538461536
0 0.9567307692307693 0.5336538461538461 0.028846153846153848 0.054086538461538464
0 0.7235576923076923 0.5480769230769231 0.03245192307692308 0.051682692307692304
0 0.9230769230769231 0.5372596153846154 0.03485576923076923 0.057692307692307696
0 0.7584134615384616 0.5456730769230769 0.030048076923076924 0.051682692307692304
0 0.6875 0.5492788461538461 0.038461538461538464 0.051682692307692304
0 0.7944711538461539 0.5444711538461539 0.037259615384615384 0.055288461538461536
0 0.8569711538461539 0.5432692307692307 0.028846153846153848 0.055288461538461536
0 0.828125 0.5444711538461539 0.026442307692307692 0.052884615384615384