0 0.5877403846153846 0.5588942307692307 0.05048076923076923 0.04567307692307692
0 0.6490384615384616 0.5588942307692307 0.057692307692307696 0.046875
0 0.01201923076923077 0.5805288461538461 0.019230769230769232 0.037259615384615384
0 0.47836538461538464 0.5576923076923077 0.056490384615384616 0.04927884615384615
0 0.4182692307692308 0.5564903846153846 0.06490384615384616 0.046875
0 0.35697115384615385 0.5576923076923077 0.054086538461538464 0.04447115384615385
0 0.2980769230769231 0.5552884615384616 0.054086538461538464 0.04447115384615385
0 0.24759615384615385 0.5697115384615384 0.039663461538461536 0.021634615384615384
0 0.18629807692307693 0.5721153846153846 0.0733173076923077 0.025240384615384616
0 0.109375 0.5552884615384616 0.06129807692307692 0.04927884615384615
0 0.04807692307692308 0.5829326923076923 0.037259615384615384 0.037259615384615384
0 0.6670673076923077 0.6334134615384616 0.07692307692307693 0.007211538461538462
0 0.6033653846153846 0.6334134615384616 0.046875 0.040865384615384616
0 0.671875 0.6237980769230769 0.078125 0.009615384615384616
0 0.5348557692307693 0.5588942307692307 0.05048076923076923 0.042067307692307696
0 0.7115384615384616 0.5588942307692307 0.0625 0.046875
0 0.21394230769230768 0.2091346153846154 0.09975961538461539 0.0625
0 0.8137019230769231 0.5625 0.019230769230769232 0.03365384615384615
0 0.6682692307692307 0.640625 0.07932692307692307 0.008413461538461538
0 0.4963942307692308 0.6105769230769231 0.051682692307692304 0.013221153846153846
0 0.49399038461538464 0.6394230769230769 0.040865384615384616 0.038461538461538464
0 0.4495192307692308 0.6394230769230769 0.038461538461538464 0.03485576923076923
0 0.40024038461538464 0.6153846153846154 0.054086538461538464 0.01201923076923077
0 0.4014423076923077 0.6394230769230769 0.04447115384615385 0.028846153846153848
0 0.35216346153846156 0.6334134615384616 0.040865384615384616 0.040865384615384616
0 0.30649038461538464 0.6382211538461539 0.046875 0.042067307692307696
0 0.25721153846153844 0.6358173076923077 0.038461538461538464 0.036057692307692304
0 0.2247596153846154 0.609375 0.04447115384615385 0.01201923076923077
0 0.2091346153846154 0.6358173076923077 0.042067307692307696 0.038461538461538464
0 0.1622596153846154 0.6358173076923077 0.04567307692307692 0.038461538461538464
0 0.10697115384615384 0.6394230769230769 0.05048076923076923 0.04567307692307692
0 0.9459134615384616 0.5564903846153846 0.0733173076923077 0.06009615384615385
0 0.8629807692307693 0.5564903846153846 0.05889423076923077 0.06009615384615385
0 0.7728365384615384 0.5757211538461539 0.055288461538461536 0.018028846153846152
0 0.6778846153846154 0.6526442307692307 0.07572115384615384 0.01201923076923077
0 0.5697115384615384 0.71875 0.056490384615384616 0.057692307692307696
0 0.8497596153846154 0.6274038461538461 0.07932692307692307 0.019230769230769232
0 0.5889423076923077 0.41346153846153844 0.03485576923076923 0.036057692307692304
0 0.6358173076923077 0.421875 0.030048076923076924 0.019230769230769232
0 0.6225961538461539 0.40625 0.028846153846153848 0.01201923076923077
0 0.6538461538461539 0.40625 0.027644230769230768 0.013221153846153846
0 0.6887019230769231 0.4014423076923077 0.036057692307692304 0.05889423076923077
0 0.7259615384615384 0.4014423076923077 0.03365384615384615 0.05889423076923077
0 0.7620192307692307 0.40024038461538464 0.037259615384615384 0.056490384615384616
0 0.8389423076923077 0.39903846153846156 0.10817307692307693 0.014423076923076924
0 0.8509615384615384 0.4206730769230769 0.11658653846153846 0.021634615384615384
0 0.8088942307692307 0.3798076923076923 0.028846153846153848 0.02283653846153846
0 0.8461538461538461 0.3786057692307692 0.03365384615384615 0.02283653846153846
0 0.8834134615384616 0.3798076923076923 0.03485576923076923 0.025240384615384616
0 0.4795673076923077 0.4074519230769231 0.07091346153846154 0.04326923076923077
0 0.9278846153846154 0.3942307692307692 0.038461538461538464 0.037259615384615384
0 0.038461538461538464 0.5012019230769231 0.07211538461538461 0.05889423076923077
0 0.10336538461538461 0.4855769230769231 0.05048076923076923 0.039663461538461536
0 0.15985576923076922 0.4831730769230769 0.054086538461538464 0.038461538461538464
0 0.21153846153846154 0.49038461538461536 0.04326923076923077 0.036057692307692304
0 0.2620192307692308 0.49278846153846156 0.051682692307692304 0.037259615384615384
0 0.34134615384615385 0.4891826923076923 0.07211538461538461 0.040865384615384616
0 0.41346153846153844 0.4879807692307692 0.0673076923076923 0.040865384615384616
0 0.48677884615384615 0.4879807692307692 0.06490384615384616 0.04326923076923077
0 0.5504807692307693 0.48677884615384615 0.06129807692307692 0.04326923076923077
0 0.6129807692307693 0.4855769230769231 0.057692307692307696 0.040865384615384616
0 0.6646634615384616 0.47716346153846156 0.03365384615384615 0.019230769230769232
0 0.6670673076923077 0.4987980769230769 0.03365384615384615 0.020432692307692308
0 0.96875 0.39663461538461536 0.040865384615384616 0.037259615384615384
0 0.4050480769230769 0.40865384615384615 0.0733173076923077 0.04567307692307692
0 0.3293269230769231 0.4074519230769231 0.06490384615384616 0.04807692307692308
0 0.25600961538461536 0.39783653846153844 0.06490384615384616 0.0673076923076923
0 0.3161057692307692 0.21995192307692307 0.07932692307692307 0.04927884615384615
0 0.4026442307692308 0.21394230769230768 0.08533653846153846 0.06129807692307692
0 0.4951923076923077 0.21875 0.08653846153846154 0.008413461538461538
0 0.49759615384615385 0.2283653846153846 0.09134615384615384 0.009615384615384616
0 0.5913461538461539 0.21033653846153846 0.08774038461538461 0.07091346153846154
0 0.9098557692307693 0.21754807692307693 0.17908653846153846 0.06850961538461539
0 0.03365384615384615 0.3425480769230769 0.042067307692307696 0.051682692307692304
0 0.19591346153846154 0.2800480769230769 0.11057692307692307 0.01201923076923077
0 0.13822115384615385 0.3173076923076923 0.028846153846153848 0.06129807692307692
0 0.16826923076923078 0.3173076923076923 0.025240384615384616 0.06009615384615385
0 0.20673076923076922 0.3173076923076923 0.04567307692307692 0.05889423076923077
0 0.25721153846153844 0.31850961538461536 0.04567307692307692 0.06009615384615385
0 0.30649038461538464 0.31850961538461536 0.04567307692307692 0.06009615384615385
0 0.4230769230769231 0.32091346153846156 0.03125 0.056490384615384616
0 0.37740384615384615 0.34134615384615385 0.028846153846153848 0.02283653846153846
0 0.4651442307692308 0.31850961538461536 0.025240384615384616 0.05889423076923077
0 0.49038461538461536 0.31971153846153844 0.028846153846153848 0.05889423076923077
0 0.5252403846153846 0.3173076923076923 0.03485576923076923 0.06009615384615385
0 0.5721153846153846 0.33052884615384615 0.036057692307692304 0.021634615384615384
0 0.6117788461538461 0.3293269230769231 0.03485576923076923 0.020432692307692308
0 0.671875 0.3088942307692308 0.046875 0.07211538461538461
0 0.7259615384615384 0.3112980769230769 0.04567307692307692 0.06971153846153846
0 0.9206730769230769 0.33413461538461536 0.15625 0.042067307692307696
0 0.026442307692307692 0.43149038461538464 0.04567307692307692 0.03485576923076923
0 0.11538461538461539 0.39302884615384615 0.06490384615384616 0.028846153846153848
0 0.09735576923076923 0.41947115384615385 0.078125 0.021634615384615384
0 0.18269230769230768 0.39783653846153844 0.0673076923076923 0.06490384615384616
0 0.6995192307692307 0.47716346153846156 0.027644230769230768 0.02283653846153846
0 0.7055288461538461 0.5 0.03485576923076923 0.018028846153846152
0 0.7259615384615384 0.45552884615384615 0.03365384615384615 0.025240384615384616
0 0.7415865384615384 0.47836538461538464 0.030048076923076924 0.016826923076923076
0 0.15264423076923078 0.8269230769230769 0.16105769230769232 0.0829326923076923
0 0.9771634615384616 0.7620192307692307 0.04447115384615385 0.019230769230769232
0 0.9807692307692307 0.7367788461538461 0.03365384615384615 0.03125
0 0.9194711538461539 0.7379807692307693 0.07932692307692307 0.02403846153846154
0 0.8305288461538461 0.7103365384615384 0.05048076923076923 0.04447115384615385
0 0.7716346153846154 0.7211538461538461 0.052884615384615384 0.04447115384615385
0 0.7211538461538461 0.7055288461538461 0.040865384615384616 0.06490384615384616
0 0.6742788461538461 0.7055288461538461 0.038461538461538464 0.06129807692307692
0 0.6225961538461539 0.7103365384615384 0.051682692307692304 0.06850961538461539
0 0.11177884615384616 0.20552884615384615 0.09615384615384616 0.0673076923076923
0 0.5108173076923077 0.7007211538461539 0.037259615384615384 0.055288461538461536
0 0.4675480769230769 0.7127403846153846 0.037259615384615384 0.06490384615384616
0 0.43028846153846156 0.7127403846153846 0.026442307692307692 0.06370192307692307
0 0.40625 0.7079326923076923 0.019230769230769232 0.056490384615384616
0 0.3798076923076923 0.7091346153846154 0.026442307692307692 0.054086538461538464
0 0.35336538461538464 0.71875 0.02403846153846154 0.025240384615384616
0 0.32091346153846156 0.7271634615384616 0.021634615384615384 0.038461538461538464
0 0.28846153846153844 0.7151442307692307 0.03485576923076923 0.05889423076923077
0 0.25721153846153844 0.7163461538461539 0.02403846153846154 0.05889423076923077
0 0.21634615384615385 0.7163461538461539 0.037259615384615384 0.055288461538461536
0 0.17427884615384615 0.7175480769230769 0.021634615384615384 0.04927884615384615
0 0.11177884615384616 0.7331730769230769 0.051682692307692304 0.03245192307692308
0 0.10817307692307693 0.6983173076923077 0.04927884615384615 0.03125
0 0.037259615384615384 0.7271634615384616 0.04927884615384615 0.039663461538461536
0 0.9783653846153846 0.6370192307692307 0.042067307692307696 0.03245192307692308
0 0.9290865384615384 0.6274038461538461 0.04927884615384615 0.04807692307692308
0 0.8569711538461539 0.6478365384615384 0.08653846153846154 0.01201923076923077
0 0.3245192307692308 0.8401442307692307 0.11899038461538461 0.0673076923076923
0 0.7596153846153846 0.6298076923076923 0.08173076923076923 0.055288461538461536
0 0.45072115384615385 0.8365384615384616 0.109375 0.0673076923076923
0 0.5300480769230769 0.8449519230769231 0.03245192307692308 0.026442307692307692
0 0.47596153846153844 0.38100961538461536 0.06129807692307692 0.009615384615384616
0 0.4110576923076923 0.38100961538461536 0.0625 0.007211538461538462
0 0.7427884615384616 0.5 0.03125 0.018028846153846152
0 0.7800480769230769 0.49759615384615385 0.03485576923076923 0.020432692307692308
0 0.8100961538461539 0.4951923076923077 0.021634615384615384 0.019230769230769232
0 0.7716346153846154 0.47716346153846156 0.026442307692307692 0.019230769230769232
0 0.8822115384615384 0.4891826923076923 0.026442307692307692 0.03245192307692308
0 0.90625 0.4891826923076923 0.021634615384615384 0.03365384615384615
0 0.9302884615384616 0.4891826923076923 0.026442307692307692 0.036057692307692304
0 0.9603365384615384 0.46634615384615385 0.027644230769230768 0.038461538461538464
0 0.9891826923076923 0.8473557692307693 0.020432692307692308 0.026442307692307692
0 0.9555288461538461 0.8449519230769231 0.04447115384615385 0.025240384615384616
0 0.8930288461538461 0.8497596153846154 0.07692307692307693 0.027644230769230768
0 0.8858173076923077 0.8137019230769231 0.07572115384615384 0.03125
0 0.8762019230769231 0.7824519230769231 0.0889423076923077 0.016826923076923076
0 0.8425480769230769 0.8509615384615384 0.021634615384615384 0.02403846153846154
0 0.8197115384615384 0.8521634615384616 0.020432692307692308 0.020432692307692308
0 0.7692307692307693 0.8497596153846154 0.05889423076923077 0.020432692307692308
0 0.7668269230769231 0.8269230769230769 0.0625 0.014423076923076924
0 0.6983173076923077 0.8617788461538461 0.054086538461538464 0.009615384615384616
0 0.6983173076923077 0.8497596153846154 0.06370192307692307 0.010817307692307692
0 0.7043269230769231 0.8365384615384616 0.06129807692307692 0.014423076923076924
0 0.6514423076923077 0.8377403846153846 0.027644230769230768 0.042067307692307696
0 0.625 0.8425480769230769 0.02283653846153846 0.021634615384615384
0 0.59375 0.8329326923076923 0.037259615384615384 0.06129807692307692
0 0.5564903846153846 0.8233173076923077 0.018028846153846152 0.020432692307692308
0 0.5625 0.8533653846153846 0.02403846153846154 0.027644230769230768
0 0.4963942307692308 0.8942307692307693 0.055288461538461536 0.039663461538461536
0 0.4987980769230769 0.2403846153846154 0.09134615384615384 0.01201923076923077
0 0.546875 0.6430288461538461 0.04807692307692308 0.028846153846153848
0 0.5492788461538461 0.6153846153846154 0.04567307692307692 0.020432692307692308