0 0.7067307692307693 0.5901442307692307 0.04447115384615385 0.09014423076923077
0 0.2764423076923077 0.6346153846153846 0.06490384615384616 0.10697115384615384
0 0.6682692307692307 0.5865384615384616 0.030048076923076924 0.08173076923076923
0 0.6069711538461539 0.6274038461538461 0.07692307692307693 0.1141826923076923
0 0.5300480769230769 0.6274038461538461 0.0733173076923077 0.1141826923076923
0 0.45552884615384615 0.6298076923076923 0.06370192307692307 0.11298076923076923
0 0.3942307692307692 0.6394230769230769 0.054086538461538464 0.09735576923076923
0 0.33653846153846156 0.6370192307692307 0.05048076923076923 0.10096153846153846
0 0.18028846153846154 0.6430288461538461 0.06370192307692307 0.09975961538461539
0 0.9026442307692307 0.49278846153846156 0.03365384615384615 0.054086538461538464
0 0.9867788461538461 0.4987980769230769 0.02403846153846154 0.06610576923076923
0 0.9471153846153846 0.49278846153846156 0.046875 0.06009615384615385
0 0.5901442307692307 0.171875 0.04927884615384615 0.10096153846153846
0 0.6442307692307693 0.17548076923076922 0.04927884615384615 0.09975961538461539
0 0.7620192307692307 0.6322115384615384 0.052884615384615384 0.10697115384615384
0 0.8533653846153846 0.44711538461538464 0.03485576923076923 0.04927884615384615
0 0.8149038461538461 0.4495192307692308 0.042067307692307696 0.04807692307692308
0 0.859375 0.5024038461538461 0.046875 0.04807692307692308
0 0.8125 0.5 0.046875 0.04807692307692308
0 0.7704326923076923 0.421875 0.04326923076923077 0.040865384615384616
0 0.47475961538461536 0.29927884615384615 0.04927884615384615 0.0985576923076923
0 0.5372596153846154 0.3016826923076923 0.04927884615384615 0.09375
0 0.5901442307692307 0.3112980769230769 0.052884615384615384 0.07932692307692307
0 0.11057692307692307 0.640625 0.06370192307692307 0.0985576923076923
0 0.8221153846153846 0.6286057692307693 0.057692307692307696 0.11298076923076923
0 0.09615384615384616 0.8641826923076923 0.078125 0.10216346153846154
0 0.9495192307692307 0.6502403846153846 0.05889423076923077 0.0673076923076923
0 0.08774038461538461 0.037259615384615384 0.12139423076923077 0.06971153846153846
0 0.21514423076923078 0.04447115384615385 0.11899038461538461 0.0625
0 0.3329326923076923 0.05048076923076923 0.11177884615384616 0.06129807692307692
0 0.44471153846153844 0.051682692307692304 0.10576923076923077 0.06009615384615385
0 0.5552884615384616 0.054086538461538464 0.11057692307692307 0.05889423076923077
0 0.6682692307692307 0.057692307692307696 0.1045673076923077 0.06009615384615385
0 0.7752403846153846 0.06129807692307692 0.1045673076923077 0.06009615384615385
0 0.8786057692307693 0.0673076923076923 0.0985576923076923 0.06129807692307692
0 0.8774038461538461 0.018028846153846152 0.10576923076923077 0.036057692307692304
0 0.9615384615384616 0.06971153846153846 0.05889423076923077 0.055288461538461536
0 0.9627403846153846 0.019230769230769232 0.05889423076923077 0.038461538461538464
0 0.765625 0.014423076923076924 0.08653846153846154 0.028846153846153848
0 0.6670673076923077 0.01201923076923077 0.10576923076923077 0.02403846153846154
0 0.019230769230769232 0.15625 0.038461538461538464 0.07932692307692307
0 0.8930288461538461 0.34375 0.08173076923076923 0.06370192307692307
0 0.9338942307692307 0.15144230769230768 0.05048076923076923 0.08653846153846154
0 0.9387019230769231 0.8533653846153846 0.10096153846153846 0.0733173076923077
0 0.8341346153846154 0.7920673076923077 0.09615384615384616 0.0673076923076923
0 0.8377403846153846 0.8653846153846154 0.09014423076923077 0.0673076923076923
0 0.6971153846153846 0.7379807692307693 0.09375 0.054086538461538464
0 0.7379807692307693 0.8689903846153846 0.10096153846153846 0.07451923076923077
0 0.6322115384615384 0.8641826923076923 0.10576923076923077 0.09375
0 0.5252403846153846 0.8617788461538461 0.10096153846153846 0.09375
0 0.4543269230769231 0.7439903846153846 0.03485576923076923 0.0733173076923077
0 0.36538461538461536 0.84375 0.078125 0.11778846153846154
0 0.28125 0.8449519230769231 0.078125 0.11778846153846154
0 0.19951923076923078 0.8449519230769231 0.078125 0.11778846153846154
0 0.6490384615384616 0.3125 0.052884615384615384 0.07932692307692307
0 0.8942307692307693 0.5841346153846154 0.06850961538461539 0.06129807692307692
0 0.8882211538461539 0.6526442307692307 0.05889423076923077 0.06610576923076923
0 0.734375 0.3293269230769231 0.04807692307692308 0.042067307692307696
0 0.09735576923076923 0.2920673076923077 0.055288461538461536 0.09975961538461539
0 0.7632211538461539 0.18028846153846154 0.055288461538461536 0.09975961538461539
0 0.7163461538461539 0.5072115384615384 0.046875 0.040865384615384616
0 0.6682692307692307 0.5060096153846154 0.046875 0.040865384615384616
0 0.75 0.38341346153846156 0.030048076923076924 0.03365384615384615
0 0.7055288461538461 0.38341346153846156 0.055288461538461536 0.030048076923076924
0 0.6201923076923077 0.3870192307692308 0.04807692307692308 0.03485576923076923
0 0.5564903846153846 0.38461538461538464 0.04447115384615385 0.03125
0 0.6201923076923077 0.42427884615384615 0.046875 0.038461538461538464
0 0.5552884615384616 0.421875 0.04447115384615385 0.040865384615384616
0 0.6201923076923077 0.46634615384615385 0.04447115384615385 0.039663461538461536
0 0.5721153846153846 0.4651442307692308 0.046875 0.04326923076923077
0 0.5024038461538461 0.38461538461538464 0.051682692307692304 0.039663461538461536
0 0.5036057692307693 0.4254807692307692 0.054086538461538464 0.037259615384615384
0 0.5048076923076923 0.4639423076923077 0.051682692307692304 0.037259615384615384
0 0.6189903846153846 0.5072115384615384 0.04447115384615385 0.038461538461538464
0 0.7632211538461539 0.5036057692307693 0.04447115384615385 0.042067307692307696
0 0.5697115384615384 0.5084134615384616 0.05048076923076923 0.040865384615384616
0 0.4519230769230769 0.4495192307692308 0.046875 0.04927884615384615
0 0.39903846153846156 0.4483173076923077 0.046875 0.04927884615384615
0 0.3473557692307692 0.44711538461538464 0.046875 0.04927884615384615
0 0.45072115384615385 0.5 0.04567307692307692 0.051682692307692304
0 0.39783653846153844 0.5 0.04807692307692308 0.051682692307692304
0 0.3449519230769231 0.5 0.04567307692307692 0.05048076923076923
0 0.29086538461538464 0.15625 0.06009615384615385 0.11658653846153846
0 0.3545673076923077 0.15865384615384615 0.06009615384615385 0.11658653846153846
0 0.421875 0.16826923076923078 0.057692307692307696 0.09975961538461539
0 0.4807692307692308 0.171875 0.057692307692307696 0.10096153846153846
0 0.5372596153846154 0.17067307692307693 0.05048076923076923 0.10096153846153846
0 0.3545673076923077 0.3954326923076923 0.036057692307692304 0.04927884615384615
0 0.39783653846153844 0.3954326923076923 0.04567307692307692 0.051682692307692304
0 0.4495192307692308 0.39663461538461536 0.04567307692307692 0.051682692307692304
0 0.5072115384615384 0.5060096153846154 0.05048076923076923 0.042067307692307696
0 0.7007211538461539 0.17668269230769232 0.055288461538461536 0.0985576923076923
0 0.22235576923076922 0.15745192307692307 0.06009615384615385 0.11658653846153846
0 0.765625 0.4639423076923077 0.04326923076923077 0.037259615384615384
0 0.8317307692307693 0.1875 0.051682692307692304 0.07211538461538461
0 0.15625 0.29447115384615385 0.055288461538461536 0.09975961538461539
0 0.78125 0.3317307692307692 0.04326923076923077 0.04326923076923077
0 0.8269230769230769 0.33413461538461536 0.042067307692307696 0.04326923076923077
0 0.734375 0.28365384615384615 0.046875 0.04567307692307692
0 0.7836538461538461 0.2848557692307692 0.042067307692307696 0.04447115384615385
0 0.8317307692307693 0.28725961538461536 0.04567307692307692 0.04567307692307692
0 0.8786057692307693 0.2860576923076923 0.042067307692307696 0.04447115384615385
0 0.02403846153846154 0.42427884615384615 0.046875 0.07572115384615384
0 0.09975961538461539 0.4987980769230769 0.051682692307692304 0.04807692307692308
0 0.15504807692307693 0.4987980769230769 0.051682692307692304 0.04807692307692308
0 0.0985576923076923 0.4483173076923077 0.05048076923076923 0.04807692307692308
0 0.09254807692307693 0.39663461538461536 0.05048076923076923 0.04807692307692308
0 0.15384615384615385 0.44591346153846156 0.051682692307692304 0.04807692307692308
0 0.71875 0.4651442307692308 0.04807692307692308 0.038461538461538464
0 0.203125 0.5072115384615384 0.040865384615384616 0.03125
0 0.265625 0.2956730769230769 0.05048076923076923 0.09735576923076923
0 0.31850961538461536 0.2980769230769231 0.05048076923076923 0.09735576923076923
0 0.37259615384615385 0.3016826923076923 0.05048076923076923 0.09735576923076923
0 0.4230769230769231 0.296875 0.05048076923076923 0.0985576923076923
0 0.24519230769230768 0.5096153846153846 0.040865384615384616 0.03125
0 0.20072115384615385 0.47596153846153844 0.039663461538461536 0.030048076923076924
0 0.24278846153846154 0.4699519230769231 0.039663461538461536 0.030048076923076924
0 0.20192307692307693 0.44350961538461536 0.037259615384615384 0.03245192307692308
0 0.30288461538461536 0.4891826923076923 0.028846153846153848 0.05048076923076923
0 0.30408653846153844 0.4387019230769231 0.03485576923076923 0.046875
0 0.09615384615384616 0.15625 0.054086538461538464 0.1045673076923077
0 0.15625 0.15384615384615385 0.06009615384615385 0.11658653846153846
0 0.7223557692307693 0.4230769230769231 0.04807692307692308 0.039663461538461536
0 0.6706730769230769 0.42427884615384615 0.04807692307692308 0.039663461538461536
0 0.2127403846153846 0.29447115384615385 0.05048076923076923 0.09735576923076923
0 0.30528846153846156 0.390625 0.042067307692307696 0.042067307692307696
0 0.6694711538461539 0.4651442307692308 0.04807692307692308 0.036057692307692304