0 0.2704326923076923 0.7019230769230769 0.1971153846153846 0.028846153846153848
0 0.8557692307692307 0.265625 0.11899038461538461 0.03125
0 0.6622596153846154 0.34975961538461536 0.21394230769230768 0.042067307692307696
0 0.6694711538461539 0.30528846153846156 0.21514423076923078 0.03365384615384615
0 0.6778846153846154 0.265625 0.22115384615384615 0.04447115384615385
0 0.4543269230769231 0.2620192307692308 0.17668269230769232 0.03365384615384615
0 0.4495192307692308 0.3004807692307692 0.20793269230769232 0.040865384615384616
0 0.4411057692307692 0.34615384615384615 0.20673076923076922 0.04447115384615385
0 0.23557692307692307 0.3425480769230769 0.19230769230769232 0.036057692307692304
0 0.23677884615384615 0.3016826923076923 0.203125 0.039663461538461536
0 0.1141826923076923 0.33774038461538464 0.03485576923076923 0.03125
0 0.08052884615384616 0.33774038461538464 0.027644230769230768 0.03365384615384615
0 0.11177884615384616 0.3016826923076923 0.026442307692307692 0.030048076923076924
0 0.07932692307692307 0.3004807692307692 0.030048076923076924 0.03245192307692308
0 0.11538461538461539 0.2644230769230769 0.036057692307692304 0.03485576923076923
0 0.07692307692307693 0.26322115384615385 0.030048076923076924 0.036057692307692304
0 0.8713942307692307 0.203125 0.15865384615384615 0.03245192307692308
0 0.8774038461538461 0.1658653846153846 0.15985576923076922 0.03365384615384615
0 0.8810096153846154 0.12740384615384615 0.15745192307692307 0.03125
0 0.8834134615384616 0.09254807692307693 0.15865384615384615 0.036057692307692304
0 0.7055288461538461 0.20192307692307693 0.15745192307692307 0.03365384615384615
0 0.7115384615384616 0.12860576923076922 0.15745192307692307 0.03365384615384615
0 0.7067307692307693 0.09134615384615384 0.15504807692307693 0.03125
0 0.5276442307692307 0.19951923076923078 0.17908653846153846 0.038461538461538464
0 0.5300480769230769 0.1622596153846154 0.17908653846153846 0.03485576923076923
0 0.5288461538461539 0.12259615384615384 0.1814903846153846 0.038461538461538464
0 0.5240384615384616 0.08052884615384616 0.1814903846153846 0.03365384615384615
0 0.3401442307692308 0.19591346153846154 0.18269230769230768 0.04567307692307692
0 0.8894230769230769 0.30528846153846156 0.1875 0.038461538461538464
0 0.8822115384615384 0.34375 0.203125 0.028846153846153848
0 0.06971153846153846 0.4098557692307692 0.02403846153846154 0.03125
0 0.10817307692307693 0.4110576923076923 0.03125 0.03125
0 0.0829326923076923 0.7379807692307693 0.15504807692307693 0.03125
0 0.07932692307692307 0.7019230769230769 0.14903846153846154 0.030048076923076924
0 0.07091346153846154 0.6694711538461539 0.12740384615384615 0.02283653846153846
0 0.8581730769230769 0.6225961538461539 0.1935096153846154 0.038461538461538464
0 0.8605769230769231 0.5853365384615384 0.19471153846153846 0.026442307692307692
0 0.8665865384615384 0.5492788461538461 0.1971153846153846 0.03245192307692308
0 0.6502403846153846 0.6225961538461539 0.19591346153846154 0.038461538461538464
0 0.6538461538461539 0.5805288461538461 0.19591346153846154 0.03485576923076923
0 0.4543269230769231 0.6177884615384616 0.18269230769230768 0.03125
0 0.45552884615384615 0.5841346153846154 0.17908653846153846 0.028846153846153848
0 0.2704326923076923 0.5697115384615384 0.17307692307692307 0.039663461538461536
0 0.25961538461538464 0.6165865384615384 0.18389423076923078 0.036057692307692304
0 0.09735576923076923 0.6165865384615384 0.11899038461538461 0.030048076923076924
0 0.33653846153846156 0.15504807692307693 0.17668269230769232 0.03485576923076923
0 0.8617788461538461 0.4807692307692308 0.20552884615384615 0.036057692307692304
0 0.6550480769230769 0.4807692307692308 0.19951923076923078 0.042067307692307696
0 0.6466346153846154 0.43149038461538464 0.19230769230769232 0.04326923076923077
0 0.4567307692307692 0.4735576923076923 0.19230769230769232 0.042067307692307696
0 0.45913461538461536 0.4254807692307692 0.17908653846153846 0.03365384615384615
0 0.25721153846153844 0.44471153846153844 0.18629807692307693 0.03125
0 0.25841346153846156 0.47836538461538464 0.18990384615384615 0.03125
0 0.13822115384615385 0.47596153846153844 0.027644230769230768 0.026442307692307692
0 0.1045673076923077 0.47716346153846156 0.027644230769230768 0.027644230769230768
0 0.07211538461538461 0.47596153846153844 0.025240384615384616 0.026442307692307692
0 0.13942307692307693 0.44591346153846156 0.03125 0.026442307692307692
0 0.10216346153846154 0.44591346153846156 0.030048076923076924 0.030048076923076924
0 0.0673076923076923 0.44350961538461536 0.021634615384615384 0.028846153846153848
0 0.1466346153846154 0.4098557692307692 0.039663461538461536 0.03245192307692308
0 0.8689903846153846 0.44350961538461536 0.20072115384615385 0.03245192307692308
0 0.33653846153846156 0.11778846153846154 0.18870192307692307 0.038461538461538464
0 0.7067307692307693 0.16466346153846154 0.15504807692307693 0.036057692307692304
0 0.14903846153846154 0.18870192307692307 0.18028846153846154 0.03245192307692308
0 0.9819711538461539 0.1346153846153846 0.03125 0.03365384615384615
0 0.9783653846153846 0.17067307692307693 0.036057692307692304 0.036057692307692304
0 0.9735576923076923 0.20673076923076922 0.03245192307692308 0.03365384615384615
0 0.8413461538461539 0.8930288461538461 0.17307692307692307 0.020432692307692308
0 0.8401442307692307 0.8641826923076923 0.1778846153846154 0.030048076923076924
0 0.6550480769230769 0.8882211538461539 0.17067307692307693 0.026442307692307692
0 0.6550480769230769 0.8581730769230769 0.17548076923076922 0.02283653846153846
0 0.6574519230769231 0.8161057692307693 0.1778846153846154 0.037259615384615384
0 0.47115384615384615 0.8870192307692307 0.1778846153846154 0.021634615384615384
0 0.47115384615384615 0.8605769230769231 0.17427884615384615 0.02403846153846154
0 0.28725961538461536 0.8858173076923077 0.18028846153846154 0.028846153846153848
0 0.33052884615384615 0.078125 0.18269230769230768 0.038461538461538464
0 0.30649038461538464 0.8293269230769231 0.1875 0.026442307692307692
0 0.09495192307692307 0.8822115384615384 0.18389423076923078 0.027644230769230768
0 0.09615384615384616 0.8533653846153846 0.1875 0.027644230769230768
0 0.28725961538461536 0.859375 0.17908653846153846 0.020432692307692308
0 0.859375 0.7536057692307693 0.17908653846153846 0.027644230769230768
0 0.8629807692307693 0.71875 0.18389423076923078 0.028846153846153848
0 0.6706730769230769 0.7475961538461539 0.1814903846153846 0.03245192307692308
0 0.6778846153846154 0.7163461538461539 0.18269230769230768 0.028846153846153848
0 0.4795673076923077 0.7391826923076923 0.1935096153846154 0.028846153846153848
0 0.4795673076923077 0.7043269230769231 0.20072115384615385 0.03365384615384615
0 0.09495192307692307 0.8112980769230769 0.1778846153846154 0.042067307692307696
0 0.2704326923076923 0.7379807692307693 0.20192307692307693 0.036057692307692304
0 0.14543269230769232 0.1502403846153846 0.18990384615384615 0.03485576923076923