0 0.38341346153846156 0.9014423076923077 0.06370192307692307 0.10576923076923077
0 0.2644230769230769 0.8341346153846154 0.027644230769230768 0.04447115384615385
0 0.6394230769230769 0.9663461538461539 0.3004807692307692 0.06610576923076923
0 0.4519230769230769 0.9254807692307693 0.0625 0.09615384615384616
0 0.6045673076923077 0.8040865384615384 0.039663461538461536 0.09735576923076923
0 0.8353365384615384 0.921875 0.039663461538461536 0.042067307692307696
0 0.7896634615384616 0.8858173076923077 0.036057692307692304 0.11057692307692307
0 0.7512019230769231 0.8545673076923077 0.028846153846153848 0.1141826923076923
0 0.6838942307692307 0.828125 0.0985576923076923 0.06610576923076923
0 0.3173076923076923 0.8533653846153846 0.06009615384615385 0.054086538461538464
0 0.8930288461538461 0.9230769230769231 0.057692307692307696 0.12980769230769232
0 0.9567307692307693 0.9495192307692307 0.04807692307692308 0.09615384615384616
0 0.5661057692307693 0.7800480769230769 0.037259615384615384 0.07091346153846154
0 0.019230769230769232 0.17427884615384615 0.020432692307692308 0.03365384615384615
0 0.9206730769230769 0.578125 0.055288461538461536 0.12139423076923077
0 0.9759615384615384 0.5973557692307693 0.04326923076923077 0.13221153846153846
0 0.010817307692307692 0.4699519230769231 0.015625 0.04807692307692308
0 0.028846153846153848 0.4699519230769231 0.018028846153846152 0.04927884615384615
0 0.04447115384615385 0.47836538461538464 0.010817307692307692 0.042067307692307696
0 0.057692307692307696 0.484375 0.014423076923076924 0.051682692307692304
0 0.07451923076923077 0.49158653846153844 0.016826923076923076 0.04447115384615385
0 0.10216346153846154 0.5 0.016826923076923076 0.04807692307692308
0 0.12139423076923077 0.5036057692307693 0.018028846153846152 0.056490384615384616
0 0.14302884615384615 0.5252403846153846 0.021634615384615384 0.020432692307692308
0 0.1466346153846154 0.49759615384615385 0.019230769230769232 0.030048076923076924
0 0.17067307692307693 0.5024038461538461 0.027644230769230768 0.025240384615384616
0 0.171875 0.5372596153846154 0.03125 0.030048076923076924
0 0.19951923076923078 0.5276442307692307 0.020432692307692308 0.055288461538461536
0 0.21754807692307693 0.5324519230769231 0.013221153846153846 0.0673076923076923
0 0.234375 0.5504807692307693 0.021634615384615384 0.03365384615384615
0 0.2620192307692308 0.5612980769230769 0.026442307692307692 0.042067307692307696
0 0.2860576923076923 0.5576923076923077 0.019230769230769232 0.055288461538461536
0 0.3076923076923077 0.5661057692307693 0.02283653846153846 0.07091346153846154
0 0.8245192307692307 0.5564903846153846 0.09014423076923077 0.13221153846153846
0 0.33052884615384615 0.5745192307692307 0.021634615384615384 0.054086538461538464
0 0.7319711538461539 0.5360576923076923 0.0733173076923077 0.10576923076923077
0 0.5240384615384616 0.5096153846153846 0.03245192307692308 0.08173076923076923
0 0.8533653846153846 0.4338942307692308 0.055288461538461536 0.06971153846153846
0 0.9567307692307693 0.40865384615384615 0.08533653846153846 0.1346153846153846
0 0.014423076923076924 0.39783653846153844 0.019230769230769232 0.04807692307692308
0 0.039663461538461536 0.40384615384615385 0.03125 0.054086538461538464
0 0.08052884615384616 0.41466346153846156 0.016826923076923076 0.052884615384615384
0 0.10576923076923077 0.41586538461538464 0.01201923076923077 0.05889423076923077
0 0.09375 0.41466346153846156 0.01201923076923077 0.055288461538461536
0 0.1658653846153846 0.42788461538461536 0.014423076923076924 0.055288461538461536
0 0.18028846153846154 0.4411057692307692 0.010817307692307692 0.03365384615384615
0 0.20192307692307693 0.43990384615384615 0.025240384615384616 0.055288461538461536
0 0.22596153846153846 0.4411057692307692 0.02283653846153846 0.05048076923076923
0 0.25240384615384615 0.4483173076923077 0.025240384615384616 0.06129807692307692
0 0.2776442307692308 0.46274038461538464 0.020432692307692308 0.038461538461538464
0 0.29927884615384615 0.46033653846153844 0.018028846153846152 0.05889423076923077
0 0.31971153846153844 0.45552884615384615 0.02403846153846154 0.06850961538461539
0 0.35096153846153844 0.46033653846153844 0.03485576923076923 0.0829326923076923
0 0.4014423076923077 0.46875 0.051682692307692304 0.08052884615384616
0 0.44471153846153844 0.48677884615384615 0.028846153846153848 0.08774038461538461
0 0.484375 0.49759615384615385 0.039663461538461536 0.06490384615384616
0 0.6670673076923077 0.5372596153846154 0.04567307692307692 0.10817307692307693
0 0.8774038461538461 0.36177884615384615 0.06971153846153846 0.056490384615384616
0 0.3545673076923077 0.5841346153846154 0.02403846153846154 0.0673076923076923
0 0.40024038461538464 0.5973557692307693 0.021634615384615384 0.07932692307692307
0 0.2247596153846154 0.7788461538461539 0.021634615384615384 0.05889423076923077
0 0.25240384615384615 0.7776442307692307 0.030048076923076924 0.06009615384615385
0 0.09975961538461539 0.5949519230769231 0.02403846153846154 0.027644230769230768
0 0.12620192307692307 0.5925480769230769 0.025240384615384616 0.046875
0 0.15264423076923078 0.5997596153846154 0.018028846153846152 0.06610576923076923
0 0.17548076923076922 0.6009615384615384 0.020432692307692308 0.055288461538461536
0 0.19591346153846154 0.625 0.02403846153846154 0.04927884615384615
0 0.234375 0.6454326923076923 0.014423076923076924 0.057692307692307696
0 0.2536057692307692 0.6466346153846154 0.019230769230769232 0.054086538461538464
0 0.27524038461538464 0.6574519230769231 0.020432692307692308 0.06971153846153846
0 0.2956730769230769 0.6814903846153846 0.015625 0.02403846153846154
0 0.3125 0.6814903846153846 0.016826923076923076 0.054086538461538464
0 0.3389423076923077 0.6814903846153846 0.027644230769230768 0.055288461538461536
0 0.3701923076923077 0.6995192307692307 0.027644230769230768 0.078125
0 0.39903846153846156 0.7115384615384616 0.027644230769230768 0.051682692307692304
0 0.43149038461538464 0.7235576923076923 0.03365384615384615 0.078125
0 0.47115384615384615 0.7560096153846154 0.038461538461538464 0.06370192307692307
0 0.5072115384615384 0.7512019230769231 0.03245192307692308 0.078125
0 0.5348557692307693 0.7668269230769231 0.02283653846153846 0.0985576923076923
0 0.19591346153846154 0.7788461538461539 0.02283653846153846 0.05048076923076923
0 0.3786057692307692 0.5877403846153846 0.020432692307692308 0.06850961538461539
0 0.17668269230769232 0.7680288461538461 0.018028846153846152 0.038461538461538464
0 0.12379807692307693 0.7283653846153846 0.010817307692307692 0.05889423076923077
0 0.42427884615384615 0.6021634615384616 0.026442307692307692 0.07211538461538461
0 0.44591346153846156 0.6225961538461539 0.015625 0.06009615384615385
0 0.46875 0.640625 0.028846153846153848 0.03125
0 0.4987980769230769 0.6358173076923077 0.019230769230769232 0.07211538461538461
0 0.5228365384615384 0.6358173076923077 0.030048076923076924 0.0733173076923077
0 0.5528846153846154 0.6454326923076923 0.03125 0.09134615384615384
0 0.625 0.6790865384615384 0.07091346153846154 0.07211538461538461
0 0.7223557692307693 0.6923076923076923 0.10697115384615384 0.08533653846153846
0 0.8185096153846154 0.6778846153846154 0.07091346153846154 0.056490384615384616
0 0.8064903846153846 0.7536057692307693 0.057692307692307696 0.06129807692307692
0 0.8677884615384616 0.7427884615384616 0.025240384615384616 0.12620192307692307
0 0.9110576923076923 0.7560096153846154 0.039663461538461536 0.13822115384615385
0 0.9711538461538461 0.7764423076923077 0.05048076923076923 0.10817307692307693
0 0.052884615384615384 0.5504807692307693 0.08653846153846154 0.03125
0 0.019230769230769232 0.6670673076923077 0.018028846153846152 0.05889423076923077
0 0.042067307692307696 0.6802884615384616 0.021634615384615384 0.04807692307692308
0 0.06370192307692307 0.7019230769230769 0.021634615384615384 0.030048076923076924
0 0.0889423076923077 0.7139423076923077 0.019230769230769232 0.042067307692307696
0 0.10697115384615384 0.7223557692307693 0.015625 0.056490384615384616
0 0.14903846153846154 0.7608173076923077 0.028846153846153848 0.04326923076923077
0 0.7235576923076923 0.4182692307692308 0.08173076923076923 0.06971153846153846
0 0.06490384615384616 0.4098557692307692 0.013221153846153846 0.04927884615384615
0 0.5168269230769231 0.3737980769230769 0.03485576923076923 0.07932692307692307
0 0.26322115384615385 0.140625 0.018028846153846152 0.054086538461538464
0 0.22716346153846154 0.2536057692307692 0.018028846153846152 0.054086538461538464
0 0.036057692307692304 0.17908653846153846 0.01201923076923077 0.02283653846153846
0 0.04807692307692308 0.16947115384615385 0.01201923076923077 0.04447115384615385
0 0.07211538461538461 0.1622596153846154 0.03485576923076923 0.055288461538461536
0 0.15625 0.1622596153846154 0.021634615384615384 0.036057692307692304
0 0.5504807692307693 0.3798076923076923 0.03245192307692308 0.09134615384615384
0 0.17908653846153846 0.1502403846153846 0.025240384615384616 0.055288461538461536
0 0.203125 0.14903846153846154 0.01201923076923077 0.055288461538461536
0 0.010817307692307692 0.25 0.01201923076923077 0.056490384615384616
0 0.02403846153846154 0.24759615384615385 0.01201923076923077 0.052884615384615384
0 0.039663461538461536 0.25 0.015625 0.051682692307692304
0 0.054086538461538464 0.25 0.01201923076923077 0.05048076923076923
0 0.0673076923076923 0.2512019230769231 0.013221153846153846 0.051682692307692304
0 0.08413461538461539 0.24759615384615385 0.014423076923076924 0.04807692307692308
0 0.16826923076923078 0.24759615384615385 0.021634615384615384 0.06490384615384616
0 0.19230769230769232 0.2403846153846154 0.02283653846153846 0.07932692307692307
0 0.23197115384615385 0.13701923076923078 0.038461538461538464 0.06610576923076923
0 0.7151442307692307 0.25 0.036057692307692304 0.0829326923076923
0 0.5673076923076923 0.24519230769230768 0.0625 0.07692307692307693
0 0.5108173076923077 0.24639423076923078 0.04567307692307692 0.07451923076923077
0 0.4519230769230769 0.23918269230769232 0.04567307692307692 0.0673076923076923
0 0.41225961538461536 0.23798076923076922 0.02283653846153846 0.078125
0 0.38461538461538464 0.234375 0.020432692307692308 0.0733173076923077
0 0.3581730769230769 0.2403846153846154 0.02403846153846154 0.08052884615384616
0 0.3245192307692308 0.2403846153846154 0.03485576923076923 0.08052884615384616
0 0.28846153846153844 0.2644230769230769 0.026442307692307692 0.03245192307692308
0 0.2644230769230769 0.2403846153846154 0.018028846153846152 0.078125
0 0.24519230769230768 0.24158653846153846 0.015625 0.07572115384615384
0 0.2860576923076923 0.14182692307692307 0.021634615384615384 0.052884615384615384
0 0.33052884615384615 0.11899038461538461 0.06129807692307692 0.0889423076923077
0 0.21033653846153846 0.2403846153846154 0.013221153846153846 0.07932692307692307
0 0.45072115384615385 0.10216346153846154 0.025240384615384616 0.10096153846153846
0 0.9639423076923077 0.2247596153846154 0.07091346153846154 0.13942307692307693
0 0.019230769230769232 0.3317307692307692 0.02283653846153846 0.03245192307692308
0 0.05048076923076923 0.33653846153846156 0.03125 0.040865384615384616
0 0.07572115384615384 0.3329326923076923 0.016826923076923076 0.04326923076923077
0 0.09375 0.33653846153846156 0.015625 0.038461538461538464
0 0.1622596153846154 0.34615384615384615 0.021634615384615384 0.04927884615384615
0 0.18629807692307693 0.34615384615384615 0.019230769230769232 0.05048076923076923
0 0.20432692307692307 0.35697115384615385 0.01201923076923077 0.042067307692307696
0 0.8930288461538461 0.22716346153846154 0.0673076923076923 0.13822115384615385
0 0.22596153846153846 0.34375 0.030048076923076924 0.06129807692307692
0 0.2800480769230769 0.3629807692307692 0.02283653846153846 0.040865384615384616
0 0.30649038461538464 0.3605769230769231 0.02403846153846154 0.057692307692307696
0 0.33413461538461536 0.3629807692307692 0.025240384615384616 0.052884615384615384
0 0.36177884615384615 0.37259615384615385 0.020432692307692308 0.051682692307692304
0 0.38822115384615385 0.36899038461538464 0.028846153846153848 0.06370192307692307
0 0.41947115384615385 0.3713942307692308 0.025240384615384616 0.07091346153846154
0 0.4519230769230769 0.36538461538461536 0.03125 0.07572115384615384
0 0.48197115384615385 0.3713942307692308 0.028846153846153848 0.0829326923076923
0 0.25240384615384615 0.3605769230769231 0.026442307692307692 0.04326923076923077
0 0.39663461538461536 0.11538461538461539 0.0625 0.08052884615384616
0 0.8293269230769231 0.23557692307692307 0.052884615384615384 0.11057692307692307
0 0.9699519230769231 0.051682692307692304 0.05889423076923077 0.10216346153846154
0 0.8846153846153846 0.057692307692307696 0.08533653846153846 0.109375
0 0.8076923076923077 0.06009615384615385 0.06370192307692307 0.11057692307692307
0 0.734375 0.06490384615384616 0.07451923076923077 0.11778846153846154
0 0.5901442307692307 0.0889423076923077 0.020432692307692308 0.09495192307692307
0 0.4807692307692308 0.09735576923076923 0.028846153846153848 0.10216346153846154
0 0.5144230769230769 0.12379807692307693 0.036057692307692304 0.040865384615384616
0 0.5564903846153846 0.12259615384615384 0.037259615384615384 0.03485576923076923
0 0.7752403846153846 0.2403846153846154 0.046875 0.1045673076923077