0 0.46274038461538464 0.6887019230769231 0.05048076923076923 0.025240384615384616
0 0.6298076923076923 0.6838942307692307 0.04447115384615385 0.028846153846153848
0 0.5120192307692307 0.6634615384615384 0.051682692307692304 0.026442307692307692
0 0.4579326923076923 0.6634615384615384 0.051682692307692304 0.025240384615384616
0 0.5733173076923077 0.6850961538461539 0.046875 0.026442307692307692
0 0.5673076923076923 0.6598557692307693 0.04807692307692308 0.026442307692307692
0 0.6201923076923077 0.6550480769230769 0.04807692307692308 0.026442307692307692
0 0.5180288461538461 0.6899038461538461 0.04927884615384615 0.02403846153846154
0 0.19230769230769232 0.7776442307692307 0.0673076923076923 0.02403846153846154
0 0.36778846153846156 0.8569711538461539 0.051682692307692304 0.026442307692307692
0 0.48677884615384615 0.8149038461538461 0.05889423076923077 0.03365384615384615
0 0.2548076923076923 0.7475961538461539 0.055288461538461536 0.03125
0 0.25721153846153844 0.7752403846153846 0.054086538461538464 0.021634615384615384
0 0.3161057692307692 0.7475961538461539 0.054086538461538464 0.021634615384615384
0 0.3161057692307692 0.7728365384615384 0.054086538461538464 0.021634615384615384
0 0.3737980769230769 0.7463942307692307 0.055288461538461536 0.02283653846153846
0 0.3798076923076923 0.7716346153846154 0.054086538461538464 0.021634615384615384
0 0.4254807692307692 0.8533653846153846 0.056490384615384616 0.02403846153846154
0 0.6370192307692307 0.609375 0.04447115384615385 0.028846153846153848
0 0.42427884615384615 0.8269230769230769 0.051682692307692304 0.026442307692307692
0 0.29086538461538464 0.6899038461538461 0.08413461538461539 0.03125
0 0.2548076923076923 0.828125 0.04927884615384615 0.026442307692307692
0 0.5180288461538461 0.7331730769230769 0.04927884615384615 0.025240384615384616
0 0.5733173076923077 0.7355769230769231 0.04927884615384615 0.02403846153846154
0 0.6262019230769231 0.7307692307692307 0.04927884615384615 0.025240384615384616
0 0.6274038461538461 0.7596153846153846 0.04927884615384615 0.025240384615384616
0 0.5733173076923077 0.7620192307692307 0.04927884615384615 0.025240384615384616
0 0.5216346153846154 0.7620192307692307 0.04927884615384615 0.025240384615384616
0 0.44591346153846156 0.7355769230769231 0.07091346153846154 0.025240384615384616
0 0.4483173076923077 0.7668269230769231 0.07091346153846154 0.025240384615384616
0 0.3858173076923077 0.6586538461538461 0.08533653846153846 0.028846153846153848
0 0.3870192307692308 0.6887019230769231 0.08533653846153846 0.028846153846153848
0 0.29447115384615385 0.65625 0.08413461538461539 0.03125
0 0.20192307692307693 0.6622596153846154 0.08413461538461539 0.03125
0 0.20072115384615385 0.6947115384615384 0.08413461538461539 0.03125
0 0.17427884615384615 0.75 0.06610576923076923 0.026442307692307692
0 0.2536057692307692 0.8569711538461539 0.04927884615384615 0.026442307692307692
0 0.18629807692307693 0.8209134615384616 0.08413461538461539 0.03125
0 0.17668269230769232 0.8581730769230769 0.08413461538461539 0.03125
0 0.3076923076923077 0.8581730769230769 0.04927884615384615 0.026442307692307692
0 0.31009615384615385 0.8317307692307693 0.04927884615384615 0.026442307692307692
0 0.36538461538461536 0.828125 0.04927884615384615 0.026442307692307692
0 0.6358173076923077 0.5793269230769231 0.04447115384615385 0.025240384615384616
0 0.23918269230769232 0.07211538461538461 0.051682692307692304 0.02283653846153846
0 0.5841346153846154 0.5829326923076923 0.04927884615384615 0.026442307692307692
0 0.39663461538461536 0.5192307692307693 0.06009615384615385 0.020432692307692308
0 0.46274038461538464 0.5408653846153846 0.054086538461538464 0.020432692307692308
0 0.46033653846153844 0.5168269230769231 0.054086538461538464 0.020432692307692308
0 0.4567307692307692 0.4951923076923077 0.054086538461538464 0.020432692307692308
0 0.39302884615384615 0.4963942307692308 0.06490384615384616 0.021634615384615384
0 0.25600961538461536 0.5384615384615384 0.07211538461538461 0.028846153846153848
0 0.18028846153846154 0.5384615384615384 0.0673076923076923 0.028846153846153848
0 0.3329326923076923 0.5408653846153846 0.0625 0.02403846153846154
0 0.3269230769230769 0.5120192307692307 0.0625 0.027644230769230768
0 0.32572115384615385 0.49038461538461536 0.06129807692307692 0.01201923076923077
0 0.26802884615384615 0.49038461538461536 0.04326923076923077 0.008413461538461538
0 0.25240384615384615 0.5072115384615384 0.07692307692307693 0.02403846153846154
0 0.17548076923076922 0.5072115384615384 0.0733173076923077 0.02283653846153846
0 0.6466346153846154 0.46274038461538464 0.0673076923076923 0.025240384615384616
0 0.4026442307692308 0.5408653846153846 0.06009615384615385 0.020432692307692308
0 0.6442307692307693 0.4362980769230769 0.06971153846153846 0.02403846153846154
0 0.5697115384615384 0.4375 0.06850961538461539 0.02283653846153846
0 0.4963942307692308 0.46274038461538464 0.07211538461538461 0.02403846153846154
0 0.5012019230769231 0.43509615384615385 0.0625 0.02403846153846154
0 0.23798076923076922 0.46153846153846156 0.054086538461538464 0.026442307692307692
0 0.296875 0.46033653846153844 0.054086538461538464 0.026442307692307692
0 0.2956730769230769 0.4326923076923077 0.055288461538461536 0.028846153846153848
0 0.23317307692307693 0.43149038461538464 0.055288461538461536 0.028846153846153848
0 0.17427884615384615 0.46033653846153844 0.056490384615384616 0.028846153846153848
0 0.1658653846153846 0.4326923076923077 0.05889423076923077 0.021634615384615384
0 0.3473557692307692 0.4651442307692308 0.039663461538461536 0.016826923076923076
0 0.39302884615384615 0.46634615384615385 0.039663461538461536 0.016826923076923076
0 0.4362980769230769 0.4675480769230769 0.039663461538461536 0.016826923076923076
0 0.4387019230769231 0.44711538461538464 0.037259615384615384 0.020432692307692308
0 0.3942307692307692 0.4483173076923077 0.04447115384615385 0.018028846153846152
0 0.5697115384615384 0.46274038461538464 0.07211538461538461 0.02403846153846154
0 0.5865384615384616 0.609375 0.04927884615384615 0.026442307692307692
0 0.5360576923076923 0.5084134615384616 0.07572115384615384 0.02403846153846154
0 0.6201923076923077 0.5336538461538461 0.07572115384615384 0.02403846153846154
0 0.5336538461538461 0.6105769230769231 0.04927884615384615 0.026442307692307692
0 0.5324519230769231 0.5817307692307693 0.04927884615384615 0.026442307692307692
0 0.4675480769230769 0.5817307692307693 0.07572115384615384 0.027644230769230768
0 0.4699519230769231 0.6105769230769231 0.07572115384615384 0.027644230769230768
0 0.3858173076923077 0.6129807692307693 0.08774038461538461 0.028846153846153848
0 0.3112980769230769 0.6153846153846154 0.056490384615384616 0.030048076923076924
0 0.2512019230769231 0.6177884615384616 0.054086538461538464 0.026442307692307692
0 0.18629807692307693 0.6153846153846154 0.06490384615384616 0.025240384615384616
0 0.30408653846153844 0.5865384615384616 0.056490384615384616 0.02403846153846154
0 0.3798076923076923 0.5805288461538461 0.08774038461538461 0.025240384615384616
0 0.28846153846153844 0.5661057692307693 0.051682692307692304 0.010817307692307692
0 0.2439903846153846 0.5865384615384616 0.05889423076923077 0.030048076923076924
0 0.18269230769230768 0.5877403846153846 0.055288461538461536 0.03125
0 0.6923076923076923 0.7247596153846154 0.06490384615384616 0.028846153846153848
0 0.6153846153846154 0.5084134615384616 0.07572115384615384 0.02403846153846154
0 0.6923076923076923 0.7548076923076923 0.06490384615384616 0.030048076923076924
0 0.7632211538461539 0.7247596153846154 0.06610576923076923 0.030048076923076924
0 0.6947115384615384 0.6814903846153846 0.06610576923076923 0.030048076923076924
0 0.765625 0.6814903846153846 0.06490384615384616 0.030048076923076924
0 0.6911057692307693 0.6514423076923077 0.06490384615384616 0.030048076923076924
0 0.7608173076923077 0.6490384615384616 0.06610576923076923 0.030048076923076924
0 0.7019230769230769 0.6081730769230769 0.06490384615384616 0.030048076923076924
0 0.6959134615384616 0.5745192307692307 0.056490384615384616 0.03245192307692308
0 0.7776442307692307 0.6081730769230769 0.07692307692307693 0.027644230769230768
0 0.7680288461538461 0.5745192307692307 0.07692307692307693 0.028846153846153848
0 0.7692307692307693 0.5336538461538461 0.0625 0.028846153846153848
0 0.6983173076923077 0.5336538461538461 0.05889423076923077 0.028846153846153848
0 0.7692307692307693 0.5048076923076923 0.0733173076923077 0.027644230769230768
0 0.6935096153846154 0.5036057692307693 0.07211538461538461 0.027644230769230768
0 0.5396634615384616 0.5360576923076923 0.07572115384615384 0.02403846153846154
0 0.7692307692307693 0.7548076923076923 0.06610576923076923 0.028846153846153848
0 0.5516826923076923 0.8125 0.05889423076923077 0.03365384615384615
0 0.6983173076923077 0.27403846153846156 0.06129807692307692 0.025240384615384616
0 0.5552884615384616 0.8473557692307693 0.05889423076923077 0.03125
0 0.359375 0.027644230769230768 0.04447115384615385 0.021634615384615384
0 0.3016826923076923 0.026442307692307692 0.04567307692307692 0.021634615384615384
0 0.24158653846153846 0.02403846153846154 0.04567307692307692 0.021634615384615384
0 0.1814903846153846 0.021634615384615384 0.04447115384615385 0.019230769230769232
0 0.42427884615384615 0.07932692307692307 0.04567307692307692 0.02283653846153846
0 0.4170673076923077 0.055288461538461536 0.04567307692307692 0.02283653846153846
0 0.41466346153846156 0.030048076923076924 0.04567307692307692 0.02283653846153846
0 0.48677884615384615 0.08173076923076923 0.04567307692307692 0.02283653846153846
0 0.4807692307692308 0.057692307692307696 0.04567307692307692 0.02283653846153846
0 0.47475961538461536 0.03365384615384615 0.04567307692307692 0.02403846153846154
0 0.5516826923076923 0.0829326923076923 0.04567307692307692 0.02283653846153846
0 0.5432692307692307 0.057692307692307696 0.04567307692307692 0.02283653846153846
0 0.5336538461538461 0.03485576923076923 0.055288461538461536 0.020432692307692308
0 0.359375 0.052884615384615384 0.04447115384615385 0.021634615384615384
0 0.36778846153846156 0.18990384615384615 0.06009615384615385 0.025240384615384616
0 0.171875 0.1814903846153846 0.06009615384615385 0.025240384615384616
0 0.23798076923076922 0.18389423076923078 0.06009615384615385 0.025240384615384616
0 0.3016826923076923 0.18629807692307693 0.06129807692307692 0.025240384615384616
0 0.171875 0.21033653846153846 0.06129807692307692 0.025240384615384616
0 0.30408653846153844 0.21394230769230768 0.06009615384615385 0.025240384615384616
0 0.23918269230769232 0.21153846153846154 0.06009615384615385 0.025240384615384616
0 0.17427884615384615 0.25841346153846156 0.06009615384615385 0.025240384615384616
0 0.24519230769230768 0.25961538461538464 0.06009615384615385 0.025240384615384616
0 0.24158653846153846 0.29086538461538464 0.06009615384615385 0.025240384615384616
0 0.17427884615384615 0.28846153846153844 0.06009615384615385 0.025240384615384616
0 0.3088942307692308 0.2608173076923077 0.06009615384615385 0.025240384615384616
0 0.3088942307692308 0.2920673076923077 0.06009615384615385 0.025240384615384616
0 0.37259615384615385 0.2644230769230769 0.06009615384615385 0.025240384615384616
0 0.36899038461538464 0.21634615384615385 0.06009615384615385 0.02283653846153846
0 0.3605769230769231 0.078125 0.051682692307692304 0.02283653846153846
0 0.296875 0.05048076923076923 0.051682692307692304 0.02283653846153846
0 0.43149038461538464 0.21754807692307693 0.06129807692307692 0.02283653846153846
0 0.17548076923076922 0.04326923076923077 0.051682692307692304 0.02283653846153846
0 0.17668269230769232 0.06971153846153846 0.051682692307692304 0.02283653846153846
0 0.17548076923076922 0.10817307692307693 0.057692307692307696 0.02283653846153846
0 0.23677884615384615 0.11057692307692307 0.057692307692307696 0.026442307692307692
0 0.2980769230769231 0.11298076923076923 0.056490384615384616 0.02283653846153846
0 0.16947115384615385 0.13581730769230768 0.057692307692307696 0.026442307692307692
0 0.23557692307692307 0.13822115384615385 0.056490384615384616 0.026442307692307692
0 0.29927884615384615 0.13942307692307693 0.056490384615384616 0.026442307692307692
0 0.3641826923076923 0.14182692307692307 0.057692307692307696 0.026442307692307692
0 0.3629807692307692 0.11298076923076923 0.055288461538461536 0.025240384615384616
0 0.42788461538461536 0.11658653846153846 0.055288461538461536 0.02403846153846154
0 0.43028846153846156 0.14182692307692307 0.055288461538461536 0.025240384615384616
0 0.4891826923076923 0.11658653846153846 0.055288461538461536 0.025240384615384616
0 0.5504807692307693 0.1201923076923077 0.055288461538461536 0.025240384615384616
0 0.6165865384615384 0.12259615384615384 0.06009615384615385 0.02403846153846154
0 0.6177884615384616 0.14903846153846154 0.06490384615384616 0.02283653846153846
0 0.49038461538461536 0.14423076923076922 0.05889423076923077 0.02283653846153846
0 0.5516826923076923 0.1466346153846154 0.05889423076923077 0.02283653846153846
0 0.6334134615384616 0.1971153846153846 0.06370192307692307 0.02403846153846154
0 0.7055288461538461 0.19951923076923078 0.06370192307692307 0.02403846153846154
0 0.7728365384615384 0.203125 0.06370192307692307 0.02403846153846154
0 0.7764423076923077 0.2283653846153846 0.06370192307692307 0.02403846153846154
0 0.7055288461538461 0.22716346153846154 0.06370192307692307 0.02403846153846154
0 0.6322115384615384 0.22355769230769232 0.06370192307692307 0.02403846153846154
0 0.5612980769230769 0.1935096153846154 0.06370192307692307 0.02403846153846154
0 0.5600961538461539 0.22115384615384615 0.06370192307692307 0.02403846153846154
0 0.29927884615384615 0.07692307692307693 0.051682692307692304 0.02283653846153846
0 0.49399038461538464 0.21875 0.06370192307692307 0.02403846153846154
0 0.4338942307692308 0.19110576923076922 0.06009615384615385 0.02403846153846154
0 0.43990384615384615 0.265625 0.06009615384615385 0.025240384615384616
0 0.49399038461538464 0.8497596153846154 0.05889423076923077 0.03125
0 0.5 0.2668269230769231 0.055288461538461536 0.025240384615384616
0 0.5661057692307693 0.29447115384615385 0.055288461538461536 0.025240384615384616
0 0.6141826923076923 0.390625 0.046875 0.025240384615384616
0 0.5637019230769231 0.390625 0.04567307692307692 0.021634615384615384
0 0.5108173076923077 0.390625 0.04567307692307692 0.021634615384615384
0 0.45913461538461536 0.390625 0.04567307692307692 0.020432692307692308
0 0.3485576923076923 0.3870192307692308 0.056490384615384616 0.026442307692307692
0 0.40625 0.3894230769230769 0.04447115384615385 0.027644230769230768
0 0.3918269230769231 0.4266826923076923 0.04447115384615385 0.019230769230769232
0 0.6153846153846154 0.8112980769230769 0.055288461538461536 0.03125
0 0.6814903846153846 0.8088942307692307 0.055288461538461536 0.03125
0 0.7415865384615384 0.8088942307692307 0.055288461538461536 0.03125
0 0.8040865384615384 0.8064903846153846 0.055288461538461536 0.03125
0 0.7956730769230769 0.8413461538461539 0.055288461538461536 0.03125
0 0.734375 0.84375 0.055288461538461536 0.03125
0 0.6117788461538461 0.36658653846153844 0.04447115384615385 0.021634615384615384
0 0.6153846153846154 0.08653846153846154 0.0673076923076923 0.021634615384615384
0 0.6850961538461539 0.09014423076923077 0.0625 0.018028846153846152
0 0.6838942307692307 0.06610576923076923 0.0625 0.018028846153846152
0 0.7536057692307693 0.09254807692307693 0.06490384615384616 0.025240384615384616
0 0.7524038461538461 0.06850961538461539 0.06610576923076923 0.019230769230769232
0 0.7379807692307693 0.04447115384615385 0.06490384615384616 0.02283653846153846
0 0.6694711538461539 0.04326923076923077 0.06129807692307692 0.019230769230769232
0 0.5997596153846154 0.038461538461538464 0.06370192307692307 0.021634615384615384
0 0.6983173076923077 0.15264423076923078 0.06850961538461539 0.02283653846153846
0 0.6959134615384616 0.12620192307692307 0.07211538461538461 0.02403846153846154
0 0.7728365384615384 0.15625 0.06009615384615385 0.020432692307692308
0 0.7716346153846154 0.12860576923076922 0.06370192307692307 0.026442307692307692
0 0.6754807692307693 0.84375 0.055288461538461536 0.03125
0 0.6165865384615384 0.8461538461538461 0.05889423076923077 0.03125
0 0.6117788461538461 0.0625 0.0673076923076923 0.021634615384615384
0 0.5661057692307693 0.36658653846153844 0.036057692307692304 0.02283653846153846
0 0.5132211538461539 0.3641826923076923 0.04927884615384615 0.026442307692307692
0 0.45913461538461536 0.3641826923076923 0.04567307692307692 0.027644230769230768
0 0.5024038461538461 0.2956730769230769 0.055288461538461536 0.025240384615384616
0 0.43990384615384615 0.2920673076923077 0.055288461538461536 0.025240384615384616
0 0.3737980769230769 0.2932692307692308 0.055288461538461536 0.025240384615384616
0 0.6262019230769231 0.2692307692307692 0.06490384615384616 0.026442307692307692
0 0.6298076923076923 0.2980769230769231 0.06129807692307692 0.025240384615384616
0 0.7776442307692307 0.2704326923076923 0.06129807692307692 0.02403846153846154
0 0.7788461538461539 0.2980769230769231 0.06129807692307692 0.025240384615384616
0 0.23798076923076922 0.046875 0.051682692307692304 0.02283653846153846
0 0.7043269230769231 0.3004807692307692 0.06370192307692307 0.02283653846153846
0 0.7692307692307693 0.36778846153846156 0.04927884615384615 0.02283653846153846
0 0.7716346153846154 0.390625 0.04927884615384615 0.02283653846153846
0 0.7800480769230769 0.43509615384615385 0.04927884615384615 0.02283653846153846
0 0.7776442307692307 0.46153846153846156 0.055288461538461536 0.02403846153846154
0 0.7139423076923077 0.43509615384615385 0.04927884615384615 0.02283653846153846
0 0.7199519230769231 0.46153846153846156 0.04927884615384615 0.02283653846153846
0 0.6875 0.3473557692307692 0.05048076923076923 0.013221153846153846
0 0.7163461538461539 0.36899038461538464 0.04807692307692308 0.020432692307692308
0 0.7163461538461539 0.3918269230769231 0.05048076923076923 0.020432692307692308
0 0.6622596153846154 0.36778846153846156 0.042067307692307696 0.019230769230769232
0 0.6634615384615384 0.3894230769230769 0.042067307692307696 0.02283653846153846
0 0.16706730769230768 0.359375 0.06009615384615385 0.026442307692307692
0 0.16466346153846154 0.38822115384615385 0.054086538461538464 0.021634615384615384
0 0.22716346153846154 0.36177884615384615 0.04326923076923077 0.020432692307692308
0 0.2824519230769231 0.34615384615384615 0.05889423076923077 0.020432692307692308
0 0.2848557692307692 0.36658653846153844 0.04927884615384615 0.01201923076923077
0 0.2800480769230769 0.3870192307692308 0.052884615384615384 0.025240384615384616
0 0.22115384615384615 0.3870192307692308 0.05048076923076923 0.027644230769230768
0 0.3473557692307692 0.3605769230769231 0.06009615384615385 0.02403846153846154
0 0.40625 0.3605769230769231 0.05048076923076923 0.025240384615384616
0 0.5588942307692307 0.26802884615384615 0.055288461538461536 0.025240384615384616
0 0.49759615384615385 0.19230769230769232 0.06370192307692307 0.02403846153846154
0 0.44350961538461536 0.4254807692307692 0.040865384615384616 0.020432692307692308
0 0.3485576923076923 0.44711538461538464 0.03485576923076923 0.015625