0 0.03365384615384615 0.3605769230769231 0.039663461538461536 0.06490384615384616
0 0.6983173076923077 0.45072115384615385 0.06129807692307692 0.06971153846153846
0 0.4362980769230769 0.3581730769230769 0.042067307692307696 0.0625
0 0.47596153846153844 0.3581730769230769 0.03365384615384615 0.06129807692307692
0 0.5132211538461539 0.36538461538461536 0.028846153846153848 0.06129807692307692
0 0.5504807692307693 0.36538461538461536 0.042067307692307696 0.06129807692307692
0 0.5817307692307693 0.3701923076923077 0.02403846153846154 0.046875
0 0.6141826923076923 0.37259615384615385 0.03365384615384615 0.04567307692307692
0 0.6526442307692307 0.3605769230769231 0.03125 0.06850961538461539
0 0.6875 0.36177884615384615 0.038461538461538464 0.0673076923076923
0 0.7932692307692307 0.34975961538461536 0.03485576923076923 0.04447115384615385
0 0.8305288461538461 0.3485576923076923 0.038461538461538464 0.04927884615384615
0 0.8725961538461539 0.35336538461538464 0.03125 0.056490384615384616
0 0.9038461538461539 0.35336538461538464 0.03245192307692308 0.056490384615384616
0 0.9362980769230769 0.35336538461538464 0.026442307692307692 0.05048076923076923
0 0.9711538461538461 0.35216346153846156 0.03365384615384615 0.04927884615384615
0 0.7860576923076923 0.4266826923076923 0.027644230769230768 0.051682692307692304
0 0.8221153846153846 0.4266826923076923 0.046875 0.04807692307692308
0 0.8725961538461539 0.43149038461538464 0.03485576923076923 0.04927884615384615
0 0.9495192307692307 0.42908653846153844 0.04326923076923077 0.04447115384615385
0 0.9855769230769231 0.42427884615384615 0.027644230769230768 0.051682692307692304
0 0.057692307692307696 0.47475961538461536 0.06610576923076923 0.025240384615384616
0 0.1310096153846154 0.4735576923076923 0.06850961538461539 0.028846153846153848
0 0.21153846153846154 0.4639423076923077 0.08533653846153846 0.04567307692307692
0 0.29447115384615385 0.46634615384615385 0.07932692307692307 0.042067307692307696
0 0.34615384615384615 0.4543269230769231 0.03365384615384615 0.06129807692307692
0 0.3786057692307692 0.4543269230769231 0.03245192307692308 0.06370192307692307
0 0.42427884615384615 0.4483173076923077 0.046875 0.06370192307692307
0 0.47115384615384615 0.44711538461538464 0.042067307692307696 0.07211538461538461
0 0.5228365384615384 0.4519230769230769 0.052884615384615384 0.07932692307692307
0 0.5769230769230769 0.45072115384615385 0.05048076923076923 0.07932692307692307
0 0.390625 0.3581730769230769 0.046875 0.0625
0 0.3485576923076923 0.3605769230769231 0.03485576923076923 0.0625
0 0.3004807692307692 0.35697115384615385 0.04807692307692308 0.07091346153846154
0 0.25841346153846156 0.3605769230769231 0.038461538461538464 0.0625
0 0.06370192307692307 0.265625 0.036057692307692304 0.054086538461538464
0 0.16706730769230768 0.25961538461538464 0.030048076923076924 0.057692307692307696
0 0.20432692307692307 0.26322115384615385 0.036057692307692304 0.06370192307692307
0 0.23557692307692307 0.2644230769230769 0.027644230769230768 0.06009615384615385
0 0.26802884615384615 0.26322115384615385 0.03485576923076923 0.06009615384615385
0 0.30288461538461536 0.26322115384615385 0.03365384615384615 0.05889423076923077
0 0.33413461538461536 0.265625 0.030048076923076924 0.06370192307692307
0 0.36778846153846156 0.2644230769230769 0.037259615384615384 0.06490384615384616
0 0.40384615384615385 0.2668269230769231 0.03365384615384615 0.0625
0 0.4362980769230769 0.2668269230769231 0.03365384615384615 0.06129807692307692
0 0.4675480769230769 0.2668269230769231 0.026442307692307692 0.05889423076923077
0 0.5120192307692307 0.2824519230769231 0.04447115384615385 0.02403846153846154
0 0.5576923076923077 0.28846153846153844 0.04326923076923077 0.025240384615384616
0 0.5637019230769231 0.26322115384615385 0.037259615384615384 0.03245192307692308
0 0.6418269230769231 0.4495192307692308 0.04927884615384615 0.06850961538461539
0 0.6081730769230769 0.2608173076923077 0.04807692307692308 0.02403846153846154
0 0.6069711538461539 0.2860576923076923 0.04447115384615385 0.027644230769230768
0 0.6490384615384616 0.2860576923076923 0.03365384615384615 0.02283653846153846
0 0.7091346153846154 0.2824519230769231 0.04326923076923077 0.027644230769230768
0 0.7728365384615384 0.27884615384615385 0.03365384615384615 0.02283653846153846
0 0.8185096153846154 0.2776442307692308 0.03365384615384615 0.018028846153846152
0 0.8185096153846154 0.25600961538461536 0.040865384615384616 0.020432692307692308
0 0.8581730769230769 0.28966346153846156 0.03485576923076923 0.019230769230769232
0 0.8954326923076923 0.29086538461538464 0.03125 0.015625
0 0.9507211538461539 0.2776442307692308 0.046875 0.04807692307692308
0 0.9867788461538461 0.27884615384615385 0.021634615384615384 0.04807692307692308
0 0.078125 0.3605769230769231 0.040865384615384616 0.056490384615384616
0 0.12740384615384615 0.3713942307692308 0.030048076923076924 0.04447115384615385
0 0.16346153846153846 0.35697115384615385 0.040865384615384616 0.06129807692307692
0 0.20793269230769232 0.3581730769230769 0.046875 0.0625
0 0.65625 0.2608173076923077 0.046875 0.02283653846153846
0 0.10096153846153846 0.2668269230769231 0.03485576923076923 0.05048076923076923
0 0.13341346153846154 0.265625 0.03365384615384615 0.04927884615384615
0 0.025240384615384616 0.25961538461538464 0.04567307692307692 0.057692307692307696