0 0.5709134615384616 0.5060096153846154 0.038461538461538464 0.07692307692307693
0 0.8677884615384616 0.4987980769230769 0.038461538461538464 0.07091346153846154
0 0.8233173076923077 0.5 0.038461538461538464 0.07091346153846154
0 0.7848557692307693 0.4987980769230769 0.038461538461538464 0.06971153846153846
0 0.7403846153846154 0.5024038461538461 0.040865384615384616 0.06971153846153846
0 0.6983173076923077 0.5012019230769231 0.037259615384615384 0.06490384615384616
0 0.6574519230769231 0.5012019230769231 0.039663461538461536 0.06490384615384616
0 0.6129807692307693 0.5 0.04326923076923077 0.06971153846153846
0 0.5649038461538461 0.5997596153846154 0.037259615384615384 0.0733173076923077
0 0.7067307692307693 0.8822115384615384 0.04326923076923077 0.109375
0 0.7512019230769231 0.8810096153846154 0.04326923076923077 0.109375
0 0.6574519230769231 0.7548076923076923 0.04326923076923077 0.06370192307692307
0 0.6983173076923077 0.7524038461538461 0.04326923076923077 0.06370192307692307
0 0.7403846153846154 0.7512019230769231 0.04326923076923077 0.0625
0 0.7848557692307693 0.7548076923076923 0.04326923076923077 0.06370192307692307
0 0.8257211538461539 0.7548076923076923 0.04326923076923077 0.06370192307692307
0 0.8701923076923077 0.7560096153846154 0.04326923076923077 0.0625
0 0.5324519230769231 0.5012019230769231 0.04567307692307692 0.07692307692307693
0 0.8846153846153846 0.8786057692307693 0.04807692307692308 0.1201923076923077
0 0.35216346153846156 0.49759615384615385 0.05048076923076923 0.08052884615384616
0 0.028846153846153848 0.7451923076923077 0.040865384615384616 0.078125
0 0.40024038461538464 0.5 0.04567307692307692 0.07692307692307693
0 0.4423076923076923 0.5012019230769231 0.04567307692307692 0.07692307692307693
0 0.4879807692307692 0.5 0.04567307692307692 0.07692307692307693
0 0.7980769230769231 0.8810096153846154 0.04326923076923077 0.109375
0 0.8377403846153846 0.8810096153846154 0.040865384615384616 0.11538461538461539
0 0.4891826923076923 0.6201923076923077 0.039663461538461536 0.06610576923076923
0 0.6225961538461539 0.8834134615384616 0.04326923076923077 0.109375
0 0.6165865384615384 0.7548076923076923 0.04326923076923077 0.0625
0 0.578125 0.8822115384615384 0.04326923076923077 0.109375
0 0.53125 0.8822115384615384 0.04326923076923077 0.109375
0 0.49038461538461536 0.8822115384615384 0.04326923076923077 0.109375
0 0.4483173076923077 0.8810096153846154 0.04326923076923077 0.109375
0 0.40384615384615385 0.8786057692307693 0.04326923076923077 0.109375
0 0.35697115384615385 0.8641826923076923 0.038461538461538464 0.09014423076923077
0 0.28846153846153844 0.8870192307692307 0.036057692307692304 0.09975961538461539
0 0.25240384615384615 0.8858173076923077 0.036057692307692304 0.09975961538461539
0 0.2127403846153846 0.9002403846153846 0.038461538461538464 0.06850961538461539
0 0.16947115384615385 0.9002403846153846 0.038461538461538464 0.07211538461538461
0 0.1310096153846154 0.9026442307692307 0.038461538461538464 0.078125
0 0.09014423076923077 0.9050480769230769 0.038461538461538464 0.06971153846153846
0 0.4495192307692308 0.6189903846153846 0.040865384615384616 0.06490384615384616
0 0.046875 0.9014423076923077 0.04567307692307692 0.0673076923076923
0 0.08653846153846154 0.6213942307692307 0.040865384615384616 0.07211538461538461
0 0.12620192307692307 0.6165865384615384 0.04326923076923077 0.0733173076923077
0 0.16706730769230768 0.6225961538461539 0.03485576923076923 0.06971153846153846
0 0.8665865384615384 0.6129807692307693 0.040865384615384616 0.07451923076923077
0 0.8245192307692307 0.6189903846153846 0.040865384615384616 0.07451923076923077
0 0.7848557692307693 0.6165865384615384 0.040865384615384616 0.07451923076923077
0 0.7391826923076923 0.6165865384615384 0.040865384615384616 0.07451923076923077
0 0.6983173076923077 0.6153846153846154 0.040865384615384616 0.07451923076923077
0 0.6538461538461539 0.6189903846153846 0.040865384615384616 0.07451923076923077
0 0.6117788461538461 0.6141826923076923 0.040865384615384616 0.07451923076923077
0 0.28846153846153844 0.6189903846153846 0.038461538461538464 0.06971153846153846
0 0.3317307692307692 0.6189903846153846 0.038461538461538464 0.06971153846153846
0 0.04447115384615385 0.6201923076923077 0.040865384615384616 0.06971153846153846
0 0.3016826923076923 0.5 0.038461538461538464 0.07572115384615384
0 0.15625 0.3858173076923077 0.038461538461538464 0.07091346153846154
0 0.1814903846153846 0.5012019230769231 0.038461538461538464 0.07451923076923077
0 0.5745192307692307 0.75 0.04326923076923077 0.0625
0 0.5348557692307693 0.7463942307692307 0.040865384615384616 0.06850961538461539
0 0.49038461538461536 0.7451923076923077 0.040865384615384616 0.06850961538461539
0 0.45072115384615385 0.7451923076923077 0.040865384615384616 0.06850961538461539
0 0.4074519230769231 0.7487980769230769 0.03365384615384615 0.06850961538461539
0 0.36778846153846156 0.7463942307692307 0.03365384615384615 0.06850961538461539
0 0.33052884615384615 0.7475961538461539 0.03365384615384615 0.06850961538461539
0 0.28966346153846156 0.7524038461538461 0.05048076923076923 0.06009615384615385
0 0.24759615384615385 0.7439903846153846 0.03485576923076923 0.08173076923076923
0 0.2127403846153846 0.7427884615384616 0.03365384615384615 0.07932692307692307
0 0.17548076923076922 0.7439903846153846 0.03365384615384615 0.08052884615384616
0 0.13822115384615385 0.7427884615384616 0.036057692307692304 0.07932692307692307
0 0.6021634615384616 0.2512019230769231 0.046875 0.07211538461538461
0 0.10216346153846154 0.7439903846153846 0.03365384615384615 0.08173076923076923
0 0.4567307692307692 0.2548076923076923 0.04807692307692308 0.07211538461538461
0 0.6634615384615384 0.8810096153846154 0.04326923076923077 0.109375
0 0.40625 0.2548076923076923 0.04807692307692308 0.07211538461538461
0 0.3581730769230769 0.25600961538461536 0.04807692307692308 0.07211538461538461
0 0.3088942307692308 0.25600961538461536 0.04807692307692308 0.07211538461538461
0 0.2644230769230769 0.25721153846153844 0.04807692307692308 0.07211538461538461
0 0.21754807692307693 0.2536057692307692 0.04807692307692308 0.07211538461538461
0 0.1778846153846154 0.24639423076923078 0.03365384615384615 0.09375
0 0.14543269230769232 0.24759615384615385 0.03365384615384615 0.09375
0 0.11057692307692307 0.2439903846153846 0.03365384615384615 0.0985576923076923
0 0.07091346153846154 0.24639423076923078 0.03365384615384615 0.09975961538461539
0 0.03485576923076923 0.24759615384615385 0.03365384615384615 0.09495192307692307
0 0.5576923076923077 0.25240384615384615 0.04807692307692308 0.07211538461538461
0 0.22355769230769232 0.5012019230769231 0.038461538461538464 0.07451923076923077
0 0.6634615384615384 0.24879807692307693 0.04807692307692308 0.07211538461538461
0 0.7632211538461539 0.23918269230769232 0.046875 0.08052884615384616
0 0.12980769230769232 0.5072115384615384 0.037259615384615384 0.07211538461538461
0 0.0829326923076923 0.5048076923076923 0.036057692307692304 0.07211538461538461
0 0.04567307692307692 0.5072115384615384 0.036057692307692304 0.07211538461538461
0 0.028846153846153848 0.3870192307692308 0.04326923076923077 0.07572115384615384
0 0.07091346153846154 0.38822115384615385 0.03125 0.0733173076923077
0 0.109375 0.38822115384615385 0.038461538461538464 0.07091346153846154
0 0.20072115384615385 0.38822115384615385 0.038461538461538464 0.07091346153846154
0 0.24278846153846154 0.3894230769230769 0.038461538461538464 0.07091346153846154
0 0.28125 0.38822115384615385 0.038461538461538464 0.07091346153846154
0 0.3233173076923077 0.3870192307692308 0.038461538461538464 0.07091346153846154
0 0.36778846153846156 0.3870192307692308 0.038461538461538464 0.07091346153846154
0 0.40865384615384615 0.3870192307692308 0.038461538461538464 0.07091346153846154
0 0.7115384615384616 0.24519230769230768 0.04807692307692308 0.07211538461538461
0 0.7463942307692307 0.33774038461538464 0.04807692307692308 0.020432692307692308
0 0.8882211538461539 0.37259615384615385 0.038461538461538464 0.09014423076923077
0 0.8485576923076923 0.3713942307692308 0.03245192307692308 0.09615384615384616
0 0.8076923076923077 0.38221153846153844 0.04807692307692308 0.07091346153846154
0 0.7524038461538461 0.38341346153846156 0.046875 0.07091346153846154
0 0.703125 0.38100961538461536 0.046875 0.07091346153846154
0 0.6538461538461539 0.38341346153846156 0.046875 0.07091346153846154
0 0.6045673076923077 0.38341346153846156 0.046875 0.07091346153846154
0 0.5552884615384616 0.38461538461538464 0.052884615384615384 0.0733173076923077
0 0.5036057692307693 0.38461538461538464 0.052884615384615384 0.0733173076923077
0 0.4543269230769231 0.38221153846153844 0.05048076923076923 0.08052884615384616
0 0.8737980769230769 0.2439903846153846 0.056490384615384616 0.07572115384615384
0 0.8125 0.23918269230769232 0.04807692307692308 0.08052884615384616
0 0.06850961538461539 0.7439903846153846 0.030048076923076924 0.08052884615384616