0 0.59375 0.7596153846153846 0.028846153846153848 0.02403846153846154
0 0.5600961538461539 0.7584134615384616 0.03245192307692308 0.020432692307692308
0 0.5913461538461539 0.734375 0.03245192307692308 0.020432692307692308
0 0.5588942307692307 0.734375 0.027644230769230768 0.025240384615384616
0 0.9471153846153846 0.5132211538461539 0.021634615384615384 0.039663461538461536
0 0.9134615384615384 0.5108173076923077 0.036057692307692304 0.042067307692307696
0 0.5264423076923077 0.7451923076923077 0.027644230769230768 0.05048076923076923
0 0.9891826923076923 0.5180288461538461 0.016826923076923076 0.036057692307692304
0 0.4963942307692308 0.7439903846153846 0.025240384615384616 0.051682692307692304
0 0.4735576923076923 0.7451923076923077 0.019230769230769232 0.04927884615384615
0 0.4483173076923077 0.7439903846153846 0.021634615384615384 0.05048076923076923
0 0.6574519230769231 0.6526442307692307 0.021634615384615384 0.05048076923076923
0 0.9711538461538461 0.515625 0.019230769230769232 0.04447115384615385
0 0.6826923076923077 0.6514423076923077 0.026442307692307692 0.054086538461538464
0 0.7620192307692307 0.7223557692307693 0.04927884615384615 0.03485576923076923
0 0.7632211538461539 0.6478365384615384 0.056490384615384616 0.05889423076923077
0 0.8257211538461539 0.6466346153846154 0.056490384615384616 0.06129807692307692
0 0.9350961538461539 0.5817307692307693 0.03125 0.040865384615384616
0 0.9699519230769231 0.5817307692307693 0.03245192307692308 0.039663461538461536
0 0.9038461538461539 0.5817307692307693 0.02403846153846154 0.039663461538461536
0 0.625 0.7487980769230769 0.027644230769230768 0.03485576923076923
0 0.65625 0.75 0.030048076923076924 0.03245192307692308
0 0.6887019230769231 0.7475961538461539 0.030048076923076924 0.03485576923076923
0 0.421875 0.7463942307692307 0.025240384615384616 0.04447115384615385
0 0.8209134615384616 0.7403846153846154 0.056490384615384616 0.04927884615384615
0 0.9627403846153846 0.6442307692307693 0.019230769230769232 0.039663461538461536
0 0.9362980769230769 0.6454326923076923 0.027644230769230768 0.04326923076923077
0 0.9026442307692307 0.6454326923076923 0.030048076923076924 0.038461538461538464
0 0.9471153846153846 0.7091346153846154 0.037259615384615384 0.04326923076923077
0 0.7079326923076923 0.6502403846153846 0.021634615384615384 0.051682692307692304
0 0.3942307692307692 0.7487980769230769 0.025240384615384616 0.046875
0 0.7584134615384616 0.7536057692307693 0.027644230769230768 0.02283653846153846
0 0.35096153846153844 0.7427884615384616 0.015625 0.051682692307692304
0 0.6959134615384616 0.042067307692307696 0.11538461538461539 0.06009615384615385
0 0.8149038461538461 0.037259615384615384 0.11778846153846154 0.06850961538461539
0 0.016826923076923076 0.23197115384615385 0.03365384615384615 0.05048076923076923
0 0.04927884615384615 0.234375 0.027644230769230768 0.052884615384615384
0 0.08533653846153846 0.2283653846153846 0.03125 0.05889423076923077
0 0.1141826923076923 0.22956730769230768 0.02403846153846154 0.05048076923076923
0 0.14302884615384615 0.22716346153846154 0.026442307692307692 0.04927884615384615
0 0.16826923076923078 0.2283653846153846 0.02283653846153846 0.05048076923076923
0 0.5733173076923077 0.040865384615384616 0.12740384615384615 0.06490384615384616
0 0.19110576923076922 0.22716346153846154 0.02403846153846154 0.051682692307692304
0 0.24759615384615385 0.22716346153846154 0.026442307692307692 0.04927884615384615
0 0.27403846153846156 0.22596153846153846 0.025240384615384616 0.055288461538461536
0 0.30288461538461536 0.21754807692307693 0.03245192307692308 0.07091346153846154
0 0.33774038461538464 0.21995192307692307 0.03365384615384615 0.06971153846153846
0 0.375 0.21995192307692307 0.036057692307692304 0.07091346153846154
0 0.4206730769230769 0.21153846153846154 0.04447115384615385 0.078125
0 0.47716346153846156 0.21634615384615385 0.037259615384615384 0.06971153846153846
0 0.5216346153846154 0.2127403846153846 0.042067307692307696 0.07451923076923077
0 0.21754807692307693 0.22716346153846154 0.02403846153846154 0.05048076923076923
0 0.5637019230769231 0.21514423076923078 0.03125 0.07211538461538461
0 0.3269230769230769 0.04447115384615385 0.10336538461538461 0.06490384615384616
0 0.03365384615384615 0.04807692307692308 0.0673076923076923 0.07932692307692307
0 0.25961538461538464 0.49038461538461536 0.07451923076923077 0.06370192307692307
0 0.1814903846153846 0.4951923076923077 0.07211538461538461 0.06370192307692307
0 0.1045673076923077 0.4951923076923077 0.07572115384615384 0.06490384615384616
0 0.019230769230769232 0.5108173076923077 0.038461538461538464 0.040865384615384616
0 0.84375 0.4026442307692308 0.036057692307692304 0.052884615384615384
0 0.8112980769230769 0.4050480769230769 0.02283653846153846 0.054086538461538464
0 0.7644230769230769 0.4026442307692308 0.02283653846153846 0.055288461538461536
0 0.7403846153846154 0.40384615384615385 0.021634615384615384 0.052884615384615384
0 0.15745192307692307 0.04807692307692308 0.17668269230769232 0.078125
0 0.7139423076923077 0.41225961538461536 0.021634615384615384 0.037259615384615384
0 0.6598557692307693 0.3954326923076923 0.027644230769230768 0.052884615384615384
0 0.6286057692307693 0.4050480769230769 0.02283653846153846 0.04927884615384615
0 0.6069711538461539 0.40625 0.018028846153846152 0.04807692307692308
0 0.5805288461538461 0.4026442307692308 0.030048076923076924 0.055288461538461536
0 0.5432692307692307 0.4050480769230769 0.03125 0.05048076923076923
0 0.4723557692307692 0.4110576923076923 0.037259615384615384 0.04567307692307692
0 0.4375 0.40625 0.028846153846153848 0.056490384615384616
0 0.5324519230769231 0.5480769230769231 0.02403846153846154 0.02403846153846154
0 0.6899038461538461 0.40625 0.021634615384615384 0.04567307692307692
0 0.32211538461538464 0.49399038461538464 0.02283653846153846 0.056490384615384616
0 0.5997596153846154 0.21033653846153846 0.03245192307692308 0.07692307692307693
0 0.6766826923076923 0.20552884615384615 0.039663461538461536 0.08533653846153846
0 0.20793269230769232 0.3173076923076923 0.021634615384615384 0.05889423076923077
0 0.234375 0.3173076923076923 0.03125 0.06009615384615385
0 0.265625 0.3173076923076923 0.030048076923076924 0.056490384615384616
0 0.31009615384615385 0.32091346153846156 0.03365384615384615 0.052884615384615384
0 0.3449519230769231 0.32091346153846156 0.027644230769230768 0.04567307692307692
0 0.025240384615384616 0.3401442307692308 0.05048076923076923 0.03125
0 0.06610576923076923 0.33653846153846156 0.030048076923076924 0.02283653846153846
0 0.10817307692307693 0.3329326923076923 0.04927884615384615 0.028846153846153848
0 0.47716346153846156 0.3173076923076923 0.03245192307692308 0.06009615384615385
0 0.15625 0.3329326923076923 0.04807692307692308 0.025240384615384616
0 0.04807692307692308 0.4170673076923077 0.054086538461538464 0.04326923076923077
0 0.09615384615384616 0.4182692307692308 0.03485576923076923 0.040865384615384616
0 0.17427884615384615 0.40384615384615385 0.08653846153846154 0.0733173076923077
0 0.265625 0.4098557692307692 0.03485576923076923 0.052884615384615384
0 0.31009615384615385 0.40865384615384615 0.03485576923076923 0.04927884615384615
0 0.34615384615384615 0.40865384615384615 0.021634615384615384 0.05048076923076923
0 0.3737980769230769 0.4170673076923077 0.02283653846153846 0.03125
0 0.4074519230769231 0.4182692307692308 0.025240384615384616 0.036057692307692304
0 0.008413461538461538 0.41947115384615385 0.016826923076923076 0.04807692307692308
0 0.6358173076923077 0.20552884615384615 0.037259615384615384 0.0829326923076923
0 0.43990384615384615 0.31850961538461536 0.03485576923076923 0.055288461538461536
0 0.38100961538461536 0.3173076923076923 0.02283653846153846 0.057692307692307696
0 0.7211538461538461 0.20432692307692307 0.03485576923076923 0.08413461538461539
0 0.7608173076923077 0.20432692307692307 0.03245192307692308 0.08653846153846154
0 0.7980769230769231 0.20192307692307693 0.03365384615384615 0.08533653846153846
0 0.8341346153846154 0.21153846153846154 0.028846153846153848 0.06370192307692307
0 0.5745192307692307 0.3173076923076923 0.028846153846153848 0.054086538461538464
0 0.5997596153846154 0.3161057692307692 0.016826923076923076 0.05048076923076923
0 0.625 0.31490384615384615 0.03245192307692308 0.052884615384615384
0 0.6742788461538461 0.31490384615384615 0.03245192307692308 0.051682692307692304
0 0.4098557692307692 0.31971153846153844 0.025240384615384616 0.055288461538461536
0 0.71875 0.31971153846153844 0.030048076923076924 0.04326923076923077
0 0.7752403846153846 0.3112980769230769 0.027644230769230768 0.057692307692307696
0 0.8137019230769231 0.3112980769230769 0.03245192307692308 0.056490384615384616
0 0.8485576923076923 0.31009615384615385 0.027644230769230768 0.05889423076923077
0 0.9026442307692307 0.265625 0.019230769230769232 0.052884615384615384
0 0.3701923076923077 0.7391826923076923 0.021634615384615384 0.055288461538461536
0 0.9435096153846154 0.265625 0.055288461538461536 0.056490384615384616
0 0.9855769230769231 0.2644230769230769 0.027644230769230768 0.055288461538461536
0 0.5180288461538461 0.3161057692307692 0.028846153846153848 0.054086538461538464
0 0.7475961538461539 0.3112980769230769 0.02403846153846154 0.057692307692307696
0 0.35096153846153844 0.49158653846153844 0.02283653846153846 0.052884615384615384
0 0.47475961538461536 0.04447115384615385 0.06129807692307692 0.06129807692307692
0 0.41225961538461536 0.49278846153846156 0.025240384615384616 0.06009615384615385
0 0.06850961538461539 0.6598557692307693 0.026442307692307692 0.05048076923076923
0 0.030048076923076924 0.6610576923076923 0.03245192307692308 0.046875
0 0.9927884615384616 0.3918269230769231 0.013221153846153846 0.05048076923076923
0 0.9735576923076923 0.3954326923076923 0.02283653846153846 0.039663461538461536
0 0.9471153846153846 0.39783653846153844 0.026442307692307692 0.042067307692307696
0 0.9146634615384616 0.4026442307692308 0.025240384615384616 0.027644230769230768
0 0.9206730769230769 0.38100961538461536 0.025240384615384616 0.013221153846153846
0 0.9206730769230769 0.36778846153846156 0.027644230769230768 0.013221153846153846
0 0.8425480769230769 0.5757211538461539 0.03125 0.057692307692307696
0 0.8052884615384616 0.5733173076923077 0.02403846153846154 0.06009615384615385
0 0.7776442307692307 0.5733173076923077 0.014423076923076924 0.057692307692307696
0 0.7475961538461539 0.5829326923076923 0.027644230769230768 0.04326923076923077
0 0.7199519230769231 0.5829326923076923 0.02283653846153846 0.046875
0 0.6959134615384616 0.5829326923076923 0.02403846153846154 0.039663461538461536
0 0.6706730769230769 0.5817307692307693 0.02403846153846154 0.040865384615384616
0 0.640625 0.5793269230769231 0.03125 0.05048076923076923
0 0.6045673076923077 0.578125 0.028846153846153848 0.052884615384615384
0 0.5649038461538461 0.5829326923076923 0.028846153846153848 0.042067307692307696
0 0.5336538461538461 0.5829326923076923 0.028846153846153848 0.04326923076923077
0 0.13822115384615385 0.65625 0.10817307692307693 0.054086538461538464
0 0.5012019230769231 0.5805288461538461 0.026442307692307692 0.051682692307692304
0 0.24879807692307693 0.6538461538461539 0.10817307692307693 0.055288461538461536
0 0.3870192307692308 0.49158653846153844 0.02283653846153846 0.06490384615384616
0 0.3293269230769231 0.7439903846153846 0.021634615384615384 0.051682692307692304
0 0.24879807692307693 0.7427884615384616 0.12259615384615384 0.056490384615384616
0 0.16947115384615385 0.7536057692307693 0.025240384615384616 0.040865384615384616
0 0.140625 0.7439903846153846 0.027644230769230768 0.06129807692307692
0 0.11538461538461539 0.7439903846153846 0.020432692307692308 0.055288461538461536
0 0.08774038461538461 0.7536057692307693 0.025240384615384616 0.040865384615384616
0 0.06009615384615385 0.7536057692307693 0.02403846153846154 0.038461538461538464
0 0.021634615384615384 0.7451923076923077 0.04326923076923077 0.0625
0 0.9158653846153846 0.4543269230769231 0.028846153846153848 0.037259615384615384
0 0.9423076923076923 0.4567307692307692 0.014423076923076924 0.030048076923076924
0 0.9663461538461539 0.4543269230769231 0.027644230769230768 0.040865384615384616
0 0.9915865384615384 0.4579326923076923 0.01201923076923077 0.036057692307692304
0 0.5697115384615384 0.6574519230769231 0.026442307692307692 0.04927884615384615
0 0.5420673076923077 0.6586538461538461 0.02283653846153846 0.042067307692307696
0 0.5132211538461539 0.6574519230769231 0.027644230769230768 0.04807692307692308
0 0.4831730769230769 0.65625 0.026442307692307692 0.04927884615384615
0 0.4519230769230769 0.6538461538461539 0.030048076923076924 0.046875
0 0.4230769230769231 0.6526442307692307 0.02403846153846154 0.04927884615384615
0 0.39783653846153844 0.6538461538461539 0.02283653846153846 0.04927884615384615
0 0.3329326923076923 0.6574519230769231 0.019230769230769232 0.046875
0 0.4495192307692308 0.5817307692307693 0.057692307692307696 0.05048076923076923
0 0.3581730769230769 0.6574519230769231 0.025240384615384616 0.046875
0 0.38461538461538464 0.5913461538461539 0.02283653846153846 0.030048076923076924
0 0.4795673076923077 0.49759615384615385 0.03125 0.04807692307692308
0 0.5132211538461539 0.49399038461538464 0.02283653846153846 0.046875
0 0.5492788461538461 0.4951923076923077 0.027644230769230768 0.052884615384615384
0 0.5793269230769231 0.49399038461538464 0.03245192307692308 0.052884615384615384
0 0.6177884615384616 0.49158653846153844 0.03125 0.054086538461538464
0 0.6526442307692307 0.49038461538461536 0.025240384615384616 0.051682692307692304
0 0.6790865384615384 0.4963942307692308 0.020432692307692308 0.046875
0 0.7067307692307693 0.4963942307692308 0.025240384615384616 0.04567307692307692
0 0.7548076923076923 0.4879807692307692 0.025240384615384616 0.06490384615384616
0 0.7956730769230769 0.5048076923076923 0.038461538461538464 0.028846153846153848
0 0.8341346153846154 0.4795673076923077 0.03365384615384615 0.020432692307692308
0 0.1045673076923077 0.5805288461538461 0.02403846153846154 0.06009615384615385
0 0.06490384615384616 0.5913461538461539 0.04326923076923077 0.04807692307692308
0 0.025240384615384616 0.5877403846153846 0.025240384615384616 0.054086538461538464
0 0.9603365384615384 0.3293269230769231 0.04326923076923077 0.04447115384615385
0 0.43990384615384615 0.4963942307692308 0.030048076923076924 0.04927884615384615
0 0.9110576923076923 0.3317307692307692 0.03485576923076923 0.04447115384615385
0 0.40865384615384615 0.5901442307692307 0.020432692307692308 0.037259615384615384
0 0.8377403846153846 0.5048076923076923 0.037259615384615384 0.025240384615384616
0 0.3641826923076923 0.5769230769230769 0.018028846153846152 0.056490384615384616
0 0.3425480769230769 0.5793269230769231 0.020432692307692308 0.057692307692307696
0 0.32091346153846156 0.578125 0.021634615384615384 0.056490384615384616
0 0.28966346153846156 0.5817307692307693 0.030048076923076924 0.052884615384615384
0 0.25600961538461536 0.5805288461538461 0.030048076923076924 0.055288461538461536
0 0.2247596153846154 0.5829326923076923 0.027644230769230768 0.052884615384615384
0 0.19230769230769232 0.5829326923076923 0.02283653846153846 0.057692307692307696
0 0.16466346153846154 0.5817307692307693 0.02283653846153846 0.06009615384615385
0 0.13581730769230768 0.5829326923076923 0.026442307692307692 0.06370192307692307