0 0.04326923076923077 0.2091346153846154 0.03485576923076923 0.051682692307692304
0 0.1045673076923077 0.7199519230769231 0.03125 0.046875
0 0.9591346153846154 0.5637019230769231 0.06490384615384616 0.11298076923076923
0 0.9783653846153846 0.7379807692307693 0.040865384615384616 0.1045673076923077
0 0.8737980769230769 0.5829326923076923 0.08774038461538461 0.016826923076923076
0 0.8713942307692307 0.6009615384615384 0.08413461538461539 0.021634615384615384
0 0.0625 0.5685096153846154 0.027644230769230768 0.051682692307692304
0 0.10216346153846154 0.5769230769230769 0.014423076923076924 0.04807692307692308
0 0.12259615384615384 0.578125 0.025240384615384616 0.04807692307692308
0 0.15504807692307693 0.5901442307692307 0.037259615384615384 0.055288461538461536
0 0.27283653846153844 0.5973557692307693 0.03245192307692308 0.06971153846153846
0 0.30649038461538464 0.5913461538461539 0.02403846153846154 0.08533653846153846
0 0.34615384615384615 0.5949519230769231 0.051682692307692304 0.078125
0 0.3954326923076923 0.6057692307692307 0.046875 0.09975961538461539
0 0.45552884615384615 0.6165865384615384 0.0625 0.09975961538461539
0 0.08173076923076923 0.6382211538461539 0.036057692307692304 0.04927884615384615
0 0.5372596153846154 0.6141826923076923 0.05889423076923077 0.03245192307692308
0 0.5240384615384616 0.6442307692307693 0.052884615384615384 0.02403846153846154
0 0.06129807692307692 0.7163461538461539 0.037259615384615384 0.054086538461538464
0 0.5132211538461539 0.6730769230769231 0.042067307692307696 0.026442307692307692
0 0.5925480769230769 0.6454326923076923 0.054086538461538464 0.025240384615384616
0 0.5949519230769231 0.6670673076923077 0.04807692307692308 0.014423076923076924
0 0.5817307692307693 0.6875 0.042067307692307696 0.021634615384615384
0 0.6887019230769231 0.6334134615384616 0.07091346153846154 0.03245192307692308
0 0.6814903846153846 0.6622596153846154 0.07211538461538461 0.02283653846153846
0 0.671875 0.6838942307692307 0.06610576923076923 0.020432692307692308
0 0.65625 0.7055288461538461 0.06129807692307692 0.025240384615384616
0 0.78125 0.6358173076923077 0.0673076923076923 0.030048076923076924
0 0.7584134615384616 0.7055288461538461 0.06009615384615385 0.09014423076923077
0 0.8533653846153846 0.6778846153846154 0.08052884615384616 0.03365384615384615
0 0.8533653846153846 0.7079326923076923 0.08173076923076923 0.027644230769230768
0 0.8521634615384616 0.7307692307692307 0.078125 0.018028846153846152
0 0.8449519230769231 0.7536057692307693 0.08413461538461539 0.026442307692307692
0 0.9302884615384616 0.7175480769230769 0.04447115384615385 0.11778846153846154
0 0.6153846153846154 0.6201923076923077 0.057692307692307696 0.025240384615384616
0 0.5949519230769231 0.36177884615384615 0.038461538461538464 0.08653846153846154
0 0.7800480769230769 0.9290865384615384 0.07211538461538461 0.01201923076923077
0 0.24759615384615385 0.1622596153846154 0.03125 0.078125
0 0.78125 0.9603365384615384 0.0625 0.014423076923076924
0 0.8641826923076923 0.9146634615384616 0.0829326923076923 0.015625
0 0.8629807692307693 0.9302884615384616 0.0829326923076923 0.014423076923076924
0 0.8665865384615384 0.9495192307692307 0.08413461538461539 0.014423076923076924
0 0.14903846153846154 0.36177884615384615 0.03485576923076923 0.05889423076923077
0 0.23677884615384615 0.38100961538461536 0.028846153846153848 0.03245192307692308
0 0.27163461538461536 0.3581730769230769 0.030048076923076924 0.06850961538461539
0 0.3076923076923077 0.35697115384615385 0.03365384615384615 0.07211538461538461
0 0.3425480769230769 0.3581730769230769 0.03245192307692308 0.07932692307692307
0 0.38221153846153844 0.3581730769230769 0.036057692307692304 0.07451923076923077
0 0.41466346153846156 0.3473557692307692 0.028846153846153848 0.09615384615384616
0 0.44591346153846156 0.34975961538461536 0.03245192307692308 0.10216346153846154
0 0.48677884615384615 0.359375 0.04927884615384615 0.08533653846153846
0 0.5288461538461539 0.3581730769230769 0.03245192307692308 0.08653846153846154
0 0.6766826923076923 0.5348557692307693 0.03485576923076923 0.09615384615384616
0 0.7848557692307693 0.9435096153846154 0.06490384615384616 0.01201923076923077
0 0.14543269230769232 0.19471153846153846 0.036057692307692304 0.06009615384615385
0 0.7788461538461539 0.9134615384615384 0.07572115384615384 0.015625
0 0.7824519230769231 0.890625 0.07451923076923077 0.020432692307692308
0 0.37259615384615385 0.7896634615384616 0.018028846153846152 0.06490384615384616
0 0.39903846153846156 0.8088942307692307 0.027644230769230768 0.06610576923076923
0 0.42788461538461536 0.8100961538461539 0.027644230769230768 0.06370192307692307
0 0.4543269230769231 0.8233173076923077 0.020432692307692308 0.07692307692307693
0 0.48197115384615385 0.8305288461538461 0.036057692307692304 0.06490384615384616
0 0.5180288461538461 0.8569711538461539 0.03125 0.040865384615384616
0 0.5576923076923077 0.8173076923076923 0.039663461538461536 0.026442307692307692
0 0.5612980769230769 0.359375 0.03125 0.08413461538461539
0 0.5757211538461539 0.8557692307692307 0.04447115384615385 0.046875
0 0.5552884615384616 0.8894230769230769 0.04567307692307692 0.018028846153846152
0 0.6262019230769231 0.9122596153846154 0.05889423076923077 0.028846153846153848
0 0.7007211538461539 0.8774038461538461 0.06490384615384616 0.021634615384615384
0 0.703125 0.8954326923076923 0.0625 0.014423076923076924
0 0.703125 0.9122596153846154 0.06490384615384616 0.018028846153846152
0 0.7043269230769231 0.9290865384615384 0.06009615384615385 0.01201923076923077
0 0.7055288461538461 0.9423076923076923 0.04807692307692308 0.014423076923076924
0 0.6310096153846154 0.8641826923076923 0.057692307692307696 0.055288461538461536
0 0.35096153846153844 0.7848557692307693 0.021634615384615384 0.07451923076923077
0 0.6310096153846154 0.5336538461538461 0.02283653846153846 0.08052884615384616
0 0.5673076923076923 0.5264423076923077 0.02403846153846154 0.07211538461538461
0 0.09735576923076923 0.5036057692307693 0.030048076923076924 0.04567307692307692
0 0.057692307692307696 0.4987980769230769 0.028846153846153848 0.04807692307692308
0 0.15504807692307693 0.4387019230769231 0.02403846153846154 0.04447115384615385
0 0.13221153846153846 0.4338942307692308 0.019230769230769232 0.056490384615384616
0 0.1045673076923077 0.43149038461538464 0.028846153846153848 0.051682692307692304
0 0.054086538461538464 0.43149038461538464 0.04326923076923077 0.055288461538461536
0 0.9651442307692307 0.3329326923076923 0.06850961538461539 0.055288461538461536
0 0.9543269230769231 0.3894230769230769 0.08653846153846154 0.057692307692307696
0 0.8786057692307693 0.3918269230769231 0.06490384615384616 0.038461538461538464
0 0.8774038461538461 0.34975961538461536 0.06850961538461539 0.039663461538461536
0 0.7884615384615384 0.39663461538461536 0.06850961538461539 0.026442307692307692
0 0.7956730769230769 0.36778846153846156 0.06610576923076923 0.026442307692307692
0 0.7223557692307693 0.3870192307692308 0.0673076923076923 0.040865384615384616
0 0.7283653846153846 0.34375 0.06850961538461539 0.038461538461538464
0 0.6658653846153846 0.35336538461538464 0.037259615384615384 0.10576923076923077
0 0.14903846153846154 0.5132211538461539 0.030048076923076924 0.054086538461538464
0 0.2548076923076923 0.4723557692307692 0.06610576923076923 0.06490384615384616
0 0.32572115384615385 0.47475961538461536 0.06971153846153846 0.09375
0 0.3954326923076923 0.4831730769230769 0.07091346153846154 0.10697115384615384
0 0.8617788461538461 0.96875 0.07451923076923077 0.014423076923076924
0 0.8641826923076923 0.9891826923076923 0.07692307692307693 0.020432692307692308
0 0.9314903846153846 0.9627403846153846 0.037259615384615384 0.0733173076923077
0 0.29447115384615385 0.859375 0.025240384615384616 0.0625
0 0.24278846153846154 0.8629807692307693 0.021634615384615384 0.030048076923076924
0 0.265625 0.8701923076923077 0.020432692307692308 0.025240384615384616
0 0.3233173076923077 0.8786057692307693 0.027644230769230768 0.051682692307692304
0 0.5985576923076923 0.5204326923076923 0.03485576923076923 0.09975961538461539
0 0.3557692307692308 0.8810096153846154 0.026442307692307692 0.07211538461538461
0 0.4495192307692308 0.921875 0.026442307692307692 0.0985576923076923
0 0.47596153846153844 0.9314903846153846 0.02283653846153846 0.09735576923076923
0 0.5048076923076923 0.953125 0.03125 0.07932692307692307
0 0.578125 0.9627403846153846 0.03125 0.06490384615384616
0 0.6826923076923077 0.9651442307692307 0.08413461538461539 0.02283653846153846
0 0.5408653846153846 0.9699519230769231 0.038461538461538464 0.055288461538461536
0 0.49399038461538464 0.49038461538461536 0.11177884615384616 0.12740384615384615
0 0.3870192307692308 0.8894230769230769 0.03365384615384615 0.07932692307692307
0 0.3161057692307692 0.7668269230769231 0.027644230769230768 0.06129807692307692
0 0.2932692307692308 0.7608173076923077 0.018028846153846152 0.0733173076923077
0 0.2668269230769231 0.7512019230769231 0.03245192307692308 0.051682692307692304
0 0.7908653846153846 0.5492788461538461 0.06850961538461539 0.09735576923076923
0 0.7307692307692307 0.5348557692307693 0.042067307692307696 0.109375
0 0.0889423076923077 0.29086538461538464 0.018028846153846152 0.05889423076923077
0 0.11298076923076923 0.28846153846153844 0.027644230769230768 0.056490384615384616
0 0.1658653846153846 0.2860576923076923 0.038461538461538464 0.06129807692307692
0 0.23317307692307693 0.2608173076923077 0.03365384615384615 0.06610576923076923
0 0.07692307692307693 0.11057692307692307 0.027644230769230768 0.052884615384615384
0 0.11298076923076923 0.10576923076923077 0.018028846153846152 0.051682692307692304
0 0.13701923076923078 0.10096153846153846 0.03125 0.042067307692307696
0 0.2704326923076923 0.25721153846153844 0.03245192307692308 0.06971153846153846
0 0.30408653846153844 0.25600961538461536 0.027644230769230768 0.06610576923076923
0 0.3425480769230769 0.2536057692307692 0.03365384615384615 0.0673076923076923
0 0.3701923076923077 0.2512019230769231 0.02283653846153846 0.07091346153846154
0 0.39663461538461536 0.25 0.027644230769230768 0.06850961538461539
0 0.4254807692307692 0.24519230769230768 0.028846153846153848 0.07692307692307693
0 0.8737980769230769 0.5612980769230769 0.08533653846153846 0.026442307692307692
0 0.0673076923076923 0.29447115384615385 0.026442307692307692 0.051682692307692304
0 0.9723557692307693 0.0673076923076923 0.051682692307692304 0.06971153846153846
0 0.8665865384615384 0.09254807692307693 0.09735576923076923 0.06850961538461539
0 0.27403846153846156 0.16346153846153846 0.025240384615384616 0.07932692307692307
0 0.29927884615384615 0.16105769230769232 0.02283653846153846 0.07932692307692307
0 0.3269230769230769 0.15625 0.020432692307692308 0.07211538461538461
0 0.3449519230769231 0.15144230769230768 0.016826923076923076 0.0829326923076923
0 0.36658653846153844 0.14302884615384615 0.021634615384615384 0.09014423076923077
0 0.38822115384615385 0.13942307692307693 0.021634615384615384 0.09615384615384616
0 0.41346153846153844 0.14302884615384615 0.027644230769230768 0.07451923076923077
0 0.45913461538461536 0.2439903846153846 0.038461538461538464 0.07692307692307693
0 0.4423076923076923 0.14302884615384615 0.028846153846153848 0.07451923076923077
0 0.4735576923076923 0.1310096153846154 0.03365384615384615 0.08173076923076923
0 0.5024038461538461 0.12740384615384615 0.02283653846153846 0.08774038461538461
0 0.5336538461538461 0.11899038461538461 0.037259615384615384 0.09735576923076923
0 0.609375 0.10216346153846154 0.03365384615384615 0.10216346153846154
0 0.6490384615384616 0.10817307692307693 0.04326923076923077 0.09134615384615384
0 0.7019230769230769 0.11057692307692307 0.055288461538461536 0.06971153846153846
0 0.7800480769230769 0.078125 0.06850961538461539 0.1045673076923077
0 0.6334134615384616 0.3641826923076923 0.027644230769230768 0.08413461538461539
0 0.5084134615384616 0.23197115384615385 0.028846153846153848 0.0889423076923077
0 0.5432692307692307 0.23076923076923078 0.042067307692307696 0.09375
0 0.5829326923076923 0.23076923076923078 0.038461538461538464 0.08653846153846154
0 0.7572115384615384 0.8125 0.10216346153846154 0.078125
0 0.8401442307692307 0.8353365384615384 0.04567307692307692 0.07932692307692307
0 0.8882211538461539 0.8425480769230769 0.04447115384615385 0.1045673076923077
0 0.9362980769230769 0.8533653846153846 0.04567307692307692 0.1045673076923077
0 0.9819711538461539 0.8701923076923077 0.03485576923076923 0.10576923076923077
0 0.5793269230769231 0.7632211538461539 0.06490384615384616 0.026442307692307692
0 0.578125 0.7872596153846154 0.046875 0.018028846153846152
0 0.5805288461538461 0.71875 0.057692307692307696 0.02403846153846154
0 0.6586538461538461 0.7644230769230769 0.06850961538461539 0.02283653846153846
0 0.6538461538461539 0.8100961538461539 0.06971153846153846 0.018028846153846152
0 0.5865384615384616 0.7379807692307693 0.06370192307692307 0.014423076923076924
0 0.0829326923076923 0.7944711538461539 0.019230769230769232 0.04567307692307692
0 0.10697115384615384 0.8221153846153846 0.021634615384615384 0.07932692307692307
0 0.16466346153846154 0.8365384615384616 0.028846153846153848 0.10336538461538461
0 0.19110576923076922 0.8473557692307693 0.02283653846153846 0.10096153846153846
0 0.234375 0.7463942307692307 0.028846153846153848 0.06129807692307692
0 0.6574519230769231 0.7884615384615384 0.06490384615384616 0.018028846153846152
0 0.13341346153846154 0.6875 0.020432692307692308 0.07932692307692307
0 0.5240384615384616 0.7512019230769231 0.042067307692307696 0.052884615384615384
0 0.453125 0.7283653846153846 0.02283653846153846 0.06490384615384616
0 0.6370192307692307 0.24639423076923078 0.06370192307692307 0.054086538461538464
0 0.7019230769230769 0.23557692307692307 0.06009615384615385 0.051682692307692304
0 0.9783653846153846 0.23798076923076922 0.040865384615384616 0.08774038461538461
0 0.7596153846153846 0.24519230769230768 0.040865384615384616 0.03485576923076923
0 0.06370192307692307 0.3605769230769231 0.025240384615384616 0.056490384615384616
0 0.0889423076923077 0.359375 0.02283653846153846 0.05889423076923077
0 0.11298076923076923 0.3605769230769231 0.026442307692307692 0.06129807692307692
0 0.484375 0.7283653846153846 0.030048076923076924 0.07451923076923077
0 0.17067307692307693 0.7007211538461539 0.018028846153846152 0.07451923076923077
0 0.25240384615384615 0.6670673076923077 0.013221153846153846 0.05889423076923077
0 0.2668269230769231 0.6730769230769231 0.019230769230769232 0.056490384615384616
0 0.3004807692307692 0.6838942307692307 0.037259615384615384 0.055288461538461536
0 0.33653846153846156 0.6899038461538461 0.027644230769230768 0.06009615384615385
0 0.36658653846153844 0.6935096153846154 0.020432692307692308 0.051682692307692304
0 0.3942307692307692 0.7115384615384616 0.027644230769230768 0.06009615384615385
0 0.4254807692307692 0.7115384615384616 0.028846153846153848 0.07211538461538461
0 0.23677884615384615 0.6694711538461539 0.014423076923076924 0.04326923076923077
0 0.1045673076923077 0.20552884615384615 0.028846153846153848 0.05889423076923077