0 0.0985576923076923 0.6646634615384616 0.06009615384615385 0.019230769230769232
0 0.11778846153846154 0.6430288461538461 0.04927884615384615 0.015625
0 0.9423076923076923 0.8028846153846154 0.030048076923076924 0.04927884615384615
0 0.7379807692307693 0.36899038461538464 0.07572115384615384 0.020432692307692308
0 0.6586538461538461 0.36899038461538464 0.078125 0.02403846153846154
0 0.5721153846153846 0.3701923076923077 0.07211538461538461 0.021634615384615384
0 0.49759615384615385 0.36899038461538464 0.07091346153846154 0.020432692307692308
0 0.4110576923076923 0.36778846153846156 0.07692307692307693 0.020432692307692308
0 0.7091346153846154 0.7415865384615384 0.026442307692307692 0.04326923076923077
0 0.734375 0.7403846153846154 0.019230769230769232 0.040865384615384616
0 0.8341346153846154 0.34975961538461536 0.0889423076923077 0.018028846153846152
0 0.7608173076923077 0.7451923076923077 0.025240384615384616 0.04326923076923077
0 0.5625 0.7367788461538461 0.021634615384615384 0.051682692307692304
0 0.5384615384615384 0.7367788461538461 0.025240384615384616 0.05048076923076923
0 0.28725961538461536 0.7307692307692307 0.04326923076923077 0.03125
0 0.32211538461538464 0.36177884615384615 0.08533653846153846 0.03125
0 0.22716346153846154 0.3641826923076923 0.09495192307692307 0.027644230769230768
0 0.13822115384615385 0.3581730769230769 0.08413461538461539 0.027644230769230768
0 0.055288461538461536 0.3605769230769231 0.078125 0.02403846153846154
0 0.59375 0.7391826923076923 0.03125 0.04927884615384615
0 0.03245192307692308 0.2608173076923077 0.05889423076923077 0.040865384615384616
0 0.8341346153846154 0.3713942307692308 0.07572115384615384 0.016826923076923076
0 0.09134615384615384 0.734375 0.046875 0.021634615384615384
0 0.37259615384615385 0.42908653846153844 0.078125 0.020432692307692308
0 0.4483173076923077 0.4483173076923077 0.06850961538461539 0.019230769230769232
0 0.38100961538461536 0.4050480769230769 0.07692307692307693 0.019230769230769232
0 0.5408653846153846 0.42908653846153844 0.08052884615384616 0.020432692307692308
0 0.5264423076923077 0.45072115384615385 0.0829326923076923 0.020432692307692308
0 0.6057692307692307 0.4519230769230769 0.06971153846153846 0.019230769230769232
0 0.6887019230769231 0.453125 0.0673076923076923 0.021634615384615384
0 0.23798076923076922 0.75 0.051682692307692304 0.027644230769230768
0 0.6850961538461539 0.4326923076923077 0.08052884615384616 0.019230769230769232
0 0.9435096153846154 0.42908653846153844 0.06971153846153846 0.03125
0 0.921875 0.3629807692307692 0.06610576923076923 0.03485576923076923
0 0.9807692307692307 0.3629807692307692 0.037259615384615384 0.036057692307692304
0 0.9338942307692307 0.32572115384615385 0.06490384615384616 0.030048076923076924
0 0.2127403846153846 0.8028846153846154 0.06490384615384616 0.021634615384615384
0 0.13701923076923078 0.8269230769230769 0.057692307692307696 0.02283653846153846
0 0.07932692307692307 0.8197115384615384 0.055288461538461536 0.030048076923076924
0 0.8257211538461539 0.44711538461538464 0.06610576923076923 0.030048076923076924
0 0.36538461538461536 0.4495192307692308 0.07572115384615384 0.018028846153846152
0 0.11899038461538461 0.2692307692307692 0.0829326923076923 0.028846153846153848
0 0.21153846153846154 0.2403846153846154 0.0829326923076923 0.025240384615384616
0 0.5096153846153846 0.18509615384615385 0.04447115384615385 0.03485576923076923
0 0.5144230769230769 0.14543269230769232 0.05889423076923077 0.042067307692307696
0 0.4050480769230769 0.1814903846153846 0.054086538461538464 0.042067307692307696
0 0.33533653846153844 0.19230769230769232 0.06850961538461539 0.020432692307692308
0 0.19110576923076922 0.18269230769230768 0.07932692307692307 0.03245192307692308
0 0.09375 0.17548076923076922 0.07211538461538461 0.036057692307692304
0 0.8846153846153846 0.7872596153846154 0.030048076923076924 0.03365384615384615
0 0.5733173076923077 0.18028846153846154 0.04807692307692308 0.04326923076923077
0 0.953125 0.6442307692307693 0.05048076923076923 0.039663461538461536
0 0.9182692307692307 0.7223557692307693 0.038461538461538464 0.04807692307692308
0 0.8629807692307693 0.7139423076923077 0.037259615384615384 0.04447115384615385
0 0.8197115384615384 0.7427884615384616 0.042067307692307696 0.03485576923076923
0 0.34975961538461536 0.734375 0.056490384615384616 0.027644230769230768
0 0.41586538461538464 0.7415865384615384 0.04927884615384615 0.03125
0 0.9819711538461539 0.8197115384615384 0.03125 0.052884615384615384
0 0.4651442307692308 0.7403846153846154 0.05048076923076923 0.030048076923076924
0 0.9627403846153846 0.7223557692307693 0.037259615384615384 0.052884615384615384
0 0.21033653846153846 0.27163461538461536 0.08173076923076923 0.030048076923076924
0 0.6911057692307693 0.18269230769230768 0.042067307692307696 0.037259615384615384
0 0.8004807692307693 0.16466346153846154 0.046875 0.008413461538461538
0 0.36177884615384615 0.27403846153846156 0.0625 0.027644230769230768
0 0.28966346153846156 0.27163461538461536 0.06490384615384616 0.027644230769230768
0 0.3004807692307692 0.24158653846153846 0.06850961538461539 0.021634615384615384
0 0.5336538461538461 0.27524038461538464 0.08413461538461539 0.026442307692307692
0 0.4387019230769231 0.2776442307692308 0.08774038461538461 0.027644230769230768
0 0.7163461538461539 0.2776442307692308 0.078125 0.028846153846153848
0 0.6225961538461539 0.27884615384615385 0.078125 0.02403846153846154
0 0.7427884615384616 0.18389423076923078 0.055288461538461536 0.03485576923076923
0 0.8521634615384616 0.2644230769230769 0.040865384615384616 0.052884615384615384
0 0.9290865384615384 0.27403846153846156 0.04807692307692308 0.038461538461538464
0 0.9807692307692307 0.27163461538461536 0.037259615384615384 0.04567307692307692
0 0.9603365384615384 0.17908653846153846 0.03365384615384615 0.046875
0 0.9170673076923077 0.18269230769230768 0.037259615384615384 0.046875
0 0.9903846153846154 0.1875 0.015625 0.03125
0 0.8581730769230769 0.19230769230769232 0.042067307692307696 0.020432692307692308
0 0.8052884615384616 0.18509615384615385 0.05048076923076923 0.028846153846153848
0 0.7872596153846154 0.2548076923076923 0.06610576923076923 0.06610576923076923
0 0.24158653846153846 0.71875 0.04567307692307692 0.027644230769230768
0 0.2860576923076923 0.41586538461538464 0.078125 0.030048076923076924
0 0.21033653846153846 0.43028846153846156 0.046875 0.026442307692307692
0 0.5048076923076923 0.5889423076923077 0.04807692307692308 0.04807692307692308
0 0.5877403846153846 0.5925480769230769 0.038461538461538464 0.04567307692307692
0 0.6526442307692307 0.5865384615384616 0.039663461538461536 0.042067307692307696
0 0.703125 0.5961538461538461 0.039663461538461536 0.05048076923076923
0 0.7463942307692307 0.5961538461538461 0.036057692307692304 0.04326923076923077
0 0.7920673076923077 0.5973557692307693 0.04447115384615385 0.04567307692307692
0 0.8389423076923077 0.5973557692307693 0.040865384615384616 0.04326923076923077
0 0.3713942307692308 0.59375 0.030048076923076924 0.04447115384615385
0 0.9711538461538461 0.5865384615384616 0.056490384615384616 0.038461538461538464
0 0.9759615384615384 0.5096153846153846 0.046875 0.036057692307692304
0 0.9771634615384616 0.48197115384615385 0.03485576923076923 0.010817307692307692
0 0.9074519230769231 0.5096153846153846 0.07091346153846154 0.03485576923076923
0 0.9194711538461539 0.47716346153846156 0.08052884615384616 0.026442307692307692
0 0.8473557692307693 0.5300480769230769 0.05048076923076923 0.02403846153846154
0 0.7932692307692307 0.53125 0.051682692307692304 0.028846153846153848
0 0.17668269230769232 0.6514423076923077 0.057692307692307696 0.028846153846153848
0 0.8894230769230769 0.5805288461538461 0.057692307692307696 0.026442307692307692
0 0.23557692307692307 0.6442307692307693 0.054086538461538464 0.014423076923076924
0 0.4050480769230769 0.5961538461538461 0.03245192307692308 0.040865384615384616
0 0.3329326923076923 0.5961538461538461 0.037259615384615384 0.04447115384615385
0 0.8185096153846154 0.8269230769230769 0.039663461538461536 0.04326923076923077
0 0.7824519230769231 0.8341346153846154 0.03125 0.018028846153846152
0 0.7524038461538461 0.8233173076923077 0.030048076923076924 0.04807692307692308
0 0.6875 0.8353365384615384 0.08533653846153846 0.028846153846153848
0 0.6069711538461539 0.8413461538461539 0.052884615384615384 0.025240384615384616
0 0.6069711538461539 0.8197115384615384 0.05889423076923077 0.018028846153846152
0 0.5240384615384616 0.828125 0.07211538461538461 0.036057692307692304
0 0.44711538461538464 0.5925480769230769 0.039663461538461536 0.04326923076923077
0 0.4387019230769231 0.8377403846153846 0.07572115384615384 0.03245192307692308
0 0.35216346153846156 0.8401442307692307 0.06971153846153846 0.030048076923076924
0 0.27403846153846156 0.8257211538461539 0.06009615384615385 0.026442307692307692
0 0.046875 0.6514423076923077 0.037259615384615384 0.025240384615384616
0 0.09615384615384616 0.5925480769230769 0.051682692307692304 0.025240384615384616
0 0.03245192307692308 0.5769230769230769 0.04567307692307692 0.03365384615384615
0 0.1201923076923077 0.5685096153846154 0.054086538461538464 0.021634615384615384
0 0.2824519230769231 0.5841346153846154 0.03245192307692308 0.040865384615384616
0 0.44350961538461536 0.8040865384615384 0.07091346153846154 0.03125
0 0.2776442307692308 0.44711538461538464 0.08052884615384616 0.02283653846153846
0 0.23317307692307693 0.6694711538461539 0.054086538461538464 0.025240384615384616
0 0.35096153846153844 0.6514423076923077 0.046875 0.021634615384615384
0 0.6237980769230769 0.5204326923076923 0.046875 0.026442307692307692
0 0.5769230769230769 0.5228365384615384 0.037259615384615384 0.03485576923076923
0 0.5264423076923077 0.5204326923076923 0.04567307692307692 0.037259615384615384
0 0.47716346153846156 0.5192307692307693 0.04927884615384615 0.03245192307692308
0 0.4230769230769231 0.5216346153846154 0.04447115384615385 0.03245192307692308
0 0.3701923076923077 0.5216346153846154 0.046875 0.028846153846153848
0 0.19951923076923078 0.8365384615384616 0.051682692307692304 0.030048076923076924
0 0.6730769230769231 0.515625 0.04447115384615385 0.014423076923076924
0 0.30649038461538464 0.5264423076923077 0.04927884615384615 0.028846153846153848
0 0.20072115384615385 0.5240384615384616 0.04927884615384615 0.027644230769230768
0 0.15264423076923078 0.5240384615384616 0.042067307692307696 0.026442307692307692
0 0.10697115384615384 0.5144230769230769 0.028846153846153848 0.028846153846153848
0 0.06850961538461539 0.5144230769230769 0.039663461538461536 0.025240384615384616
0 0.026442307692307692 0.5144230769230769 0.040865384615384616 0.028846153846153848
0 0.12980769230769232 0.4362980769230769 0.07211538461538461 0.027644230769230768
0 0.04326923076923077 0.44350961538461536 0.0733173076923077 0.020432692307692308
0 0.265625 0.5180288461538461 0.036057692307692304 0.025240384615384616
0 0.27884615384615385 0.6622596153846154 0.025240384615384616 0.042067307692307696
0 0.6850961538461539 0.5348557692307693 0.04807692307692308 0.019230769230769232
0 0.6778846153846154 0.7391826923076923 0.027644230769230768 0.04447115384615385
0 0.38221153846153844 0.6742788461538461 0.039663461538461536 0.015625
0 0.3245192307692308 0.6838942307692307 0.046875 0.028846153846153848
0 0.4182692307692308 0.6538461538461539 0.05889423076923077 0.016826923076923076
0 0.46634615384615385 0.6514423076923077 0.040865384615384616 0.018028846153846152
0 0.4423076923076923 0.6730769230769231 0.0625 0.018028846153846152
0 0.5300480769230769 0.6574519230769231 0.05889423076923077 0.026442307692307692
0 0.5769230769230769 0.6682692307692307 0.016826923076923076 0.040865384615384616
0 0.7295673076923077 0.5192307692307693 0.039663461538461536 0.020432692307692308
0 0.6189903846153846 0.6526442307692307 0.056490384615384616 0.020432692307692308
0 0.6742788461538461 0.6610576923076923 0.039663461538461536 0.025240384615384616
0 0.7391826923076923 0.6634615384615384 0.039663461538461536 0.026442307692307692
0 0.7980769230769231 0.6646634615384616 0.056490384615384616 0.018028846153846152
0 0.7836538461538461 0.6850961538461539 0.05889423076923077 0.02403846153846154
0 0.8810096153846154 0.6598557692307693 0.0733173076923077 0.03365384615384615
0 0.6274038461538461 0.7379807692307693 0.021634615384615384 0.039663461538461536
0 0.6526442307692307 0.7391826923076923 0.021634615384615384 0.040865384615384616
0 0.609375 0.6778846153846154 0.05048076923076923 0.016826923076923076
0 0.040865384615384616 0.7235576923076923 0.018028846153846152 0.015625