0 0.8725961538461539 0.3233173076923077 0.06370192307692307 0.009615384615384616
0 0.9338942307692307 0.32091346153846156 0.055288461538461536 0.02283653846153846
0 0.7584134615384616 0.23557692307692307 0.04807692307692308 0.009615384615384616
0 0.8689903846153846 0.1502403846153846 0.056490384615384616 0.040865384615384616
0 0.9783653846153846 0.20072115384615385 0.025240384615384616 0.05048076923076923
0 0.9459134615384616 0.19951923076923078 0.02403846153846154 0.04807692307692308
0 0.90625 0.20192307692307693 0.042067307692307696 0.042067307692307696
0 0.8581730769230769 0.19591346153846154 0.03365384615384615 0.042067307692307696
0 0.7776442307692307 0.15144230769230768 0.040865384615384616 0.028846153846153848
0 0.7764423076923077 0.18870192307692307 0.04326923076923077 0.03245192307692308
0 0.7247596153846154 0.18028846153846154 0.05048076923076923 0.03485576923076923
0 0.8713942307692307 0.3088942307692308 0.06009615384615385 0.01201923076923077
0 0.7271634615384616 0.14302884615384615 0.04927884615384615 0.028846153846153848
0 0.9675480769230769 0.2764423076923077 0.040865384615384616 0.038461538461538464
0 0.9230769230769231 0.265625 0.036057692307692304 0.04807692307692308
0 0.8846153846153846 0.27403846153846156 0.030048076923076924 0.03485576923076923
0 0.8461538461538461 0.27163461538461536 0.042067307692307696 0.03485576923076923
0 0.8197115384615384 0.19230769230769232 0.03365384615384615 0.042067307692307696
0 0.9254807692307693 0.34975961538461536 0.06129807692307692 0.027644230769230768
0 0.9302884615384616 0.38822115384615385 0.021634615384615384 0.008413461538461538
0 0.7956730769230769 0.34615384615384615 0.056490384615384616 0.04447115384615385
0 0.5372596153846154 0.7019230769230769 0.03125 0.09615384615384616
0 0.5757211538461539 0.6887019230769231 0.03485576923076923 0.08533653846153846
0 0.6141826923076923 0.6778846153846154 0.03125 0.08413461538461539
0 0.7475961538461539 0.6550480769230769 0.11899038461538461 0.0889423076923077
0 0.7199519230769231 0.7487980769230769 0.0829326923076923 0.0829326923076923
0 0.8365384615384616 0.8737980769230769 0.16706730769230768 0.13581730769230768
0 0.6887019230769231 0.5120192307692307 0.038461538461538464 0.056490384615384616
0 0.7307692307692307 0.5084134615384616 0.03485576923076923 0.054086538461538464
0 0.8581730769230769 0.35216346153846156 0.05048076923076923 0.039663461538461536
0 0.7692307692307693 0.5024038461538461 0.03365384615384615 0.06129807692307692
0 0.8665865384615384 0.5108173076923077 0.09134615384615384 0.027644230769230768
0 0.7151442307692307 0.40625 0.06129807692307692 0.05048076923076923
0 0.7872596153846154 0.42427884615384615 0.06850961538461539 0.040865384615384616
0 0.8533653846153846 0.4182692307692308 0.06009615384615385 0.037259615384615384
0 0.9314903846153846 0.4098557692307692 0.07932692307692307 0.030048076923076924
0 0.8954326923076923 0.3737980769230769 0.02403846153846154 0.013221153846153846
0 0.8004807692307693 0.26802884615384615 0.038461538461538464 0.040865384615384616
0 0.9591346153846154 0.38822115384615385 0.026442307692307692 0.008413461538461538
0 0.8617788461538461 0.4831730769230769 0.09254807692307693 0.019230769230769232
0 0.7572115384615384 0.265625 0.04447115384615385 0.04326923076923077
0 0.6237980769230769 0.24519230769230768 0.026442307692307692 0.03245192307692308
0 0.6598557692307693 0.25 0.038461538461538464 0.030048076923076924
0 0.1778846153846154 0.2512019230769231 0.06129807692307692 0.037259615384615384
0 0.171875 0.2091346153846154 0.0673076923076923 0.03485576923076923
0 0.09254807692307693 0.2127403846153846 0.08052884615384616 0.10576923076923077
0 0.02283653846153846 0.21033653846153846 0.04567307692307692 0.109375
0 0.6586538461538461 0.15144230769230768 0.027644230769230768 0.028846153846153848
0 0.6526442307692307 0.18629807692307693 0.037259615384615384 0.02283653846153846
0 0.6165865384615384 0.14903846153846154 0.04447115384615385 0.03365384615384615
0 0.6105769230769231 0.18028846153846154 0.042067307692307696 0.025240384615384616
0 0.23317307692307693 0.25841346153846156 0.03365384615384615 0.037259615384615384
0 0.5685096153846154 0.17908653846153846 0.028846153846153848 0.015625
0 0.5288461538461539 0.04326923076923077 0.056490384615384616 0.054086538461538464
0 0.5360576923076923 0.09975961538461539 0.04567307692307692 0.046875
0 0.5336538461538461 0.15384615384615385 0.038461538461538464 0.04807692307692308
0 0.47836538461538464 0.13581730769230768 0.04927884615384615 0.08052884615384616
0 0.4206730769230769 0.12620192307692307 0.054086538461538464 0.07572115384615384
0 0.35216346153846156 0.11538461538461539 0.06971153846153846 0.0829326923076923
0 0.28125 0.11177884615384616 0.06009615384615385 0.08653846153846154
0 0.2091346153846154 0.09615384615384616 0.07572115384615384 0.09014423076923077
0 0.5697115384615384 0.14903846153846154 0.027644230769230768 0.038461538461538464
0 0.2283653846153846 0.21634615384615385 0.040865384615384616 0.038461538461538464
0 0.2776442307692308 0.21754807692307693 0.04927884615384615 0.039663461538461536
0 0.28125 0.25961538461538464 0.052884615384615384 0.038461538461538464
0 0.49399038461538464 0.71875 0.037259615384615384 0.09615384615384616
0 0.5913461538461539 0.2439903846153846 0.028846153846153848 0.03245192307692308
0 0.5564903846153846 0.2403846153846154 0.030048076923076924 0.038461538461538464
0 0.5252403846153846 0.23918269230769232 0.028846153846153848 0.03365384615384615
0 0.9290865384615384 0.3762019230769231 0.025240384615384616 0.01201923076923077
0 0.6189903846153846 0.2776442307692308 0.02403846153846154 0.03125
0 0.5877403846153846 0.27884615384615385 0.026442307692307692 0.03365384615384615
0 0.5564903846153846 0.27524038461538464 0.030048076923076924 0.030048076923076924
0 0.5264423076923077 0.27524038461538464 0.025240384615384616 0.036057692307692304
0 0.49158653846153844 0.27283653846153844 0.03485576923076923 0.03365384615384615
0 0.453125 0.26802884615384615 0.028846153846153848 0.03245192307692308
0 0.4891826923076923 0.234375 0.038461538461538464 0.03485576923076923
0 0.45072115384615385 0.234375 0.028846153846153848 0.03125
0 0.41586538461538464 0.2247596153846154 0.037259615384615384 0.040865384615384616
0 0.375 0.2247596153846154 0.03125 0.037259615384615384
0 0.32572115384615385 0.21995192307692307 0.042067307692307696 0.039663461538461536
0 0.41586538461538464 0.2644230769230769 0.040865384615384616 0.036057692307692304
0 0.3786057692307692 0.265625 0.028846153846153848 0.038461538461538464
0 0.33413461538461536 0.2608173076923077 0.04567307692307692 0.040865384615384616
0 0.6959134615384616 0.3112980769230769 0.046875 0.06610576923076923
0 0.4495192307692308 0.7247596153846154 0.04807692307692308 0.09975961538461539
0 0.2764423076923077 0.7704326923076923 0.055288461538461536 0.10336538461538461
0 0.3317307692307692 0.7584134615384616 0.054086538461538464 0.09735576923076923
0 0.5805288461538461 0.34134615384615385 0.03245192307692308 0.03125
0 0.6141826923076923 0.3389423076923077 0.027644230769230768 0.025240384615384616
0 0.6430288461538461 0.3389423076923077 0.02403846153846154 0.02283653846153846
0 0.038461538461538464 0.47716346153846156 0.07692307692307693 0.09375
0 0.17668269230769232 0.5048076923076923 0.09975961538461539 0.02403846153846154
0 0.3245192307692308 0.44711538461538464 0.054086538461538464 0.03485576923076923
0 0.12259615384615384 0.08413461538461539 0.08413461538461539 0.08653846153846154
0 0.3245192307692308 0.48197115384615385 0.042067307692307696 0.027644230769230768
0 0.5456730769230769 0.3401442307692308 0.026442307692307692 0.028846153846153848
0 0.3701923076923077 0.47836538461538464 0.037259615384615384 0.03125
0 0.45072115384615385 0.4723557692307692 0.03365384615384615 0.028846153846153848
0 0.4831730769230769 0.46634615384615385 0.02283653846153846 0.030048076923076924
0 0.5108173076923077 0.4651442307692308 0.03365384615384615 0.028846153846153848
0 0.546875 0.46274038461538464 0.02403846153846154 0.030048076923076924
0 0.375 0.4423076923076923 0.02283653846153846 0.03485576923076923
0 0.41225961538461536 0.4387019230769231 0.038461538461538464 0.028846153846153848
0 0.4519230769230769 0.4387019230769231 0.03365384615384615 0.030048076923076924
0 0.484375 0.43509615384615385 0.015625 0.03485576923076923
0 0.41225961538461536 0.47716346153846156 0.03485576923076923 0.03365384615384615
0 0.5120192307692307 0.4338942307692308 0.02403846153846154 0.030048076923076924
0 0.6454326923076923 0.3701923076923077 0.028846153846153848 0.028846153846153848
0 0.5817307692307693 0.3713942307692308 0.02403846153846154 0.025240384615384616
0 0.8100961538461539 0.23677884615384615 0.046875 0.014423076923076924
0 0.054086538461538464 0.3473557692307692 0.08413461538461539 0.10576923076923077
0 0.140625 0.34975961538461536 0.07572115384615384 0.09975961538461539
0 0.21875 0.3485576923076923 0.07211538461538461 0.09615384615384616
0 0.29086538461538464 0.35096153846153844 0.06490384615384616 0.09615384615384616
0 0.3425480769230769 0.375 0.026442307692307692 0.036057692307692304
0 0.3786057692307692 0.37259615384615385 0.038461538461538464 0.03245192307692308
0 0.4182692307692308 0.3762019230769231 0.027644230769230768 0.03485576923076923
0 0.6129807692307693 0.36899038461538464 0.026442307692307692 0.027644230769230768
0 0.4519230769230769 0.37259615384615385 0.03365384615384615 0.028846153846153848
0 0.3762019230769231 0.33774038461538464 0.037259615384615384 0.03125
0 0.41466346153846156 0.33533653846153844 0.03485576923076923 0.028846153846153848
0 0.44711538461538464 0.3389423076923077 0.026442307692307692 0.03245192307692308
0 0.4879807692307692 0.3401442307692308 0.040865384615384616 0.028846153846153848
0 0.5192307692307693 0.3401442307692308 0.02283653846153846 0.03245192307692308
0 0.4879807692307692 0.37259615384615385 0.027644230769230768 0.026442307692307692
0 0.5204326923076923 0.3737980769230769 0.020432692307692308 0.030048076923076924
0 0.5504807692307693 0.3701923076923077 0.030048076923076924 0.028846153846153848
0 0.3401442307692308 0.33774038461538464 0.026442307692307692 0.03125
0 0.390625 0.7391826923076923 0.054086538461538464 0.10336538461538461
0 0.5492788461538461 0.42908653846153844 0.03365384615384615 0.03245192307692308
0 0.09014423076923077 0.5973557692307693 0.06850961538461539 0.10336538461538461
0 0.12139423076923077 0.6826923076923077 0.057692307692307696 0.055288461538461536
0 0.2127403846153846 0.6826923076923077 0.06370192307692307 0.07451923076923077
0 0.2704326923076923 0.6730769230769231 0.038461538461538464 0.06370192307692307
0 0.3137019230769231 0.6670673076923077 0.039663461538461536 0.06490384615384616
0 0.3605769230769231 0.6550480769230769 0.042067307692307696 0.06370192307692307
0 0.41947115384615385 0.640625 0.037259615384615384 0.07451923076923077
0 0.46153846153846156 0.6298076923076923 0.040865384615384616 0.06129807692307692
0 0.5012019230769231 0.6201923076923077 0.030048076923076924 0.06009615384615385
0 0.06129807692307692 0.6983173076923077 0.05048076923076923 0.06370192307692307
0 0.5372596153846154 0.6117788461538461 0.03365384615384615 0.06490384615384616
0 0.5925480769230769 0.5841346153846154 0.03365384615384615 0.025240384615384616
0 0.6310096153846154 0.5817307692307693 0.03365384615384615 0.025240384615384616
0 0.5961538461538461 0.6129807692307693 0.03125 0.02403846153846154
0 0.6310096153846154 0.609375 0.030048076923076924 0.025240384615384616
0 0.015625 0.8485576923076923 0.03125 0.11177884615384616
0 0.06971153846153846 0.8269230769230769 0.07091346153846154 0.11658653846153846
0 0.1466346153846154 0.8076923076923077 0.06009615384615385 0.11298076923076923
0 0.21394230769230768 0.7860576923076923 0.054086538461538464 0.10817307692307693
0 0.5637019230769231 0.6069711538461539 0.015625 0.054086538461538464
0 0.02283653846153846 0.6081730769230769 0.04567307692307692 0.0985576923076923
0 0.01201923076923077 0.7103365384615384 0.02403846153846154 0.0625
0 0.5961538461538461 0.515625 0.02283653846153846 0.020432692307692308
0 0.15144230769230768 0.5985576923076923 0.038461538461538464 0.039663461538461536
0 0.2247596153846154 0.578125 0.03365384615384615 0.030048076923076924
0 0.21634615384615385 0.5408653846153846 0.039663461538461536 0.028846153846153848
0 0.2608173076923077 0.5372596153846154 0.038461538461538464 0.025240384615384616
0 0.265625 0.5673076923076923 0.03365384615384615 0.03245192307692308
0 0.36899038461538464 0.5709134615384616 0.040865384615384616 0.026442307692307692
0 0.4206730769230769 0.5721153846153846 0.038461538461538464 0.03125
0 0.45913461538461536 0.5649038461538461 0.030048076923076924 0.027644230769230768
0 0.6322115384615384 0.5096153846153846 0.04326923076923077 0.026442307692307692
0 0.4963942307692308 0.5588942307692307 0.037259615384615384 0.028846153846153848
0 0.5697115384615384 0.5480769230769231 0.02283653846153846 0.026442307692307692
0 0.9014423076923077 0.3894230769230769 0.02403846153846154 0.007211538461538462
0 0.6021634615384616 0.5444711538461539 0.03245192307692308 0.025240384615384616
0 0.6382211538461539 0.5408653846153846 0.027644230769230768 0.026442307692307692
0 0.4543269230769231 0.5324519230769231 0.039663461538461536 0.028846153846153848
0 0.4951923076923077 0.5288461538461539 0.038461538461538464 0.027644230769230768
0 0.5288461538461539 0.5252403846153846 0.025240384615384616 0.02403846153846154
0 0.5612980769230769 0.5180288461538461 0.030048076923076924 0.02403846153846154
0 0.5336538461538461 0.5552884615384616 0.03125 0.03125
0 0.038461538461538464 0.07451923076923077 0.07692307692307693 0.09615384615384616
0 0.6478365384615384 0.2824519230769231 0.027644230769230768 0.025240384615384616
0 0.9555288461538461 0.375 0.027644230769230768 0.013221153846153846