0 0.49278846153846156 0.8846153846153846 0.03485576923076923 0.09134615384615384
0 0.4543269230769231 0.8810096153846154 0.03125 0.08774038461538461
0 0.421875 0.8774038461538461 0.020432692307692308 0.10096153846153846
0 0.3942307692307692 0.9002403846153846 0.021634615384615384 0.06129807692307692
0 0.2980769230769231 0.8918269230769231 0.036057692307692304 0.078125
0 0.33533653846153844 0.8870192307692307 0.02403846153846154 0.09375
0 0.25600961538461536 0.9026442307692307 0.03125 0.06610576923076923
0 0.22115384615384615 0.9002403846153846 0.028846153846153848 0.06009615384615385
0 0.18389423076923078 0.8858173076923077 0.028846153846153848 0.06850961538461539
0 0.53125 0.8798076923076923 0.021634615384615384 0.10576923076923077
0 0.14783653846153846 0.8858173076923077 0.020432692307692308 0.0829326923076923
0 0.3641826923076923 0.8918269230769231 0.021634615384615384 0.08173076923076923
0 0.5600961538461539 0.8846153846153846 0.03125 0.11538461538461539
0 0.8569711538461539 0.8798076923076923 0.028846153846153848 0.10817307692307693
0 0.6514423076923077 0.8810096153846154 0.037259615384615384 0.11177884615384616
0 0.6875 0.8798076923076923 0.027644230769230768 0.11899038461538461
0 0.7211538461538461 0.8858173076923077 0.028846153846153848 0.10697115384615384
0 0.7536057692307693 0.90625 0.028846153846153848 0.0673076923076923
0 0.7872596153846154 0.9014423076923077 0.026442307692307692 0.06850961538461539
0 0.8209134615384616 0.9026442307692307 0.025240384615384616 0.0673076923076923
0 0.8894230769230769 0.8810096153846154 0.028846153846153848 0.11538461538461539
0 0.8810096153846154 0.7475961538461539 0.030048076923076924 0.0829326923076923
0 0.9182692307692307 0.7475961538461539 0.030048076923076924 0.0889423076923077
0 0.9507211538461539 0.75 0.03245192307692308 0.08533653846153846
0 0.9879807692307693 0.75 0.02283653846153846 0.08653846153846154
0 0.11057692307692307 0.890625 0.021634615384615384 0.09014423076923077
0 0.47596153846153844 0.24158653846153846 0.04326923076923077 0.11778846153846154
0 0.6045673076923077 0.8810096153846154 0.04447115384615385 0.11057692307692307
0 0.10817307692307693 0.7355769230769231 0.016826923076923076 0.0985576923076923
0 0.06971153846153846 0.7211538461538461 0.03125 0.12259615384615384
0 0.1875 0.734375 0.021634615384615384 0.10817307692307693
0 0.5348557692307693 0.2439903846153846 0.04927884615384615 0.125
0 0.02403846153846154 0.3954326923076923 0.04807692307692308 0.14543269230769232
0 0.0829326923076923 0.41225961538461536 0.04326923076923077 0.10336538461538461
0 0.17067307692307693 0.41225961538461536 0.078125 0.10697115384615384
0 0.6875 0.41586538461538464 0.038461538461538464 0.1201923076923077
0 0.010817307692307692 0.8870192307692307 0.020432692307692308 0.07451923076923077
0 0.037259615384615384 0.8966346153846154 0.02403846153846154 0.05889423076923077
0 0.0733173076923077 0.8954326923076923 0.036057692307692304 0.06850961538461539
0 0.010817307692307692 0.7259615384615384 0.020432692307692308 0.12139423076923077
0 0.03365384615384615 0.7199519230769231 0.021634615384615384 0.12860576923076922
0 0.9579326923076923 0.8918269230769231 0.06370192307692307 0.11298076923076923
0 0.7788461538461539 0.7439903846153846 0.027644230769230768 0.109375
0 0.7463942307692307 0.7415865384615384 0.028846153846153848 0.10576923076923077
0 0.140625 0.7295673076923077 0.02283653846153846 0.12259615384615384
0 0.7139423076923077 0.7379807692307693 0.026442307692307692 0.11778846153846154
0 0.6430288461538461 0.7367788461538461 0.04567307692307692 0.11177884615384616
0 0.6021634615384616 0.7331730769230769 0.02283653846153846 0.1201923076923077
0 0.5757211538461539 0.7319711538461539 0.025240384615384616 0.13942307692307693
0 0.5492788461538461 0.7367788461538461 0.020432692307692308 0.12980769230769232
0 0.5180288461538461 0.7331730769230769 0.021634615384615384 0.1201923076923077
0 0.4831730769230769 0.7307692307692307 0.027644230769230768 0.125
0 0.453125 0.7295673076923077 0.025240384615384616 0.11538461538461539
0 0.39302884615384615 0.7223557692307693 0.03125 0.10336538461538461
0 0.3545673076923077 0.7379807692307693 0.027644230769230768 0.10216346153846154
0 0.32091346153846156 0.7355769230769231 0.028846153846153848 0.10817307692307693
0 0.28846153846153844 0.7463942307692307 0.027644230769230768 0.06971153846153846
0 0.2548076923076923 0.7439903846153846 0.03365384615384615 0.08533653846153846
0 0.21634615384615385 0.7391826923076923 0.025240384615384616 0.10216346153846154
0 0.6802884615384616 0.7271634615384616 0.021634615384615384 0.11298076923076923
0 0.5949519230769231 0.24278846153846154 0.046875 0.13221153846153846
0 0.8088942307692307 0.7379807692307693 0.027644230769230768 0.12980769230769232
0 0.6899038461538461 0.24639423076923078 0.037259615384615384 0.11538461538461539
0 0.8052884615384616 0.09735576923076923 0.042067307692307696 0.14182692307692307
0 0.9206730769230769 0.1346153846153846 0.037259615384615384 0.15264423076923078
0 0.9675480769230769 0.18509615384615385 0.038461538461538464 0.10096153846153846
0 0.9723557692307693 0.3545673076923077 0.042067307692307696 0.1141826923076923
0 0.9338942307692307 0.3557692307692308 0.026442307692307692 0.11298076923076923
0 0.8966346153846154 0.34375 0.03365384615384615 0.11298076923076923
0 0.875 0.4855769230769231 0.03125 0.10817307692307693
0 0.7512019230769231 0.10096153846153846 0.040865384615384616 0.14423076923076922
0 0.9146634615384616 0.4879807692307692 0.03365384615384615 0.11177884615384616
0 0.9879807692307693 0.49038461538461536 0.021634615384615384 0.12139423076923077
0 0.9675480769230769 0.6298076923076923 0.039663461538461536 0.10096153846153846
0 0.9278846153846154 0.6274038461538461 0.027644230769230768 0.0829326923076923
0 0.8942307692307693 0.6225961538461539 0.027644230769230768 0.0889423076923077
0 0.8605769230769231 0.625 0.027644230769230768 0.08533653846153846
0 0.8293269230769231 0.5949519230769231 0.03125 0.1466346153846154
0 0.7944711538461539 0.5793269230769231 0.026442307692307692 0.1346153846153846
0 0.9519230769230769 0.4831730769230769 0.037259615384615384 0.11658653846153846
0 0.7644230769230769 0.5817307692307693 0.02283653846153846 0.14182692307692307
0 0.7019230769230769 0.09615384615384616 0.038461538461538464 0.14182692307692307
0 0.6021634615384616 0.09375 0.04567307692307692 0.15504807692307693
0 0.08413461538461539 0.0889423076923077 0.046875 0.1466346153846154
0 0.02403846153846154 0.0889423076923077 0.04447115384615385 0.15264423076923078
0 0.04447115384615385 0.23798076923076922 0.037259615384615384 0.125
0 0.0889423076923077 0.24278846153846154 0.04447115384615385 0.1346153846153846
0 0.15144230769230768 0.2403846153846154 0.052884615384615384 0.13581730769230768
0 0.29086538461538464 0.24639423076923078 0.05048076923076923 0.12860576923076922
0 0.34975961538461536 0.23677884615384615 0.04807692307692308 0.14423076923076922
0 0.6478365384615384 0.09975961538461539 0.040865384615384616 0.13942307692307693
0 0.4170673076923077 0.23557692307692307 0.04807692307692308 0.1346153846153846
0 0.34975961538461536 0.0889423076923077 0.037259615384615384 0.13701923076923078
0 0.28846153846153844 0.09254807692307693 0.038461538461538464 0.14182692307692307
0 0.23076923076923078 0.09134615384615384 0.03485576923076923 0.13942307692307693
0 0.17668269230769232 0.09014423076923077 0.039663461538461536 0.1346153846153846
0 0.4723557692307692 0.08533653846153846 0.030048076923076924 0.1346153846153846
0 0.6442307692307693 0.24759615384615385 0.030048076923076924 0.10576923076923077
0 0.5360576923076923 0.0889423076923077 0.040865384615384616 0.13221153846153846
0 0.4098557692307692 0.09134615384615384 0.04567307692307692 0.12980769230769232
0 0.7367788461538461 0.5805288461538461 0.02283653846153846 0.13221153846153846
0 0.5384615384615384 0.578125 0.021634615384615384 0.14423076923076922
0 0.6778846153846154 0.5733173076923077 0.02283653846153846 0.12860576923076922
0 0.7463942307692307 0.38221153846153844 0.0673076923076923 0.037259615384615384
0 0.7475961538461539 0.2548076923076923 0.055288461538461536 0.11899038461538461
0 0.2860576923076923 0.4182692307692308 0.039663461538461536 0.09735576923076923
0 0.3293269230769231 0.4182692307692308 0.038461538461538464 0.09014423076923077
0 0.38221153846153844 0.4074519230769231 0.055288461538461536 0.11538461538461539
0 0.4567307692307692 0.3449519230769231 0.037259615384615384 0.020432692307692308
0 0.45072115384615385 0.3858173076923077 0.040865384615384616 0.025240384615384616
0 0.7524038461538461 0.421875 0.07091346153846154 0.03245192307692308
0 0.4387019230769231 0.4182692307692308 0.04807692307692308 0.03245192307692308
0 0.5 0.45913461538461536 0.036057692307692304 0.028846153846153848
0 0.49158653846153844 0.40625 0.04567307692307692 0.021634615384615384
0 0.4963942307692308 0.38341346153846156 0.03485576923076923 0.020432692307692308
0 0.5588942307692307 0.39663461538461536 0.04807692307692308 0.15625
0 0.6177884615384616 0.41225961538461536 0.042067307692307696 0.10216346153846154
0 0.8245192307692307 0.4338942307692308 0.04326923076923077 0.06009615384615385
0 0.7115384615384616 0.5817307692307693 0.025240384615384616 0.12139423076923077
0 0.43990384615384615 0.4543269230769231 0.040865384615384616 0.027644230769230768
0 0.7536057692307693 0.46153846153846156 0.06370192307692307 0.03125
0 0.49038461538461536 0.43149038461538464 0.046875 0.015625
0 0.06490384615384616 0.5709134615384616 0.02403846153846154 0.12980769230769232
0 0.02283653846153846 0.5685096153846154 0.04567307692307692 0.13942307692307693
0 0.6213942307692307 0.5757211538461539 0.019230769230769232 0.13942307692307693
0 0.5793269230769231 0.5805288461538461 0.046875 0.12379807692307693
0 0.6490384615384616 0.5769230769230769 0.02403846153846154 0.12740384615384615
0 0.4735576923076923 0.5793269230769231 0.027644230769230768 0.12259615384615384
0 0.43509615384615385 0.5769230769230769 0.027644230769230768 0.12980769230769232
0 0.39903846153846156 0.5829326923076923 0.026442307692307692 0.09254807692307693
0 0.3581730769230769 0.578125 0.030048076923076924 0.13341346153846154
0 0.5108173076923077 0.5721153846153846 0.02283653846153846 0.1310096153846154
0 0.28966346153846156 0.5733173076923077 0.026442307692307692 0.11298076923076923
0 0.2620192307692308 0.5697115384615384 0.020432692307692308 0.12139423076923077
0 0.22956730769230768 0.5709134615384616 0.03125 0.1201923076923077
0 0.19951923076923078 0.5697115384615384 0.019230769230769232 0.12980769230769232
0 0.15865384615384615 0.5721153846153846 0.042067307692307696 0.12980769230769232
0 0.12379807692307693 0.5685096153846154 0.030048076923076924 0.1346153846153846
0 0.32091346153846156 0.5733173076923077 0.021634615384615384 0.125
0 0.09735576923076923 0.5709134615384616 0.019230769230769232 0.13942307692307693