0 0.18389423076923078 0.3389423076923077 0.042067307692307696 0.05889423076923077
0 0.35096153846153844 0.3245192307692308 0.057692307692307696 0.09254807692307693
0 0.1935096153846154 0.2932692307692308 0.055288461538461536 0.027644230769230768
0 0.29086538461538464 0.3401442307692308 0.06009615384615385 0.0625
0 0.23197115384615385 0.33774038461538464 0.055288461538461536 0.05889423076923077
0 0.25721153846153844 0.42427884615384615 0.07091346153846154 0.08413461538461539
0 0.13341346153846154 0.3401442307692308 0.054086538461538464 0.056490384615384616
0 0.0829326923076923 0.3317307692307692 0.04927884615384615 0.07451923076923077
0 0.028846153846153848 0.3329326923076923 0.055288461538461536 0.06971153846153846
0 0.890625 0.16947115384615385 0.04567307692307692 0.051682692307692304
0 0.13701923076923078 0.3016826923076923 0.04567307692307692 0.020432692307692308
0 0.4014423076923077 0.3389423076923077 0.04927884615384615 0.06971153846153846
0 0.9026442307692307 0.3473557692307692 0.06971153846153846 0.057692307692307696
0 0.49399038461538464 0.34375 0.042067307692307696 0.0625
0 0.5360576923076923 0.34375 0.042067307692307696 0.06129807692307692
0 0.5961538461538461 0.34615384615384615 0.07451923076923077 0.06129807692307692
0 0.6730769230769231 0.34615384615384615 0.07572115384615384 0.056490384615384616
0 0.7475961538461539 0.34615384615384615 0.07091346153846154 0.056490384615384616
0 0.8245192307692307 0.3473557692307692 0.07572115384615384 0.06129807692307692
0 0.9615384615384616 0.35336538461538464 0.046875 0.046875
0 0.046875 0.421875 0.06850961538461539 0.08413461538461539
0 0.12139423076923077 0.421875 0.078125 0.08413461538461539
0 0.1875 0.43509615384615385 0.055288461538461536 0.06971153846153846
0 0.8425480769230769 0.16826923076923078 0.05048076923076923 0.051682692307692304
0 0.45072115384615385 0.3389423076923077 0.04447115384615385 0.06850961538461539
0 0.8930288461538461 0.22355769230769232 0.052884615384615384 0.057692307692307696
0 0.49759615384615385 0.16947115384615385 0.0673076923076923 0.056490384615384616
0 0.018028846153846152 0.203125 0.03245192307692308 0.07572115384615384
0 0.6298076923076923 0.7560096153846154 0.05048076923076923 0.06129807692307692
0 0.578125 0.7548076923076923 0.054086538461538464 0.06009615384615385
0 0.7175480769230769 0.19110576923076922 0.06129807692307692 0.026442307692307692
0 0.7824519230769231 0.203125 0.0673076923076923 0.09495192307692307
0 0.6622596153846154 0.16947115384615385 0.05048076923076923 0.04927884615384615
0 0.6610576923076923 0.22235576923076922 0.04927884615384615 0.055288461538461536
0 0.609375 0.1622596153846154 0.042067307692307696 0.057692307692307696
0 0.5612980769230769 0.16105769230769232 0.054086538461538464 0.054086538461538464
0 0.6081730769230769 0.22115384615384615 0.05048076923076923 0.054086538461538464
0 0.5588942307692307 0.21995192307692307 0.04807692307692308 0.056490384615384616
0 0.3545673076923077 0.4266826923076923 0.07692307692307693 0.08173076923076923
0 0.43149038461538464 0.171875 0.06610576923076923 0.055288461538461536
0 0.4987980769230769 0.22235576923076922 0.06971153846153846 0.05048076923076923
0 0.43028846153846156 0.22355769230769232 0.0673076923076923 0.04807692307692308
0 0.31971153846153844 0.20552884615384615 0.06971153846153846 0.015625
0 0.3173076923076923 0.18629807692307693 0.0673076923076923 0.02403846153846154
0 0.24759615384615385 0.1935096153846154 0.07572115384615384 0.027644230769230768
0 0.32211538461538464 0.22956730769230768 0.06850961538461539 0.03125
0 0.24759615384615385 0.22716346153846154 0.06850961538461539 0.037259615384615384
0 0.16826923076923078 0.16947115384615385 0.078125 0.026442307692307692
0 0.16466346153846154 0.19831730769230768 0.07451923076923077 0.030048076923076924
0 0.171875 0.2283653846153846 0.06850961538461539 0.027644230769230768
0 0.11658653846153846 0.20673076923076922 0.02283653846153846 0.06971153846153846
0 0.09134615384615384 0.20432692307692307 0.03245192307692308 0.07451923076923077
0 0.055288461538461536 0.203125 0.04326923076923077 0.07451923076923077
0 0.8413461538461539 0.22355769230769232 0.051682692307692304 0.056490384615384616
0 0.49278846153846156 0.42427884615384615 0.08533653846153846 0.056490384615384616
0 0.7355769230769231 0.5012019230769231 0.06971153846153846 0.056490384615384616
0 0.7331730769230769 0.42427884615384615 0.08533653846153846 0.052884615384615384
0 0.8918269230769231 0.6814903846153846 0.027644230769230768 0.06009615384615385
0 0.8617788461538461 0.6838942307692307 0.028846153846153848 0.057692307692307696
0 0.8293269230769231 0.6826923076923077 0.03485576923076923 0.056490384615384616
0 0.7992788461538461 0.6838942307692307 0.027644230769230768 0.055288461538461536
0 0.7716346153846154 0.6826923076923077 0.026442307692307692 0.055288461538461536
0 0.7439903846153846 0.6850961538461539 0.028846153846153848 0.055288461538461536
0 0.6346153846153846 0.6730769230769231 0.037259615384615384 0.07572115384615384
0 0.5961538461538461 0.671875 0.038461538461538464 0.078125
0 0.5048076923076923 0.671875 0.04567307692307692 0.07211538461538461
0 0.453125 0.6694711538461539 0.038461538461538464 0.06971153846153846
0 0.9567307692307693 0.5673076923076923 0.07572115384615384 0.040865384615384616
0 0.9567307692307693 0.6069711538461539 0.07932692307692307 0.038461538461538464
0 0.8810096153846154 0.5973557692307693 0.07451923076923077 0.056490384615384616
0 0.8028846153846154 0.5697115384615384 0.07932692307692307 0.042067307692307696
0 0.8028846153846154 0.6105769230769231 0.078125 0.038461538461538464
0 0.7259615384615384 0.5973557692307693 0.07572115384615384 0.06490384615384616
0 0.203125 0.6358173076923077 0.04567307692307692 0.08173076923076923
0 0.25240384615384615 0.6466346153846154 0.052884615384615384 0.06850961538461539
0 0.30528846153846156 0.6394230769230769 0.04927884615384615 0.08052884615384616
0 0.36177884615384615 0.6454326923076923 0.046875 0.06370192307692307
0 0.4266826923076923 0.5913461538461539 0.07211538461538461 0.0625
0 0.4951923076923077 0.5913461538461539 0.06971153846153846 0.052884615384615384
0 0.5649038461538461 0.5901442307692307 0.06850961538461539 0.05889423076923077
0 0.6466346153846154 0.5949519230769231 0.08413461538461539 0.06129807692307692
0 0.6778846153846154 0.7548076923076923 0.04447115384615385 0.06370192307692307
0 0.014423076923076924 0.7439903846153846 0.026442307692307692 0.07692307692307693
0 0.6442307692307693 0.421875 0.08173076923076923 0.0625
0 0.04326923076923077 0.7427884615384616 0.027644230769230768 0.07572115384615384
0 0.25 0.7367788461538461 0.026442307692307692 0.0889423076923077
0 0.8076923076923077 0.4254807692307692 0.06490384615384616 0.055288461538461536
0 0.8822115384615384 0.4338942307692308 0.0829326923076923 0.042067307692307696
0 0.9615384615384616 0.42788461538461536 0.07211538461538461 0.057692307692307696
0 0.10697115384615384 0.6514423076923077 0.09735576923076923 0.30649038461538464
0 0.5360576923076923 0.7548076923076923 0.028846153846153848 0.056490384615384616
0 0.028846153846153848 0.5396634615384616 0.05048076923076923 0.0673076923076923
0 0.18870192307692307 0.5264423076923077 0.057692307692307696 0.09735576923076923
0 0.24278846153846154 0.5432692307692307 0.04927884615384615 0.06490384615384616
0 0.2956730769230769 0.5324519230769231 0.055288461538461536 0.08533653846153846
0 0.5036057692307693 0.7560096153846154 0.03245192307692308 0.05889423076923077
0 0.35697115384615385 0.5300480769230769 0.0673076923076923 0.09134615384615384
0 0.4326923076923077 0.5048076923076923 0.07091346153846154 0.042067307692307696
0 0.5072115384615384 0.4987980769230769 0.078125 0.055288461538461536
0 0.5829326923076923 0.5 0.0733173076923077 0.056490384615384616
0 0.6610576923076923 0.5 0.08052884615384616 0.054086538461538464
0 0.8112980769230769 0.5012019230769231 0.078125 0.056490384615384616
0 0.8894230769230769 0.5036057692307693 0.07692307692307693 0.06129807692307692
0 0.4699519230769231 0.7548076923076923 0.037259615384615384 0.05889423076923077
0 0.4326923076923077 0.7560096153846154 0.03245192307692308 0.05889423076923077
0 0.40024038461538464 0.7560096153846154 0.036057692307692304 0.05889423076923077
0 0.3713942307692308 0.7403846153846154 0.026442307692307692 0.08653846153846154
0 0.3401442307692308 0.7403846153846154 0.03485576923076923 0.0889423076923077
0 0.3088942307692308 0.7391826923076923 0.028846153846153848 0.08653846153846154
0 0.9639423076923077 0.5048076923076923 0.07091346153846154 0.057692307692307696
0 0.27884615384615385 0.7367788461538461 0.03365384615384615 0.08774038461538461
0 0.21875 0.7391826923076923 0.03485576923076923 0.08653846153846154
0 0.7223557692307693 0.7560096153846154 0.04326923076923077 0.0673076923076923
0 0.7151442307692307 0.23798076923076922 0.057692307692307696 0.025240384615384616
0 0.8233173076923077 0.7572115384615384 0.06490384615384616 0.055288461538461536
0 0.27403846153846156 0.8317307692307693 0.0625 0.06009615384615385
0 0.4795673076923077 0.8329326923076923 0.109375 0.056490384615384616
0 0.6189903846153846 0.8377403846153846 0.11057692307692307 0.055288461538461536
0 0.7139423076923077 0.8377403846153846 0.07932692307692307 0.057692307692307696
0 0.7764423076923077 0.8341346153846154 0.04326923076923077 0.055288461538461536
0 0.8293269230769231 0.8413461538461539 0.056490384615384616 0.06490384615384616
0 0.8966346153846154 0.8425480769230769 0.07932692307692307 0.06490384615384616
0 0.96875 0.8389423076923077 0.06129807692307692 0.06490384615384616
0 0.06370192307692307 0.921875 0.0673076923076923 0.09134615384615384
0 0.12740384615384615 0.9230769230769231 0.054086538461538464 0.09254807692307693
0 0.18629807692307693 0.9266826923076923 0.06610576923076923 0.09975961538461539
0 0.25 0.9254807692307693 0.05889423076923077 0.09735576923076923
0 0.3076923076923077 0.9254807692307693 0.0625 0.0985576923076923
0 0.42427884615384615 0.9194711538461539 0.037259615384615384 0.08052884615384616
0 0.4651442307692308 0.9122596153846154 0.04326923076923077 0.0673076923076923
0 0.5204326923076923 0.8954326923076923 0.056490384615384616 0.038461538461538464
0 0.5769230769230769 0.8966346153846154 0.06129807692307692 0.036057692307692304
0 0.6550480769230769 0.8990384615384616 0.07451923076923077 0.042067307692307696
0 0.6622596153846154 0.9507211538461539 0.0673076923076923 0.057692307692307696
0 0.7331730769230769 0.9507211538461539 0.07211538461538461 0.056490384615384616
0 0.8064903846153846 0.9519230769230769 0.078125 0.056490384615384616
0 0.8858173076923077 0.9507211538461539 0.07692307692307693 0.05889423076923077
0 0.9615384615384616 0.9543269230769231 0.07211538461538461 0.0673076923076923
0 0.7980769230769231 0.9002403846153846 0.09014423076923077 0.040865384615384616
0 0.8822115384615384 0.9002403846153846 0.078125 0.039663461538461536
0 0.19591346153846154 0.8185096153846154 0.06850961538461539 0.042067307692307696
0 0.10576923076923077 0.8317307692307693 0.06490384615384616 0.054086538461538464
0 0.36778846153846156 0.921875 0.057692307692307696 0.09254807692307693
0 0.7668269230769231 0.7596153846153846 0.04807692307692308 0.0625
0 0.8846153846153846 0.7572115384615384 0.055288461538461536 0.05048076923076923
0 0.9519230769230769 0.7620192307692307 0.08173076923076923 0.05889423076923077
0 0.042067307692307696 0.8317307692307693 0.06490384615384616 0.055288461538461536
0 0.7139423076923077 0.21394230769230768 0.054086538461538464 0.019230769230769232