0 0.9230769230769231 0.2644230769230769 0.021634615384615384 0.039663461538461536
0 0.9495192307692307 0.26322115384615385 0.028846153846153848 0.040865384615384616
0 0.9819711538461539 0.26322115384615385 0.03245192307692308 0.040865384615384616
0 0.03485576923076923 0.3425480769230769 0.026442307692307692 0.05889423076923077
0 0.06850961538461539 0.34134615384615385 0.028846153846153848 0.06370192307692307
0 0.21153846153846154 0.3389423076923077 0.02283653846153846 0.0625
0 0.11899038461538461 0.3389423076923077 0.025240384615384616 0.0673076923076923
0 0.15264423076923078 0.3401442307692308 0.026442307692307692 0.06370192307692307
0 0.18389423076923078 0.3401442307692308 0.030048076923076924 0.06129807692307692
0 0.8629807692307693 0.265625 0.09495192307692307 0.03485576923076923
0 0.09375 0.3401442307692308 0.016826923076923076 0.06610576923076923
0 0.7620192307692307 0.26802884615384615 0.10576923076923077 0.03125
0 0.1622596153846154 0.2512019230769231 0.026442307692307692 0.06850961538461539
0 0.5685096153846154 0.2608173076923077 0.052884615384615384 0.046875
0 0.5120192307692307 0.2620192307692308 0.05889423076923077 0.04807692307692308
0 0.46274038461538464 0.25841346153846156 0.037259615384615384 0.055288461538461536
0 0.4206730769230769 0.25841346153846156 0.037259615384615384 0.054086538461538464
0 0.38100961538461536 0.26802884615384615 0.036057692307692304 0.036057692307692304
0 0.33774038461538464 0.26802884615384615 0.039663461538461536 0.037259615384615384
0 0.2956730769230769 0.2668269230769231 0.040865384615384616 0.038461538461538464
0 0.2536057692307692 0.2668269230769231 0.03365384615384615 0.037259615384615384
0 0.21875 0.25 0.036057692307692304 0.07091346153846154
0 0.1875 0.25240384615384615 0.020432692307692308 0.06971153846153846
0 0.2403846153846154 0.34134615384615385 0.02403846153846154 0.06129807692307692
0 0.6286057692307693 0.2644230769230769 0.04927884615384615 0.038461538461538464
0 0.27283653846153844 0.34134615384615385 0.028846153846153848 0.0625
0 0.04807692307692308 0.4098557692307692 0.04447115384615385 0.04326923076923077
0 0.37259615384615385 0.328125 0.10817307692307693 0.030048076923076924
0 0.9122596153846154 0.4362980769230769 0.06009615384615385 0.0829326923076923
0 0.8413461538461539 0.4375 0.06850961538461539 0.08173076923076923
0 0.7800480769230769 0.4375 0.056490384615384616 0.08533653846153846
0 0.7151442307692307 0.4375 0.0673076923076923 0.08413461538461539
0 0.6430288461538461 0.4338942307692308 0.056490384615384616 0.0829326923076923
0 0.40384615384615385 0.453125 0.04807692307692308 0.04447115384615385
0 0.3545673076923077 0.45072115384615385 0.046875 0.04807692307692308
0 0.3137019230769231 0.4543269230769231 0.021634615384615384 0.042067307692307696
0 0.28846153846153844 0.453125 0.02283653846153846 0.04326923076923077
0 0.26322115384615385 0.4543269230769231 0.021634615384615384 0.04326923076923077
0 0.23557692307692307 0.4543269230769231 0.021634615384615384 0.04326923076923077
0 0.3016826923076923 0.34134615384615385 0.02283653846153846 0.06129807692307692
0 0.18389423076923078 0.46274038461538464 0.06370192307692307 0.026442307692307692
0 0.05048076923076923 0.4567307692307692 0.03245192307692308 0.042067307692307696
0 0.9723557692307693 0.4375 0.052884615384615384 0.08533653846153846
0 0.9074519230769231 0.3557692307692308 0.09134615384615384 0.03125
0 0.9074519230769231 0.32211538461538464 0.08413461538461539 0.03485576923076923
0 0.8173076923076923 0.3641826923076923 0.08774038461538461 0.015625
0 0.8173076923076923 0.3473557692307692 0.08533653846153846 0.018028846153846152
0 0.8197115384615384 0.33052884615384615 0.0889423076923077 0.014423076923076924
0 0.8197115384615384 0.3137019230769231 0.08774038461538461 0.016826923076923076
0 0.4795673076923077 0.35096153846153844 0.1045673076923077 0.040865384615384616
0 0.4807692307692308 0.32091346153846156 0.10216346153846154 0.018028846153846152
0 0.3713942307692308 0.35697115384615385 0.10697115384615384 0.027644230769230768
0 0.11778846153846154 0.46153846153846156 0.06370192307692307 0.028846153846153848
0 0.054086538461538464 0.5264423076923077 0.026442307692307692 0.06610576923076923
0 0.18990384615384615 0.5264423076923077 0.02283653846153846 0.06370192307692307
0 0.11298076923076923 0.5252403846153846 0.025240384615384616 0.06370192307692307
0 0.6129807692307693 0.5384615384615384 0.03245192307692308 0.03485576923076923
0 0.5769230769230769 0.5396634615384616 0.03485576923076923 0.036057692307692304
0 0.6586538461538461 0.53125 0.04447115384615385 0.04927884615384615
0 0.7055288461538461 0.53125 0.04447115384615385 0.04927884615384615
0 0.7560096153846154 0.53125 0.04326923076923077 0.04927884615384615
0 0.08052884615384616 0.5264423076923077 0.020432692307692308 0.06009615384615385
0 0.8473557692307693 0.5360576923076923 0.03485576923076923 0.03365384615384615
0 0.9206730769230769 0.5336538461538461 0.038461538461538464 0.03365384615384615
0 0.9639423076923077 0.5360576923076923 0.038461538461538464 0.03365384615384615
0 0.8858173076923077 0.6021634615384616 0.125 0.051682692307692304
0 0.7463942307692307 0.6021634615384616 0.14302884615384615 0.054086538461538464
0 0.6021634615384616 0.6033653846153846 0.140625 0.055288461538461536
0 0.3076923076923077 0.609375 0.10697115384615384 0.02403846153846154
0 0.12620192307692307 0.6129807692307693 0.12860576923076922 0.025240384615384616
0 0.9278846153846154 0.6935096153846154 0.052884615384615384 0.038461538461538464
0 0.8425480769230769 0.6959134615384616 0.07572115384615384 0.038461538461538464
0 0.7463942307692307 0.6911057692307693 0.08052884615384616 0.04326923076923077
0 0.026442307692307692 0.7427884615384616 0.04927884615384615 0.046875
0 0.6466346153846154 0.8641826923076923 0.08052884615384616 0.046875
0 0.7151442307692307 0.875 0.055288461538461536 0.036057692307692304
0 0.7704326923076923 0.875 0.04567307692307692 0.039663461538461536
0 0.7007211538461539 0.8245192307692307 0.08052884615384616 0.025240384615384616
0 0.921875 0.8701923076923077 0.09375 0.056490384615384616
0 0.609375 0.5072115384615384 0.038461538461538464 0.027644230769230768
0 0.5709134615384616 0.5060096153846154 0.03125 0.027644230769230768
0 0.8064903846153846 0.53125 0.04927884615384615 0.04927884615384615
0 0.4963942307692308 0.5336538461538461 0.027644230769230768 0.04927884615384615
0 0.5300480769230769 0.5324519230769231 0.038461538461538464 0.052884615384615384
0 0.13822115384615385 0.5264423076923077 0.025240384615384616 0.06129807692307692
0 0.21634615384615385 0.5264423076923077 0.025240384615384616 0.0625
0 0.2403846153846154 0.5276442307692307 0.02403846153846154 0.0625
0 0.2668269230769231 0.5264423076923077 0.020432692307692308 0.0625
0 0.2860576923076923 0.5264423076923077 0.02283653846153846 0.06370192307692307
0 0.16466346153846154 0.5264423076923077 0.02283653846153846 0.0625
0 0.33774038461538464 0.5288461538461539 0.026442307692307692 0.06490384615384616
0 0.36538461538461536 0.5276442307692307 0.025240384615384616 0.0625
0 0.390625 0.5276442307692307 0.02403846153846154 0.06129807692307692
0 0.4567307692307692 0.5384615384615384 0.03245192307692308 0.039663461538461536
0 0.4230769230769231 0.5384615384615384 0.026442307692307692 0.038461538461538464
0 0.31009615384615385 0.5264423076923077 0.021634615384615384 0.06490384615384616