0 0.71875 0.3269230769230769 0.027644230769230768 0.06490384615384616
0 0.7632211538461539 0.33533653846153844 0.027644230769230768 0.055288461538461536
0 0.8725961538461539 0.3401442307692308 0.025240384615384616 0.040865384615384616
0 0.8990384615384616 0.3401442307692308 0.025240384615384616 0.040865384615384616
0 0.9230769230769231 0.34134615384615385 0.025240384615384616 0.040865384615384616
0 0.37259615384615385 0.3894230769230769 0.056490384615384616 0.078125
0 0.22596153846153846 0.421875 0.04927884615384615 0.07692307692307693
0 0.28125 0.42427884615384615 0.04927884615384615 0.07692307692307693
0 0.6538461538461539 0.21634615384615385 0.020432692307692308 0.08413461538461539
0 0.4855769230769231 0.4230769230769231 0.03365384615384615 0.06850961538461539
0 0.6911057692307693 0.8064903846153846 0.02283653846153846 0.037259615384615384
0 0.7163461538461539 0.7956730769230769 0.025240384615384616 0.038461538461538464
0 0.7487980769230769 0.7800480769230769 0.027644230769230768 0.04447115384615385
0 0.78125 0.7704326923076923 0.027644230769230768 0.04567307692307692
0 0.8100961538461539 0.7584134615384616 0.028846153846153848 0.051682692307692304
0 0.859375 0.7319711538461539 0.030048076923076924 0.056490384615384616
0 0.890625 0.7283653846153846 0.030048076923076924 0.06129807692307692
0 0.6262019230769231 0.2127403846153846 0.036057692307692304 0.0889423076923077
0 0.44591346153846156 0.421875 0.039663461538461536 0.06971153846153846
0 0.6838942307692307 0.32572115384615385 0.038461538461538464 0.06490384615384616
0 0.6310096153846154 0.3233173076923077 0.026442307692307692 0.06129807692307692
0 0.6826923076923077 0.23076923076923078 0.03245192307692308 0.051682692307692304
0 0.7175480769230769 0.23918269230769232 0.027644230769230768 0.056490384615384616
0 0.7487980769230769 0.24519230769230768 0.030048076923076924 0.052884615384615384
0 0.7788461538461539 0.2536057692307692 0.027644230769230768 0.051682692307692304
0 0.8040865384615384 0.24759615384615385 0.02283653846153846 0.06370192307692307
0 0.8305288461538461 0.25 0.025240384615384616 0.06490384615384616
0 0.859375 0.2536057692307692 0.028846153846153848 0.0625
0 0.8918269230769231 0.25841346153846156 0.028846153846153848 0.06370192307692307
0 0.921875 0.26322115384615385 0.028846153846153848 0.06370192307692307
0 0.2548076923076923 0.28365384615384615 0.10336538461538461 0.11177884615384616
0 0.3293269230769231 0.296875 0.042067307692307696 0.08653846153846154
0 0.36538461538461536 0.30649038461538464 0.027644230769230768 0.0733173076923077
0 0.4110576923076923 0.31009615384615385 0.06490384615384616 0.07451923076923077
0 0.46274038461538464 0.3112980769230769 0.037259615384615384 0.07211538461538461
0 0.5432692307692307 0.31971153846153844 0.040865384615384616 0.06610576923076923
0 0.5769230769230769 0.32211538461538464 0.025240384615384616 0.06370192307692307
0 0.6021634615384616 0.3233173076923077 0.026442307692307692 0.0625
0 0.6538461538461539 0.32572115384615385 0.018028846153846152 0.057692307692307696
0 0.5913461538461539 0.21153846153846154 0.03245192307692308 0.078125
0 0.30288461538461536 0.15745192307692307 0.05048076923076923 0.109375
0 0.3485576923076923 0.1778846153846154 0.03125 0.08173076923076923
0 0.36538461538461536 0.53125 0.052884615384615384 0.07451923076923077
0 0.31009615384615385 0.5360576923076923 0.04567307692307692 0.07091346153846154
0 0.2512019230769231 0.5396634615384616 0.0733173076923077 0.07572115384615384
0 0.8701923076923077 0.41225961538461536 0.037259615384615384 0.057692307692307696
0 0.45552884615384615 0.1971153846153846 0.036057692307692304 0.078125
0 0.48197115384615385 0.6153846153846154 0.056490384615384616 0.056490384615384616
0 0.7992788461538461 0.4026442307692308 0.042067307692307696 0.07451923076923077
0 0.7536057692307693 0.4170673076923077 0.03485576923076923 0.06129807692307692
0 0.7175480769230769 0.4206730769230769 0.03485576923076923 0.06490384615384616
0 0.6754807692307693 0.4206730769230769 0.03485576923076923 0.06490384615384616
0 0.640625 0.4206730769230769 0.03485576923076923 0.06490384615384616
0 0.6045673076923077 0.4230769230769231 0.03125 0.06370192307692307
0 0.5588942307692307 0.4230769230769231 0.03365384615384615 0.0673076923076923
0 0.5240384615384616 0.4230769230769231 0.03365384615384615 0.0673076923076923
0 0.41947115384615385 0.19110576923076922 0.036057692307692304 0.078125
0 0.38461538461538464 0.18870192307692307 0.03125 0.07572115384615384
0 0.24639423076923078 0.14903846153846154 0.05889423076923077 0.11298076923076923
0 0.42788461538461536 0.5300480769230769 0.0673076923076923 0.07692307692307693
0 0.5528846153846154 0.20673076923076922 0.04326923076923077 0.07572115384615384
0 0.4879807692307692 0.5276442307692307 0.052884615384615384 0.0733173076923077
0 0.5769230769230769 0.5192307692307693 0.028846153846153848 0.07211538461538461
0 0.5024038461538461 0.203125 0.057692307692307696 0.07932692307692307
0 0.6899038461538461 0.765625 0.02283653846153846 0.040865384615384616
0 0.6610576923076923 0.796875 0.030048076923076924 0.0733173076923077
0 0.6358173076923077 0.8052884615384616 0.020432692307692308 0.0829326923076923
0 0.6153846153846154 0.8125 0.018028846153846152 0.11298076923076923
0 0.43149038461538464 0.625 0.036057692307692304 0.055288461538461536
0 0.38461538461538464 0.6382211538461539 0.052884615384615384 0.06850961538461539
0 0.3269230769230769 0.6346153846153846 0.04807692307692308 0.08533653846153846
0 0.26802884615384615 0.6418269230769231 0.06490384615384616 0.08653846153846154
0 0.9026442307692307 0.48677884615384615 0.03245192307692308 0.057692307692307696
0 0.8737980769230769 0.4891826923076923 0.025240384615384616 0.06009615384615385
0 0.84375 0.4963942307692308 0.030048076923076924 0.056490384615384616
0 0.8088942307692307 0.49759615384615385 0.036057692307692304 0.057692307692307696
0 0.7752403846153846 0.49759615384615385 0.025240384615384616 0.06129807692307692
0 0.7391826923076923 0.5 0.04807692307692308 0.06129807692307692
0 0.6923076923076923 0.5024038461538461 0.038461538461538464 0.06129807692307692
0 0.6141826923076923 0.5096153846153846 0.04326923076923077 0.0673076923076923
0 0.5384615384615384 0.5240384615384616 0.04567307692307692 0.0733173076923077
0 0.8353365384615384 0.41346153846153844 0.030048076923076924 0.057692307692307696
0 0.5564903846153846 0.5997596153846154 0.056490384615384616 0.056490384615384616
0 0.5540865384615384 0.8329326923076923 0.02403846153846154 0.11298076923076923
0 0.5973557692307693 0.6971153846153846 0.01201923076923077 0.042067307692307696
0 0.6141826923076923 0.6947115384615384 0.016826923076923076 0.042067307692307696
0 0.6310096153846154 0.6911057692307693 0.016826923076923076 0.042067307692307696
0 0.6466346153846154 0.6875 0.013221153846153846 0.04447115384615385
0 0.6586538461538461 0.6838942307692307 0.013221153846153846 0.04447115384615385
0 0.6790865384615384 0.6634615384615384 0.026442307692307692 0.06610576923076923
0 0.7127403846153846 0.6526442307692307 0.040865384615384616 0.06370192307692307
0 0.7884615384615384 0.6394230769230769 0.03485576923076923 0.06490384615384616
0 0.8605769230769231 0.6225961538461539 0.06009615384615385 0.05048076923076923
0 0.5817307692307693 0.7007211538461539 0.018028846153846152 0.042067307692307696
0 0.9086538461538461 0.6189903846153846 0.03485576923076923 0.052884615384615384
0 0.3245192307692308 0.8990384615384616 0.03245192307692308 0.11298076923076923
0 0.3557692307692308 0.8894230769230769 0.03245192307692308 0.11298076923076923
0 0.3894230769230769 0.8834134615384616 0.03365384615384615 0.11298076923076923
0 0.4170673076923077 0.8725961538461539 0.027644230769230768 0.11298076923076923
0 0.44591346153846156 0.8617788461538461 0.028846153846153848 0.11298076923076923
0 0.49759615384615385 0.8413461538461539 0.030048076923076924 0.11298076923076923
0 0.5300480769230769 0.8329326923076923 0.030048076923076924 0.11298076923076923
0 0.5769230769230769 0.8221153846153846 0.02403846153846154 0.1141826923076923
0 0.5973557692307693 0.8197115384615384 0.016826923076923076 0.11177884615384616
0 0.28966346153846156 0.9050480769230769 0.03245192307692308 0.11057692307692307
0 0.5492788461538461 0.6947115384615384 0.040865384615384616 0.0625
0 0.75 0.6466346153846154 0.037259615384615384 0.06490384615384616
0 0.49278846153846156 0.7199519230769231 0.026442307692307692 0.04447115384615385
0 0.6262019230769231 0.5853365384615384 0.037259615384615384 0.025240384615384616
0 0.6634615384615384 0.5817307692307693 0.036057692307692304 0.02283653846153846
0 0.5180288461538461 0.7151442307692307 0.020432692307692308 0.04447115384615385
0 0.6346153846153846 0.609375 0.036057692307692304 0.02283653846153846
0 0.6730769230769231 0.6045673076923077 0.036057692307692304 0.02283653846153846
0 0.7151442307692307 0.5877403846153846 0.027644230769230768 0.042067307692307696
0 0.7439903846153846 0.5697115384615384 0.028846153846153848 0.042067307692307696
0 0.7740384615384616 0.5661057692307693 0.027644230769230768 0.04567307692307692
0 0.8293269230769231 0.5685096153846154 0.020432692307692308 0.037259615384615384
0 0.8557692307692307 0.5600961538461539 0.03125 0.04807692307692308
0 0.8040865384615384 0.5673076923076923 0.030048076923076924 0.052884615384615384
0 0.9050480769230769 0.5504807692307693 0.028846153846153848 0.05048076923076923
0 0.4362980769230769 0.7367788461538461 0.026442307692307692 0.04326923076923077
0 0.4110576923076923 0.7427884615384616 0.025240384615384616 0.037259615384615384
0 0.8798076923076923 0.5600961538461539 0.020432692307692308 0.036057692307692304
0 0.4074519230769231 0.7019230769230769 0.015625 0.038461538461538464
0 0.390625 0.7055288461538461 0.015625 0.038461538461538464
0 0.3894230769230769 0.7463942307692307 0.015625 0.038461538461538464
0 0.30288461538461536 0.765625 0.026442307692307692 0.046875
0 0.2620192307692308 0.7740384615384616 0.05048076923076923 0.051682692307692304
0 0.33052884615384615 0.7620192307692307 0.026442307692307692 0.046875