0 0.4254807692307692 0.1935096153846154 0.026442307692307692 0.07451923076923077
0 0.46033653846153844 0.1935096153846154 0.039663461538461536 0.06850961538461539
0 0.3737980769230769 0.6911057692307693 0.02283653846153846 0.05889423076923077
0 0.8762019230769231 0.44591346153846156 0.026442307692307692 0.051682692307692304
0 0.9050480769230769 0.44711538461538464 0.025240384615384616 0.05048076923076923
0 0.9326923076923077 0.44711538461538464 0.02403846153846154 0.05048076923076923
0 0.9579326923076923 0.44591346153846156 0.02283653846153846 0.05048076923076923
0 0.9831730769230769 0.44471153846153844 0.025240384615384616 0.04927884615384615
0 0.036057692307692304 0.5372596153846154 0.02403846153846154 0.0673076923076923
0 0.07211538461538461 0.5408653846153846 0.038461538461538464 0.0625
0 0.11057692307692307 0.5408653846153846 0.03245192307692308 0.06370192307692307
0 0.14903846153846154 0.5228365384615384 0.03485576923076923 0.07211538461538461
0 0.1935096153846154 0.5372596153846154 0.038461538461538464 0.06009615384615385
0 0.23076923076923078 0.5276442307692307 0.03245192307692308 0.07692307692307693
0 0.8485576923076923 0.44711538461538464 0.02283653846153846 0.05048076923076923
0 0.2668269230769231 0.5264423076923077 0.03485576923076923 0.0829326923076923
0 0.375 0.5348557692307693 0.021634615384615384 0.06610576923076923
0 0.4014423076923077 0.5360576923076923 0.03125 0.06370192307692307
0 0.43509615384615385 0.5324519230769231 0.03365384615384615 0.0625
0 0.4699519230769231 0.5300480769230769 0.025240384615384616 0.06490384615384616
0 0.5024038461538461 0.5300480769230769 0.030048076923076924 0.0625
0 0.5360576923076923 0.5288461538461539 0.030048076923076924 0.06129807692307692
0 0.5661057692307693 0.5264423076923077 0.026442307692307692 0.06370192307692307
0 0.5997596153846154 0.53125 0.030048076923076924 0.055288461538461536
0 0.6310096153846154 0.5288461538461539 0.026442307692307692 0.057692307692307696
0 0.6622596153846154 0.5276442307692307 0.026442307692307692 0.06009615384615385
0 0.7680288461538461 0.5228365384615384 0.027644230769230768 0.05889423076923077
0 0.30288461538461536 0.5264423076923077 0.03125 0.07932692307692307
0 0.796875 0.5240384615384616 0.025240384615384616 0.054086538461538464
0 0.8221153846153846 0.44711538461538464 0.027644230769230768 0.054086538461538464
0 0.765625 0.44711538461538464 0.025240384615384616 0.057692307692307696
0 0.5396634615384616 0.36899038461538464 0.030048076923076924 0.057692307692307696
0 0.5745192307692307 0.3713942307692308 0.03125 0.06009615384615385
0 0.6057692307692307 0.37259615384615385 0.027644230769230768 0.051682692307692304
0 0.6358173076923077 0.3713942307692308 0.030048076923076924 0.054086538461538464
0 0.6682692307692307 0.37259615384615385 0.027644230769230768 0.052884615384615384
0 0.8942307692307693 0.3737980769230769 0.036057692307692304 0.046875
0 0.9362980769230769 0.3701923076923077 0.036057692307692304 0.04567307692307692
0 0.9807692307692307 0.3713942307692308 0.037259615384615384 0.04447115384615385
0 0.021634615384615384 0.42427884615384615 0.038461538461538464 0.08413461538461539
0 0.06009615384615385 0.4254807692307692 0.03365384615384615 0.08413461538461539
0 0.09975961538461539 0.4254807692307692 0.040865384615384616 0.0829326923076923
0 0.7920673076923077 0.44711538461538464 0.025240384615384616 0.052884615384615384
0 0.14302884615384615 0.42908653846153844 0.042067307692307696 0.0829326923076923
0 0.21995192307692307 0.42908653846153844 0.03485576923076923 0.078125
0 0.375 0.4519230769230769 0.02403846153846154 0.06370192307692307
0 0.4074519230769231 0.45552884615384615 0.036057692307692304 0.06009615384615385
0 0.4411057692307692 0.453125 0.028846153846153848 0.0625
0 0.47115384615384615 0.45072115384615385 0.026442307692307692 0.052884615384615384
0 0.5060096153846154 0.453125 0.03365384615384615 0.054086538461538464
0 0.5396634615384616 0.45552884615384615 0.028846153846153848 0.057692307692307696
0 0.5709134615384616 0.453125 0.027644230769230768 0.054086538461538464
0 0.6057692307692307 0.4519230769230769 0.027644230769230768 0.055288461538461536
0 0.6382211538461539 0.4543269230769231 0.027644230769230768 0.054086538461538464
0 0.6706730769230769 0.4519230769230769 0.030048076923076924 0.054086538461538464
0 0.18389423076923078 0.42788461538461536 0.03485576923076923 0.07932692307692307
0 0.5072115384615384 0.3701923076923077 0.028846153846153848 0.056490384615384616
0 0.828125 0.5204326923076923 0.025240384615384616 0.051682692307692304
0 0.9110576923076923 0.5204326923076923 0.026442307692307692 0.051682692307692304
0 0.3918269230769231 0.7776442307692307 0.03125 0.07692307692307693
0 0.4266826923076923 0.7680288461538461 0.028846153846153848 0.0733173076923077
0 0.46274038461538464 0.7848557692307693 0.03125 0.06971153846153846
0 0.4987980769230769 0.78125 0.03245192307692308 0.07932692307692307
0 0.53125 0.7788461538461539 0.030048076923076924 0.0733173076923077
0 0.5661057692307693 0.7776442307692307 0.03365384615384615 0.0733173076923077
0 0.4951923076923077 0.6862980769230769 0.027644230769230768 0.056490384615384616
0 0.3918269230769231 0.19230769230769232 0.03365384615384615 0.07211538461538461
0 0.96875 0.6706730769230769 0.027644230769230768 0.055288461538461536
0 0.9362980769230769 0.671875 0.030048076923076924 0.055288461538461536
0 0.9074519230769231 0.6754807692307693 0.021634615384615384 0.055288461538461536
0 0.2932692307692308 0.7848557692307693 0.038461538461538464 0.09495192307692307
0 0.8834134615384616 0.6766826923076923 0.02283653846153846 0.056490384615384616
0 0.8233173076923077 0.6790865384615384 0.02403846153846154 0.057692307692307696
0 0.7944711538461539 0.6790865384615384 0.026442307692307692 0.0625
0 0.7644230769230769 0.6802884615384616 0.027644230769230768 0.06009615384615385
0 0.9387019230769231 0.7536057692307693 0.025240384615384616 0.05889423076923077
0 0.9074519230769231 0.7560096153846154 0.027644230769230768 0.06009615384615385
0 0.8737980769230769 0.7548076923076923 0.028846153846153848 0.06129807692307692
0 0.8413461538461539 0.7596153846153846 0.026442307692307692 0.06610576923076923
0 0.8064903846153846 0.7560096153846154 0.037259615384615384 0.06129807692307692
0 0.7560096153846154 0.7596153846153846 0.030048076923076924 0.07091346153846154
0 0.6382211538461539 0.7740384615384616 0.037259615384615384 0.07451923076923077
0 0.6009615384615384 0.7752403846153846 0.027644230769230768 0.0733173076923077
0 0.8521634615384616 0.6766826923076923 0.027644230769230768 0.05889423076923077
0 0.8834134615384616 0.5204326923076923 0.025240384615384616 0.051682692307692304
0 0.24879807692307693 0.7860576923076923 0.039663461538461536 0.09975961538461539
0 0.16346153846153846 0.7920673076923077 0.038461538461538464 0.10096153846153846
0 0.9399038461538461 0.5216346153846154 0.02403846153846154 0.051682692307692304
0 0.9663461538461539 0.5180288461538461 0.019230769230769232 0.051682692307692304
0 0.015625 0.6935096153846154 0.030048076923076924 0.0625
0 0.054086538461538464 0.6790865384615384 0.039663461538461536 0.0889423076923077
0 0.09735576923076923 0.671875 0.042067307692307696 0.08533653846153846
0 0.13822115384615385 0.6790865384615384 0.03365384615384615 0.07692307692307693
0 0.1778846153846154 0.6802884615384616 0.036057692307692304 0.08052884615384616
0 0.21634615384615385 0.6778846153846154 0.036057692307692304 0.07932692307692307
0 0.2536057692307692 0.6706730769230769 0.03245192307692308 0.08774038461538461
0 0.28966346153846156 0.6742788461538461 0.036057692307692304 0.07572115384615384
0 0.3954326923076923 0.6153846153846154 0.027644230769230768 0.06009615384615385
0 0.20793269230769232 0.7860576923076923 0.03365384615384615 0.09495192307692307
0 0.42788461538461536 0.6141826923076923 0.028846153846153848 0.05889423076923077
0 0.49278846153846156 0.6117788461538461 0.030048076923076924 0.056490384615384616
0 0.5276442307692307 0.6105769230769231 0.03125 0.05889423076923077
0 0.5588942307692307 0.6117788461538461 0.026442307692307692 0.052884615384615384
0 0.5913461538461539 0.6081730769230769 0.03365384615384615 0.052884615384615384
0 0.6225961538461539 0.6081730769230769 0.025240384615384616 0.055288461538461536
0 0.6550480769230769 0.6057692307692307 0.03365384615384615 0.055288461538461536
0 0.7644230769230769 0.6009615384615384 0.028846153846153848 0.054086538461538464
0 0.9026442307692307 0.5949519230769231 0.026442307692307692 0.046875
0 0.9278846153846154 0.5949519230769231 0.021634615384615384 0.04927884615384615
0 0.9519230769230769 0.59375 0.025240384615384616 0.04807692307692308
0 0.11778846153846154 0.7956730769230769 0.04447115384615385 0.09615384615384616
0 0.46153846153846156 0.6117788461538461 0.028846153846153848 0.05889423076923077
0 0.46875 0.37259615384615385 0.03125 0.05889423076923077
0 0.8569711538461539 0.5204326923076923 0.02403846153846154 0.04927884615384615
0 0.4050480769230769 0.3701923076923077 0.027644230769230768 0.06129807692307692
0 0.9855769230769231 0.21153846153846154 0.027644230769230768 0.05889423076923077
0 0.9579326923076923 0.21033653846153846 0.02403846153846154 0.057692307692307696
0 0.9290865384615384 0.2091346153846154 0.027644230769230768 0.055288461538461536
0 0.8954326923076923 0.21033653846153846 0.026442307692307692 0.052884615384615384
0 0.8653846153846154 0.20793269230769232 0.028846153846153848 0.06129807692307692
0 0.8329326923076923 0.20552884615384615 0.028846153846153848 0.06610576923076923
0 0.8052884615384616 0.20552884615384615 0.026442307692307692 0.06490384615384616
0 0.7776442307692307 0.203125 0.018028846153846152 0.07091346153846154
0 0.5949519230769231 0.6814903846153846 0.03485576923076923 0.055288461538461536
0 0.5588942307692307 0.6838942307692307 0.03245192307692308 0.055288461538461536
0 0.5264423076923077 0.6850961538461539 0.028846153846153848 0.05889423076923077
0 0.6766826923076923 0.28725961538461536 0.027644230769230768 0.057692307692307696
0 0.6442307692307693 0.2860576923076923 0.03245192307692308 0.06009615384615385
0 0.7884615384615384 0.28846153846153844 0.03485576923076923 0.0673076923076923
0 0.6105769230769231 0.2860576923076923 0.028846153846153848 0.06129807692307692
0 0.5096153846153846 0.2860576923076923 0.03125 0.0625
0 0.47836538461538464 0.2860576923076923 0.028846153846153848 0.0673076923076923
0 0.44471153846153844 0.2848557692307692 0.036057692307692304 0.06610576923076923
0 0.6754807692307693 0.20072115384615385 0.03365384615384615 0.06009615384615385
0 0.6430288461538461 0.20072115384615385 0.03245192307692308 0.06370192307692307
0 0.6081730769230769 0.19591346153846154 0.03485576923076923 0.06610576923076923
0 0.5697115384615384 0.19471153846153846 0.03485576923076923 0.06370192307692307
0 0.5324519230769231 0.19471153846153846 0.036057692307692304 0.06129807692307692
0 0.4987980769230769 0.19230769230769232 0.03365384615384615 0.06610576923076923
0 0.4014423076923077 0.6911057692307693 0.028846153846153848 0.055288461538461536
0 0.4326923076923077 0.6899038461538461 0.026442307692307692 0.054086538461538464
0 0.4639423076923077 0.6887019230769231 0.030048076923076924 0.057692307692307696
0 0.4362980769230769 0.3701923076923077 0.027644230769230768 0.06129807692307692
0 0.5408653846153846 0.2860576923076923 0.028846153846153848 0.0625
0 0.8233173076923077 0.29086538461538464 0.026442307692307692 0.06490384615384616
0 0.5757211538461539 0.28725961538461536 0.03485576923076923 0.06009615384615385
0 0.9459134615384616 0.2932692307692308 0.026442307692307692 0.06129807692307692
0 0.8533653846153846 0.28725961538461536 0.030048076923076924 0.05889423076923077
0 0.8834134615384616 0.29086538461538464 0.028846153846153848 0.0625
0 0.9158653846153846 0.28846153846153844 0.028846153846153848 0.06009615384615385
0 0.027644230769230768 0.7992788461538461 0.038461538461538464 0.09735576923076923
0 0.9783653846153846 0.29086538461538464 0.03125 0.06129807692307692
0 0.10576923076923077 0.3317307692307692 0.027644230769230768 0.0673076923076923
0 0.14182692307692307 0.33653846153846156 0.03365384615384615 0.06129807692307692
0 0.07211538461538461 0.7980769230769231 0.040865384615384616 0.09615384615384616
0 0.1814903846153846 0.33774038461538464 0.036057692307692304 0.06129807692307692
0 0.28846153846153844 0.3473557692307692 0.03485576923076923 0.04447115384615385
0 0.2536057692307692 0.34134615384615385 0.03365384615384615 0.054086538461538464
0 0.21634615384615385 0.34375 0.03365384615384615 0.054086538461538464
0 0.3762019230769231 0.3701923076923077 0.025240384615384616 0.06370192307692307