0 0.20072115384615385 0.20072115384615385 0.037259615384615384 0.07451923076923077
0 0.15144230769230768 0.1935096153846154 0.051682692307692304 0.09014423076923077
0 0.09975961538461539 0.20793269230769232 0.04447115384615385 0.052884615384615384
0 0.06009615384615385 0.2091346153846154 0.03365384615384615 0.052884615384615384
0 0.02283653846153846 0.20793269230769232 0.040865384615384616 0.055288461538461536
0 0.4230769230769231 0.7175480769230769 0.06009615384615385 0.015625
0 0.9122596153846154 0.47836538461538464 0.04326923076923077 0.057692307692307696
0 0.6622596153846154 0.5817307692307693 0.03125 0.02283653846153846
0 0.6550480769230769 0.5564903846153846 0.03125 0.02403846153846154
0 0.6129807692307693 0.5745192307692307 0.04326923076923077 0.028846153846153848
0 0.4675480769230769 0.5829326923076923 0.03125 0.018028846153846152
0 0.5072115384615384 0.5793269230769231 0.04326923076923077 0.021634615384615384
0 0.5576923076923077 0.5757211538461539 0.051682692307692304 0.028846153846153848
0 0.4338942307692308 0.5769230769230769 0.03365384615384615 0.028846153846153848
0 0.4014423076923077 0.5661057692307693 0.028846153846153848 0.054086538461538464
0 0.7259615384615384 0.5733173076923077 0.051682692307692304 0.03485576923076923
0 0.3713942307692308 0.5625 0.03365384615384615 0.0673076923076923
0 0.3245192307692308 0.5697115384615384 0.02403846153846154 0.04927884615384615
0 0.2956730769230769 0.5709134615384616 0.03245192307692308 0.051682692307692304
0 0.26322115384615385 0.5697115384615384 0.026442307692307692 0.04807692307692308
0 0.22956730769230768 0.5637019230769231 0.036057692307692304 0.06009615384615385
0 0.19591346153846154 0.578125 0.03125 0.037259615384615384
0 0.11057692307692307 0.5552884615384616 0.03365384615384615 0.06129807692307692
0 0.0733173076923077 0.5552884615384616 0.02403846153846154 0.057692307692307696
0 0.037259615384615384 0.5661057692307693 0.036057692307692304 0.06370192307692307
0 0.3449519230769231 0.5661057692307693 0.021634615384615384 0.051682692307692304
0 0.039663461538461536 0.6478365384615384 0.04807692307692308 0.018028846153846152
0 0.7824519230769231 0.5721153846153846 0.052884615384615384 0.038461538461538464
0 0.9495192307692307 0.4651442307692308 0.03125 0.018028846153846152
0 0.09134615384615384 0.49038461538461536 0.046875 0.03365384615384615
0 0.14182692307692307 0.4879807692307692 0.055288461538461536 0.038461538461538464
0 0.21754807692307693 0.4855769230769231 0.03365384615384615 0.05889423076923077
0 0.25 0.4951923076923077 0.03125 0.028846153846153848
0 0.296875 0.49158653846153844 0.046875 0.036057692307692304
0 0.3401442307692308 0.4831730769230769 0.03365384615384615 0.055288461538461536
0 0.37259615384615385 0.4807692307692308 0.027644230769230768 0.05889423076923077
0 0.41225961538461536 0.4807692307692308 0.040865384615384616 0.056490384615384616
0 0.8269230769230769 0.5721153846153846 0.027644230769230768 0.040865384615384616
0 0.45913461538461536 0.4807692307692308 0.052884615384615384 0.05889423076923077
0 0.5456730769230769 0.47836538461538464 0.039663461538461536 0.0673076923076923
0 0.5973557692307693 0.4699519230769231 0.06009615384615385 0.02403846153846154
0 0.5949519230769231 0.49759615384615385 0.051682692307692304 0.026442307692307692
0 0.6923076923076923 0.484375 0.036057692307692304 0.051682692307692304
0 0.734375 0.47716346153846156 0.04447115384615385 0.0673076923076923
0 0.7884615384615384 0.484375 0.06009615384615385 0.05048076923076923
0 0.8689903846153846 0.4807692307692308 0.04567307692307692 0.05048076923076923
0 0.9615384615384616 0.49399038461538464 0.06009615384615385 0.027644230769230768
0 0.5036057692307693 0.48677884615384615 0.039663461538461536 0.040865384615384616
0 0.038461538461538464 0.49038461538461536 0.054086538461538464 0.05048076923076923
0 0.08413461538461539 0.6418269230769231 0.04567307692307692 0.07091346153846154
0 0.1502403846153846 0.6526442307692307 0.08052884615384616 0.051682692307692304
0 0.8377403846153846 0.734375 0.027644230769230768 0.046875
0 0.7908653846153846 0.7319711538461539 0.051682692307692304 0.05048076923076923
0 0.734375 0.7331730769230769 0.0625 0.040865384615384616
0 0.6586538461538461 0.7367788461538461 0.07451923076923077 0.03365384615384615
0 0.5793269230769231 0.7331730769230769 0.08173076923076923 0.039663461538461536
0 0.5120192307692307 0.7199519230769231 0.04326923076923077 0.06370192307692307
0 0.4338942307692308 0.7415865384615384 0.0985576923076923 0.015625
0 0.06129807692307692 0.8197115384615384 0.06971153846153846 0.08173076923076923
0 0.8786057692307693 0.7331730769230769 0.037259615384615384 0.04447115384615385
0 0.171875 0.8185096153846154 0.10697115384615384 0.020432692307692308
0 0.1622596153846154 0.8617788461538461 0.09495192307692307 0.019230769230769232
0 0.39903846153846156 0.8401442307692307 0.2091346153846154 0.07091346153846154
0 0.5252403846153846 0.8293269230769231 0.051682692307692304 0.06850961538461539
0 0.5889423076923077 0.8221153846153846 0.057692307692307696 0.07451923076923077
0 0.6995192307692307 0.7980769230769231 0.057692307692307696 0.057692307692307696
0 0.8461538461538461 0.8233173076923077 0.057692307692307696 0.07211538461538461
0 0.9050480769230769 0.8197115384615384 0.051682692307692304 0.07091346153846154
0 0.9603365384615384 0.8197115384615384 0.056490384615384616 0.07572115384615384
0 0.16826923076923078 0.8401442307692307 0.109375 0.015625
0 0.038461538461538464 0.6670673076923077 0.05048076923076923 0.014423076923076924
0 0.9206730769230769 0.7259615384615384 0.036057692307692304 0.055288461538461536
0 0.96875 0.6418269230769231 0.04807692307692308 0.0625
0 0.21514423076923078 0.640625 0.046875 0.07451923076923077
0 0.25721153846153844 0.6418269230769231 0.036057692307692304 0.06610576923076923
0 0.3137019230769231 0.6394230769230769 0.046875 0.06971153846153846
0 0.35336538461538464 0.6382211538461539 0.03485576923076923 0.07451923076923077
0 0.3942307692307692 0.6466346153846154 0.036057692307692304 0.06370192307692307
0 0.43149038461538464 0.6514423076923077 0.042067307692307696 0.04567307692307692
0 0.46875 0.6382211538461539 0.040865384615384616 0.07211538461538461
0 0.515625 0.6346153846153846 0.05048076923076923 0.07211538461538461
0 0.9591346153846154 0.7283653846153846 0.036057692307692304 0.055288461538461536
0 0.5637019230769231 0.6382211538461539 0.038461538461538464 0.0733173076923077
0 0.6634615384615384 0.6370192307692307 0.03485576923076923 0.07091346153846154
0 0.6358173076923077 0.6418269230769231 0.019230769230769232 0.06370192307692307
0 0.6947115384615384 0.6442307692307693 0.027644230769230768 0.06850961538461539
0 0.7259615384615384 0.6514423076923077 0.03125 0.05048076923076923
0 0.7596153846153846 0.6502403846153846 0.03365384615384615 0.04326923076923077
0 0.7932692307692307 0.6514423076923077 0.03365384615384615 0.040865384615384616
0 0.8617788461538461 0.6454326923076923 0.0625 0.06009615384615385
0 0.9206730769230769 0.6442307692307693 0.052884615384615384 0.057692307692307696
0 0.6069711538461539 0.6418269230769231 0.04447115384615385 0.06370192307692307
0 0.9459134615384616 0.3894230769230769 0.03365384615384615 0.05889423076923077
0 0.18389423076923078 0.4855769230769231 0.028846153846153848 0.056490384615384616
0 0.8076923076923077 0.4050480769230769 0.03245192307692308 0.036057692307692304
0 0.203125 0.31971153846153844 0.03125 0.016826923076923076
0 0.16706730769230768 0.3112980769230769 0.02283653846153846 0.036057692307692304
0 0.14543269230769232 0.3112980769230769 0.021634615384615384 0.036057692307692304
0 0.09975961538461539 0.3269230769230769 0.042067307692307696 0.008413461538461538
0 0.09254807692307693 0.3137019230769231 0.03125 0.014423076923076924
0 0.0889423076923077 0.3004807692307692 0.036057692307692304 0.013221153846153846
0 0.08533653846153846 0.2824519230769231 0.03485576923076923 0.010817307692307692
0 0.056490384615384616 0.3233173076923077 0.025240384615384616 0.015625
0 0.021634615384615384 0.3233173076923077 0.03125 0.014423076923076924
0 0.026442307692307692 0.31009615384615385 0.03125 0.014423076923076924
0 0.027644230769230768 0.29447115384615385 0.030048076923076924 0.014423076923076924
0 0.8557692307692307 0.39302884615384615 0.07091346153846154 0.054086538461538464
0 0.9867788461538461 0.19471153846153846 0.021634615384615384 0.08173076923076923
0 0.9459134615384616 0.19110576923076922 0.037259615384615384 0.08774038461538461
0 0.9134615384615384 0.19591346153846154 0.028846153846153848 0.0733173076923077
0 0.8870192307692307 0.19591346153846154 0.020432692307692308 0.07572115384615384
0 0.859375 0.19110576923076922 0.036057692307692304 0.07932692307692307
0 0.2403846153846154 0.20072115384615385 0.04567307692307692 0.08774038461538461
0 0.28846153846153844 0.21153846153846154 0.04567307692307692 0.056490384615384616
0 0.3545673076923077 0.18870192307692307 0.04567307692307692 0.10576923076923077
0 0.40384615384615385 0.1875 0.052884615384615384 0.0985576923076923
0 0.4483173076923077 0.18990384615384615 0.03125 0.09495192307692307
0 0.47836538461538464 0.20432692307692307 0.02403846153846154 0.07211538461538461
0 0.2536057692307692 0.3076923076923077 0.04567307692307692 0.054086538461538464
0 0.5072115384615384 0.20793269230769232 0.026442307692307692 0.06610576923076923
0 0.59375 0.19110576923076922 0.056490384615384616 0.08774038461538461
0 0.6490384615384616 0.1971153846153846 0.042067307692307696 0.07932692307692307
0 0.6995192307692307 0.19230769230769232 0.04927884615384615 0.08052884615384616
0 0.7475961538461539 0.20072115384615385 0.04447115384615385 0.078125
0 0.7908653846153846 0.19230769230769232 0.03125 0.08533653846153846
0 0.8257211538461539 0.2127403846153846 0.030048076923076924 0.051682692307692304
0 0.5456730769230769 0.20192307692307693 0.040865384615384616 0.0673076923076923
0 0.31490384615384615 0.3173076923076923 0.052884615384615384 0.010817307692307692
0 0.03245192307692308 0.2776442307692308 0.038461538461538464 0.016826923076923076
0 0.3641826923076923 0.32091346153846156 0.04326923076923077 0.021634615384615384
0 0.7680288461538461 0.4026442307692308 0.027644230769230768 0.037259615384615384
0 0.31009615384615385 0.328125 0.04927884615384615 0.008413461538461538
0 0.7079326923076923 0.4014423076923077 0.03125 0.037259615384615384
0 0.6766826923076923 0.40024038461538464 0.03125 0.039663461538461536
0 0.6466346153846154 0.38822115384615385 0.03485576923076923 0.06971153846153846
0 0.6165865384615384 0.3894230769230769 0.030048076923076924 0.07211538461538461
0 0.5649038461538461 0.39903846153846156 0.03125 0.04447115384615385
0 0.53125 0.40024038461538464 0.020432692307692308 0.04567307692307692
0 0.5 0.390625 0.038461538461538464 0.06850961538461539
0 0.4338942307692308 0.39903846153846156 0.08653846153846154 0.046875
0 0.3713942307692308 0.4014423076923077 0.038461538461538464 0.042067307692307696
0 0.31490384615384615 0.4050480769230769 0.07932692307692307 0.038461538461538464
0 0.24759615384615385 0.390625 0.037259615384615384 0.07211538461538461
0 0.21394230769230768 0.4026442307692308 0.028846153846153848 0.046875
0 0.1814903846153846 0.39903846153846156 0.03245192307692308 0.04927884615384615
0 0.7391826923076923 0.4026442307692308 0.03125 0.038461538461538464
0 0.08653846153846154 0.39663461538461536 0.0625 0.056490384615384616
0 0.14302884615384615 0.4026442307692308 0.04326923076923077 0.042067307692307696
0 0.4074519230769231 0.3245192307692308 0.042067307692307696 0.018028846153846152
0 0.5540865384615384 0.30528846153846156 0.04927884615384615 0.06610576923076923
0 0.6021634615384616 0.3016826923076923 0.039663461538461536 0.07091346153846154
0 0.6442307692307693 0.296875 0.04447115384615385 0.07692307692307693
0 0.6826923076923077 0.296875 0.037259615384615384 0.07451923076923077
0 0.49038461538461536 0.31009615384615385 0.10697115384615384 0.04567307692307692
0 0.7680288461538461 0.2956730769230769 0.037259615384615384 0.07692307692307693
0 0.8088942307692307 0.2932692307692308 0.03485576923076923 0.08173076923076923
0 0.8617788461538461 0.31009615384615385 0.05048076923076923 0.04447115384615385
0 0.9459134615384616 0.32091346153846156 0.10697115384615384 0.020432692307692308
0 0.03245192307692308 0.39903846153846156 0.046875 0.052884615384615384
0 0.7259615384615384 0.29447115384615385 0.04567307692307692 0.07211538461538461