0 0.4026442307692308 0.8786057692307693 0.06490384615384616 0.03245192307692308
0 0.33413461538461536 0.8762019230769231 0.06610576923076923 0.040865384615384616
0 0.47836538461538464 0.8581730769230769 0.05048076923076923 0.06490384615384616
0 0.8581730769230769 0.7512019230769231 0.026442307692307692 0.07451923076923077
0 0.9146634615384616 0.75 0.038461538461538464 0.07451923076923077
0 0.9567307692307693 0.7548076923076923 0.03365384615384615 0.08653846153846154
0 0.2644230769230769 0.8786057692307693 0.06610576923076923 0.042067307692307696
0 0.5288461538461539 0.8581730769230769 0.04326923076923077 0.07572115384615384
0 0.5733173076923077 0.8605769230769231 0.038461538461538464 0.0733173076923077
0 0.43028846153846156 0.109375 0.05048076923076923 0.08173076923076923
0 0.7103365384615384 0.8581730769230769 0.07451923076923077 0.07091346153846154
0 0.7764423076923077 0.8557692307692307 0.05048076923076923 0.0733173076923077
0 0.8485576923076923 0.8545673076923077 0.0889423076923077 0.0673076923076923
0 0.9158653846153846 0.8557692307692307 0.040865384615384616 0.06850961538461539
0 0.9711538461538461 0.8533653846153846 0.052884615384615384 0.07692307692307693
0 0.8317307692307693 0.7512019230769231 0.021634615384615384 0.07692307692307693
0 0.036057692307692304 0.2800480769230769 0.06490384615384616 0.15264423076923078
0 0.09254807692307693 0.48197115384615385 0.1045673076923077 0.18389423076923078
0 0.11778846153846154 0.671875 0.09495192307692307 0.1045673076923077
0 0.6334134615384616 0.859375 0.07091346153846154 0.07451923076923077
0 0.8040865384615384 0.7584134615384616 0.027644230769230768 0.08173076923076923
0 0.7704326923076923 0.7572115384615384 0.03365384615384615 0.08533653846153846
0 0.7223557692307693 0.7692307692307693 0.039663461538461536 0.016826923076923076
0 0.5348557692307693 0.4230769230769231 0.026442307692307692 0.051682692307692304
0 0.5649038461538461 0.4230769230769231 0.02403846153846154 0.04927884615384615
0 0.5961538461538461 0.4170673076923077 0.03125 0.06009615384615385
0 0.6382211538461539 0.4170673076923077 0.046875 0.06009615384615385
0 0.6802884615384616 0.4182692307692308 0.027644230769230768 0.055288461538461536
0 0.7223557692307693 0.4026442307692308 0.040865384615384616 0.08413461538461539
0 0.7680288461538461 0.4387019230769231 0.03485576923076923 0.015625
0 0.8257211538461539 0.4362980769230769 0.055288461538461536 0.014423076923076924
0 0.49038461538461536 0.41466346153846156 0.057692307692307696 0.06971153846153846
0 0.8774038461538461 0.40865384615384615 0.042067307692307696 0.06009615384615385
0 0.9879807692307693 0.4206730769230769 0.021634615384615384 0.037259615384615384
0 0.1935096153846154 0.546875 0.040865384615384616 0.0673076923076923
0 0.25600961538461536 0.546875 0.030048076923076924 0.06850961538461539
0 0.28846153846153844 0.5456730769230769 0.028846153846153848 0.06850961538461539
0 0.32211538461538464 0.5444711538461539 0.030048076923076924 0.0673076923076923
0 0.3545673076923077 0.5480769230769231 0.030048076923076924 0.06009615384615385
0 0.39302884615384615 0.5480769230769231 0.037259615384615384 0.056490384615384616
0 0.46274038461538464 0.546875 0.03365384615384615 0.055288461538461536
0 0.9435096153846154 0.43149038461538464 0.06009615384615385 0.020432692307692308
0 0.31490384615384615 0.41466346153846156 0.05048076923076923 0.07932692307692307
0 0.2620192307692308 0.41586538461538464 0.04567307692307692 0.08173076923076923
0 0.20072115384615385 0.43149038461538464 0.06370192307692307 0.05048076923076923
0 0.484375 0.12740384615384615 0.05048076923076923 0.08774038461538461
0 0.5432692307692307 0.13221153846153846 0.052884615384615384 0.07572115384615384
0 0.6081730769230769 0.10096153846153846 0.051682692307692304 0.1346153846153846
0 0.6658653846153846 0.10817307692307693 0.04807692307692308 0.1201923076923077
0 0.7223557692307693 0.10096153846153846 0.04927884615384615 0.14182692307692307
0 0.7848557692307693 0.11177884615384616 0.06490384615384616 0.11658653846153846
0 0.8521634615384616 0.11057692307692307 0.05889423076923077 0.11899038461538461
0 0.9495192307692307 0.11538461538461539 0.05889423076923077 0.09615384615384616
0 0.1971153846153846 0.28125 0.06009615384615385 0.08413461538461539
0 0.2548076923076923 0.2932692307692308 0.04447115384615385 0.05889423076923077
0 0.34375 0.31009615384615385 0.03365384615384615 0.018028846153846152
0 0.4338942307692308 0.3076923076923077 0.036057692307692304 0.016826923076923076
0 0.47475961538461536 0.29447115384615385 0.038461538461538464 0.040865384615384616
0 0.5516826923076923 0.28125 0.0673076923076923 0.06850961538461539
0 0.7259615384615384 0.27283653846153844 0.054086538461538464 0.07091346153846154
0 0.7884615384615384 0.2776442307692308 0.06370192307692307 0.052884615384615384
0 0.8473557692307693 0.29927884615384615 0.036057692307692304 0.009615384615384616
0 0.9074519230769231 0.296875 0.06850961538461539 0.01201923076923077
0 0.9735576923076923 0.26802884615384615 0.04807692307692308 0.06971153846153846
0 0.4963942307692308 0.5456730769230769 0.030048076923076924 0.05889423076923077
0 0.53125 0.5408653846153846 0.028846153846153848 0.06009615384615385
0 0.5661057692307693 0.5432692307692307 0.03365384615384615 0.0625
0 0.5997596153846154 0.5420673076923077 0.027644230769230768 0.06009615384615385
0 0.7355769230769231 0.6346153846153846 0.025240384615384616 0.0673076923076923
0 0.7836538461538461 0.6454326923076923 0.056490384615384616 0.07692307692307693
0 0.8401442307692307 0.6454326923076923 0.04567307692307692 0.08052884615384616
0 0.8990384615384616 0.6442307692307693 0.06610576923076923 0.08173076923076923
0 0.9591346153846154 0.6466346153846154 0.04326923076923077 0.07572115384615384
0 0.22115384615384615 0.7716346153846154 0.03245192307692308 0.05889423076923077
0 0.27163461538461536 0.7475961538461539 0.026442307692307692 0.056490384615384616
0 0.31971153846153844 0.7644230769230769 0.056490384615384616 0.07451923076923077
0 0.3713942307692308 0.7560096153846154 0.03365384615384615 0.07692307692307693
0 0.4206730769230769 0.7836538461538461 0.051682692307692304 0.037259615384615384
0 0.46634615384615385 0.7668269230769231 0.026442307692307692 0.06971153846153846
0 0.4963942307692308 0.7692307692307693 0.03365384615384615 0.0673076923076923
0 0.5324519230769231 0.7680288461538461 0.021634615384615384 0.0673076923076923
0 0.5612980769230769 0.7692307692307693 0.030048076923076924 0.0625
0 0.5949519230769231 0.7596153846153846 0.03365384615384615 0.08533653846153846
0 0.625 0.7572115384615384 0.02283653846153846 0.08413461538461539
0 0.65625 0.7716346153846154 0.03125 0.052884615384615384
0 0.6862980769230769 0.7608173076923077 0.021634615384615384 0.07091346153846154
0 0.7199519230769231 0.7487980769230769 0.040865384615384616 0.021634615384615384
0 0.703125 0.6550480769230769 0.036057692307692304 0.06850961538461539
0 0.3701923076923077 0.14543269230769232 0.056490384615384616 0.052884615384615384
0 0.6634615384615384 0.6310096153846154 0.02403846153846154 0.06490384615384616
0 0.5913461538461539 0.6322115384615384 0.021634615384615384 0.0625
0 0.6322115384615384 0.5396634615384616 0.027644230769230768 0.06370192307692307
0 0.6610576923076923 0.5384615384615384 0.02403846153846154 0.0673076923076923
0 0.7067307692307693 0.5564903846153846 0.052884615384615384 0.026442307692307692
0 0.7596153846153846 0.5600961538461539 0.046875 0.019230769230769232
0 0.8137019230769231 0.5264423076923077 0.042067307692307696 0.08653846153846154
0 0.8689903846153846 0.5276442307692307 0.06009615384615385 0.08173076923076923
0 0.9206730769230769 0.5264423076923077 0.040865384615384616 0.08413461538461539
0 0.9675480769230769 0.5252403846153846 0.046875 0.08774038461538461
0 0.20432692307692307 0.6694711538461539 0.039663461538461536 0.06129807692307692
0 0.24158653846153846 0.6646634615384616 0.03245192307692308 0.07091346153846154
0 0.27163461538461536 0.6646634615384616 0.021634615384615384 0.0673076923076923
0 0.3004807692307692 0.6610576923076923 0.027644230769230768 0.07091346153846154
0 0.359375 0.6610576923076923 0.03365384615384615 0.06370192307692307
0 0.3918269230769231 0.6598557692307693 0.025240384615384616 0.06971153846153846
0 0.4254807692307692 0.6610576923076923 0.038461538461538464 0.06971153846153846
0 0.4639423076923077 0.6586538461538461 0.03365384615384615 0.07211538461538461
0 0.49759615384615385 0.6586538461538461 0.02403846153846154 0.06850961538461539
0 0.5288461538461539 0.6586538461538461 0.03485576923076923 0.07091346153846154
0 0.5637019230769231 0.6574519230769231 0.028846153846153848 0.06971153846153846
0 0.6322115384615384 0.6586538461538461 0.03245192307692308 0.06370192307692307
0 0.22596153846153846 0.5408653846153846 0.018028846153846152 0.07451923076923077