0 0.7944711538461539 0.7163461538461539 0.037259615384615384 0.03245192307692308
0 0.7632211538461539 0.7331730769230769 0.019230769230769232 0.030048076923076924
0 0.8389423076923077 0.7079326923076923 0.030048076923076924 0.03245192307692308
0 0.7151442307692307 0.796875 0.06129807692307692 0.030048076923076924
0 0.7752403846153846 0.7740384615384616 0.039663461538461536 0.05048076923076923
0 0.7115384615384616 0.7572115384615384 0.04567307692307692 0.025240384615384616
0 0.7079326923076923 0.8365384615384616 0.046875 0.03365384615384615
0 0.6550480769230769 0.7632211538461539 0.04447115384615385 0.028846153846153848
0 0.6538461538461539 0.8004807692307693 0.05048076923076923 0.03365384615384615
0 0.6490384615384616 0.8365384615384616 0.04807692307692308 0.02403846153846154
0 0.5961538461538461 0.8401442307692307 0.055288461538461536 0.03125
0 0.5961538461538461 0.7992788461538461 0.05889423076923077 0.03245192307692308
0 0.8389423076923077 0.7596153846153846 0.040865384615384616 0.06009615384615385
0 0.7163461538461539 0.7211538461538461 0.04927884615384615 0.03365384615384615
0 0.3737980769230769 0.6105769230769231 0.055288461538461536 0.03245192307692308
0 0.5420673076923077 0.7259615384615384 0.051682692307692304 0.03365384615384615
0 0.6045673076923077 0.7259615384615384 0.055288461538461536 0.038461538461538464
0 0.3713942307692308 0.5288461538461539 0.05889423076923077 0.03365384615384615
0 0.37259615384615385 0.5697115384615384 0.057692307692307696 0.03365384615384615
0 0.43149038461538464 0.5276442307692307 0.052884615384615384 0.036057692307692304
0 0.43149038461538464 0.5673076923076923 0.051682692307692304 0.03245192307692308
0 0.6009615384615384 0.765625 0.04927884615384615 0.028846153846153848
0 0.43509615384615385 0.6069711538461539 0.057692307692307696 0.038461538461538464
0 0.36778846153846156 0.6514423076923077 0.056490384615384616 0.03245192307692308
0 0.42788461538461536 0.6502403846153846 0.06009615384615385 0.03485576923076923
0 0.4879807692307692 0.6862980769230769 0.052884615384615384 0.038461538461538464
0 0.5480769230769231 0.6850961538461539 0.057692307692307696 0.03245192307692308
0 0.6069711538461539 0.6875 0.05048076923076923 0.036057692307692304
0 0.4855769230769231 0.7247596153846154 0.052884615384615384 0.03485576923076923
0 0.5432692307692307 0.7620192307692307 0.051682692307692304 0.027644230769230768
0 0.3076923076923077 0.7355769230769231 0.052884615384615384 0.03365384615384615
0 0.43028846153846156 0.6923076923076923 0.055288461538461536 0.030048076923076924
0 0.30649038461538464 0.4831730769230769 0.051682692307692304 0.036057692307692304
0 0.3701923076923077 0.4855769230769231 0.06129807692307692 0.037259615384615384
0 0.4326923076923077 0.4831730769230769 0.04927884615384615 0.037259615384615384
0 0.49038461538461536 0.4831730769230769 0.057692307692307696 0.037259615384615384
0 0.5516826923076923 0.484375 0.04807692307692308 0.038461538461538464
0 0.24278846153846154 0.5288461538461539 0.06850961538461539 0.036057692307692304
0 0.30408653846153844 0.5252403846153846 0.04927884615384615 0.039663461538461536
0 0.24639423076923078 0.5709134615384616 0.0625 0.03365384615384615
0 0.3076923076923077 0.5673076923076923 0.05048076923076923 0.036057692307692304
0 0.25 0.6105769230769231 0.06129807692307692 0.03245192307692308
0 0.3076923076923077 0.6105769230769231 0.04927884615384615 0.03365384615384615
0 0.24759615384615385 0.6538461538461539 0.055288461538461536 0.03485576923076923
0 0.3112980769230769 0.6490384615384616 0.055288461538461536 0.038461538461538464
0 0.24879807692307693 0.6995192307692307 0.05889423076923077 0.03485576923076923
0 0.48677884615384615 0.7632211538461539 0.057692307692307696 0.027644230769230768
0 0.3112980769230769 0.6947115384615384 0.056490384615384616 0.037259615384615384
0 0.6574519230769231 0.6850961538461539 0.04927884615384615 0.03365384615384615
0 0.24158653846153846 0.7776442307692307 0.06370192307692307 0.03365384615384615
0 0.30288461538461536 0.7752403846153846 0.054086538461538464 0.036057692307692304
0 0.24158653846153846 0.8173076923076923 0.05048076923076923 0.036057692307692304
0 0.30288461538461536 0.8161057692307693 0.052884615384615384 0.039663461538461536
0 0.23918269230769232 0.8581730769230769 0.07091346153846154 0.030048076923076924
0 0.29927884615384615 0.8581730769230769 0.04326923076923077 0.03365384615384615
0 0.3581730769230769 0.8533653846153846 0.052884615384615384 0.037259615384615384
0 0.3605769230769231 0.8173076923076923 0.054086538461538464 0.03365384615384615
0 0.36658653846153844 0.7716346153846154 0.04927884615384615 0.03245192307692308
0 0.42788461538461536 0.7668269230769231 0.052884615384615384 0.030048076923076924
0 0.3713942307692308 0.7319711538461539 0.052884615384615384 0.030048076923076924
0 0.43028846153846156 0.7295673076923077 0.054086538461538464 0.03365384615384615
0 0.3737980769230769 0.6923076923076923 0.052884615384615384 0.028846153846153848
0 0.2439903846153846 0.7379807692307693 0.056490384615384616 0.03485576923076923
0 0.6598557692307693 0.7271634615384616 0.05048076923076923 0.036057692307692304
0 0.6646634615384616 0.6033653846153846 0.04927884615384615 0.039663461538461536
0 0.49158653846153844 0.6466346153846154 0.054086538461538464 0.03125
0 0.3737980769230769 0.4026442307692308 0.056490384615384616 0.03485576923076923
0 0.4338942307692308 0.4014423076923077 0.051682692307692304 0.036057692307692304
0 0.24639423076923078 0.4411057692307692 0.06129807692307692 0.038461538461538464
0 0.3112980769230769 0.4411057692307692 0.056490384615384616 0.03485576923076923
0 0.37259615384615385 0.44350961538461536 0.057692307692307696 0.037259615384615384
0 0.43149038461538464 0.44350961538461536 0.051682692307692304 0.03365384615384615
0 0.3076923076923077 0.39663461538461536 0.057692307692307696 0.03485576923076923
0 0.5805288461538461 0.203125 0.11298076923076923 0.028846153846153848
0 0.6057692307692307 0.25961538461538464 0.14543269230769232 0.019230769230769232
0 0.5829326923076923 0.28966346153846156 0.05048076923076923 0.030048076923076924
0 0.6334134615384616 0.28846153846153844 0.04927884615384615 0.028846153846153848
0 0.6862980769230769 0.28725961538461536 0.040865384615384616 0.03125
0 0.6334134615384616 0.3233173076923077 0.15144230769230768 0.03365384615384615
0 0.6009615384615384 0.36177884615384615 0.10096153846153846 0.030048076923076924
0 0.5925480769230769 0.23197115384615385 0.13341346153846154 0.028846153846153848
0 0.7319711538461539 0.3641826923076923 0.055288461538461536 0.037259615384615384
0 0.24639423076923078 0.3954326923076923 0.06129807692307692 0.038461538461538464
0 0.4375 0.3557692307692308 0.06009615384615385 0.037259615384615384
0 0.5060096153846154 0.3245192307692308 0.04326923076923077 0.020432692307692308
0 0.46033653846153844 0.3233173076923077 0.04326923076923077 0.018028846153846152
0 0.41225961538461536 0.3233173076923077 0.042067307692307696 0.021634615384615384
0 0.4567307692307692 0.29447115384615385 0.1346153846153846 0.026442307692307692
0 0.4579326923076923 0.2608173076923077 0.12980769230769232 0.03485576923076923
0 0.4519230769230769 0.23076923076923078 0.12860576923076922 0.020432692307692308
0 0.4963942307692308 0.3557692307692308 0.04807692307692308 0.03485576923076923
0 0.45072115384615385 0.1971153846153846 0.13341346153846154 0.037259615384615384
0 0.31009615384615385 0.2860576923076923 0.14423076923076922 0.028846153846153848
0 0.3088942307692308 0.25721153846153844 0.1502403846153846 0.028846153846153848
0 0.31009615384615385 0.22596153846153846 0.1466346153846154 0.02283653846153846
0 0.24519230769230768 0.3545673076923077 0.05889423076923077 0.038461538461538464
0 0.3076923076923077 0.35697115384615385 0.054086538461538464 0.038461538461538464
0 0.3737980769230769 0.3581730769230769 0.05889423076923077 0.036057692307692304
0 0.3112980769230769 0.3173076923076923 0.14543269230769232 0.025240384615384616
0 0.7247596153846154 0.4074519230769231 0.046875 0.03485576923076923
0 0.5552884615384616 0.4014423076923077 0.057692307692307696 0.037259615384615384
0 0.6274038461538461 0.40024038461538464 0.046875 0.028846153846153848
0 0.7223557692307693 0.5661057692307693 0.055288461538461536 0.03245192307692308
0 0.7163461538461539 0.6045673076923077 0.038461538461538464 0.040865384615384616
0 0.7211538461538461 0.6466346153846154 0.05048076923076923 0.028846153846153848
0 0.6622596153846154 0.6418269230769231 0.054086538461538464 0.036057692307692304
0 0.6081730769230769 0.6454326923076923 0.05048076923076923 0.039663461538461536
0 0.6069711538461539 0.6057692307692307 0.046875 0.03245192307692308
0 0.7223557692307693 0.5240384615384616 0.056490384615384616 0.030048076923076924
0 0.6105769230769231 0.5649038461538461 0.051682692307692304 0.03485576923076923
0 0.5492788461538461 0.5252403846153846 0.051682692307692304 0.037259615384615384
0 0.4879807692307692 0.5228365384615384 0.054086538461538464 0.030048076923076924
0 0.49278846153846156 0.5625 0.054086538461538464 0.028846153846153848
0 0.49158653846153844 0.6045673076923077 0.054086538461538464 0.039663461538461536
0 0.5504807692307693 0.6069711538461539 0.04567307692307692 0.03485576923076923
0 0.5504807692307693 0.6442307692307693 0.051682692307692304 0.036057692307692304
0 0.5492788461538461 0.5637019230769231 0.04927884615384615 0.03245192307692308
0 0.6129807692307693 0.4735576923076923 0.0673076923076923 0.030048076923076924
0 0.6201923076923077 0.5084134615384616 0.06850961538461539 0.03365384615384615
0 0.7211538461538461 0.4891826923076923 0.06129807692307692 0.03485576923076923
0 0.3125 0.19471153846153846 0.140625 0.036057692307692304
0 0.49399038461538464 0.4423076923076923 0.055288461538461536 0.038461538461538464
0 0.5504807692307693 0.44350961538461536 0.052884615384615384 0.037259615384615384
0 0.7740384615384616 0.6947115384615384 0.046875 0.01201923076923077
0 0.8293269230769231 0.6586538461538461 0.04807692307692308 0.04567307692307692
0 0.7776442307692307 0.6598557692307693 0.04447115384615385 0.04807692307692308
0 0.84375 0.6117788461538461 0.05048076923076923 0.038461538461538464
0 0.7836538461538461 0.6141826923076923 0.052884615384615384 0.03245192307692308
0 0.7872596153846154 0.5853365384615384 0.05048076923076923 0.018028846153846152
0 0.7884615384615384 0.47596153846153844 0.020432692307692308 0.040865384615384616
0 0.7668269230769231 0.47596153846153844 0.015625 0.039663461538461536
0 0.8629807692307693 0.5360576923076923 0.03485576923076923 0.054086538461538464
0 0.8173076923076923 0.5396634615384616 0.039663461538461536 0.057692307692307696
0 0.7728365384615384 0.5384615384615384 0.040865384615384616 0.06129807692307692
0 0.7199519230769231 0.44350961538461536 0.05889423076923077 0.030048076923076924
0 0.7175480769230769 0.6826923076923077 0.051682692307692304 0.03125
0 0.4951923076923077 0.40024038461538464 0.054086538461538464 0.03245192307692308
0 0.6262019230769231 0.4387019230769231 0.04567307692307692 0.028846153846153848
0 0.24278846153846154 0.48197115384615385 0.05889423076923077 0.03125