0 0.025240384615384616 0.23076923076923078 0.046875 0.052884615384615384
0 0.6310096153846154 0.4795673076923077 0.04807692307692308 0.0733173076923077
0 0.3954326923076923 0.33653846153846156 0.0673076923076923 0.09014423076923077
0 0.5793269230769231 0.47836538461538464 0.052884615384615384 0.07211538461538461
0 0.53125 0.4807692307692308 0.04447115384615385 0.07451923076923077
0 0.4807692307692308 0.48197115384615385 0.051682692307692304 0.07211538461538461
0 0.42908653846153844 0.4807692307692308 0.04927884615384615 0.07211538461538461
0 0.3798076923076923 0.4951923076923077 0.04447115384615385 0.046875
0 0.33653846153846156 0.49399038461538464 0.04326923076923077 0.04567307692307692
0 0.2956730769230769 0.49399038461538464 0.03365384615384615 0.04807692307692308
0 0.24519230769230768 0.49278846153846156 0.0625 0.054086538461538464
0 0.18269230769230768 0.5012019230769231 0.06009615384615385 0.038461538461538464
0 0.15625 0.38341346153846156 0.03245192307692308 0.1875
0 0.11658653846153846 0.4987980769230769 0.06129807692307692 0.038461538461538464
0 0.02403846153846154 0.4963942307692308 0.04807692307692308 0.05048076923076923
0 0.9807692307692307 0.35336538461538464 0.036057692307692304 0.04447115384615385
0 0.9399038461538461 0.3389423076923077 0.039663461538461536 0.07451923076923077
0 0.8966346153846154 0.3401442307692308 0.04567307692307692 0.0733173076923077
0 0.8485576923076923 0.33653846153846156 0.046875 0.07572115384615384
0 0.8016826923076923 0.33774038461538464 0.046875 0.07211538461538461
0 0.7596153846153846 0.34375 0.042067307692307696 0.06971153846153846
0 0.7163461538461539 0.3449519230769231 0.04567307692307692 0.06850961538461539
0 0.6694711538461539 0.33774038461538464 0.046875 0.07572115384615384
0 0.6237980769230769 0.34615384615384615 0.04447115384615385 0.0673076923076923
0 0.5733173076923077 0.3389423076923077 0.057692307692307696 0.0829326923076923
0 0.4651442307692308 0.35216346153846156 0.07451923076923077 0.05889423076923077
0 0.3329326923076923 0.33774038461538464 0.06009615384615385 0.09134615384615384
0 0.06610576923076923 0.4987980769230769 0.038461538461538464 0.040865384615384616
0 0.6694711538461539 0.6959134615384616 0.054086538461538464 0.056490384615384616
0 0.7391826923076923 0.4795673076923077 0.046875 0.06610576923076923
0 0.7824519230769231 0.796875 0.06610576923076923 0.046875
0 0.7199519230769231 0.7992788461538461 0.06129807692307692 0.052884615384615384
0 0.6526442307692307 0.8004807692307693 0.06971153846153846 0.05048076923076923
0 0.53125 0.7956730769230769 0.06850961538461539 0.054086538461538464
0 0.39903846153846156 0.8100961538461539 0.06009615384615385 0.04326923076923077
0 0.33653846153846156 0.8112980769230769 0.06610576923076923 0.04326923076923077
0 0.27163461538461536 0.8112980769230769 0.05889423076923077 0.05048076923076923
0 0.20192307692307693 0.8052884615384616 0.07692307692307693 0.06129807692307692
0 0.12379807692307693 0.8052884615384616 0.07932692307692307 0.06370192307692307
0 0.04927884615384615 0.8076923076923077 0.07211538461538461 0.06129807692307692
0 0.9855769230769231 0.6838942307692307 0.027644230769230768 0.054086538461538464
0 0.9266826923076923 0.6887019230769231 0.03485576923076923 0.0625
0 0.8930288461538461 0.6935096153846154 0.03125 0.055288461538461536
0 0.8401442307692307 0.6923076923076923 0.0625 0.06009615384615385
0 0.78125 0.6947115384615384 0.052884615384615384 0.055288461538461536
0 0.8497596153846154 0.8028846153846154 0.07091346153846154 0.03245192307692308
0 0.8533653846153846 0.7752403846153846 0.06610576923076923 0.019230769230769232
0 0.9134615384615384 0.7920673076923077 0.054086538461538464 0.04326923076923077
0 0.9699519230769231 0.7920673076923077 0.05889423076923077 0.039663461538461536
0 0.9711538461538461 0.9002403846153846 0.052884615384615384 0.0889423076923077
0 0.9194711538461539 0.8966346153846154 0.042067307692307696 0.07572115384615384
0 0.8677884615384616 0.9002403846153846 0.06009615384615385 0.07091346153846154
0 0.7992788461538461 0.9002403846153846 0.07451923076923077 0.0733173076923077
0 0.7091346153846154 0.890625 0.10336538461538461 0.0985576923076923
0 0.6213942307692307 0.8954326923076923 0.07091346153846154 0.09735576923076923
0 0.5420673076923077 0.90625 0.08533653846153846 0.07572115384615384
0 0.7259615384615384 0.6826923076923077 0.057692307692307696 0.030048076923076924
0 0.4651442307692308 0.9098557692307693 0.06850961538461539 0.08052884615384616
0 0.29086538461538464 0.9182692307692307 0.0625 0.07572115384615384
0 0.22716346153846154 0.921875 0.06370192307692307 0.0733173076923077
0 0.1658653846153846 0.9362980769230769 0.06009615384615385 0.040865384615384616
0 0.10216346153846154 0.9254807692307693 0.0625 0.02283653846153846
0 0.040865384615384616 0.9266826923076923 0.06370192307692307 0.026442307692307692
0 0.10576923076923077 0.9495192307692307 0.0625 0.025240384615384616
0 0.04326923076923077 0.9507211538461539 0.06490384615384616 0.02283653846153846
0 0.39783653846153844 0.8954326923076923 0.0673076923076923 0.07211538461538461
0 0.7259615384615384 0.7115384615384616 0.05889423076923077 0.025240384615384616
0 0.2704326923076923 0.3389423076923077 0.0625 0.08774038461538461
0 0.6129807692307693 0.6983173076923077 0.05889423076923077 0.06129807692307692
0 0.546875 0.5793269230769231 0.056490384615384616 0.07451923076923077
0 0.49278846153846156 0.5793269230769231 0.054086538461538464 0.07572115384615384
0 0.43509615384615385 0.5817307692307693 0.057692307692307696 0.0733173076923077
0 0.3112980769230769 0.5625 0.052884615384615384 0.03365384615384615
0 0.3762019230769231 0.5721153846153846 0.06129807692307692 0.02403846153846154
0 0.3737980769230769 0.6009615384615384 0.06129807692307692 0.03125
0 0.3125 0.6009615384615384 0.0625 0.039663461538461536
0 0.6021634615384616 0.5841346153846154 0.055288461538461536 0.06490384615384616
0 0.25841346153846156 0.5961538461538461 0.046875 0.051682692307692304
0 0.1778846153846154 0.59375 0.036057692307692304 0.055288461538461536
0 0.12740384615384615 0.5889423076923077 0.06490384615384616 0.0733173076923077
0 0.0625 0.5889423076923077 0.06370192307692307 0.07211538461538461
0 0.9567307692307693 0.453125 0.057692307692307696 0.1045673076923077
0 0.9026442307692307 0.4543269230769231 0.04927884615384615 0.1045673076923077
0 0.8533653846153846 0.4567307692307692 0.056490384615384616 0.109375
0 0.7944711538461539 0.45913461538461536 0.05889423076923077 0.10216346153846154
0 0.21514423076923078 0.5961538461538461 0.038461538461538464 0.052884615384615384
0 0.6826923076923077 0.47836538461538464 0.055288461538461536 0.0733173076923077
0 0.6598557692307693 0.5805288461538461 0.06009615384615385 0.06129807692307692
0 0.7716346153846154 0.5793269230769231 0.05889423076923077 0.06490384615384616
0 0.5540865384615384 0.6971153846153846 0.0625 0.06370192307692307
0 0.5036057692307693 0.6959134615384616 0.036057692307692304 0.06370192307692307
0 0.453125 0.7151442307692307 0.055288461538461536 0.027644230769230768
0 0.45072115384615385 0.6862980769230769 0.05889423076923077 0.027644230769230768
0 0.40625 0.7079326923076923 0.03485576923076923 0.05048076923076923
0 0.35697115384615385 0.7211538461538461 0.057692307692307696 0.028846153846153848
0 0.3076923076923077 0.7127403846153846 0.03485576923076923 0.04326923076923077
0 0.7163461538461539 0.5817307692307693 0.052884615384615384 0.06129807692307692
0 0.265625 0.6971153846153846 0.046875 0.07572115384615384
0 0.18870192307692307 0.7103365384615384 0.038461538461538464 0.055288461538461536
0 0.14903846153846154 0.7067307692307693 0.04326923076923077 0.0625
0 0.10697115384615384 0.7067307692307693 0.039663461538461536 0.06490384615384616
0 0.06129807692307692 0.703125 0.046875 0.0733173076923077
0 0.9411057692307693 0.5757211538461539 0.056490384615384616 0.0673076923076923
0 0.8834134615384616 0.5745192307692307 0.05889423076923077 0.06971153846153846
0 0.8269230769230769 0.5793269230769231 0.05048076923076923 0.06490384615384616
0 0.2247596153846154 0.7091346153846154 0.03245192307692308 0.052884615384615384
0 0.2127403846153846 0.3401442307692308 0.055288461538461536 0.08533653846153846
0 0.9735576923076923 0.0985576923076923 0.05048076923076923 0.04807692307692308
0 0.2932692307692308 0.2247596153846154 0.08173076923076923 0.057692307692307696
0 0.7872596153846154 0.22596153846153846 0.06370192307692307 0.054086538461538464
0 0.8581730769230769 0.22115384615384615 0.07692307692307693 0.06129807692307692
0 0.03125 0.3401442307692308 0.055288461538461536 0.08533653846153846
0 0.9194711538461539 0.22115384615384615 0.04567307692307692 0.06370192307692307
0 0.9735576923076923 0.21754807692307693 0.05048076923076923 0.054086538461538464
0 0.08774038461538461 0.33533653846153844 0.057692307692307696 0.09134615384615384
0 0.5372596153846154 0.2247596153846154 0.0733173076923077 0.05048076923076923
0 0.375 0.2247596153846154 0.08173076923076923 0.057692307692307696
0 0.4579326923076923 0.22355769230769232 0.08173076923076923 0.055288461538461536
0 0.19471153846153846 0.23076923076923078 0.10336538461538461 0.05889423076923077
0 0.09495192307692307 0.22956730769230768 0.09014423076923077 0.06370192307692307
0 0.056490384615384616 0.09615384615384616 0.09735576923076923 0.055288461538461536
0 0.15384615384615385 0.09495192307692307 0.10096153846153846 0.056490384615384616
0 0.2548076923076923 0.10336538461538461 0.09375 0.055288461538461536
0 0.3485576923076923 0.09975961538461539 0.08774038461538461 0.06129807692307692
0 0.453125 0.09975961538461539 0.12139423076923077 0.05889423076923077
0 0.5769230769230769 0.09975961538461539 0.12620192307692307 0.06009615384615385
0 0.6826923076923077 0.0985576923076923 0.0829326923076923 0.06009615384615385
0 0.7536057692307693 0.08774038461538461 0.056490384615384616 0.07091346153846154
0 0.8173076923076923 0.09615384615384616 0.07091346153846154 0.056490384615384616
0 0.9014423076923077 0.09615384615384616 0.08774038461538461 0.055288461538461536
0 0.703125 0.22235576923076922 0.0889423076923077 0.054086538461538464
0 0.6153846153846154 0.2247596153846154 0.08413461538461539 0.05048076923076923