0 0.3581730769230769 0.30288461538461536 0.021634615384615384 0.07211538461538461
0 0.33052884615384615 0.30288461538461536 0.02283653846153846 0.06971153846153846
0 0.3870192307692308 0.30288461538461536 0.030048076923076924 0.07211538461538461
0 0.4266826923076923 0.30528846153846156 0.03245192307692308 0.07091346153846154
0 0.46634615384615385 0.3088942307692308 0.03485576923076923 0.07451923076923077
0 0.5084134615384616 0.3088942307692308 0.03485576923076923 0.07692307692307693
0 0.5504807692307693 0.31009615384615385 0.03485576923076923 0.078125
0 0.5889423076923077 0.3088942307692308 0.026442307692307692 0.07572115384615384
0 0.6334134615384616 0.3125 0.03365384615384615 0.08413461538461539
0 0.6778846153846154 0.3112980769230769 0.037259615384615384 0.08774038461538461
0 0.7223557692307693 0.3161057692307692 0.037259615384615384 0.08413461538461539
0 0.34615384615384615 0.8149038461538461 0.04447115384615385 0.05048076923076923
0 0.29447115384615385 0.8004807692307693 0.042067307692307696 0.04326923076923077
0 0.34134615384615385 0.7644230769230769 0.040865384615384616 0.038461538461538464
0 0.3016826923076923 0.3016826923076923 0.025240384615384616 0.07091346153846154
0 0.8786057692307693 0.3798076923076923 0.046875 0.08413461538461539
0 0.15504807692307693 0.41225961538461536 0.016826923076923076 0.036057692307692304
0 0.24879807692307693 0.3004807692307692 0.016826923076923076 0.0673076923076923
0 0.04567307692307692 0.39663461538461536 0.021634615384615384 0.04326923076923077
0 0.7740384615384616 0.3161057692307692 0.04326923076923077 0.08774038461538461
0 0.09735576923076923 0.35336538461538464 0.018028846153846152 0.042067307692307696
0 0.07091346153846154 0.34975961538461536 0.03125 0.04807692307692308
0 0.039663461538461536 0.3473557692307692 0.020432692307692308 0.046875
0 0.013221153846153846 0.3449519230769231 0.02283653846153846 0.04567307692307692
0 0.07091346153846154 0.4014423076923077 0.025240384615384616 0.04447115384615385
0 0.09495192307692307 0.2512019230769231 0.026442307692307692 0.09375
0 0.0625 0.25721153846153844 0.026442307692307692 0.07692307692307693
0 0.03365384615384615 0.25721153846153844 0.021634615384615384 0.07932692307692307
0 0.10817307692307693 0.1201923076923077 0.03125 0.09375
0 0.07451923076923077 0.12259615384615384 0.026442307692307692 0.09254807692307693
0 0.04927884615384615 0.12259615384615384 0.019230769230769232 0.09134615384615384
0 0.018028846153846152 0.12139423076923077 0.025240384615384616 0.09495192307692307
0 0.13701923076923078 0.2512019230769231 0.03125 0.09615384615384616
0 0.27163461538461536 0.29927884615384615 0.02403846153846154 0.06490384615384616
0 0.09975961538461539 0.4026442307692308 0.02283653846153846 0.04447115384615385
0 0.2920673076923077 0.7548076923076923 0.039663461538461536 0.038461538461538464
0 0.2247596153846154 0.2980769230769231 0.026442307692307692 0.06129807692307692
0 0.1971153846153846 0.29927884615384615 0.013221153846153846 0.06370192307692307
0 0.17668269230769232 0.2980769230769231 0.027644230769230768 0.06490384615384616
0 0.48197115384615385 0.4050480769230769 0.027644230769230768 0.07211538461538461
0 0.4543269230769231 0.4014423076923077 0.02283653846153846 0.07451923076923077
0 0.41586538461538464 0.40024038461538464 0.030048076923076924 0.07211538461538461
0 0.12980769230769232 0.4098557692307692 0.020432692307692308 0.03365384615384615
0 0.38100961538461536 0.39783653846153844 0.026442307692307692 0.07211538461538461
0 0.3161057692307692 0.38461538461538464 0.02283653846153846 0.04807692307692308
0 0.29086538461538464 0.3894230769230769 0.019230769230769232 0.052884615384615384
0 0.26322115384615385 0.3858173076923077 0.020432692307692308 0.051682692307692304
0 0.22596153846153846 0.3918269230769231 0.025240384615384616 0.051682692307692304
0 0.20072115384615385 0.38822115384615385 0.019230769230769232 0.052884615384615384
0 0.17548076923076922 0.3870192307692308 0.019230769230769232 0.055288461538461536
0 0.3473557692307692 0.3954326923076923 0.03245192307692308 0.06370192307692307
0 0.2439903846153846 0.7860576923076923 0.03485576923076923 0.04447115384615385
0 0.020432692307692308 0.39663461538461536 0.025240384615384616 0.04447115384615385
0 0.24639423076923078 0.7379807692307693 0.03485576923076923 0.03365384615384615
0 0.29447115384615385 0.20192307692307693 0.028846153846153848 0.07451923076923077
0 0.328125 0.20192307692307693 0.030048076923076924 0.07932692307692307
0 0.3786057692307692 0.19831730769230768 0.03125 0.07932692307692307
0 0.41466346153846156 0.19951923076923078 0.03125 0.08052884615384616
0 0.4495192307692308 0.19831730769230768 0.027644230769230768 0.08413461538461539
0 0.48677884615384615 0.19951923076923078 0.027644230769230768 0.08052884615384616
0 0.5216346153846154 0.19591346153846154 0.028846153846153848 0.08052884615384616
0 0.5588942307692307 0.1971153846153846 0.03365384615384615 0.08413461538461539
0 0.6021634615384616 0.19591346153846154 0.03365384615384615 0.08533653846153846
0 0.640625 0.1971153846153846 0.03365384615384615 0.08533653846153846
0 0.25961538461538464 0.21033653846153846 0.019230769230769232 0.054086538461538464
0 0.6862980769230769 0.19951923076923078 0.03365384615384615 0.08533653846153846
0 0.8100961538461539 0.19230769230769232 0.040865384615384616 0.09735576923076923
0 0.8581730769230769 0.19230769230769232 0.040865384615384616 0.09375
0 0.7271634615384616 0.20673076923076922 0.03245192307692308 0.06610576923076923
0 0.042067307692307696 0.48197115384615385 0.04326923076923077 0.07091346153846154
0 0.09495192307692307 0.484375 0.04807692307692308 0.0733173076923077
0 0.14783653846153846 0.49278846153846156 0.05048076923076923 0.07211538461538461
0 0.2403846153846154 0.48677884615384615 0.12740384615384615 0.04447115384615385
0 0.3401442307692308 0.4963942307692308 0.04567307692307692 0.052884615384615384
0 0.3942307692307692 0.5 0.05048076923076923 0.057692307692307696
0 0.453125 0.5072115384615384 0.056490384615384616 0.06129807692307692
0 0.765625 0.19471153846153846 0.03485576923076923 0.09254807692307693
0 0.234375 0.20793269230769232 0.021634615384615384 0.0625
0 0.19951923076923078 0.203125 0.028846153846153848 0.06850961538461539
0 0.16947115384615385 0.20192307692307693 0.02283653846153846 0.06971153846153846
0 0.19951923076923078 0.7752403846153846 0.040865384615384616 0.04447115384615385
0 0.9314903846153846 0.37740384615384615 0.04326923076923077 0.09014423076923077
0 0.9134615384615384 0.22355769230769232 0.04927884615384615 0.09375
0 0.96875 0.22355769230769232 0.052884615384615384 0.09735576923076923
0 0.8197115384615384 0.055288461538461536 0.04447115384615385 0.11057692307692307
0 0.8713942307692307 0.056490384615384616 0.04927884615384615 0.11177884615384616
0 0.9278846153846154 0.055288461538461536 0.04567307692307692 0.109375
0 0.9795673076923077 0.055288461538461536 0.039663461538461536 0.10817307692307693
0 0.1466346153846154 0.09615384615384616 0.021634615384615384 0.09134615384615384
0 0.17668269230769232 0.09375 0.020432692307692308 0.09375
0 0.21153846153846154 0.09735576923076923 0.025240384615384616 0.0829326923076923
0 0.24519230769230768 0.09254807692307693 0.027644230769230768 0.09134615384615384
0 0.2776442307692308 0.09975961538461539 0.02403846153846154 0.08052884615384616
0 0.30408653846153844 0.0985576923076923 0.021634615384615384 0.08052884615384616
0 0.3329326923076923 0.09375 0.02403846153846154 0.0829326923076923
0 0.3629807692307692 0.09014423076923077 0.026442307692307692 0.08533653846153846
0 0.4014423076923077 0.09254807692307693 0.03365384615384615 0.07692307692307693
0 0.4423076923076923 0.08533653846153846 0.03485576923076923 0.08413461538461539
0 0.48677884615384615 0.08533653846153846 0.036057692307692304 0.08653846153846154
0 0.5276442307692307 0.08173076923076923 0.038461538461538464 0.09014423076923077
0 0.5733173076923077 0.08052884615384616 0.042067307692307696 0.09014423076923077
0 0.6634615384615384 0.07091346153846154 0.04447115384615385 0.09014423076923077
0 0.7115384615384616 0.07091346153846154 0.038461538461538464 0.09495192307692307
0 0.5228365384615384 0.515625 0.06610576923076923 0.06490384615384616
0 0.5997596153846154 0.5264423076923077 0.07451923076923077 0.06370192307692307
0 0.7680288461538461 0.06610576923076923 0.040865384615384616 0.09254807692307693
0 0.7740384615384616 0.5456730769230769 0.08774038461538461 0.06971153846153846
0 0.33653846153846156 0.65625 0.04447115384615385 0.037259615384615384
0 0.3894230769230769 0.6670673076923077 0.046875 0.03485576923076923
0 0.28846153846153844 0.6947115384615384 0.04567307692307692 0.037259615384615384
0 0.33653846153846156 0.7007211538461539 0.038461538461538464 0.039663461538461536
0 0.38221153846153844 0.7151442307692307 0.04927884615384615 0.040865384615384616
0 0.44711538461538464 0.6766826923076923 0.054086538461538464 0.040865384615384616
0 0.44350961538461536 0.7283653846153846 0.06009615384615385 0.039663461538461536
0 0.5180288461538461 0.6983173076923077 0.06009615384615385 0.046875
0 0.5132211538461539 0.7463942307692307 0.05889423076923077 0.042067307692307696
0 0.6670673076923077 0.7283653846153846 0.07451923076923077 0.037259615384615384
0 0.28846153846153844 0.6490384615384616 0.04447115384615385 0.042067307692307696
0 0.5817307692307693 0.7608173076923077 0.0673076923076923 0.04447115384615385
0 0.7367788461538461 0.7944711538461539 0.078125 0.051682692307692304
0 0.8497596153846154 0.7872596153846154 0.12259615384615384 0.10817307692307693
0 0.9591346153846154 0.8209134615384616 0.08052884615384616 0.12259615384615384
0 0.7992788461538461 0.9134615384615384 0.11057692307692307 0.0985576923076923
0 0.9182692307692307 0.9399038461538461 0.11057692307692307 0.09975961538461539
0 0.6310096153846154 0.8870192307692307 0.18990384615384615 0.05048076923076923
0 0.45913461538461536 0.796875 0.16105769230769232 0.03485576923076923
0 0.45552884615384615 0.8425480769230769 0.15384615384615385 0.038461538461538464
0 0.6826923076923077 0.5360576923076923 0.07932692307692307 0.06490384615384616
0 0.19951923076923078 0.7283653846153846 0.039663461538461536 0.03125
0 0.6586538461538461 0.78125 0.07211538461538461 0.040865384615384616
0 0.24278846153846154 0.6826923076923077 0.040865384615384616 0.04807692307692308
0 0.5841346153846154 0.7067307692307693 0.06490384615384616 0.04326923076923077
0 0.06971153846153846 0.7283653846153846 0.039663461538461536 0.06370192307692307
0 0.515625 0.40865384615384615 0.03245192307692308 0.06971153846153846
0 0.5528846153846154 0.4110576923076923 0.03365384615384615 0.0733173076923077
0 0.1310096153846154 0.7391826923076923 0.06610576923076923 0.06850961538461539
0 0.5925480769230769 0.4170673076923077 0.038461538461538464 0.06971153846153846
0 0.6346153846153846 0.41586538461538464 0.040865384615384616 0.08173076923076923
0 0.6778846153846154 0.4182692307692308 0.040865384615384616 0.07692307692307693
0 0.7319711538461539 0.4230769230769231 0.042067307692307696 0.0829326923076923
0 0.7836538461538461 0.42908653846153844 0.04447115384615385 0.08173076923076923
0 0.9170673076923077 0.5108173076923077 0.16466346153846154 0.09735576923076923
0 0.9338942307692307 0.6574519230769231 0.078125 0.12740384615384615
0 0.23798076923076922 0.5733173076923077 0.12259615384615384 0.04567307692307692
0 0.3293269230769231 0.5877403846153846 0.040865384615384616 0.051682692307692304
0 0.8521634615384616 0.6442307692307693 0.06129807692307692 0.12379807692307693
0 0.09975961538461539 0.5817307692307693 0.025240384615384616 0.06971153846153846
0 0.4338942307692308 0.6045673076923077 0.04326923076923077 0.051682692307692304
0 0.49158653846153844 0.6117788461538461 0.054086538461538464 0.05889423076923077
0 0.5504807692307693 0.6262019230769231 0.04807692307692308 0.05048076923076923
0 0.609375 0.6346153846153846 0.055288461538461536 0.056490384615384616
0 0.6850961538461539 0.6466346153846154 0.08774038461538461 0.06129807692307692
0 0.01201923076923077 0.5673076923076923 0.02403846153846154 0.06610576923076923
0 0.04447115384615385 0.5697115384615384 0.014423076923076924 0.06490384615384616
0 0.07091346153846154 0.5745192307692307 0.025240384615384616 0.0673076923076923
0 0.38100961538461536 0.59375 0.037259615384615384 0.055288461538461536
0 0.02403846153846154 0.7151442307692307 0.04807692307692308 0.052884615384615384