0 0.8245192307692307 0.5264423076923077 0.12980769230769232 0.04927884615384615
0 0.9302884615384616 0.53125 0.056490384615384616 0.04927884615384615
0 0.1622596153846154 0.6189903846153846 0.040865384615384616 0.038461538461538464
0 0.1622596153846154 0.6574519230769231 0.04447115384615385 0.030048076923076924
0 0.21153846153846154 0.6262019230769231 0.054086538461538464 0.03485576923076923
0 0.21514423076923078 0.6670673076923077 0.054086538461538464 0.037259615384615384
0 0.2956730769230769 0.6129807692307693 0.07692307692307693 0.052884615384615384
0 0.3786057692307692 0.6141826923076923 0.08413461538461539 0.051682692307692304
0 0.47596153846153844 0.609375 0.109375 0.057692307692307696
0 0.19230769230769232 0.9050480769230769 0.0985576923076923 0.04447115384615385
0 0.3737980769230769 0.6634615384615384 0.07932692307692307 0.04326923076923077
0 0.9110576923076923 0.7536057692307693 0.052884615384615384 0.03365384615384615
0 0.9086538461538461 0.7860576923076923 0.040865384615384616 0.03245192307692308
0 0.0673076923076923 0.8665865384615384 0.0985576923076923 0.025240384615384616
0 0.06610576923076923 0.8942307692307693 0.08533653846153846 0.02403846153846154
0 0.07091346153846154 0.9194711538461539 0.0829326923076923 0.020432692307692308
0 0.18629807692307693 0.859375 0.09975961538461539 0.04326923076923077
0 0.29086538461538464 0.8545673076923077 0.0985576923076923 0.040865384615384616
0 0.9170673076923077 0.4723557692307692 0.06490384615384616 0.056490384615384616
0 0.28966346153846156 0.9026442307692307 0.09375 0.05048076923076923
0 0.39302884615384615 0.9002403846153846 0.09975961538461539 0.04927884615384615
0 0.5036057692307693 0.8521634615384616 0.09735576923076923 0.04326923076923077
0 0.5048076923076923 0.8966346153846154 0.10336538461538461 0.040865384615384616
0 0.6021634615384616 0.8545673076923077 0.08173076923076923 0.046875
0 0.6935096153846154 0.8521634615384616 0.09134615384615384 0.042067307692307696
0 0.7908653846153846 0.8509615384615384 0.09134615384615384 0.042067307692307696
0 0.8882211538461539 0.8533653846153846 0.0985576923076923 0.04326923076923077
0 0.6033653846153846 0.8990384615384616 0.07932692307692307 0.037259615384615384
0 0.6923076923076923 0.8978365384615384 0.09254807692307693 0.038461538461538464
0 0.7872596153846154 0.8954326923076923 0.07932692307692307 0.038461538461538464
0 0.8485576923076923 0.7848557692307693 0.054086538461538464 0.03365384615384615
0 0.8485576923076923 0.7524038461538461 0.057692307692307696 0.03245192307692308
0 0.7836538461538461 0.7896634615384616 0.056490384615384616 0.03245192307692308
0 0.7824519230769231 0.7536057692307693 0.0625 0.037259615384615384
0 0.4699519230769231 0.6610576923076923 0.1045673076923077 0.039663461538461536
0 0.5637019230769231 0.6598557692307693 0.06490384615384616 0.039663461538461536
0 0.5745192307692307 0.6117788461538461 0.07211538461538461 0.05048076923076923
0 0.6502403846153846 0.6045673076923077 0.0625 0.04567307692307692
0 0.6538461538461539 0.6586538461538461 0.08052884615384616 0.05048076923076923
0 0.7800480769230769 0.6466346153846154 0.14543269230769232 0.04927884615384615
0 0.8942307692307693 0.6298076923076923 0.04567307692307692 0.03365384615384615
0 0.8990384615384616 0.6634615384615384 0.05048076923076923 0.030048076923076924
0 0.06490384615384616 0.7403846153846154 0.08052884615384616 0.046875
0 0.2956730769230769 0.6634615384615384 0.078125 0.04447115384615385
0 0.0733173076923077 0.7896634615384616 0.07451923076923077 0.04447115384615385
0 0.140625 0.7596153846153846 0.06009615384615385 0.03485576923076923
0 0.20552884615384615 0.7608173076923077 0.06129807692307692 0.038461538461538464
0 0.21153846153846154 0.7956730769230769 0.05889423076923077 0.030048076923076924
0 0.32211538461538464 0.7800480769230769 0.14783653846153846 0.052884615384615384
0 0.46033653846153844 0.7536057692307693 0.12259615384615384 0.04807692307692308
0 0.6009615384615384 0.7355769230769231 0.08533653846153846 0.042067307692307696
0 0.5997596153846154 0.78125 0.07932692307692307 0.040865384615384616
0 0.6935096153846154 0.7319711538461539 0.09134615384615384 0.042067307692307696
0 0.6887019230769231 0.7764423076923077 0.09254807692307693 0.04567307692307692
0 0.1466346153846154 0.7956730769230769 0.0673076923076923 0.03245192307692308
0 0.8209134615384616 0.4699519230769231 0.0889423076923077 0.04927884615384615
0 0.020432692307692308 0.49158653846153844 0.040865384615384616 0.042067307692307696
0 0.7043269230769231 0.5288461538461539 0.08774038461538461 0.054086538461538464
0 0.203125 0.35096153846153844 0.052884615384615384 0.03365384615384615
0 0.14783653846153846 0.39302884615384615 0.054086538461538464 0.040865384615384616
0 0.02283653846153846 0.22596153846153846 0.04447115384615385 0.040865384615384616
0 0.027644230769230768 0.27403846153846156 0.04807692307692308 0.04326923076923077
0 0.09254807692307693 0.234375 0.06370192307692307 0.040865384615384616
0 0.171875 0.18509615384615385 0.06490384615384616 0.028846153846153848
0 0.17307692307692307 0.234375 0.0733173076923077 0.039663461538461536
0 0.09254807692307693 0.27884615384615385 0.07572115384615384 0.037259615384615384
0 0.17668269230769232 0.2776442307692308 0.07932692307692307 0.040865384615384616
0 0.30649038461538464 0.20673076923076922 0.14423076923076922 0.08653846153846154
0 0.3016826923076923 0.27884615384615385 0.14302884615384615 0.04807692307692308
0 0.4266826923076923 0.18389423076923078 0.08653846153846154 0.019230769230769232
0 0.4375 0.21995192307692307 0.09134615384615384 0.04567307692307692
0 0.43509615384615385 0.27403846153846156 0.0889423076923077 0.06009615384615385
0 0.5384615384615384 0.17548076923076922 0.0829326923076923 0.03245192307692308
0 0.7379807692307693 0.14783653846153846 0.1875 0.02283653846153846
0 0.5396634615384616 0.21634615384615385 0.08533653846153846 0.046875
0 0.5420673076923077 0.27163461538461536 0.08052884615384616 0.057692307692307696
0 0.6189903846153846 0.27403846153846156 0.06971153846153846 0.04807692307692308
0 0.6117788461538461 0.21995192307692307 0.052884615384615384 0.051682692307692304
0 0.6141826923076923 0.17908653846153846 0.055288461538461536 0.027644230769230768
0 0.6862980769230769 0.21514423076923078 0.07932692307692307 0.056490384615384616
0 0.7487980769230769 0.17067307692307693 0.19230769230769232 0.018028846153846152
0 0.7848557692307693 0.21153846153846154 0.10817307692307693 0.057692307692307696
0 0.7091346153846154 0.27403846153846156 0.09014423076923077 0.057692307692307696
0 0.8076923076923077 0.27283653846153844 0.1045673076923077 0.057692307692307696
0 0.9194711538461539 0.1971153846153846 0.08533653846153846 0.042067307692307696
0 0.9122596153846154 0.2403846153846154 0.09975961538461539 0.040865384615384616
0 0.9098557692307693 0.2824519230769231 0.09375 0.040865384615384616
0 0.2608173076923077 0.35336538461538464 0.06009615384615385 0.03245192307692308
0 0.7307692307692307 0.4723557692307692 0.07932692307692307 0.055288461538461536
0 0.37259615384615385 0.3449519230769231 0.14423076923076922 0.026442307692307692
0 0.21153846153846154 0.39663461538461536 0.06610576923076923 0.051682692307692304
0 0.6201923076923077 0.5288461538461539 0.0733173076923077 0.05048076923076923
0 0.5372596153846154 0.5324519230769231 0.07932692307692307 0.051682692307692304
0 0.6225961538461539 0.47596153846153844 0.07572115384615384 0.039663461538461536
0 0.5372596153846154 0.47716346153846156 0.07692307692307693 0.054086538461538464
0 0.4567307692307692 0.53125 0.07572115384615384 0.04807692307692308
0 0.3713942307692308 0.5324519230769231 0.078125 0.04807692307692308
0 0.28846153846153844 0.5336538461538461 0.08173076923076923 0.046875
0 0.46033653846153844 0.4795673076923077 0.07211538461538461 0.05048076923076923
0 0.375 0.4807692307692308 0.08533653846153846 0.046875
0 0.28365384615384615 0.4831730769230769 0.0829326923076923 0.05048076923076923
0 0.21033653846153846 0.5396634615384616 0.06850961538461539 0.03365384615384615
0 0.20192307692307693 0.5012019230769231 0.06009615384615385 0.03485576923076923
0 0.140625 0.5384615384615384 0.0673076923076923 0.039663461538461536
0 0.14543269230769232 0.49158653846153844 0.046875 0.04326923076923077
0 0.078125 0.5336538461538461 0.05048076923076923 0.040865384615384616
0 0.026442307692307692 0.5336538461538461 0.05048076923076923 0.040865384615384616
0 0.07211538461538461 0.49038461538461536 0.06610576923076923 0.03485576923076923
0 0.8834134615384616 0.8990384615384616 0.0889423076923077 0.039663461538461536
0 0.9074519230769231 0.390625 0.171875 0.05048076923076923
0 0.9086538461538461 0.3449519230769231 0.16706730769230768 0.028846153846153848
0 0.7632211538461539 0.3557692307692308 0.10096153846153846 0.015625
0 0.7692307692307693 0.33774038461538464 0.09615384615384616 0.016826923076923076
0 0.7620192307692307 0.3942307692307692 0.0985576923076923 0.051682692307692304
0 0.6514423076923077 0.39302884615384615 0.12139423076923077 0.056490384615384616
0 0.6526442307692307 0.3545673076923077 0.109375 0.016826923076923076
0 0.6538461538461539 0.33653846153846156 0.10216346153846154 0.019230769230769232
0 0.5180288461538461 0.3918269230769231 0.13701923076923078 0.05889423076923077
0 0.375 0.3918269230769231 0.14182692307692307 0.05889423076923077
0 0.27524038461538464 0.39663461538461536 0.055288461538461536 0.055288461538461536
0 0.5180288461538461 0.3449519230769231 0.13341346153846154 0.030048076923076924
0 0.042067307692307696 0.3473557692307692 0.06971153846153846 0.042067307692307696
0 0.03245192307692308 0.39663461538461536 0.06370192307692307 0.04447115384615385