0 0.6754807692307693 0.7728365384615384 0.09014423076923077 0.051682692307692304
0 0.5901442307692307 0.7848557692307693 0.07572115384615384 0.07572115384615384
0 0.5901442307692307 0.7391826923076923 0.07572115384615384 0.01201923076923077
0 0.5901442307692307 0.7295673076923077 0.07572115384615384 0.008413461538461538
0 0.5901442307692307 0.7199519230769231 0.07572115384615384 0.008413461538461538
0 0.5913461538461539 0.7103365384615384 0.07692307692307693 0.009615384615384616
0 0.53125 0.7704326923076923 0.040865384615384616 0.09975961538461539
0 0.6754807692307693 0.7427884615384616 0.09134615384615384 0.008413461538461538
0 0.0829326923076923 0.22596153846153846 0.051682692307692304 0.06009615384615385
0 0.6754807692307693 0.7259615384615384 0.09134615384615384 0.008413461538461538
0 0.7548076923076923 0.7764423076923077 0.052884615384615384 0.10096153846153846
0 0.8173076923076923 0.7848557692307693 0.06610576923076923 0.09975961538461539
0 0.8822115384615384 0.7872596153846154 0.06129807692307692 0.10216346153846154
0 0.9399038461538461 0.7872596153846154 0.054086538461538464 0.11057692307692307
0 0.9831730769230769 0.7704326923076923 0.03245192307692308 0.07572115384615384
0 0.028846153846153848 0.22596153846153846 0.051682692307692304 0.06009615384615385
0 0.49158653846153844 0.765625 0.038461538461538464 0.09975961538461539
0 0.6754807692307693 0.734375 0.09134615384615384 0.008413461538461538
0 0.46274038461538464 0.7355769230769231 0.021634615384615384 0.051682692307692304
0 0.18389423076923078 0.5973557692307693 0.016826923076923076 0.03365384615384615
0 0.3161057692307692 0.7163461538461539 0.07451923076923077 0.007211538461538462
0 0.6009615384615384 0.5012019230769231 0.04567307692307692 0.09735576923076923
0 0.5540865384615384 0.5048076923076923 0.04567307692307692 0.09735576923076923
0 0.5084134615384616 0.5108173076923077 0.04567307692307692 0.07932692307692307
0 0.4338942307692308 0.5300480769230769 0.03365384615384615 0.04447115384615385
0 0.3942307692307692 0.5108173076923077 0.046875 0.08173076923076923
0 0.33413461538461536 0.5012019230769231 0.055288461538461536 0.09375
0 0.28725961538461536 0.5204326923076923 0.036057692307692304 0.052884615384615384
0 0.25240384615384615 0.5012019230769231 0.03245192307692308 0.08533653846153846
0 0.21033653846153846 0.5132211538461539 0.052884615384615384 0.06129807692307692
0 0.15504807692307693 0.5132211538461539 0.055288461538461536 0.05889423076923077
0 0.09975961538461539 0.515625 0.055288461538461536 0.055288461538461536
0 0.05048076923076923 0.5180288461538461 0.037259615384615384 0.04927884615384615
0 0.015625 0.5120192307692307 0.03125 0.057692307692307696
0 0.984375 0.4206730769230769 0.026442307692307692 0.11538461538461539
0 0.6430288461538461 0.5048076923076923 0.03485576923076923 0.09735576923076923
0 0.9423076923076923 0.4230769230769231 0.052884615384615384 0.11057692307692307
0 0.8401442307692307 0.4230769230769231 0.037259615384615384 0.11177884615384616
0 0.7872596153846154 0.4254807692307692 0.04807692307692308 0.10336538461538461
0 0.7355769230769231 0.4206730769230769 0.046875 0.10817307692307693
0 0.6923076923076923 0.39302884615384615 0.02283653846153846 0.07211538461538461
0 0.671875 0.3894230769230769 0.016826923076923076 0.078125
0 0.65625 0.390625 0.010817307692307692 0.07692307692307693
0 0.6466346153846154 0.3894230769230769 0.008413461538461538 0.07692307692307693
0 0.6322115384615384 0.3894230769230769 0.018028846153846152 0.07932692307692307
0 0.6141826923076923 0.3894230769230769 0.018028846153846152 0.07932692307692307
0 0.5925480769230769 0.3918269230769231 0.020432692307692308 0.07211538461538461
0 0.5528846153846154 0.40384615384615385 0.054086538461538464 0.05048076923076923
0 0.4987980769230769 0.4014423076923077 0.04927884615384615 0.051682692307692304
0 0.3545673076923077 0.39903846153846156 0.018028846153846152 0.04807692307692308
0 0.3173076923076923 0.4026442307692308 0.057692307692307696 0.04927884615384615
0 0.8846153846153846 0.4206730769230769 0.042067307692307696 0.11057692307692307
0 0.6754807692307693 0.5084134615384616 0.030048076923076924 0.09014423076923077
0 0.7019230769230769 0.5180288461538461 0.019230769230769232 0.06971153846153846
0 0.7379807692307693 0.546875 0.05048076923076923 0.10216346153846154
0 0.31971153846153844 0.7079326923076923 0.07692307692307693 0.007211538461538462
0 0.8401442307692307 0.6622596153846154 0.05048076923076923 0.08653846153846154
0 0.4266826923076923 0.609375 0.016826923076923076 0.0889423076923077
0 0.234375 0.6622596153846154 0.030048076923076924 0.037259615384615384
0 0.18629807692307693 0.6694711538461539 0.030048076923076924 0.037259615384615384
0 0.15865384615384615 0.6634615384615384 0.02403846153846154 0.042067307692307696
0 0.12980769230769232 0.6634615384615384 0.03245192307692308 0.042067307692307696
0 0.0673076923076923 0.6526442307692307 0.09134615384615384 0.04567307692307692
0 0.6911057692307693 0.6322115384615384 0.04326923076923077 0.11778846153846154
0 0.6442307692307693 0.6322115384615384 0.04447115384615385 0.11778846153846154
0 0.6009615384615384 0.6358173076923077 0.04326923076923077 0.109375
0 0.5528846153846154 0.6394230769230769 0.052884615384615384 0.10336538461538461
0 0.5 0.6310096153846154 0.052884615384615384 0.10576923076923077
0 0.453125 0.6298076923076923 0.036057692307692304 0.10817307692307693
0 0.40384615384615385 0.6129807692307693 0.015625 0.09254807692307693
0 0.3762019230769231 0.6237980769230769 0.04326923076923077 0.10697115384615384
0 0.33413461538461536 0.6346153846153846 0.038461538461538464 0.07211538461538461
0 0.8377403846153846 0.5456730769230769 0.05048076923076923 0.10096153846153846
0 0.8942307692307693 0.5516826923076923 0.0625 0.1045673076923077
0 0.9459134615384616 0.546875 0.040865384615384616 0.09495192307692307
0 0.9819711538461539 0.5552884615384616 0.03125 0.10096153846153846
0 0.021634615384615384 0.5949519230769231 0.018028846153846152 0.03485576923076923
0 0.040865384615384616 0.5961538461538461 0.018028846153846152 0.03485576923076923
0 0.25841346153846156 0.4026442307692308 0.056490384615384616 0.054086538461538464
0 0.06971153846153846 0.5961538461538461 0.018028846153846152 0.03365384615384615
0 0.10697115384615384 0.5973557692307693 0.018028846153846152 0.03245192307692308
0 0.1346153846153846 0.5949519230769231 0.018028846153846152 0.03365384615384615
0 0.15384615384615385 0.5949519230769231 0.018028846153846152 0.03365384615384615
0 0.16947115384615385 0.5961538461538461 0.01201923076923077 0.03245192307692308
0 0.2091346153846154 0.6009615384615384 0.016826923076923076 0.03365384615384615
0 0.2824519230769231 0.6346153846153846 0.03485576923076923 0.054086538461538464
0 0.0889423076923077 0.5949519230769231 0.018028846153846152 0.03245192307692308
0 0.9074519230769231 0.6478365384615384 0.04927884615384615 0.04927884615384615
0 0.44591346153846156 0.39783653846153844 0.04447115384615385 0.056490384615384616
0 0.037259615384615384 0.4170673076923077 0.021634615384615384 0.0733173076923077
0 0.7115384615384616 0.21754807692307693 0.056490384615384616 0.06370192307692307
0 0.6586538461538461 0.22355769230769232 0.04807692307692308 0.052884615384615384
0 0.109375 0.4206730769230769 0.11658653846153846 0.06490384615384616
0 0.6033653846153846 0.15985576923076922 0.06009615384615385 0.054086538461538464
0 0.5396634615384616 0.21153846153846154 0.06490384615384616 0.07932692307692307
0 0.47716346153846156 0.2283653846153846 0.057692307692307696 0.05048076923076923
0 0.421875 0.22235576923076922 0.056490384615384616 0.06009615384615385
0 0.36538461538461536 0.2247596153846154 0.057692307692307696 0.055288461538461536
0 0.31850961538461536 0.234375 0.03365384615384615 0.039663461538461536
0 0.28365384615384615 0.23317307692307693 0.03365384615384615 0.038461538461538464
0 0.2512019230769231 0.23677884615384615 0.027644230769230768 0.036057692307692304
0 0.22355769230769232 0.23557692307692307 0.027644230769230768 0.039663461538461536
0 0.18629807692307693 0.234375 0.027644230769230768 0.039663461538461536
0 0.15625 0.23557692307692307 0.027644230769230768 0.039663461538461536
0 0.11538461538461539 0.23677884615384615 0.013221153846153846 0.039663461538461536
0 0.9759615384615384 0.6670673076923077 0.04567307692307692 0.08653846153846154
0 0.9423076923076923 0.6478365384615384 0.020432692307692308 0.04807692307692308
0 0.3088942307692308 0.7247596153846154 0.07451923076923077 0.007211538461538462
0 0.30649038461538464 0.7319711538461539 0.0733173076923077 0.006009615384615385
0 0.41346153846153844 0.7043269230769231 0.09254807692307693 0.008413461538461538
0 0.4050480769230769 0.7139423076923077 0.09254807692307693 0.008413461538461538
0 0.39783653846153844 0.7223557692307693 0.09254807692307693 0.008413461538461538
0 0.390625 0.7331730769230769 0.0889423076923077 0.009615384615384616
0 0.7728365384615384 0.21754807692307693 0.0625 0.06610576923076923
0 0.3870192307692308 0.7439903846153846 0.0829326923076923 0.013221153846153846
0 0.30649038461538464 0.7584134615384616 0.07451923076923077 0.04447115384615385
0 0.24519230769230768 0.7319711538461539 0.04807692307692308 0.08173076923076923
0 0.18509615384615385 0.7560096153846154 0.04807692307692308 0.08173076923076923
0 0.13221153846153846 0.7608173076923077 0.04807692307692308 0.08173076923076923
0 0.07451923076923077 0.7451923076923077 0.05048076923076923 0.07932692307692307
0 0.020432692307692308 0.7536057692307693 0.040865384615384616 0.09375
0 0.38461538461538464 0.7824519230769231 0.08052884615384616 0.0625
0 0.8305288461538461 0.1935096153846154 0.05048076923076923 0.11177884615384616
0 0.6045673076923077 0.21875 0.05889423076923077 0.06370192307692307
0 0.9194711538461539 0.18629807692307693 0.036057692307692304 0.12139423076923077
0 0.01201923076923077 0.4170673076923077 0.02403846153846154 0.07211538461538461
0 0.9375 0.3125 0.04326923076923077 0.07451923076923077
0 0.8894230769230769 0.3137019230769231 0.04567307692307692 0.07451923076923077
0 0.8112980769230769 0.31009615384615385 0.04567307692307692 0.07451923076923077
0 0.7548076923076923 0.3173076923076923 0.039663461538461536 0.06610576923076923
0 0.036057692307692304 0.3173076923076923 0.009615384615384616 0.013221153846153846
0 0.025240384615384616 0.3173076923076923 0.008413461538461538 0.013221153846153846
0 0.036057692307692304 0.33653846153846156 0.027644230769230768 0.026442307692307692
0 0.6887019230769231 0.3088942307692308 0.042067307692307696 0.04807692307692308
0 0.6478365384615384 0.30408653846153844 0.038461538461538464 0.055288461538461536
0 0.8774038461538461 0.1935096153846154 0.042067307692307696 0.11177884615384616
0 0.5673076923076923 0.31009615384615385 0.04326923076923077 0.04447115384615385
0 0.5240384615384616 0.3088942307692308 0.038461538461538464 0.04567307692307692
0 0.4855769230769231 0.3088942307692308 0.038461538461538464 0.04567307692307692
0 0.41346153846153844 0.30528846153846156 0.019230769230769232 0.051682692307692304
0 0.6105769230769231 0.3088942307692308 0.036057692307692304 0.04927884615384615
0 0.38100961538461536 0.30528846153846156 0.026442307692307692 0.051682692307692304
0 0.9579326923076923 0.18269230769230768 0.036057692307692304 0.12980769230769232
0 0.9891826923076923 0.19230769230769232 0.020432692307692308 0.11298076923076923
0 0.4375 0.30528846153846156 0.026442307692307692 0.051682692307692304
0 0.009615384615384616 0.33774038461538464 0.019230769230769232 0.055288461538461536
0 0.06850961538461539 0.33653846153846156 0.036057692307692304 0.055288461538461536
0 0.14903846153846154 0.3329326923076923 0.0625 0.06370192307692307
0 0.09735576923076923 0.33774038461538464 0.019230769230769232 0.054086538461538464
0 0.2403846153846154 0.30649038461538464 0.026442307692307692 0.051682692307692304
0 0.2668269230769231 0.30649038461538464 0.026442307692307692 0.051682692307692304
0 0.29927884615384615 0.30528846153846156 0.026442307692307692 0.051682692307692304
0 0.32572115384615385 0.30528846153846156 0.026442307692307692 0.051682692307692304
0 0.3545673076923077 0.30408653846153844 0.026442307692307692 0.051682692307692304
0 0.39903846153846156 0.39783653846153844 0.04447115384615385 0.056490384615384616
0 0.19951923076923078 0.3317307692307692 0.038461538461538464 0.06370192307692307