0 0.3858173076923077 0.7728365384615384 0.07572115384615384 0.037259615384615384
0 0.6730769230769231 0.46274038461538464 0.046875 0.056490384615384616
0 0.6742788461538461 0.4182692307692308 0.055288461538461536 0.028846153846153848
0 0.6237980769230769 0.4579326923076923 0.040865384615384616 0.06490384615384616
0 0.5673076923076923 0.4483173076923077 0.06971153846153846 0.0889423076923077
0 0.5108173076923077 0.46153846153846156 0.037259615384615384 0.06009615384615385
0 0.9627403846153846 0.3557692307692308 0.0673076923076923 0.06370192307692307
0 0.8269230769230769 0.3485576923076923 0.06610576923076923 0.08173076923076923
0 0.7680288461538461 0.3545673076923077 0.05048076923076923 0.07091346153846154
0 0.7043269230769231 0.3473557692307692 0.07211538461538461 0.07932692307692307
0 0.6418269230769231 0.35697115384615385 0.046875 0.06850961538461539
0 0.5841346153846154 0.34975961538461536 0.06610576923076923 0.08413461538461539
0 0.5168269230769231 0.35096153846153844 0.0673076923076923 0.08533653846153846
0 0.4495192307692308 0.35216346153846156 0.0673076923076923 0.08533653846153846
0 0.4543269230769231 0.4495192307692308 0.06850961538461539 0.08774038461538461
0 0.36899038461538464 0.453125 0.07932692307692307 0.038461538461538464
0 0.36778846153846156 0.41346153846153844 0.078125 0.039663461538461536
0 0.26802884615384615 0.4338942307692308 0.109375 0.0829326923076923
0 0.44471153846153844 0.2668269230769231 0.054086538461538464 0.07091346153846154
0 0.5576923076923077 0.2620192307692308 0.055288461538461536 0.078125
0 0.6117788461538461 0.2620192307692308 0.05048076923076923 0.08173076923076923
0 0.6610576923076923 0.25961538461538464 0.04567307692307692 0.08653846153846154
0 0.7151442307692307 0.25961538461538464 0.04927884615384615 0.07932692307692307
0 0.7668269230769231 0.25721153846153844 0.052884615384615384 0.0829326923076923
0 0.7872596153846154 0.4579326923076923 0.05048076923076923 0.06610576923076923
0 0.8245192307692307 0.25841346153846156 0.052884615384615384 0.078125
0 0.9290865384615384 0.25961538461538464 0.054086538461538464 0.07211538461538461
0 0.9783653846153846 0.23918269230769232 0.038461538461538464 0.03365384615384615
0 0.9783653846153846 0.27524038461538464 0.038461538461538464 0.03365384615384615
0 0.052884615384615384 0.43509615384615385 0.10576923076923077 0.08052884615384616
0 0.15504807692307693 0.35216346153846156 0.11538461538461539 0.08052884615384616
0 0.15865384615384615 0.43509615384615385 0.10336538461538461 0.08413461538461539
0 0.8762019230769231 0.25841346153846156 0.04447115384615385 0.07451923076923077
0 0.8545673076923077 0.4519230769230769 0.06850961538461539 0.0733173076923077
0 0.9771634615384616 0.4423076923076923 0.040865384615384616 0.09615384615384616
0 0.057692307692307696 0.5336538461538461 0.11538461538461539 0.0733173076923077
0 0.27163461538461536 0.859375 0.11177884615384616 0.05048076923076923
0 0.36899038461538464 0.9026442307692307 0.07451923076923077 0.040865384615384616
0 0.3942307692307692 0.8605769230769231 0.042067307692307696 0.039663461538461536
0 0.46875 0.8257211538461539 0.07451923076923077 0.04807692307692308
0 0.8149038461538461 0.8798076923076923 0.04447115384615385 0.07572115384615384
0 0.8605769230769231 0.8822115384615384 0.03365384615384615 0.07572115384615384
0 0.12259615384615384 0.8930288461538461 0.16105769230769232 0.057692307692307696
0 0.8942307692307693 0.8641826923076923 0.030048076923076924 0.07211538461538461
0 0.9759615384615384 0.8786057692307693 0.04326923076923077 0.07932692307692307
0 0.8798076923076923 0.15865384615384615 0.04567307692307692 0.042067307692307696
0 0.9350961538461539 0.10096153846153846 0.06850961538461539 0.030048076923076924
0 0.9375 0.13341346153846154 0.0625 0.025240384615384616
0 0.9362980769230769 0.1622596153846154 0.06009615384615385 0.030048076923076924
0 0.9314903846153846 0.75 0.03365384615384615 0.040865384615384616
0 0.9278846153846154 0.8641826923076923 0.036057692307692304 0.07211538461538461
0 0.3713942307692308 0.2776442307692308 0.08413461538461539 0.04447115384615385
0 0.09615384615384616 0.7956730769230769 0.1141826923076923 0.0673076923076923
0 0.30288461538461536 0.6213942307692307 0.12139423076923077 0.07692307692307693
0 0.17307692307692307 0.5336538461538461 0.11538461538461539 0.07932692307692307
0 0.3954326923076923 0.5492788461538461 0.08413461538461539 0.042067307692307696
0 0.3112980769230769 0.515625 0.08052884615384616 0.0733173076923077
0 0.49278846153846156 0.5757211538461539 0.051682692307692304 0.08173076923076923
0 0.546875 0.5733173076923077 0.04927884615384615 0.09014423076923077
0 0.5961538461538461 0.5721153846153846 0.039663461538461536 0.09134615384615384
0 0.019230769230769232 0.7992788461538461 0.038461538461538464 0.054086538461538464
0 0.6466346153846154 0.5757211538461539 0.056490384615384616 0.08173076923076923
0 0.7752403846153846 0.5757211538461539 0.057692307692307696 0.08413461538461539
0 0.8257211538461539 0.5709134615384616 0.038461538461538464 0.08052884615384616
0 0.9158653846153846 0.5697115384615384 0.04807692307692308 0.07572115384615384
0 0.9807692307692307 0.5733173076923077 0.037259615384615384 0.08533653846153846
0 0.06009615384615385 0.6237980769230769 0.1201923076923077 0.07932692307692307
0 0.1814903846153846 0.6225961538461539 0.11899038461538461 0.07572115384615384
0 0.7115384615384616 0.5733173076923077 0.06610576923076923 0.08413461538461539
0 0.23557692307692307 0.27884615384615385 0.08533653846153846 0.04567307692307692
0 0.7307692307692307 0.44591346153846156 0.054086538461538464 0.08774038461538461
0 0.08173076923076923 0.23677884615384615 0.0889423076923077 0.037259615384615384
0 0.15625 0.7091346153846154 0.1201923076923077 0.07451923076923077
0 0.2764423076923077 0.7055288461538461 0.11298076923076923 0.07572115384615384
0 0.375 0.7259615384615384 0.078125 0.04447115384615385
0 0.4495192307692308 0.6766826923076923 0.040865384615384616 0.09615384615384616
0 0.5384615384615384 0.6766826923076923 0.038461538461538464 0.09615384615384616
0 0.6177884615384616 0.6814903846153846 0.030048076923076924 0.07572115384615384
0 0.6502403846153846 0.6826923076923077 0.028846153846153848 0.07572115384615384
0 0.6802884615384616 0.6814903846153846 0.026442307692307692 0.07692307692307693
0 0.7115384615384616 0.6826923076923077 0.03245192307692308 0.07572115384615384
0 0.7451923076923077 0.6814903846153846 0.030048076923076924 0.07692307692307693
0 0.78125 0.6766826923076923 0.036057692307692304 0.08413461538461539
0 0.04567307692307692 0.7091346153846154 0.09134615384615384 0.07091346153846154
0 0.1502403846153846 0.2776442307692308 0.07932692307692307 0.04326923076923077
0 0.9194711538461539 0.6814903846153846 0.039663461538461536 0.08413461538461539
0 0.96875 0.6802884615384616 0.046875 0.09014423076923077
0 0.45913461538461536 0.7692307692307693 0.06370192307692307 0.057692307692307696
0 0.5432692307692307 0.7668269230769231 0.10336538461538461 0.055288461538461536
0 0.6274038461538461 0.7463942307692307 0.06009615384615385 0.040865384615384616
0 0.7235576923076923 0.7740384615384616 0.10576923076923077 0.06009615384615385
0 0.8004807692307693 0.7584134615384616 0.04807692307692308 0.054086538461538464
0 0.8737980769230769 0.7752403846153846 0.08052884615384616 0.052884615384615384
0 0.19230769230769232 0.8100961538461539 0.07211538461538461 0.039663461538461536
0 0.28846153846153844 0.7932692307692307 0.11658653846153846 0.06850961538461539
0 0.3870192307692308 0.8125 0.07692307692307693 0.038461538461538464
0 0.8665865384615384 0.6826923076923077 0.040865384615384616 0.08173076923076923
0 0.3954326923076923 0.6358173076923077 0.05889423076923077 0.046875
0 0.8233173076923077 0.6766826923076923 0.040865384615384616 0.09014423076923077
0 0.039663461538461536 0.171875 0.06850961538461539 0.030048076923076924
0 0.1045673076923077 0.15625 0.054086538461538464 0.05889423076923077
0 0.14903846153846154 0.1502403846153846 0.03485576923076923 0.0733173076923077
0 0.20432692307692307 0.14903846153846154 0.0733173076923077 0.07932692307692307
0 0.2692307692307692 0.12860576923076922 0.055288461538461536 0.054086538461538464
0 0.6766826923076923 0.1502403846153846 0.03485576923076923 0.055288461538461536
0 0.7199519230769231 0.12379807692307693 0.04927884615384615 0.03365384615384615
0 0.6213942307692307 0.16706730769230768 0.0673076923076923 0.025240384615384616
0 0.6189903846153846 0.13701923076923078 0.07572115384615384 0.027644230769230768
0 0.5432692307692307 0.171875 0.078125 0.028846153846153848
0 0.5432692307692307 0.1466346153846154 0.06971153846153846 0.020432692307692308
0 0.5432692307692307 0.11778846153846154 0.06610576923076923 0.03485576923076923
0 0.2704326923076923 0.17067307692307693 0.056490384615384616 0.028846153846153848
0 0.32572115384615385 0.15384615384615385 0.04927884615384615 0.06370192307692307
0 0.39302884615384615 0.16346153846153846 0.0625 0.040865384615384616
0 0.6225961538461539 0.10817307692307693 0.07572115384615384 0.026442307692307692
0 0.4651442307692308 0.15144230769230768 0.07572115384615384 0.07091346153846154
0 0.040865384615384616 0.14302884615384615 0.06610576923076923 0.02283653846153846
0 0.46634615384615385 0.078125 0.078125 0.07091346153846154
0 0.71875 0.16346153846153846 0.04807692307692308 0.039663461538461536
0 0.7740384615384616 0.15504807692307693 0.056490384615384616 0.05048076923076923
0 0.8293269230769231 0.15264423076923078 0.04927884615384615 0.0625
0 0.06490384615384616 0.27884615384615385 0.0889423076923077 0.04447115384615385
0 0.042067307692307696 0.1201923076923077 0.0673076923076923 0.016826923076923076