0 0.4675480769230769 0.12620192307692307 0.040865384615384616 0.17668269230769232
0 0.4987980769230769 0.15985576923076922 0.018028846153846152 0.09735576923076923
0 0.5216346153846154 0.11778846153846154 0.026442307692307692 0.18028846153846154
0 0.546875 0.16466346153846154 0.021634615384615384 0.07211538461538461
0 0.5733173076923077 0.12860576923076922 0.027644230769230768 0.06009615384615385
0 0.640625 0.10697115384615384 0.03485576923076923 0.054086538461538464
0 0.6069711538461539 0.052884615384615384 0.036057692307692304 0.05048076923076923
0 0.6045673076923077 0.11899038461538461 0.028846153846153848 0.04807692307692308
0 0.6045673076923077 0.171875 0.03245192307692308 0.051682692307692304
0 0.640625 0.1658653846153846 0.03485576923076923 0.0625
0 0.4326923076923077 0.14423076923076922 0.027644230769230768 0.14423076923076922
0 0.5733173076923077 0.1814903846153846 0.027644230769230768 0.04326923076923077
0 0.4050480769230769 0.14783653846153846 0.026442307692307692 0.140625
0 0.0829326923076923 0.20432692307692307 0.052884615384615384 0.0829326923076923
0 0.35336538461538464 0.15144230769230768 0.025240384615384616 0.14182692307692307
0 0.32572115384615385 0.15384615384615385 0.028846153846153848 0.14302884615384615
0 0.2956730769230769 0.15384615384615385 0.027644230769230768 0.14783653846153846
0 0.2668269230769231 0.15504807692307693 0.027644230769230768 0.15504807692307693
0 0.23798076923076922 0.15504807692307693 0.030048076923076924 0.15865384615384615
0 0.20673076923076922 0.15625 0.030048076923076924 0.15865384615384615
0 0.17668269230769232 0.15745192307692307 0.030048076923076924 0.15985576923076922
0 0.13581730769230768 0.20072115384615385 0.04927884615384615 0.078125
0 0.6754807692307693 0.0985576923076923 0.03365384615384615 0.06610576923076923
0 0.028846153846153848 0.20673076923076922 0.052884615384615384 0.08774038461538461
0 0.12860576923076922 0.1141826923076923 0.054086538461538464 0.09014423076923077
0 0.07451923076923077 0.11658653846153846 0.04927884615384615 0.09014423076923077
0 0.02403846153846154 0.11538461538461539 0.046875 0.09014423076923077
0 0.3786057692307692 0.14903846153846154 0.02403846153846154 0.14423076923076922
0 0.6754807692307693 0.16466346153846154 0.030048076923076924 0.06370192307692307
0 0.6358173076923077 0.47475961538461536 0.02283653846153846 0.11778846153846154
0 0.7067307692307693 0.1622596153846154 0.03125 0.055288461538461536
0 0.3269230769230769 0.7151442307692307 0.03245192307692308 0.14903846153846154
0 0.359375 0.7103365384615384 0.030048076923076924 0.13822115384615385
0 0.3918269230769231 0.703125 0.03365384615384615 0.13942307692307693
0 0.421875 0.7007211538461539 0.027644230769230768 0.1346153846153846
0 0.453125 0.6862980769230769 0.03245192307692308 0.14182692307692307
0 0.4831730769230769 0.6802884615384616 0.02283653846153846 0.13341346153846154
0 0.5072115384615384 0.6682692307692307 0.02403846153846154 0.13221153846153846
0 0.5360576923076923 0.6586538461538461 0.03125 0.13822115384615385
0 0.5673076923076923 0.6538461538461539 0.027644230769230768 0.12740384615384615
0 0.5949519230769231 0.6490384615384616 0.026442307692307692 0.12139423076923077
0 0.6225961538461539 0.6454326923076923 0.026442307692307692 0.11298076923076923
0 0.6514423076923077 0.6394230769230769 0.025240384615384616 0.11298076923076923
0 0.6778846153846154 0.6310096153846154 0.02403846153846154 0.11057692307692307
0 0.7067307692307693 0.6201923076923077 0.03125 0.13581730769230768
0 0.2956730769230769 0.7295673076923077 0.027644230769230768 0.13942307692307693
0 0.734375 0.6141826923076923 0.019230769230769232 0.12860576923076922
0 0.7764423076923077 0.6033653846153846 0.021634615384615384 0.12740384615384615
0 0.8004807692307693 0.5985576923076923 0.02403846153846154 0.13221153846153846
0 0.8257211538461539 0.5865384615384616 0.026442307692307692 0.1310096153846154
0 0.8533653846153846 0.5793269230769231 0.026442307692307692 0.13221153846153846
0 0.8846153846153846 0.5709134615384616 0.03485576923076923 0.13822115384615385
0 0.9242788461538461 0.4074519230769231 0.03245192307692308 0.13581730769230768
0 0.8966346153846154 0.4098557692307692 0.020432692307692308 0.14182692307692307
0 0.8786057692307693 0.41346153846153844 0.014423076923076924 0.14423076923076922
0 0.8605769230769231 0.4230769230769231 0.019230769230769232 0.1310096153846154
0 0.8377403846153846 0.43028846153846156 0.021634615384615384 0.12740384615384615
0 0.8137019230769231 0.4326923076923077 0.026442307692307692 0.12860576923076922
0 0.7920673076923077 0.4387019230769231 0.015625 0.13221153846153846
0 0.7740384615384616 0.44471153846153844 0.018028846153846152 0.12740384615384615
0 0.75 0.4483173076923077 0.021634615384615384 0.12740384615384615
0 0.7548076923076923 0.6069711538461539 0.019230769230769232 0.12980769230769232
0 0.7259615384615384 0.4495192307692308 0.02403846153846154 0.13221153846153846
0 0.2644230769230769 0.7379807692307693 0.03125 0.15144230769230768
0 0.1935096153846154 0.7548076923076923 0.036057692307692304 0.16826923076923078
0 0.9122596153846154 0.7295673076923077 0.036057692307692304 0.1466346153846154
0 0.8786057692307693 0.7415865384615384 0.028846153846153848 0.14903846153846154
0 0.8509615384615384 0.7463942307692307 0.025240384615384616 0.140625
0 0.8257211538461539 0.7596153846153846 0.021634615384615384 0.14182692307692307
0 0.8028846153846154 0.7680288461538461 0.02283653846153846 0.14903846153846154
0 0.7716346153846154 0.7788461538461539 0.038461538461538464 0.14783653846153846
0 0.7379807692307693 0.7944711538461539 0.025240384615384616 0.12620192307692307
0 0.7115384615384616 0.8100961538461539 0.025240384615384616 0.12139423076923077
0 0.6862980769230769 0.8076923076923077 0.02283653846153846 0.12740384615384615
0 0.6622596153846154 0.8221153846153846 0.02283653846153846 0.12259615384615384
0 0.6334134615384616 0.828125 0.030048076923076924 0.12740384615384615
0 0.6033653846153846 0.8341346153846154 0.030048076923076924 0.13341346153846154
0 0.5709134615384616 0.8473557692307693 0.03125 0.140625
0 0.5444711538461539 0.8545673076923077 0.018028846153846152 0.109375
0 0.23076923076923078 0.7427884615384616 0.03485576923076923 0.16706730769230768
0 0.5216346153846154 0.8725961538461539 0.026442307692307692 0.125
0 0.46274038461538464 0.8894230769230769 0.03125 0.125
0 0.41947115384615385 0.9014423076923077 0.037259615384615384 0.1502403846153846
0 0.3870192307692308 0.9134615384615384 0.026442307692307692 0.15625
0 0.3545673076923077 0.9182692307692307 0.036057692307692304 0.15625
0 0.3173076923076923 0.9194711538461539 0.03245192307692308 0.15985576923076922
0 0.2860576923076923 0.9242788461538461 0.027644230769230768 0.1502403846153846
0 0.25 0.9278846153846154 0.042067307692307696 0.14302884615384615
0 0.2127403846153846 0.9362980769230769 0.03125 0.12259615384615384
0 0.1778846153846154 0.9375 0.037259615384615384 0.12379807692307693
0 0.13942307692307693 0.9423076923076923 0.037259615384615384 0.1141826923076923
0 0.10216346153846154 0.953125 0.038461538461538464 0.09254807692307693
0 0.0829326923076923 0.7764423076923077 0.036057692307692304 0.18509615384615385
0 0.11899038461538461 0.765625 0.036057692307692304 0.17908653846153846
0 0.15625 0.7608173076923077 0.036057692307692304 0.17668269230769232
0 0.49278846153846156 0.8786057692307693 0.027644230769230768 0.125
0 0.7067307692307693 0.10336538461538461 0.028846153846153848 0.056490384615384616
0 0.7043269230769231 0.46274038461538464 0.018028846153846152 0.1141826923076923
0 0.6586538461538461 0.46875 0.021634615384615384 0.11658653846153846
0 0.5300480769230769 0.3161057692307692 0.04326923076923077 0.15504807692307693
0 0.5757211538461539 0.31009615384615385 0.02283653846153846 0.14783653846153846
0 0.5997596153846154 0.30408653846153844 0.02283653846153846 0.14302884615384615
0 0.6225961538461539 0.3088942307692308 0.020432692307692308 0.12860576923076922
0 0.6466346153846154 0.3004807692307692 0.02283653846153846 0.140625
0 0.6754807692307693 0.2980769230769231 0.03245192307692308 0.12259615384615384
0 0.7079326923076923 0.2920673076923077 0.030048076923076924 0.12980769230769232
0 0.7319711538461539 0.28846153846153844 0.018028846153846152 0.12740384615384615
0 0.7524038461538461 0.28966346153846156 0.019230769230769232 0.1201923076923077
0 0.7728365384615384 0.2776442307692308 0.021634615384615384 0.13942307692307693
0 0.7920673076923077 0.2800480769230769 0.014423076923076924 0.1201923076923077
0 0.8100961538461539 0.27884615384615385 0.018028846153846152 0.11899038461538461
0 0.8305288461538461 0.265625 0.020432692307692308 0.12980769230769232
0 0.8545673076923077 0.2644230769230769 0.02403846153846154 0.13221153846153846
0 0.48197115384615385 0.32091346153846156 0.05048076923076923 0.15144230769230768
0 0.8786057692307693 0.25961538461538464 0.021634615384615384 0.13341346153846154
0 0.9302884615384616 0.2512019230769231 0.025240384615384616 0.13221153846153846
0 0.8822115384615384 0.09014423076923077 0.021634615384615384 0.15264423076923078
0 0.9026442307692307 0.08774038461538461 0.016826923076923076 0.14903846153846154
0 0.921875 0.08533653846153846 0.019230769230769232 0.1502403846153846
0 0.9459134615384616 0.08533653846153846 0.02403846153846154 0.1502403846153846
0 0.8617788461538461 0.09254807692307693 0.014423076923076924 0.15625
0 0.8449519230769231 0.1201923076923077 0.015625 0.11057692307692307
0 0.8293269230769231 0.12139423076923077 0.014423076923076924 0.11057692307692307
0 0.8161057692307693 0.109375 0.010817307692307692 0.13581730769230768
0 0.8040865384615384 0.11057692307692307 0.010817307692307692 0.13701923076923078
0 0.7920673076923077 0.10576923076923077 0.013221153846153846 0.1502403846153846
0 0.7788461538461539 0.10576923076923077 0.01201923076923077 0.15384615384615385
0 0.7680288461538461 0.10576923076923077 0.009615384615384616 0.15384615384615385
0 0.7427884615384616 0.13701923076923078 0.037259615384615384 0.09615384615384616
0 0.9038461538461539 0.25841346153846156 0.025240384615384616 0.13341346153846154
0 0.6826923076923077 0.46634615384615385 0.021634615384615384 0.11899038461538461
0 0.4411057692307692 0.3293269230769231 0.025240384615384616 0.1502403846153846
0 0.3894230769230769 0.35216346153846156 0.021634615384615384 0.1141826923076923
0 0.6129807692307693 0.4735576923076923 0.021634615384615384 0.1310096153846154
0 0.5901442307692307 0.4795673076923077 0.021634615384615384 0.12980769230769232
0 0.5661057692307693 0.4831730769230769 0.02403846153846154 0.12980769230769232
0 0.5276442307692307 0.4891826923076923 0.046875 0.13942307692307693
0 0.48197115384615385 0.4963942307692308 0.038461538461538464 0.13701923076923078
0 0.4495192307692308 0.5036057692307693 0.026442307692307692 0.12860576923076922
0 0.41947115384615385 0.5084134615384616 0.03245192307692308 0.13221153846153846
0 0.3858173076923077 0.5144230769230769 0.03125 0.13581730769230768
0 0.35096153846153844 0.5228365384615384 0.03485576923076923 0.13221153846153846
0 0.31850961538461536 0.5084134615384616 0.027644230769230768 0.10216346153846154
0 0.28846153846153844 0.5360576923076923 0.03125 0.14903846153846154
0 0.2548076923076923 0.5480769230769231 0.03245192307692308 0.1466346153846154
0 0.22115384615384615 0.5504807692307693 0.03245192307692308 0.1466346153846154
0 0.18870192307692307 0.5528846153846154 0.03245192307692308 0.1502403846153846
0 0.41466346153846156 0.3293269230769231 0.026442307692307692 0.1502403846153846
0 0.15264423076923078 0.5612980769230769 0.03485576923076923 0.15384615384615385
0 0.08653846153846154 0.5673076923076923 0.027644230769230768 0.15144230769230768
0 0.051682692307692304 0.5721153846153846 0.039663461538461536 0.14903846153846154
0 0.03245192307692308 0.37259615384615385 0.03245192307692308 0.15985576923076922
0 0.06490384615384616 0.3701923076923077 0.03125 0.1658653846153846
0 0.09975961538461539 0.36538461538461536 0.03365384615384615 0.16706730769230768
0 0.1346153846153846 0.3605769230769231 0.036057692307692304 0.1658653846153846
0 0.16947115384615385 0.3605769230769231 0.03245192307692308 0.1622596153846154
0 0.19951923076923078 0.36177884615384615 0.027644230769230768 0.15745192307692307
0 0.2283653846153846 0.35697115384615385 0.026442307692307692 0.15264423076923078
0 0.2548076923076923 0.35336538461538464 0.025240384615384616 0.14903846153846154
0 0.2824519230769231 0.35096153846153844 0.028846153846153848 0.14182692307692307
0 0.3112980769230769 0.3581730769230769 0.026442307692307692 0.12259615384615384
0 0.3389423076923077 0.35697115384615385 0.025240384615384616 0.1201923076923077
0 0.3641826923076923 0.35336538461538464 0.02403846153846154 0.11899038461538461
0 0.11778846153846154 0.5661057692307693 0.03485576923076923 0.15384615384615385
0 0.9182692307692307 0.5649038461538461 0.030048076923076924 0.11778846153846154