0 0.8473557692307693 0.5793269230769231 0.07451923076923077 0.016826923076923076
0 0.9675480769230769 0.6322115384615384 0.06009615384615385 0.038461538461538464
0 0.9651442307692307 0.6682692307692307 0.06490384615384616 0.038461538461538464
0 0.8942307692307693 0.6286057692307693 0.07932692307692307 0.03485576923076923
0 0.9579326923076923 0.5288461538461539 0.07932692307692307 0.04326923076923077
0 0.9819711538461539 0.5709134615384616 0.03485576923076923 0.040865384615384616
0 0.9254807692307693 0.5697115384615384 0.07211538461538461 0.03365384615384615
0 0.8918269230769231 0.6670673076923077 0.078125 0.036057692307692304
0 0.8497596153846154 0.5625 0.07451923076923077 0.014423076923076924
0 0.6899038461538461 0.5288461538461539 0.07692307692307693 0.036057692307692304
0 0.7716346153846154 0.5600961538461539 0.07451923076923077 0.016826923076923076
0 0.3137019230769231 0.5564903846153846 0.07091346153846154 0.0625
0 0.3954326923076923 0.5408653846153846 0.08052884615384616 0.018028846153846152
0 0.484375 0.5432692307692307 0.08173076923076923 0.015625
0 0.3894230769230769 0.5588942307692307 0.07211538461538461 0.014423076923076924
0 0.3894230769230769 0.578125 0.07692307692307693 0.015625
0 0.8100961538461539 0.6298076923076923 0.08173076923076923 0.037259615384615384
0 0.4675480769230769 0.5612980769230769 0.07692307692307693 0.014423076923076924
0 0.46875 0.5793269230769231 0.07572115384615384 0.018028846153846152
0 0.5444711538461539 0.5612980769230769 0.07091346153846154 0.015625
0 0.5432692307692307 0.578125 0.06610576923076923 0.015625
0 0.6105769230769231 0.5300480769230769 0.07572115384615384 0.038461538461538464
0 0.6189903846153846 0.5697115384615384 0.07451923076923077 0.036057692307692304
0 0.6947115384615384 0.5697115384615384 0.0733173076923077 0.038461538461538464
0 0.7704326923076923 0.5228365384615384 0.07451923076923077 0.021634615384615384
0 0.8581730769230769 0.5228365384615384 0.07572115384615384 0.018028846153846152
0 0.8509615384615384 0.5432692307692307 0.08052884615384616 0.016826923076923076
0 0.7704326923076923 0.5420673076923077 0.07692307692307693 0.014423076923076924
0 0.7704326923076923 0.5793269230769231 0.07211538461538461 0.019230769230769232
0 0.8064903846153846 0.6694711538461539 0.08413461538461539 0.03485576923076923
0 0.8786057692307693 0.921875 0.06129807692307692 0.03365384615384615
0 0.7295673076923077 0.6670673076923077 0.0673076923076923 0.03245192307692308
0 0.2403846153846154 0.5564903846153846 0.0733173076923077 0.057692307692307696
0 0.9459134615384616 0.8942307692307693 0.05889423076923077 0.027644230769230768
0 0.9399038461538461 0.9242788461538461 0.057692307692307696 0.03125
0 0.9879807692307693 0.9098557692307693 0.02283653846153846 0.06009615384615385
0 0.30288461538461536 0.7584134615384616 0.07572115384615384 0.028846153846153848
0 0.30528846153846156 0.7271634615384616 0.07572115384615384 0.03125
0 0.23197115384615385 0.7584134615384616 0.06490384615384616 0.03245192307692308
0 0.23317307692307693 0.7235576923076923 0.0625 0.03365384615384615
0 0.1622596153846154 0.7439903846153846 0.06850961538461539 0.057692307692307696
0 0.08774038461538461 0.7439903846153846 0.07572115384615384 0.056490384615384616
0 0.025240384615384616 0.7439903846153846 0.04927884615384615 0.052884615384615384
0 0.07692307692307693 0.6766826923076923 0.08774038461538461 0.013221153846153846
0 0.07572115384615384 0.6598557692307693 0.0829326923076923 0.013221153846153846
0 0.7295673076923077 0.6286057692307693 0.07211538461538461 0.037259615384615384
0 0.07451923076923077 0.6430288461538461 0.08653846153846154 0.013221153846153846
0 0.15985576923076922 0.6694711538461539 0.07692307692307693 0.036057692307692304
0 0.15625 0.6322115384615384 0.07572115384615384 0.036057692307692304
0 0.26802884615384615 0.6310096153846154 0.10576923076923077 0.06009615384615385
0 0.36177884615384615 0.6622596153846154 0.07451923076923077 0.037259615384615384
0 0.3605769230769231 0.6237980769230769 0.07572115384615384 0.038461538461538464
0 0.43509615384615385 0.6634615384615384 0.07091346153846154 0.037259615384615384
0 0.4362980769230769 0.625 0.07091346153846154 0.03485576923076923
0 0.5084134615384616 0.6646634615384616 0.07211538461538461 0.03485576923076923
0 0.5096153846153846 0.6262019230769231 0.07091346153846154 0.038461538461538464
0 0.5817307692307693 0.6646634615384616 0.06971153846153846 0.03485576923076923
0 0.5841346153846154 0.6274038461538461 0.0673076923076923 0.037259615384615384
0 0.65625 0.6658653846153846 0.078125 0.03485576923076923
0 0.6550480769230769 0.6274038461538461 0.07211538461538461 0.037259615384615384
0 0.07211538461538461 0.625 0.08173076923076923 0.015625
0 0.15985576923076922 0.5600961538461539 0.07572115384615384 0.051682692307692304
0 0.7920673076923077 0.36658653846153844 0.0889423076923077 0.015625
0 0.08052884615384616 0.5552884615384616 0.07692307692307693 0.0625
0 0.7980769230769231 0.3269230769230769 0.09134615384615384 0.014423076923076924
0 0.7956730769230769 0.3473557692307692 0.08533653846153846 0.013221153846153846
0 0.8822115384615384 0.890625 0.06610576923076923 0.02283653846153846
0 0.7055288461538461 0.35096153846153844 0.08052884615384616 0.054086538461538464
0 0.6201923076923077 0.35336538461538464 0.08173076923076923 0.054086538461538464
0 0.5516826923076923 0.35216346153846156 0.05048076923076923 0.04447115384615385
0 0.7728365384615384 0.30649038461538464 0.109375 0.018028846153846152
0 0.5420673076923077 0.3076923076923077 0.0673076923076923 0.037259615384615384
0 0.45913461538461536 0.3076923076923077 0.08173076923076923 0.042067307692307696
0 0.4014423076923077 0.3581730769230769 0.05048076923076923 0.04326923076923077
0 0.3605769230769231 0.3161057692307692 0.06129807692307692 0.038461538461538464
0 0.35216346153846156 0.359375 0.042067307692307696 0.040865384615384616
0 0.20192307692307693 0.31850961538461536 0.08173076923076923 0.039663461538461536
0 0.28725961538461536 0.31850961538461536 0.08173076923076923 0.037259615384615384
0 0.47115384615384615 0.35336538461538464 0.07932692307692307 0.04927884615384615
0 0.20673076923076922 0.359375 0.0829326923076923 0.039663461538461536
0 0.7487980769230769 0.2848557692307692 0.0829326923076923 0.010817307692307692
0 0.8858173076923077 0.3425480769230769 0.08653846153846154 0.016826923076923076
0 0.7055288461538461 0.17307692307692307 0.08052884615384616 0.019230769230769232
0 0.703125 0.19110576923076922 0.07932692307692307 0.013221153846153846
0 0.7019230769230769 0.20673076923076922 0.07932692307692307 0.013221153846153846
0 0.6995192307692307 0.22355769230769232 0.07932692307692307 0.014423076923076924
0 0.6983173076923077 0.23798076923076922 0.07692307692307693 0.013221153846153846
0 0.6995192307692307 0.25240384615384615 0.078125 0.014423076923076924
0 0.8822115384615384 0.3629807692307692 0.08774038461538461 0.019230769230769232
0 0.7872596153846154 0.19110576923076922 0.0829326923076923 0.04807692307692308
0 0.9639423076923077 0.18389423076923078 0.07091346153846154 0.051682692307692304
0 0.7872596153846154 0.23918269230769232 0.08533653846153846 0.04447115384615385
0 0.875 0.23798076923076922 0.08533653846153846 0.046875
0 0.9591346153846154 0.23798076923076922 0.07692307692307693 0.05048076923076923
0 0.9639423076923077 0.3449519230769231 0.07091346153846154 0.057692307692307696
0 0.8846153846153846 0.32091346153846156 0.07572115384615384 0.020432692307692308
0 0.8774038461538461 0.18990384615384615 0.0889423076923077 0.046875
0 0.1622596153846154 0.515625 0.07572115384615384 0.03365384615384615
0 0.29086538461538464 0.359375 0.078125 0.038461538461538464
0 0.038461538461538464 0.3473557692307692 0.07692307692307693 0.06129807692307692
0 0.5793269230769231 0.41225961538461536 0.030048076923076924 0.03365384615384615
0 0.5228365384615384 0.41225961538461536 0.07091346153846154 0.036057692307692304
0 0.453125 0.41346153846153844 0.06850961538461539 0.036057692307692304
0 0.5204326923076923 0.46274038461538464 0.07692307692307693 0.046875
0 0.3786057692307692 0.41346153846153844 0.06971153846153846 0.036057692307692304
0 0.44350961538461536 0.4639423076923077 0.07211538461538461 0.04807692307692308
0 0.6814903846153846 0.4110576923076923 0.04326923076923077 0.03125
0 0.36658653846153844 0.46033653846153844 0.07572115384615384 0.05048076923076923
0 0.28846153846153844 0.4699519230769231 0.07692307692307693 0.03365384615384615
0 0.20793269230769232 0.4639423076923077 0.078125 0.04326923076923077
0 0.21754807692307693 0.41947115384615385 0.06129807692307692 0.039663461538461536
0 0.125 0.4206730769230769 0.0829326923076923 0.042067307692307696
0 0.12980769230769232 0.4639423076923077 0.0733173076923077 0.039663461538461536
0 0.051682692307692304 0.4651442307692308 0.078125 0.042067307692307696
0 0.28725961538461536 0.42788461538461536 0.07451923076923077 0.040865384615384616
0 0.11778846153846154 0.3473557692307692 0.08173076923076923 0.06610576923076923
0 0.5973557692307693 0.46634615384615385 0.0733173076923077 0.039663461538461536
0 0.6730769230769231 0.4651442307692308 0.07211538461538461 0.038461538461538464
0 0.23197115384615385 0.2848557692307692 0.07451923076923077 0.02403846153846154
0 0.9230769230769231 0.4026442307692308 0.08653846153846154 0.016826923076923076
0 0.9230769230769231 0.421875 0.0829326923076923 0.016826923076923076
0 0.9194711538461539 0.43990384615384615 0.08653846153846154 0.016826923076923076
0 0.9182692307692307 0.4579326923076923 0.08533653846153846 0.016826923076923076
0 0.9122596153846154 0.47596153846153844 0.09014423076923077 0.016826923076923076
0 0.6274038461538461 0.4230769230769231 0.06129807692307692 0.039663461538461536
0 0.8353365384615384 0.4266826923076923 0.078125 0.018028846153846152
0 0.8305288461538461 0.46033653846153844 0.0829326923076923 0.013221153846153846
0 0.8269230769230769 0.47836538461538464 0.07692307692307693 0.015625
0 0.7487980769230769 0.42427884615384615 0.07572115384615384 0.016826923076923076
0 0.7512019230769231 0.4423076923076923 0.0733173076923077 0.014423076923076924
0 0.7487980769230769 0.45913461538461536 0.0733173076923077 0.014423076923076924
0 0.75 0.47716346153846156 0.07572115384615384 0.018028846153846152
0 0.8317307692307693 0.44350961538461536 0.08173076923076923 0.015625
0 0.8245192307692307 0.9206730769230769 0.03485576923076923 0.025240384615384616
0 0.15745192307692307 0.8497596153846154 0.06129807692307692 0.014423076923076924
0 0.8257211538461539 0.8978365384615384 0.040865384615384616 0.019230769230769232
0 0.36778846153846156 0.09375 0.09014423076923077 0.02403846153846154
0 0.3713942307692308 0.11899038461538461 0.09014423076923077 0.02403846153846154
0 0.28125 0.09735576923076923 0.07692307692307693 0.019230769230769232
0 0.2848557692307692 0.12139423076923077 0.07692307692307693 0.019230769230769232
0 0.19471153846153846 0.09735576923076923 0.0889423076923077 0.02283653846153846
0 0.19831730769230768 0.12139423076923077 0.08774038461538461 0.02283653846153846
0 0.11298076923076923 0.03125 0.10336538461538461 0.018028846153846152
0 0.109375 0.052884615384615384 0.10336538461538461 0.018028846153846152
0 0.11177884615384616 0.07451923076923077 0.10336538461538461 0.018028846153846152
0 0.1045673076923077 0.09735576923076923 0.08774038461538461 0.019230769230769232
0 0.10697115384615384 0.12139423076923077 0.08774038461538461 0.019230769230769232
0 0.028846153846153848 0.03245192307692308 0.057692307692307696 0.021634615384615384
0 0.028846153846153848 0.056490384615384616 0.057692307692307696 0.021634615384615384
0 0.028846153846153848 0.078125 0.057692307692307696 0.021634615384615384
0 0.028846153846153848 0.1201923076923077 0.057692307692307696 0.020432692307692308
0 0.030048076923076924 0.09975961538461539 0.06009615384615385 0.021634615384615384
0 0.038461538461538464 0.1814903846153846 0.07692307692307693 0.018028846153846152
0 0.29447115384615385 0.24759615384615385 0.08533653846153846 0.02283653846153846
0 0.2956730769230769 0.22235576923076922 0.08533653846153846 0.021634615384615384
0 0.20192307692307693 0.24639423076923078 0.08533653846153846 0.019230769230769232
0 0.1141826923076923 0.24639423076923078 0.08533653846153846 0.018028846153846152
0 0.14182692307692307 0.18269230769230768 0.06490384615384616 0.010817307692307692
0 0.20793269230769232 0.22355769230769232 0.08413461538461539 0.018028846153846152
0 0.36538461538461536 0.06850961538461539 0.09014423076923077 0.02403846153846154
0 0.11778846153846154 0.22355769230769232 0.08774038461538461 0.020432692307692308
0 0.9134615384615384 0.8557692307692307 0.06370192307692307 0.009615384615384616
0 0.20673076923076922 0.20192307692307693 0.08774038461538461 0.021634615384615384
0 0.11538461538461539 0.20192307692307693 0.07451923076923077 0.018028846153846152
0 0.03365384615384615 0.24639423076923078 0.0673076923076923 0.018028846153846152
0 0.036057692307692304 0.22596153846153846 0.07211538461538461 0.018028846153846152
0 0.036057692307692304 0.203125 0.07211538461538461 0.018028846153846152
0 0.9122596153846154 0.8449519230769231 0.06610576923076923 0.008413461538461538
0 0.4579326923076923 0.109375 0.08173076923076923 0.042067307692307696
0 0.4579326923076923 0.06490384615384616 0.08413461538461539 0.042067307692307696
0 0.4567307692307692 0.021634615384615384 0.08413461538461539 0.042067307692307696
0 0.6538461538461539 0.8305288461538461 0.057692307692307696 0.021634615384615384
0 0.3786057692307692 0.7463942307692307 0.06971153846153846 0.015625
0 0.4074519230769231 0.7295673076923077 0.07692307692307693 0.014423076923076924
0 0.6550480769230769 0.8521634615384616 0.055288461538461536 0.018028846153846152
0 0.5949519230769231 0.8052884615384616 0.055288461538461536 0.026442307692307692
0 0.5384615384615384 0.8064903846153846 0.055288461538461536 0.025240384615384616
0 0.7163461538461539 0.8473557692307693 0.06129807692307692 0.025240384615384616
0 0.6286057692307693 0.042067307692307696 0.078125 0.018028846153846152
0 0.6274038461538461 0.078125 0.07692307692307693 0.013221153846153846
0 0.6274038461538461 0.09254807692307693 0.07692307692307693 0.014423076923076924
0 0.625 0.10817307692307693 0.078125 0.013221153846153846
0 0.625 0.125 0.07572115384615384 0.014423076923076924
0 0.7103365384615384 0.039663461538461536 0.08173076923076923 0.016826923076923076
0 0.7103365384615384 0.057692307692307696 0.0733173076923077 0.014423076923076924
0 0.6298076923076923 0.06129807692307692 0.078125 0.015625
0 0.3786057692307692 0.20072115384615385 0.08533653846153846 0.019230769230769232
0 0.7151442307692307 0.8173076923076923 0.05889423076923077 0.03245192307692308
0 0.7752403846153846 0.8076923076923077 0.057692307692307696 0.030048076923076924
0 0.5432692307692307 0.11298076923076923 0.0829326923076923 0.04447115384615385
0 0.5444711538461539 0.06370192307692307 0.08413461538461539 0.05048076923076923
0 0.7067307692307693 0.018028846153846152 0.07692307692307693 0.025240384615384616
0 0.6394230769230769 0.016826923076923076 0.04927884615384615 0.03125
0 0.9639423076923077 0.11298076923076923 0.0673076923076923 0.04807692307692308
0 0.9651442307692307 0.06610576923076923 0.06490384615384616 0.05048076923076923
0 0.7752403846153846 0.8449519230769231 0.057692307692307696 0.038461538461538464
0 0.7932692307692307 0.11177884615384616 0.0889423076923077 0.04326923076923077
0 0.8858173076923077 0.06610576923076923 0.08173076923076923 0.046875
0 0.7980769230769231 0.06490384615384616 0.0889423076923077 0.04807692307692308
0 0.7055288461538461 0.12259615384615384 0.07692307692307693 0.016826923076923076
0 0.7055288461538461 0.10576923076923077 0.078125 0.013221153846153846
0 0.9747596153846154 0.8413461538461539 0.04927884615384615 0.042067307692307696
0 0.7103365384615384 0.07451923076923077 0.07451923076923077 0.013221153846153846
0 0.8846153846153846 0.11298076923076923 0.08413461538461539 0.042067307692307696
0 0.3786057692307692 0.22355769230769232 0.07572115384615384 0.019230769230769232
0 0.7055288461538461 0.09014423076923077 0.07932692307692307 0.014423076923076924
0 0.46274038461538464 0.23798076923076922 0.0889423076923077 0.04567307692307692
0 0.1622596153846154 0.9230769230769231 0.052884615384615384 0.013221153846153846
0 0.1622596153846154 0.9074519230769231 0.051682692307692304 0.010817307692307692
0 0.15745192307692307 0.8942307692307693 0.051682692307692304 0.01201923076923077
0 0.15745192307692307 0.8786057692307693 0.051682692307692304 0.015625
0 0.10576923076923077 0.9242788461538461 0.055288461538461536 0.019230769230769232
0 0.1045673076923077 0.9074519230769231 0.055288461538461536 0.013221153846153846
0 0.6802884615384616 0.7115384615384616 0.07451923076923077 0.03125
0 0.10216346153846154 0.8930288461538461 0.052884615384615384 0.010817307692307692
0 0.042067307692307696 0.9254807692307693 0.06370192307692307 0.020432692307692308
0 0.04447115384615385 0.9050480769230769 0.0625 0.014423076923076924
0 0.038461538461538464 0.8858173076923077 0.06370192307692307 0.020432692307692308
0 0.09375 0.8497596153846154 0.06370192307692307 0.019230769230769232
0 0.15865384615384615 0.8353365384615384 0.06370192307692307 0.013221153846153846
0 0.0889423076923077 0.8317307692307693 0.06490384615384616 0.013221153846153846
0 0.09975961538461539 0.8774038461538461 0.054086538461538464 0.013221153846153846
0 0.0733173076923077 0.8064903846153846 0.07572115384615384 0.027644230769230768
0 0.6814903846153846 0.7548076923076923 0.07451923076923077 0.04567307692307692
0 0.5084134615384616 0.7247596153846154 0.03365384615384615 0.04447115384615385
0 0.3786057692307692 0.24639423076923078 0.07572115384615384 0.021634615384615384
0 0.7824519230769231 0.9026442307692307 0.040865384615384616 0.020432692307692308
0 0.7415865384615384 0.9182692307692307 0.038461538461538464 0.039663461538461536
0 0.6802884615384616 0.9158653846153846 0.06490384615384616 0.03245192307692308
0 0.6009615384615384 0.9122596153846154 0.0829326923076923 0.05048076923076923
0 0.5192307692307693 0.9134615384615384 0.07451923076923077 0.04927884615384615
0 0.6213942307692307 0.7271634615384616 0.039663461538461536 0.04567307692307692
0 0.44591346153846156 0.9146634615384616 0.06610576923076923 0.051682692307692304
0 0.30528846153846156 0.9050480769230769 0.07451923076923077 0.05889423076923077
0 0.2283653846153846 0.9050480769230769 0.0733173076923077 0.055288461538461536
0 0.4519230769230769 0.7475961538461539 0.07091346153846154 0.015625
0 0.4519230769230769 0.7644230769230769 0.0733173076923077 0.016826923076923076
0 0.3786057692307692 0.765625 0.07211538461538461 0.018028846153846152
0 0.5637019230769231 0.7560096153846154 0.0733173076923077 0.03365384615384615
0 0.37740384615384615 0.9110576923076923 0.06610576923076923 0.052884615384615384
0 0.15625 0.8112980769230769 0.06610576923076923 0.027644230769230768
0 0.7824519230769231 0.9242788461538461 0.04447115384615385 0.021634615384615384
0 0.22716346153846154 0.8425480769230769 0.06370192307692307 0.016826923076923076
0 0.921875 0.8004807692307693 0.06370192307692307 0.009615384615384616
0 0.9194711538461539 0.8125 0.06610576923076923 0.010817307692307692
0 0.8449519230769231 0.8161057692307693 0.07451923076923077 0.009615384615384616
0 0.8425480769230769 0.8257211538461539 0.07451923076923077 0.007211538461538462
0 0.8425480769230769 0.8353365384615384 0.07451923076923077 0.009615384615384616
0 0.8401442307692307 0.8473557692307693 0.07211538461538461 0.009615384615384616
0 0.8413461538461539 0.8581730769230769 0.0733173076923077 0.009615384615384616
0 0.9146634615384616 0.8245192307692307 0.06490384615384616 0.009615384615384616
0 0.6105769230769231 0.21033653846153846 0.06490384615384616 0.009615384615384616
0 0.6105769230769231 0.19831730769230768 0.06610576923076923 0.01201923076923077
0 0.6105769230769231 0.18269230769230768 0.06850961538461539 0.013221153846153846
0 0.5492788461538461 0.23918269230769232 0.08173076923076923 0.04567307692307692
0 0.5372596153846154 0.19591346153846154 0.07211538461538461 0.03365384615384615
0 0.2920673076923077 0.8521634615384616 0.0625 0.016826923076923076
0 0.4567307692307692 0.1935096153846154 0.0673076923076923 0.039663461538461536
0 0.8473557692307693 0.8040865384615384 0.07091346153846154 0.01201923076923077
0 0.9483173076923077 0.7512019230769231 0.06971153846153846 0.057692307692307696
0 0.9134615384615384 0.8353365384615384 0.06370192307692307 0.008413461538461538
0 0.6189903846153846 0.2247596153846154 0.05048076923076923 0.010817307692307692
0 0.7524038461538461 0.7512019230769231 0.06009615384615385 0.055288461538461536
0 0.22956730769230768 0.8197115384615384 0.054086538461538464 0.019230769230769232
0 0.8774038461538461 0.7524038461538461 0.06370192307692307 0.06009615384615385
0 0.8149038461538461 0.7524038461538461 0.06129807692307692 0.056490384615384616
0 0.23918269230769232 0.7956730769230769 0.06129807692307692 0.02403846153846154
0 0.47836538461538464 0.8293269230769231 0.057692307692307696 0.06610576923076923
0 0.4182692307692308 0.8293269230769231 0.05889423076923077 0.0625
0 0.29086538461538464 0.8305288461538461 0.06009615384615385 0.019230769230769232
0 0.5985576923076923 0.8545673076923077 0.055288461538461536 0.021634615384615384
0 0.5396634615384616 0.8545673076923077 0.055288461538461536 0.021634615384615384
0 0.5973557692307693 0.8317307692307693 0.052884615384615384 0.021634615384615384
0 0.5384615384615384 0.8317307692307693 0.05889423076923077 0.021634615384615384
0 0.6213942307692307 0.2548076923076923 0.051682692307692304 0.013221153846153846
0 0.6177884615384616 0.23918269230769232 0.04927884615384615 0.01201923076923077
0 0.3557692307692308 0.8293269230769231 0.05889423076923077 0.0625