0 0.609375 0.28846153846153844 0.039663461538461536 0.013221153846153846
0 0.21754807692307693 0.25721153846153844 0.12740384615384615 0.014423076923076924
0 0.056490384615384616 0.3245192307692308 0.109375 0.02403846153846154
0 0.057692307692307696 0.30288461538461536 0.11057692307692307 0.018028846153846152
0 0.052884615384615384 0.28365384615384615 0.10096153846153846 0.018028846153846152
0 0.06129807692307692 0.24879807692307693 0.12139423076923077 0.019230769230769232
0 0.040865384615384616 0.1971153846153846 0.078125 0.021634615384615384
0 0.037259615384615384 0.17427884615384615 0.07091346153846154 0.02283653846153846
0 0.140625 0.1971153846153846 0.11298076923076923 0.021634615384615384
0 0.14302884615384615 0.17067307692307693 0.10697115384615384 0.02283653846153846
0 0.3786057692307692 0.19951923076923078 0.11538461538461539 0.020432692307692308
0 0.18269230769230768 0.31490384615384615 0.13581730769230768 0.015625
0 0.18509615384615385 0.3317307692307692 0.13942307692307693 0.016826923076923076
0 0.32572115384615385 0.28966346153846156 0.109375 0.014423076923076924
0 0.31850961538461536 0.3076923076923077 0.125 0.021634615384615384
0 0.32091346153846156 0.33052884615384615 0.1201923076923077 0.021634615384615384
0 0.453125 0.2704326923076923 0.1201923076923077 0.016826923076923076
0 0.44711538461538464 0.28966346153846156 0.12620192307692307 0.021634615384615384
0 0.44711538461538464 0.3088942307692308 0.12259615384615384 0.018028846153846152
0 0.44711538461538464 0.33052884615384615 0.12139423076923077 0.021634615384615384
0 0.5805288461538461 0.30649038461538464 0.12740384615384615 0.019230769230769232
0 0.5805288461538461 0.328125 0.12860576923076922 0.019230769230769232
0 0.7127403846153846 0.265625 0.1310096153846154 0.020432692307692308
0 0.7151442307692307 0.2860576923076923 0.1346153846153846 0.020432692307692308
0 0.7151442307692307 0.3088942307692308 0.13341346153846154 0.019230769230769232
0 0.7139423076923077 0.3293269230769231 0.13221153846153846 0.020432692307692308
0 0.8377403846153846 0.265625 0.11538461538461539 0.016826923076923076
0 0.18389423076923078 0.2980769230769231 0.13581730769230768 0.015625
0 0.18990384615384615 0.2824519230769231 0.12860576923076922 0.014423076923076924
0 0.29447115384615385 0.5612980769230769 0.12620192307692307 0.015625
0 0.8461538461538461 0.3076923076923077 0.12860576923076922 0.016826923076923076
0 0.04326923076923077 0.5204326923076923 0.08413461538461539 0.020432692307692308
0 0.04326923076923077 0.5396634615384616 0.08413461538461539 0.020432692307692308
0 0.04447115384615385 0.5612980769230769 0.0889423076923077 0.020432692307692308
0 0.18870192307692307 0.4795673076923077 0.11778846153846154 0.013221153846153846
0 0.19110576923076922 0.4951923076923077 0.1201923076923077 0.013221153846153846
0 0.1875 0.5084134615384616 0.11057692307692307 0.013221153846153846
0 0.18389423076923078 0.5204326923076923 0.10336538461538461 0.01201923076923077
0 0.1658653846153846 0.5456730769230769 0.12860576923076922 0.014423076923076924
0 0.052884615384615384 0.44711538461538464 0.10216346153846154 0.020432692307692308
0 0.1622596153846154 0.5625 0.1310096153846154 0.016826923076923076
0 0.296875 0.5456730769230769 0.12740384615384615 0.015625
0 0.5649038461538461 0.28846153846153844 0.04927884615384615 0.010817307692307692
0 0.3112980769230769 0.47836538461538464 0.109375 0.013221153846153846
0 0.3137019230769231 0.49278846153846156 0.11057692307692307 0.013221153846153846
0 0.3125 0.5060096153846154 0.109375 0.013221153846153846
0 0.4266826923076923 0.546875 0.12259615384615384 0.014423076923076924
0 0.42788461538461536 0.5649038461538461 0.12379807692307693 0.016826923076923076
0 0.5564903846153846 0.4879807692307692 0.11298076923076923 0.019230769230769232
0 0.3016826923076923 0.5240384615384616 0.11538461538461539 0.018028846153846152
0 0.052884615384615384 0.4266826923076923 0.10216346153846154 0.019230769230769232
0 0.055288461538461536 0.40625 0.09254807692307693 0.020432692307692308
0 0.16466346153846154 0.44711538461538464 0.11177884615384616 0.019230769230769232
0 0.8473557692307693 0.3269230769230769 0.13341346153846154 0.020432692307692308
0 0.9603365384615384 0.3629807692307692 0.078125 0.0625
0 0.8185096153846154 0.42788461538461536 0.11778846153846154 0.020432692307692308
0 0.8209134615384616 0.4495192307692308 0.11658653846153846 0.019230769230769232
0 0.9338942307692307 0.45552884615384615 0.057692307692307696 0.04447115384615385
0 0.6658653846153846 0.4074519230769231 0.11899038461538461 0.020432692307692308
0 0.6670673076923077 0.42908653846153844 0.12620192307692307 0.019230769230769232
0 0.671875 0.4483173076923077 0.12259615384615384 0.018028846153846152
0 0.5420673076923077 0.4074519230769231 0.1141826923076923 0.019230769230769232
0 0.5396634615384616 0.42788461538461536 0.1141826923076923 0.018028846153846152
0 0.5456730769230769 0.4495192307692308 0.125 0.019230769230769232
0 0.4170673076923077 0.4170673076923077 0.12860576923076922 0.014423076923076924
0 0.41346153846153844 0.4326923076923077 0.12980769230769232 0.015625
0 0.41346153846153844 0.4495192307692308 0.1310096153846154 0.016826923076923076
0 0.2824519230769231 0.4098557692307692 0.11658653846153846 0.019230769230769232
0 0.2860576923076923 0.42908653846153844 0.12379807692307693 0.018028846153846152
0 0.28125 0.4483173076923077 0.12139423076923077 0.019230769230769232
0 0.16706730769230768 0.4074519230769231 0.10336538461538461 0.019230769230769232
0 0.1658653846153846 0.42788461538461536 0.10576923076923077 0.019230769230769232
0 0.8485576923076923 0.28725961538461536 0.12620192307692307 0.019230769230769232
0 0.953125 0.7752403846153846 0.09134615384615384 0.09735576923076923
0 0.4230769230769231 0.6514423076923077 0.11177884615384616 0.019230769230769232
0 0.8413461538461539 0.7884615384615384 0.11298076923076923 0.016826923076923076
0 0.7848557692307693 0.5492788461538461 0.1466346153846154 0.019230769230769232
0 0.8028846153846154 0.6418269230769231 0.11899038461538461 0.019230769230769232
0 0.7956730769230769 0.6598557692307693 0.11658653846153846 0.016826923076923076
0 0.796875 0.6766826923076923 0.11538461538461539 0.016826923076923076
0 0.9278846153846154 0.5552884615384616 0.0673076923076923 0.06610576923076923
0 0.8954326923076923 0.6442307692307693 0.056490384615384616 0.08413461538461539
0 0.9639423076923077 0.6430288461538461 0.0625 0.08653846153846154
0 0.7980769230769231 0.5276442307692307 0.12259615384615384 0.020432692307692308
0 0.0673076923076923 0.6478365384615384 0.11778846153846154 0.015625
0 0.1875 0.5949519230769231 0.11778846153846154 0.016826923076923076
0 0.1814903846153846 0.6153846153846154 0.1201923076923077 0.014423076923076924
0 0.18389423076923078 0.6346153846153846 0.11177884615384616 0.020432692307692308
0 0.18629807692307693 0.6526442307692307 0.11177884615384616 0.014423076923076924
0 0.18509615384615385 0.6694711538461539 0.11057692307692307 0.014423076923076924
0 0.3125 0.6153846153846154 0.12139423076923077 0.020432692307692308
0 0.30288461538461536 0.6370192307692307 0.11538461538461539 0.020432692307692308
0 0.06610576923076923 0.6682692307692307 0.11899038461538461 0.021634615384615384
0 0.7920673076923077 0.5072115384615384 0.11538461538461539 0.019230769230769232
0 0.7992788461538461 0.48677884615384615 0.12139423076923077 0.019230769230769232
0 0.671875 0.48197115384615385 0.1045673076923077 0.018028846153846152
0 0.96875 0.2247596153846154 0.06129807692307692 0.08533653846153846
0 0.9110576923076923 0.15384615384615385 0.046875 0.11057692307692307
0 0.8569711538461539 0.15504807692307693 0.055288461538461536 0.10576923076923077
0 0.734375 0.15144230769230768 0.06129807692307692 0.11057692307692307
0 0.6754807692307693 0.17427884615384615 0.052884615384615384 0.06850961538461539
0 0.6165865384615384 0.17548076923076922 0.06129807692307692 0.0673076923076923
0 0.4951923076923077 0.1658653846153846 0.037259615384615384 0.07932692307692307
0 0.45552884615384615 0.1658653846153846 0.03485576923076923 0.08052884615384616
0 0.38100961538461536 0.15985576923076922 0.109375 0.021634615384615384
0 0.38100961538461536 0.17908653846153846 0.11298076923076923 0.016826923076923076
0 0.5564903846153846 0.5060096153846154 0.11298076923076923 0.016826923076923076
0 0.5528846153846154 0.5228365384615384 0.11538461538461539 0.016826923076923076
0 0.5408653846153846 0.5408653846153846 0.09375 0.016826923076923076
0 0.5492788461538461 0.5625 0.11298076923076923 0.015625
0 0.6514423076923077 0.5456730769230769 0.11298076923076923 0.018028846153846152
0 0.6742788461538461 0.5252403846153846 0.11538461538461539 0.019230769230769232
0 0.6694711538461539 0.5048076923076923 0.11298076923076923 0.020432692307692308
0 0.3016826923076923 0.6538461538461539 0.11177884615384616 0.015625
0 0.8413461538461539 0.8149038461538461 0.11658653846153846 0.010817307692307692
0 0.30288461538461536 0.6742788461538461 0.11298076923076923 0.015625
0 0.4326923076923077 0.6237980769230769 0.10216346153846154 0.020432692307692308
0 0.3125 0.7776442307692307 0.030048076923076924 0.07692307692307693
0 0.34975961538461536 0.7692307692307693 0.027644230769230768 0.07572115384615384
0 0.38461538461538464 0.7752403846153846 0.03485576923076923 0.057692307692307696
0 0.39903846153846156 0.7331730769230769 0.026442307692307692 0.021634615384615384
0 0.4338942307692308 0.7295673076923077 0.027644230769230768 0.025240384615384616
0 0.4170673076923077 0.7752403846153846 0.02283653846153846 0.0625
0 0.44471153846153844 0.7764423076923077 0.03245192307692308 0.06850961538461539
0 0.2800480769230769 0.7752403846153846 0.03365384615384615 0.07572115384615384
0 0.4807692307692308 0.7740384615384616 0.03365384615384615 0.0673076923076923
0 0.5733173076923077 0.7764423076923077 0.03245192307692308 0.06490384615384616
0 0.6201923076923077 0.7824519230769231 0.03125 0.07451923076923077
0 0.6574519230769231 0.7824519230769231 0.03365384615384615 0.07692307692307693
0 0.7307692307692307 0.7728365384615384 0.1045673076923077 0.02283653846153846
0 0.7295673076923077 0.7944711538461539 0.10336538461538461 0.018028846153846152
0 0.7283653846153846 0.8125 0.09735576923076923 0.018028846153846152
0 0.8413461538461539 0.8028846153846154 0.11778846153846154 0.010817307692307692
0 0.5120192307692307 0.7752403846153846 0.030048076923076924 0.07091346153846154
0 0.21394230769230768 0.7752403846153846 0.027644230769230768 0.08173076923076923
0 0.056490384615384616 0.2668269230769231 0.10817307692307693 0.014423076923076924
0 0.18028846153846154 0.7740384615384616 0.03245192307692308 0.07692307692307693
0 0.4182692307692308 0.6742788461538461 0.1045673076923077 0.021634615384615384
0 0.5456730769230769 0.609375 0.1141826923076923 0.018028846153846152
0 0.5456730769230769 0.6262019230769231 0.109375 0.014423076923076924
0 0.5432692307692307 0.6430288461538461 0.10576923076923077 0.015625
0 0.5492788461538461 0.6959134615384616 0.11298076923076923 0.014423076923076924
0 0.6682692307692307 0.6189903846153846 0.11538461538461539 0.020432692307692308
0 0.25721153846153844 0.17427884615384615 0.11538461538461539 0.02283653846153846
0 0.25600961538461536 0.19831730769230768 0.11658653846153846 0.02283653846153846
0 0.6730769230769231 0.6394230769230769 0.125 0.015625
0 0.671875 0.6574519230769231 0.12740384615384615 0.015625
0 0.6658653846153846 0.6742788461538461 0.1141826923076923 0.01201923076923077
0 0.546875 0.6598557692307693 0.11298076923076923 0.019230769230769232
0 0.014423076923076924 0.765625 0.028846153846153848 0.07211538461538461
0 0.04807692307692308 0.765625 0.027644230769230768 0.07211538461538461
0 0.07932692307692307 0.7668269230769231 0.03245192307692308 0.0733173076923077
0 0.11298076923076923 0.7692307692307693 0.027644230769230768 0.07572115384615384
0 0.14543269230769232 0.7740384615384616 0.03125 0.07211538461538461
0 0.43509615384615385 0.6009615384615384 0.09615384615384616 0.02283653846153846