0 0.20673076923076922 0.8016826923076923 0.019230769230769232 0.08774038461538461
0 0.6490384615384616 0.7536057692307693 0.04927884615384615 0.056490384615384616
0 0.6478365384615384 0.6923076923076923 0.051682692307692304 0.055288461538461536
0 0.7560096153846154 0.8798076923076923 0.05048076923076923 0.055288461538461536
0 0.7007211538461539 0.8762019230769231 0.046875 0.055288461538461536
0 0.7572115384615384 0.8197115384615384 0.05048076923076923 0.055288461538461536
0 0.703125 0.8173076923076923 0.04807692307692308 0.052884615384615384
0 0.7043269230769231 0.7572115384615384 0.05048076923076923 0.055288461538461536
0 0.7632211538461539 0.6971153846153846 0.052884615384615384 0.057692307692307696
0 0.7055288461538461 0.6947115384615384 0.051682692307692304 0.06009615384615385
0 0.8185096153846154 0.7644230769230769 0.05048076923076923 0.055288461538461536
0 0.8149038461538461 0.8245192307692307 0.052884615384615384 0.052884615384615384
0 0.6490384615384616 0.8125 0.051682692307692304 0.055288461538461536
0 0.8233173076923077 0.703125 0.052884615384615384 0.06009615384615385
0 0.8689903846153846 0.8882211538461539 0.051682692307692304 0.056490384615384616
0 0.8725961538461539 0.8269230769230769 0.05048076923076923 0.055288461538461536
0 0.8762019230769231 0.7704326923076923 0.051682692307692304 0.054086538461538464
0 0.8834134615384616 0.7067307692307693 0.051682692307692304 0.055288461538461536
0 0.9266826923076923 0.8894230769230769 0.04807692307692308 0.051682692307692304
0 0.8112980769230769 0.8858173076923077 0.051682692307692304 0.056490384615384616
0 0.6478365384615384 0.8701923076923077 0.04927884615384615 0.056490384615384616
0 0.5961538461538461 0.8076923076923077 0.046875 0.052884615384615384
0 0.5949519230769231 0.7487980769230769 0.05048076923076923 0.055288461538461536
0 0.359375 0.09014423076923077 0.02283653846153846 0.12139423076923077
0 0.3317307692307692 0.09134615384615384 0.020432692307692308 0.1201923076923077
0 0.3076923076923077 0.09254807692307693 0.018028846153846152 0.11538461538461539
0 0.2848557692307692 0.09134615384615384 0.016826923076923076 0.1201923076923077
0 0.2644230769230769 0.09254807692307693 0.016826923076923076 0.11538461538461539
0 0.15504807692307693 0.08052884615384616 0.025240384615384616 0.13701923076923078
0 0.12740384615384615 0.08052884615384616 0.026442307692307692 0.12980769230769232
0 0.018028846153846152 0.08774038461538461 0.026442307692307692 0.109375
0 0.5913461538461539 0.6887019230769231 0.051682692307692304 0.056490384615384616
0 0.5456730769230769 0.8629807692307693 0.04807692307692308 0.05048076923076923
0 0.5432692307692307 0.8040865384615384 0.04807692307692308 0.055288461538461536
0 0.49158653846153844 0.8004807692307693 0.04567307692307692 0.05048076923076923
0 0.5396634615384616 0.7463942307692307 0.04807692307692308 0.055288461538461536
0 0.4879807692307692 0.7451923076923077 0.04807692307692308 0.056490384615384616
0 0.5384615384615384 0.6875 0.05048076923076923 0.055288461538461536
0 0.484375 0.6862980769230769 0.04567307692307692 0.057692307692307696
0 0.5961538461538461 0.8641826923076923 0.04567307692307692 0.054086538461538464
0 0.9326923076923077 0.8293269230769231 0.05048076923076923 0.04927884615384615
0 0.4951923076923077 0.859375 0.04807692307692308 0.054086538461538464
0 0.9375 0.7668269230769231 0.051682692307692304 0.057692307692307696
0 0.8822115384615384 0.640625 0.057692307692307696 0.06009615384615385
0 0.9495192307692307 0.6382211538461539 0.06129807692307692 0.0625
0 0.7980769230769231 0.3954326923076923 0.04567307692307692 0.055288461538461536
0 0.9098557692307693 0.33052884615384615 0.05048076923076923 0.06009615384615385
0 0.8545673076923077 0.33413461538461536 0.05048076923076923 0.056490384615384616
0 0.8016826923076923 0.33533653846153844 0.046875 0.055288461538461536
0 0.6947115384615384 0.33653846153846156 0.14783653846153846 0.054086538461538464
0 0.5961538461538461 0.33774038461538464 0.04447115384615385 0.057692307692307696
0 0.5480769230769231 0.34134615384615385 0.04567307692307692 0.055288461538461536
0 0.5024038461538461 0.3425480769230769 0.042067307692307696 0.055288461538461536
0 0.8509615384615384 0.3954326923076923 0.04807692307692308 0.055288461538461536
0 0.35096153846153844 0.7055288461538461 0.019230769230769232 0.10336538461538461
0 0.39903846153846156 0.7007211538461539 0.019230769230769232 0.10817307692307693
0 0.4254807692307692 0.7043269230769231 0.026442307692307692 0.11298076923076923
0 0.07451923076923077 0.7860576923076923 0.018028846153846152 0.08173076923076923
0 0.09615384615384616 0.7824519230769231 0.018028846153846152 0.08173076923076923
0 0.11538461538461539 0.7836538461538461 0.016826923076923076 0.08052884615384616
0 0.13701923076923078 0.7956730769230769 0.019230769230769232 0.09254807692307693
0 0.16346153846153846 0.7980769230769231 0.019230769230769232 0.09495192307692307
0 0.18509615384615385 0.7992788461538461 0.016826923076923076 0.09615384615384616
0 0.375 0.703125 0.021634615384615384 0.1045673076923077
0 0.9050480769230769 0.3942307692307692 0.04807692307692308 0.055288461538461536
0 0.32091346153846156 0.703125 0.021634615384615384 0.109375
0 0.796875 0.4543269230769231 0.04807692307692308 0.055288461538461536
0 0.38221153846153844 0.08774038461538461 0.019230769230769232 0.12259615384615384
0 0.8209134615384616 0.6370192307692307 0.056490384615384616 0.06009615384615385
0 0.5564903846153846 0.5084134615384616 0.1310096153846154 0.051682692307692304
0 0.6478365384615384 0.6310096153846154 0.054086538461538464 0.06009615384615385
0 0.5913461538461539 0.6286057692307693 0.051682692307692304 0.055288461538461536
0 0.5504807692307693 0.5612980769230769 0.03245192307692308 0.051682692307692304
0 0.5108173076923077 0.5625 0.04326923076923077 0.052884615384615384
0 0.6009615384615384 0.4519230769230769 0.042067307692307696 0.04927884615384615
0 0.5540865384615384 0.4543269230769231 0.04326923076923077 0.051682692307692304
0 0.5084134615384616 0.4543269230769231 0.042067307692307696 0.05048076923076923
0 0.5973557692307693 0.39783653846153844 0.04326923076923077 0.052884615384615384
0 0.5504807692307693 0.39903846153846156 0.04326923076923077 0.051682692307692304
0 0.5036057692307693 0.39903846153846156 0.04326923076923077 0.054086538461538464
0 0.6923076923076923 0.5637019230769231 0.038461538461538464 0.04807692307692308
0 0.7427884615384616 0.5637019230769231 0.04447115384615385 0.051682692307692304
0 0.6959134615384616 0.5060096153846154 0.14302884615384615 0.046875
0 0.6971153846153846 0.3954326923076923 0.14302884615384615 0.05048076923076923
0 0.9002403846153846 0.4543269230769231 0.04807692307692308 0.052884615384615384
0 0.8473557692307693 0.45552884615384615 0.04807692307692308 0.056490384615384616
0 0.9483173076923077 0.7055288461538461 0.055288461538461536 0.054086538461538464
0 0.4050480769230769 0.08533653846153846 0.019230769230769232 0.11778846153846154
0 0.6971153846153846 0.453125 0.140625 0.052884615384615384
0 0.015625 0.22716346153846154 0.020432692307692308 0.12139423076923077
0 0.08173076923076923 0.6887019230769231 0.021634615384615384 0.09975961538461539
0 0.05889423076923077 0.6911057692307693 0.016826923076923076 0.10216346153846154
0 0.42788461538461536 0.08413461538461539 0.020432692307692308 0.11538461538461539
0 0.41947115384615385 0.5913461538461539 0.021634615384615384 0.09975961538461539
0 0.39302884615384615 0.5877403846153846 0.019230769230769232 0.1045673076923077
0 0.3701923076923077 0.5925480769230769 0.021634615384615384 0.11538461538461539
0 0.3449519230769231 0.5949519230769231 0.021634615384615384 0.109375
0 0.3137019230769231 0.5889423076923077 0.026442307692307692 0.10096153846153846
0 0.28725961538461536 0.5889423076923077 0.016826923076923076 0.10817307692307693
0 0.26322115384615385 0.5913461538461539 0.021634615384615384 0.10817307692307693
0 0.2403846153846154 0.5925480769230769 0.019230769230769232 0.11177884615384616
0 0.20793269230769232 0.5925480769230769 0.02403846153846154 0.109375
0 0.18389423076923078 0.5901442307692307 0.020432692307692308 0.1045673076923077
0 0.16105769230769232 0.5877403846153846 0.021634615384615384 0.10697115384615384
0 0.13701923076923078 0.5901442307692307 0.021634615384615384 0.109375
0 0.11057692307692307 0.5865384615384616 0.019230769230769232 0.10697115384615384
0 0.08774038461538461 0.5841346153846154 0.019230769230769232 0.10336538461538461
0 0.06370192307692307 0.5841346153846154 0.021634615384615384 0.1045673076923077
0 0.042067307692307696 0.5853365384615384 0.016826923076923076 0.10576923076923077
0 0.1045673076923077 0.6899038461538461 0.019230769230769232 0.09375
0 0.4170673076923077 0.4723557692307692 0.027644230769230768 0.13341346153846154
0 0.125 0.6923076923076923 0.016826923076923076 0.09254807692307693
0 0.171875 0.6971153846153846 0.020432692307692308 0.10216346153846154
0 0.23076923076923078 0.8028846153846154 0.020432692307692308 0.09014423076923077
0 0.25961538461538464 0.8028846153846154 0.018028846153846152 0.09735576923076923
0 0.28125 0.8016826923076923 0.018028846153846152 0.09375
0 0.30408653846153844 0.8064903846153846 0.018028846153846152 0.09615384615384616
0 0.3293269230769231 0.8100961538461539 0.020432692307692308 0.0985576923076923
0 0.3605769230769231 0.8100961538461539 0.019230769230769232 0.10096153846153846
0 0.38461538461538464 0.8100961538461539 0.019230769230769232 0.1045673076923077
0 0.4050480769230769 0.8112980769230769 0.019230769230769232 0.10336538461538461
0 0.4326923076923077 0.8149038461538461 0.025240384615384616 0.10096153846153846
0 0.5637019230769231 0.2668269230769231 0.12139423076923077 0.04807692307692308
0 0.6923076923076923 0.26322115384615385 0.12620192307692307 0.04447115384615385
0 0.7932692307692307 0.25841346153846156 0.06370192307692307 0.055288461538461536
0 0.8617788461538461 0.2548076923076923 0.0673076923076923 0.052884615384615384
0 0.8485576923076923 0.5120192307692307 0.15264423076923078 0.054086538461538464
0 0.296875 0.7007211538461539 0.018028846153846152 0.10697115384615384
0 0.27283653846153844 0.6983173076923077 0.019230769230769232 0.10336538461538461
0 0.24879807692307693 0.7019230769230769 0.019230769230769232 0.09975961538461539
0 0.21995192307692307 0.7019230769230769 0.021634615384615384 0.1045673076923077
0 0.19591346153846154 0.6983173076923077 0.020432692307692308 0.10336538461538461
0 0.1502403846153846 0.6983173076923077 0.020432692307692308 0.10216346153846154
0 0.3894230769230769 0.46875 0.02403846153846154 0.12740384615384615
0 0.7608173076923077 0.7584134615384616 0.051682692307692304 0.05889423076923077
0 0.3389423076923077 0.47115384615384615 0.02403846153846154 0.1310096153846154
0 0.296875 0.21394230769230768 0.018028846153846152 0.10817307692307693
0 0.31850961538461536 0.2127403846153846 0.016826923076923076 0.10697115384615384
0 0.36899038461538464 0.21153846153846154 0.019230769230769232 0.109375
0 0.3894230769230769 0.20793269230769232 0.019230769230769232 0.11298076923076923
0 0.41225961538461536 0.20673076923076922 0.019230769230769232 0.109375
0 0.43509615384615385 0.20432692307692307 0.02283653846153846 0.11538461538461539
0 0.34975961538461536 0.3233173076923077 0.018028846153846152 0.1045673076923077
0 0.009615384615384616 0.35096153846153844 0.018028846153846152 0.11899038461538461
0 0.03245192307692308 0.35096153846153844 0.021634615384615384 0.11658653846153846
0 0.055288461538461536 0.35096153846153844 0.019230769230769232 0.11778846153846154
0 0.078125 0.35216346153846156 0.019230769230769232 0.11658653846153846
0 0.10697115384615384 0.35216346153846156 0.02283653846153846 0.12139423076923077
0 0.1310096153846154 0.35216346153846156 0.018028846153846152 0.11899038461538461
0 0.15504807692307693 0.35096153846153844 0.019230769230769232 0.12379807692307693
0 0.18629807692307693 0.35096153846153844 0.03365384615384615 0.12620192307692307
0 0.28725961538461536 0.32211538461538464 0.015625 0.10216346153846154
0 0.30649038461538464 0.32091346153846156 0.018028846153846152 0.10096153846153846
0 0.328125 0.32211538461538464 0.018028846153846152 0.09975961538461539
0 0.3641826923076923 0.46875 0.02403846153846154 0.12740384615384615
0 0.2764423076923077 0.2127403846153846 0.016826923076923076 0.10817307692307693
0 0.17307692307692307 0.21875 0.028846153846153848 0.13221153846153846
0 0.3401442307692308 0.21153846153846154 0.019230769230769232 0.11298076923076923
0 0.11778846153846154 0.22235576923076922 0.021634615384615384 0.13341346153846154
0 0.3076923076923077 0.4723557692307692 0.02403846153846154 0.1310096153846154
0 0.27884615384615385 0.4699519230769231 0.02403846153846154 0.12259615384615384
0 0.25240384615384615 0.4723557692307692 0.02403846153846154 0.12620192307692307
0 0.2283653846153846 0.4735576923076923 0.019230769230769232 0.12379807692307693
0 0.19591346153846154 0.47596153846153844 0.027644230769230768 0.11899038461538461
0 0.16947115384615385 0.4723557692307692 0.019230769230769232 0.11538461538461539
0 0.14543269230769232 0.4735576923076923 0.02283653846153846 0.11778846153846154
0 0.14302884615384615 0.21875 0.021634615384615384 0.1310096153846154
0 0.037259615384615384 0.22235576923076922 0.018028846153846152 0.12620192307692307
0 0.09254807692307693 0.4735576923076923 0.020432692307692308 0.11177884615384616
0 0.07091346153846154 0.46875 0.018028846153846152 0.109375
0 0.12139423076923077 0.4723557692307692 0.02283653846153846 0.11177884615384616
0 0.025240384615384616 0.4699519230769231 0.018028846153846152 0.11899038461538461
0 0.4423076923076923 0.31850961538461536 0.020432692307692308 0.109375
0 0.4206730769230769 0.3173076923076923 0.016826923076923076 0.1045673076923077
0 0.06129807692307692 0.22355769230769232 0.025240384615384616 0.13341346153846154
0 0.09254807692307693 0.22235576923076922 0.02283653846153846 0.12860576923076922
0 0.04927884615384615 0.47115384615384615 0.02283653846153846 0.11538461538461539
0 0.39903846153846156 0.31971153846153844 0.019230769230769232 0.10697115384615384
0 0.3762019230769231 0.32091346153846156 0.016826923076923076 0.1045673076923077