0 0.2439903846153846 0.8545673076923077 0.03485576923076923 0.0829326923076923
0 0.35336538461538464 0.8245192307692307 0.0625 0.046875
0 0.2848557692307692 0.8557692307692307 0.039663461538461536 0.0829326923076923
0 0.16706730769230768 0.8545673076923077 0.03485576923076923 0.0829326923076923
0 0.7764423076923077 0.7427884615384616 0.038461538461538464 0.052884615384615384
0 0.8173076923076923 0.7451923076923077 0.04326923076923077 0.056490384615384616
0 0.8617788461538461 0.7439903846153846 0.037259615384615384 0.057692307692307696
0 0.9026442307692307 0.7439903846153846 0.030048076923076924 0.05889423076923077
0 0.9483173076923077 0.7475961538461539 0.05048076923076923 0.054086538461538464
0 0.9879807692307693 0.7439903846153846 0.021634615384615384 0.054086538461538464
0 0.4050480769230769 0.8617788461538461 0.036057692307692304 0.08052884615384616
0 0.20432692307692307 0.8545673076923077 0.038461538461538464 0.08052884615384616
0 0.44591346153846156 0.8605769230769231 0.038461538461538464 0.08052884615384616
0 0.7415865384615384 0.7427884615384616 0.027644230769230768 0.055288461538461536
0 0.5240384615384616 0.8497596153846154 0.028846153846153848 0.09975961538461539
0 0.025240384615384616 0.21033653846153846 0.04567307692307692 0.06850961538461539
0 0.06610576923076923 0.2980769230769231 0.06610576923076923 0.06129807692307692
0 0.028846153846153848 0.3870192307692308 0.046875 0.06370192307692307
0 0.08533653846153846 0.390625 0.052884615384615384 0.06009615384615385
0 0.02283653846153846 0.49038461538461536 0.038461538461538464 0.0829326923076923
0 0.07932692307692307 0.49038461538461536 0.07211538461538461 0.08173076923076923
0 0.09975961538461539 0.5985576923076923 0.056490384615384616 0.078125
0 0.0733173076923077 0.6935096153846154 0.028846153846153848 0.051682692307692304
0 0.11057692307692307 0.7115384615384616 0.038461538461538464 0.056490384615384616
0 0.49038461538461536 0.8509615384615384 0.03245192307692308 0.09735576923076923
0 0.04807692307692308 0.7956730769230769 0.052884615384615384 0.078125
0 0.9831730769230769 0.8605769230769231 0.028846153846153848 0.08653846153846154
0 0.9471153846153846 0.875 0.03485576923076923 0.056490384615384616
0 0.9086538461538461 0.8762019230769231 0.042067307692307696 0.057692307692307696
0 0.8557692307692307 0.8689903846153846 0.04807692307692308 0.06370192307692307
0 0.8064903846153846 0.8713942307692307 0.04326923076923077 0.0625
0 0.7620192307692307 0.8725961538461539 0.042067307692307696 0.056490384615384616
0 0.6778846153846154 0.875 0.04447115384615385 0.056490384615384616
0 0.6021634615384616 0.8581730769230769 0.038461538461538464 0.0829326923076923
0 0.5600961538461539 0.859375 0.036057692307692304 0.08052884615384616
0 0.11298076923076923 0.8269230769230769 0.06009615384615385 0.078125
0 0.6995192307692307 0.7427884615384616 0.04447115384615385 0.055288461538461536
0 0.9134615384615384 0.21394230769230768 0.04326923076923077 0.08533653846153846
0 0.5264423076923077 0.7415865384615384 0.046875 0.055288461538461536
0 0.14423076923076922 0.44350961538461536 0.039663461538461536 0.07451923076923077
0 0.9795673076923077 0.3389423076923077 0.038461538461538464 0.07572115384615384
0 0.9242788461538461 0.33774038461538464 0.0733173076923077 0.07451923076923077
0 0.8786057692307693 0.07932692307692307 0.038461538461538464 0.09254807692307693
0 0.8257211538461539 0.33533653846153844 0.03125 0.07572115384615384
0 0.7932692307692307 0.33653846153846156 0.03125 0.07572115384615384
0 0.7560096153846154 0.33653846153846156 0.039663461538461536 0.078125
0 0.19230769230769232 0.44591346153846156 0.04567307692307692 0.06610576923076923
0 0.7115384615384616 0.33533653846153844 0.04447115384615385 0.0733173076923077
0 0.5949519230769231 0.33413461538461536 0.05048076923076923 0.07211538461538461
0 0.5408653846153846 0.3329326923076923 0.051682692307692304 0.07451923076923077
0 0.4855769230769231 0.3317307692307692 0.054086538461538464 0.078125
0 0.4338942307692308 0.3329326923076923 0.046875 0.07692307692307693
0 0.38822115384615385 0.33052884615384615 0.040865384615384616 0.078125
0 0.3401442307692308 0.33052884615384615 0.04807692307692308 0.07572115384615384
0 0.28966346153846156 0.33052884615384615 0.04567307692307692 0.07211538461538461
0 0.6574519230769231 0.33413461538461536 0.06129807692307692 0.07091346153846154
0 0.2403846153846154 0.3293269230769231 0.04927884615384615 0.07692307692307693
0 0.24278846153846154 0.4483173076923077 0.046875 0.07091346153846154
0 0.34375 0.44711538461538464 0.04567307692307692 0.07211538461538461
0 0.25 0.5576923076923077 0.039663461538461536 0.07091346153846154
0 0.20192307692307693 0.5576923076923077 0.04927884615384615 0.07211538461538461
0 0.15144230769230768 0.5564903846153846 0.04326923076923077 0.07572115384615384
0 0.9735576923076923 0.45072115384615385 0.04567307692307692 0.07451923076923077
0 0.9266826923076923 0.45072115384615385 0.038461538461538464 0.07451923076923077
0 0.8786057692307693 0.45072115384615385 0.04927884615384615 0.07692307692307693
0 0.8305288461538461 0.45072115384615385 0.04807692307692308 0.07572115384615384
0 0.2956730769230769 0.44591346153846156 0.04447115384615385 0.07572115384615384
0 0.7800480769230769 0.45072115384615385 0.046875 0.07572115384615384
0 0.6862980769230769 0.453125 0.04326923076923077 0.06850961538461539
0 0.6382211538461539 0.4543269230769231 0.04447115384615385 0.06610576923076923
0 0.5865384615384616 0.4495192307692308 0.036057692307692304 0.07572115384615384
0 0.5408653846153846 0.4483173076923077 0.039663461538461536 0.06971153846153846
0 0.49399038461538464 0.4543269230769231 0.04927884615384615 0.06850961538461539
0 0.44350961538461536 0.453125 0.038461538461538464 0.07572115384615384
0 0.39302884615384615 0.45072115384615385 0.046875 0.06610576923076923
0 0.734375 0.4495192307692308 0.04326923076923077 0.078125
0 0.2956730769230769 0.5600961538461539 0.04326923076923077 0.0673076923076923
0 0.18389423076923078 0.3269230769230769 0.055288461538461536 0.07451923076923077
0 0.9663461538461539 0.21634615384615385 0.05889423076923077 0.08052884615384616
0 0.22355769230769232 0.05889423076923077 0.042067307692307696 0.0889423076923077
0 0.2644230769230769 0.06129807692307692 0.03365384615384615 0.09254807692307693
0 0.30288461538461536 0.06009615384615385 0.039663461538461536 0.09254807692307693
0 0.34375 0.06009615384615385 0.038461538461538464 0.09495192307692307
0 0.38221153846153844 0.06009615384615385 0.03485576923076923 0.09615384615384616
0 0.421875 0.06009615384615385 0.037259615384615384 0.09975961538461539
0 0.46153846153846156 0.06370192307692307 0.038461538461538464 0.09254807692307693
0 0.171875 0.06971153846153846 0.05048076923076923 0.0673076923076923
0 0.5036057692307693 0.06370192307692307 0.036057692307692304 0.09375
0 0.5865384615384616 0.0625 0.03245192307692308 0.10096153846153846
0 0.6286057692307693 0.06610576923076923 0.046875 0.0985576923076923
0 0.671875 0.07572115384615384 0.027644230769230768 0.0829326923076923
0 0.7091346153846154 0.07692307692307693 0.037259615384615384 0.08052884615384616
0 0.7512019230769231 0.078125 0.037259615384615384 0.08413461538461539
0 0.7932692307692307 0.07692307692307693 0.04326923076923077 0.08533653846153846
0 0.8365384615384616 0.07932692307692307 0.038461538461538464 0.09134615384615384
0 0.5456730769230769 0.0625 0.04326923076923077 0.09615384615384616
0 0.12980769230769232 0.3269230769230769 0.04567307692307692 0.07211538461538461
0 0.6538461538461539 0.7439903846153846 0.038461538461538464 0.055288461538461536
0 0.04447115384615385 0.06610576923076923 0.06850961538461539 0.10817307692307693
0 0.8641826923076923 0.21033653846153846 0.04807692307692308 0.078125
0 0.8125 0.20793269230769232 0.042067307692307696 0.0829326923076923
0 0.7620192307692307 0.20793269230769232 0.051682692307692304 0.08173076923076923
0 0.7091346153846154 0.21153846153846154 0.046875 0.08533653846153846
0 0.6598557692307693 0.21033653846153846 0.04927884615384615 0.08173076923076923
0 0.6057692307692307 0.21033653846153846 0.046875 0.08413461538461539
0 0.5 0.20793269230769232 0.04807692307692308 0.07692307692307693
0 0.1141826923076923 0.07451923076923077 0.05889423076923077 0.07572115384615384
0 0.44350961538461536 0.20432692307692307 0.04927884615384615 0.08173076923076923
0 0.3401442307692308 0.20552884615384615 0.04927884615384615 0.08173076923076923
0 0.2860576923076923 0.20432692307692307 0.054086538461538464 0.078125
0 0.23076923076923078 0.20432692307692307 0.051682692307692304 0.078125
0 0.17548076923076922 0.203125 0.05048076923076923 0.07692307692307693
0 0.12259615384615384 0.20192307692307693 0.055288461538461536 0.08173076923076923
0 0.9831730769230769 0.07572115384615384 0.028846153846153848 0.10336538461538461
0 0.9483173076923077 0.07572115384615384 0.037259615384615384 0.10096153846153846
0 0.39302884615384615 0.20432692307692307 0.05048076923076923 0.08173076923076923
0 0.38822115384615385 0.5685096153846154 0.046875 0.057692307692307696
0 0.8641826923076923 0.33653846153846156 0.042067307692307696 0.07451923076923077
0 0.4855769230769231 0.5661057692307693 0.04447115384615385 0.05889423076923077
0 0.34375 0.6550480769230769 0.04326923076923077 0.06490384615384616
0 0.3918269230769231 0.6550480769230769 0.04326923076923077 0.0625
0 0.4362980769230769 0.6550480769230769 0.042067307692307696 0.06009615384615385
0 0.4831730769230769 0.6526442307692307 0.04567307692307692 0.06129807692307692
0 0.4387019230769231 0.5673076923076923 0.04447115384615385 0.05889423076923077
0 0.5264423076923077 0.6526442307692307 0.039663461538461536 0.06129807692307692
0 0.6177884615384616 0.65625 0.042067307692307696 0.057692307692307696
0 0.6634615384615384 0.65625 0.03485576923076923 0.055288461538461536
0 0.7019230769230769 0.6574519230769231 0.038461538461538464 0.056490384615384616
0 0.7475961538461539 0.65625 0.04326923076923077 0.055288461538461536
0 0.7908653846153846 0.6574519230769231 0.037259615384615384 0.0625
0 0.8317307692307693 0.6586538461538461 0.04326923076923077 0.06009615384615385
0 0.8762019230769231 0.6586538461538461 0.036057692307692304 0.06129807692307692
0 0.9170673076923077 0.6598557692307693 0.040865384615384616 0.05889423076923077
0 0.9567307692307693 0.6598557692307693 0.03365384615384615 0.05889423076923077
0 0.9891826923076923 0.6634615384615384 0.016826923076923076 0.057692307692307696
0 0.15985576923076922 0.7415865384615384 0.042067307692307696 0.057692307692307696
0 0.203125 0.7415865384615384 0.036057692307692304 0.05889423076923077
0 0.25 0.7403846153846154 0.04807692307692308 0.0625
0 0.2956730769230769 0.7427884615384616 0.038461538461538464 0.055288461538461536
0 0.3401442307692308 0.7439903846153846 0.04567307692307692 0.06129807692307692
0 0.3858173076923077 0.7439903846153846 0.036057692307692304 0.0625
0 0.43149038461538464 0.7415865384615384 0.04326923076923077 0.055288461538461536
0 0.2956730769230769 0.6550480769230769 0.046875 0.06129807692307692
0 0.24759615384615385 0.6538461538461539 0.046875 0.06370192307692307
0 0.9122596153846154 0.078125 0.027644230769230768 0.09375
0 0.6694711538461539 0.5625 0.04447115384615385 0.06971153846153846
0 0.7151442307692307 0.5612980769230769 0.04326923076923077 0.06850961538461539
0 0.7620192307692307 0.5625 0.04567307692307692 0.07091346153846154
0 0.8076923076923077 0.5625 0.04567307692307692 0.07211538461538461
0 0.859375 0.5625 0.046875 0.0733173076923077
0 0.9086538461538461 0.5637019230769231 0.04927884615384615 0.06971153846153846
0 0.9675480769230769 0.5612980769230769 0.05889423076923077 0.06610576923076923
0 0.15625 0.6538461538461539 0.042067307692307696 0.05889423076923077
0 0.20072115384615385 0.6526442307692307 0.04567307692307692 0.06129807692307692