0 0.9543269230769231 0.5564903846153846 0.04927884615384615 0.08052884615384616
0 0.890625 0.5504807692307693 0.056490384615384616 0.09134615384615384
0 0.8293269230769231 0.5456730769230769 0.06009615384615385 0.0985576923076923
0 0.04326923076923077 0.6598557692307693 0.037259615384615384 0.08173076923076923
0 0.08413461538461539 0.6682692307692307 0.037259615384615384 0.0733173076923077
0 0.14302884615384615 0.6610576923076923 0.04927884615384615 0.08413461538461539
0 0.17307692307692307 0.7512019230769231 0.0625 0.057692307692307696
0 0.1045673076923077 0.7536057692307693 0.07091346153846154 0.05048076923076923
0 0.9603365384615384 0.6646634615384616 0.078125 0.057692307692307696
0 0.8737980769230769 0.6682692307692307 0.07211538461538461 0.06129807692307692
0 0.8064903846153846 0.6670673076923077 0.05889423076923077 0.056490384615384616
0 0.6274038461538461 0.6153846153846154 0.0829326923076923 0.02283653846153846
0 0.6971153846153846 0.6105769230769231 0.04447115384615385 0.013221153846153846
0 0.6947115384615384 0.6274038461538461 0.042067307692307696 0.016826923076923076
0 0.7632211538461539 0.5492788461538461 0.04567307692307692 0.0829326923076923
0 0.7223557692307693 0.6670673076923077 0.09375 0.06129807692307692
0 0.5576923076923077 0.6634615384615384 0.07692307692307693 0.055288461538461536
0 0.45552884615384615 0.6670673076923077 0.03365384615384615 0.056490384615384616
0 0.421875 0.6634615384615384 0.027644230769230768 0.06129807692307692
0 0.375 0.6694711538461539 0.0625 0.0673076923076923
0 0.31971153846153844 0.6730769230769231 0.036057692307692304 0.06129807692307692
0 0.27524038461538464 0.6730769230769231 0.04447115384615385 0.06009615384615385
0 0.23076923076923078 0.6706730769230769 0.042067307692307696 0.056490384615384616
0 0.18389423076923078 0.6610576923076923 0.03485576923076923 0.08653846153846154
0 0.6334134615384616 0.6682692307692307 0.057692307692307696 0.06009615384615385
0 0.7019230769230769 0.5372596153846154 0.06971153846153846 0.1045673076923077
0 0.10336538461538461 0.5576923076923077 0.052884615384615384 0.08413461538461539
0 0.5673076923076923 0.5480769230769231 0.08533653846153846 0.09615384615384616
0 0.9555288461538461 0.41947115384615385 0.08533653846153846 0.08413461538461539
0 0.8725961538461539 0.4206730769230769 0.078125 0.08653846153846154
0 0.7788461538461539 0.4206730769230769 0.0889423076923077 0.08413461538461539
0 0.6887019230769231 0.42427884615384615 0.08052884615384616 0.07932692307692307
0 0.6213942307692307 0.4182692307692308 0.04447115384615385 0.08173076923076923
0 0.5588942307692307 0.421875 0.08173076923076923 0.08653846153846154
0 0.4831730769230769 0.4230769230769231 0.057692307692307696 0.08413461538461539
0 0.4266826923076923 0.42427884615384615 0.054086538461538464 0.08533653846153846
0 0.3485576923076923 0.42427884615384615 0.051682692307692304 0.078125
0 0.02283653846153846 0.42908653846153844 0.038461538461538464 0.07572115384615384
0 0.8125 0.33413461538461536 0.05889423076923077 0.054086538461538464
0 0.8653846153846154 0.3293269230769231 0.039663461538461536 0.06129807692307692
0 0.9747596153846154 0.32211538461538464 0.04927884615384615 0.08653846153846154
0 0.9194711538461539 0.3245192307692308 0.054086538461538464 0.08052884615384616
0 0.7439903846153846 0.328125 0.052884615384615384 0.07451923076923077
0 0.6778846153846154 0.3269230769230769 0.0673076923076923 0.07451923076923077
0 0.22235576923076922 0.5528846153846154 0.04927884615384615 0.08173076923076923
0 0.2956730769230769 0.546875 0.0733173076923077 0.0985576923076923
0 0.36177884615384615 0.5564903846153846 0.052884615384615384 0.06971153846153846
0 0.38221153846153844 0.3245192307692308 0.055288461538461536 0.078125
0 0.24759615384615385 0.7524038461538461 0.054086538461538464 0.054086538461538464
0 0.6129807692307693 0.3269230769230769 0.051682692307692304 0.0733173076923077
0 0.16466346153846154 0.5576923076923077 0.057692307692307696 0.08413461538461539
0 0.4230769230769231 0.5444711538461539 0.06850961538461539 0.09615384615384616
0 0.49278846153846156 0.5492788461538461 0.052884615384615384 0.09495192307692307
0 0.6394230769230769 0.546875 0.051682692307692304 0.08653846153846154
0 0.296875 0.7560096153846154 0.03245192307692308 0.04807692307692308
0 0.8978365384615384 0.8509615384615384 0.038461538461538464 0.08173076923076923
0 0.36899038461538464 0.7536057692307693 0.028846153846153848 0.04567307692307692
0 0.31971153846153844 0.22716346153846154 0.056490384615384616 0.07091346153846154
0 0.2668269230769231 0.22596153846153846 0.04447115384615385 0.06971153846153846
0 0.21754807692307693 0.2283653846153846 0.046875 0.06971153846153846
0 0.15264423076923078 0.2283653846153846 0.056490384615384616 0.06971153846153846
0 0.09134615384615384 0.2283653846153846 0.056490384615384616 0.06610576923076923
0 0.02403846153846154 0.2247596153846154 0.04326923076923077 0.07091346153846154
0 0.9759615384615384 0.125 0.04326923076923077 0.0625
0 0.9086538461538461 0.12620192307692307 0.07932692307692307 0.057692307692307696
0 0.8509615384615384 0.11899038461538461 0.038461538461538464 0.06370192307692307
0 0.8137019230769231 0.1201923076923077 0.03245192307692308 0.06009615384615385
0 0.7644230769230769 0.11658653846153846 0.06490384615384616 0.0673076923076923
0 0.6298076923076923 0.13942307692307693 0.057692307692307696 0.028846153846153848
0 0.6899038461538461 0.140625 0.06009615384615385 0.027644230769230768
0 0.6971153846153846 0.11177884615384616 0.056490384615384616 0.027644230769230768
0 0.6322115384615384 0.11057692307692307 0.057692307692307696 0.028846153846153848
0 0.6959134615384616 0.0829326923076923 0.0625 0.026442307692307692
0 0.6322115384615384 0.08173076923076923 0.06129807692307692 0.028846153846153848
0 0.5697115384615384 0.13581730769230768 0.05889423076923077 0.026442307692307692
0 0.5697115384615384 0.11057692307692307 0.055288461538461536 0.025240384615384616
0 0.4074519230769231 0.23076923076923078 0.06009615384615385 0.0673076923076923
0 0.4735576923076923 0.23677884615384615 0.054086538461538464 0.0625
0 0.5372596153846154 0.23557692307692307 0.06850961538461539 0.06610576923076923
0 0.6021634615384616 0.23557692307692307 0.04927884615384615 0.06610576923076923
0 0.4495192307692308 0.3269230769230769 0.06971153846153846 0.07451923076923077
0 0.3245192307692308 0.3233173076923077 0.054086538461538464 0.07451923076923077
0 0.25841346153846156 0.32211538461538464 0.06850961538461539 0.07451923076923077
0 0.1971153846153846 0.3233173076923077 0.051682692307692304 0.07211538461538461
0 0.13942307692307693 0.32211538461538464 0.055288461538461536 0.07091346153846154
0 0.07932692307692307 0.32572115384615385 0.057692307692307696 0.0673076923076923
0 0.02403846153846154 0.3245192307692308 0.04447115384615385 0.06971153846153846
0 0.6838942307692307 0.16826923076923078 0.07572115384615384 0.025240384615384616
0 0.7824519230769231 0.19951923076923078 0.054086538461538464 0.026442307692307692
0 0.5120192307692307 0.10576923076923077 0.04447115384615385 0.08774038461538461
0 0.8341346153846154 0.17908653846153846 0.037259615384615384 0.057692307692307696
0 0.9807692307692307 0.18269230769230768 0.03365384615384615 0.052884615384615384
0 0.9783653846153846 0.2403846153846154 0.02403846153846154 0.05889423076923077
0 0.9423076923076923 0.25240384615384615 0.038461538461538464 0.03365384615384615
0 0.9050480769230769 0.25 0.036057692307692304 0.03245192307692308
0 0.8689903846153846 0.23798076923076922 0.030048076923076924 0.054086538461538464
0 0.8209134615384616 0.2403846153846154 0.04807692307692308 0.057692307692307696
0 0.7716346153846154 0.2403846153846154 0.04326923076923077 0.055288461538461536
0 0.7259615384615384 0.24278846153846154 0.039663461538461536 0.052884615384615384
0 0.671875 0.22716346153846154 0.06009615384615385 0.08173076923076923
0 0.875 0.1935096153846154 0.03485576923076923 0.02283653846153846
0 0.33533653846153844 0.7512019230769231 0.030048076923076924 0.04567307692307692
0 0.4723557692307692 0.11298076923076923 0.036057692307692304 0.06850961538461539
0 0.3713942307692308 0.10697115384615384 0.030048076923076924 0.0829326923076923
0 0.36658653846153844 0.8557692307692307 0.03485576923076923 0.09375
0 0.32211538461538464 0.8557692307692307 0.040865384615384616 0.08774038461538461
0 0.2800480769230769 0.8677884615384616 0.037259615384615384 0.06490384615384616
0 0.21754807692307693 0.8521634615384616 0.040865384615384616 0.07451923076923077
0 0.16466346153846154 0.8665865384615384 0.040865384615384616 0.07211538461538461
0 0.12379807692307693 0.8701923076923077 0.03245192307692308 0.07692307692307693
0 0.08774038461538461 0.8581730769230769 0.025240384615384616 0.07211538461538461
0 0.04927884615384615 0.8653846153846154 0.040865384615384616 0.07692307692307693
0 0.01201923076923077 0.8569711538461539 0.019230769230769232 0.06850961538461539
0 0.9771634615384616 0.7596153846153846 0.038461538461538464 0.026442307692307692
0 0.8485576923076923 0.7259615384615384 0.040865384615384616 0.021634615384615384
0 0.8185096153846154 0.7572115384615384 0.055288461538461536 0.02403846153846154
0 0.7560096153846154 0.7560096153846154 0.055288461538461536 0.025240384615384616
0 0.703125 0.7596153846153846 0.046875 0.028846153846153848
0 0.6502403846153846 0.7596153846153846 0.04927884615384615 0.027644230769230768
0 0.5024038461538461 0.7439903846153846 0.046875 0.0625
0 0.4639423076923077 0.7475961538461539 0.021634615384615384 0.04447115384615385
0 0.43028846153846156 0.7524038461538461 0.028846153846153848 0.04807692307692308
0 0.40024038461538464 0.7512019230769231 0.026442307692307692 0.046875
0 0.4110576923076923 0.8557692307692307 0.04326923076923077 0.09254807692307693
0 0.45913461538461536 0.8533653846153846 0.042067307692307696 0.09134615384615384
0 0.5432692307692307 0.8509615384615384 0.046875 0.09014423076923077
0 0.5865384615384616 0.84375 0.03125 0.07932692307692307
0 0.2776442307692308 0.042067307692307696 0.055288461538461536 0.06009615384615385
0 0.33052884615384615 0.04927884615384615 0.04447115384615385 0.06850961538461539
0 0.3293269230769231 0.11778846153846154 0.038461538461538464 0.06490384615384616
0 0.2764423076923077 0.11298076923076923 0.046875 0.0733173076923077
0 0.22115384615384615 0.11177884615384616 0.0625 0.07572115384615384
0 0.1201923076923077 0.12740384615384615 0.08653846153846154 0.030048076923076924
0 0.11538461538461539 0.09735576923076923 0.06971153846153846 0.019230769230769232
0 0.11538461538461539 0.0733173076923077 0.06850961538461539 0.021634615384615384
0 0.042067307692307696 0.12740384615384615 0.0673076923076923 0.028846153846153848
0 0.41947115384615385 0.11778846153846154 0.06129807692307692 0.06490384615384616
0 0.042067307692307696 0.09014423076923077 0.0673076923076923 0.042067307692307696
0 0.8774038461538461 0.7884615384615384 0.10817307692307693 0.013221153846153846
0 0.9819711538461539 0.84375 0.03485576923076923 0.09254807692307693
0 0.9338942307692307 0.8389423076923077 0.027644230769230768 0.07451923076923077
0 0.8497596153846154 0.8377403846153846 0.02403846153846154 0.0733173076923077
0 0.8125 0.8569711538461539 0.039663461538461536 0.07932692307692307
0 0.7668269230769231 0.8557692307692307 0.030048076923076924 0.078125
0 0.7271634615384616 0.8581730769230769 0.04326923076923077 0.08413461538461539
0 0.6766826923076923 0.8413461538461539 0.039663461538461536 0.08052884615384616
0 0.6298076923076923 0.8449519230769231 0.04807692307692308 0.08052884615384616
0 0.515625 0.3293269230769231 0.055288461538461536 0.0829326923076923