0 0.3233173076923077 0.6165865384615384 0.03245192307692308 0.03485576923076923
0 0.8401442307692307 0.7379807692307693 0.04567307692307692 0.05889423076923077
0 0.3269230769230769 0.8052884615384616 0.03485576923076923 0.09975961538461539
0 0.36778846153846156 0.8028846153846154 0.039663461538461536 0.1045673076923077
0 0.43149038461538464 0.7908653846153846 0.0625 0.078125
0 0.4855769230769231 0.8052884615384616 0.039663461538461536 0.10216346153846154
0 0.53125 0.8052884615384616 0.04326923076923077 0.10336538461538461
0 0.5733173076923077 0.8004807692307693 0.039663461538461536 0.09375
0 0.6334134615384616 0.8209134615384616 0.07451923076923077 0.06850961538461539
0 0.6490384615384616 0.5925480769230769 0.025240384615384616 0.07451923076923077
0 0.6165865384615384 0.59375 0.03245192307692308 0.07572115384615384
0 0.5709134615384616 0.5877403846153846 0.05048076923076923 0.08653846153846154
0 0.2932692307692308 0.8040865384615384 0.026442307692307692 0.10096153846153846
0 0.5276442307692307 0.5985576923076923 0.03125 0.0673076923076923
0 0.4170673076923077 0.5877403846153846 0.03485576923076923 0.09014423076923077
0 0.7079326923076923 0.8125 0.06490384615384616 0.07932692307692307
0 0.7740384615384616 0.8149038461538461 0.0625 0.07932692307692307
0 0.027644230769230768 0.7728365384615384 0.04447115384615385 0.10216346153846154
0 0.0733173076923077 0.765625 0.042067307692307696 0.1045673076923077
0 0.15144230769230768 0.765625 0.0829326923076923 0.10336538461538461
0 0.042067307692307696 0.6310096153846154 0.0829326923076923 0.10817307692307693
0 0.16826923076923078 0.6009615384615384 0.07091346153846154 0.10096153846153846
0 0.24158653846153846 0.6021634615384616 0.03365384615384615 0.07572115384615384
0 0.2776442307692308 0.5997596153846154 0.02283653846153846 0.06370192307692307
0 0.4567307692307692 0.5961538461538461 0.026442307692307692 0.07451923076923077
0 0.36658653846153844 0.6237980769230769 0.040865384615384616 0.019230769230769232
0 0.25961538461538464 0.8064903846153846 0.036057692307692304 0.10216346153846154
0 0.8942307692307693 0.8197115384615384 0.05048076923076923 0.07692307692307693
0 0.7860576923076923 0.6995192307692307 0.030048076923076924 0.052884615384615384
0 0.7524038461538461 0.7007211538461539 0.03365384615384615 0.054086538461538464
0 0.7127403846153846 0.7019230769230769 0.038461538461538464 0.05889423076923077
0 0.6706730769230769 0.6959134615384616 0.03125 0.07091346153846154
0 0.6370192307692307 0.6959134615384616 0.027644230769230768 0.07091346153846154
0 0.6021634615384616 0.6971153846153846 0.026442307692307692 0.06850961538461539
0 0.5709134615384616 0.6959134615384616 0.030048076923076924 0.06850961538461539
0 0.5360576923076923 0.6983173076923077 0.03245192307692308 0.07091346153846154
0 0.5 0.6971153846153846 0.027644230769230768 0.07211538461538461
0 0.4639423076923077 0.7151442307692307 0.040865384615384616 0.03485576923076923
0 0.9519230769230769 0.8161057692307693 0.05889423076923077 0.06610576923076923
0 0.421875 0.7163461538461539 0.040865384615384616 0.03485576923076923
0 0.31971153846153844 0.6923076923076923 0.07091346153846154 0.08533653846153846
0 0.2536057692307692 0.6983173076923077 0.039663461538461536 0.0733173076923077
0 0.7932692307692307 0.5901442307692307 0.037259615384615384 0.07692307692307693
0 0.7596153846153846 0.5925480769230769 0.025240384615384616 0.07451923076923077
0 0.7103365384615384 0.5949519230769231 0.036057692307692304 0.0673076923076923
0 0.6778846153846154 0.5961538461538461 0.02283653846153846 0.07211538461538461
0 0.8930288461538461 0.7367788461538461 0.055288461538461536 0.057692307692307696
0 0.9483173076923077 0.7355769230769231 0.04567307692307692 0.054086538461538464
0 0.9867788461538461 0.7403846153846154 0.025240384615384616 0.04567307692307692
0 0.8353365384615384 0.8173076923076923 0.051682692307692304 0.0733173076923077
0 0.3786057692307692 0.71875 0.039663461538461536 0.03245192307692308
0 0.49158653846153844 0.5985576923076923 0.028846153846153848 0.0673076923076923
0 0.90625 0.1502403846153846 0.052884615384615384 0.08774038461538461
0 0.9230769230769231 0.6670673076923077 0.04447115384615385 0.04567307692307692
0 0.5889423076923077 0.3137019230769231 0.037259615384615384 0.037259615384615384
0 0.6322115384615384 0.3125 0.042067307692307696 0.037259615384615384
0 0.6742788461538461 0.31009615384615385 0.03485576923076923 0.055288461538461536
0 0.7115384615384616 0.3112980769230769 0.03125 0.04927884615384615
0 0.7451923076923077 0.28725961538461536 0.025240384615384616 0.010817307692307692
0 0.7415865384615384 0.31490384615384615 0.020432692307692308 0.03365384615384615
0 0.7668269230769231 0.3137019230769231 0.020432692307692308 0.03485576923076923
0 0.7956730769230769 0.31490384615384615 0.02403846153846154 0.03485576923076923
0 0.78125 0.27283653846153844 0.039663461538461536 0.03125
0 0.8197115384615384 0.3125 0.016826923076923076 0.019230769230769232
0 0.8545673076923077 0.2668269230769231 0.05048076923076923 0.040865384615384616
0 0.9146634615384616 0.2644230769230769 0.054086538461538464 0.04326923076923077
0 0.8581730769230769 0.3088942307692308 0.04447115384615385 0.037259615384615384
0 0.9074519230769231 0.3076923076923077 0.04927884615384615 0.036057692307692304
0 0.9723557692307693 0.30288461538461536 0.054086538461538464 0.038461538461538464
0 0.015625 0.47716346153846156 0.030048076923076924 0.12259615384615384
0 0.04927884615384615 0.4807692307692308 0.03125 0.125
0 0.08653846153846154 0.484375 0.03365384615384615 0.12139423076923077
0 0.12860576923076922 0.49278846153846156 0.04567307692307692 0.09735576923076923
0 0.21394230769230768 0.4074519230769231 0.037259615384615384 0.06129807692307692
0 0.25600961538461536 0.4098557692307692 0.039663461538461536 0.06009615384615385
0 0.9711538461538461 0.6658653846153846 0.04567307692307692 0.04447115384615385
0 0.33533653846153844 0.40865384615384615 0.025240384615384616 0.051682692307692304
0 0.36538461538461536 0.40625 0.026442307692307692 0.052884615384615384
0 0.39903846153846156 0.4014423076923077 0.030048076923076924 0.06370192307692307
0 0.4362980769230769 0.40384615384615385 0.039663461538461536 0.054086538461538464
0 0.4795673076923077 0.40024038461538464 0.036057692307692304 0.06370192307692307
0 0.5480769230769231 0.3112980769230769 0.03485576923076923 0.038461538461538464
0 0.5036057692307693 0.31009615384615385 0.03485576923076923 0.04447115384615385
0 0.46153846153846156 0.30528846153846156 0.03245192307692308 0.06009615384615385
0 0.4230769230769231 0.30408653846153844 0.038461538461538464 0.06129807692307692
0 0.19110576923076922 0.14903846153846154 0.04807692307692308 0.12259615384615384
0 0.23076923076923078 0.1466346153846154 0.02403846153846154 0.12620192307692307
0 0.2668269230769231 0.14783653846153846 0.042067307692307696 0.11538461538461539
0 0.3173076923076923 0.15384615384615385 0.04927884615384615 0.10576923076923077
0 0.37740384615384615 0.13581730769230768 0.056490384615384616 0.13822115384615385
0 0.42788461538461536 0.16346153846153846 0.037259615384615384 0.08052884615384616
0 0.4675480769230769 0.16346153846153846 0.037259615384615384 0.08052884615384616
0 0.5492788461538461 0.14182692307692307 0.10697115384615384 0.11658653846153846
0 0.625 0.13822115384615385 0.03125 0.1201923076923077
0 0.6682692307692307 0.1310096153846154 0.04807692307692308 0.1310096153846154
0 0.7115384615384616 0.1346153846153846 0.03245192307692308 0.12740384615384615
0 0.7487980769230769 0.1346153846153846 0.036057692307692304 0.12740384615384615
0 0.7872596153846154 0.13341346153846154 0.03125 0.12620192307692307
0 0.5168269230769231 0.4050480769230769 0.026442307692307692 0.054086538461538464
0 0.8209134615384616 0.13221153846153846 0.028846153846153848 0.12860576923076922
0 0.9555288461538461 0.12740384615384615 0.04447115384615385 0.1310096153846154
0 0.9903846153846154 0.13221153846153846 0.014423076923076924 0.12980769230769232
0 0.08052884615384616 0.19591346153846154 0.14903846153846154 0.042067307692307696
0 0.19951923076923078 0.3112980769230769 0.046875 0.06009615384615385
0 0.24759615384615385 0.3112980769230769 0.04326923076923077 0.06129807692307692
0 0.2956730769230769 0.3088942307692308 0.042067307692307696 0.056490384615384616
0 0.34134615384615385 0.30649038461538464 0.040865384615384616 0.052884615384615384
0 0.33413461538461536 0.26322115384615385 0.036057692307692304 0.025240384615384616
0 0.46033653846153844 0.2608173076923077 0.03365384615384615 0.02403846153846154
0 0.6225961538461539 0.27163461538461536 0.03125 0.040865384615384616
0 0.24278846153846154 0.2608173076923077 0.036057692307692304 0.028846153846153848
0 0.28725961538461536 0.25961538461538464 0.042067307692307696 0.03125
0 0.3870192307692308 0.30649038461538464 0.03245192307692308 0.06129807692307692
0 0.8581730769230769 0.15144230769230768 0.036057692307692304 0.08533653846153846
0 0.5444711538461539 0.4026442307692308 0.02283653846153846 0.057692307692307696
0 0.30408653846153844 0.40625 0.03245192307692308 0.057692307692307696
0 0.6490384615384616 0.3942307692307692 0.057692307692307696 0.07211538461538461
0 0.32091346153846156 0.5012019230769231 0.026442307692307692 0.05048076923076923
0 0.3485576923076923 0.49759615384615385 0.021634615384615384 0.052884615384615384
0 0.3762019230769231 0.5 0.021634615384615384 0.05048076923076923
0 0.4026442307692308 0.4987980769230769 0.02283653846153846 0.052884615384615384
0 0.4411057692307692 0.4987980769230769 0.03245192307692308 0.051682692307692304
0 0.44591346153846156 0.46033653846153844 0.03485576923076923 0.013221153846153846
0 0.48677884615384615 0.4987980769230769 0.03485576923076923 0.04807692307692308
0 0.27884615384615385 0.5024038461538461 0.03485576923076923 0.051682692307692304
0 0.5288461538461539 0.4987980769230769 0.04326923076923077 0.04807692307692308
0 0.5841346153846154 0.49158653846153844 0.06009615384615385 0.06129807692307692
0 0.9591346153846154 0.5757211538461539 0.06610576923076923 0.06009615384615385
0 0.8762019230769231 0.5793269230769231 0.09014423076923077 0.052884615384615384
0 0.5901442307692307 0.3942307692307692 0.052884615384615384 0.06370192307692307
0 0.7596153846153846 0.4831730769230769 0.04326923076923077 0.06971153846153846
0 0.7043269230769231 0.484375 0.06370192307692307 0.06610576923076923
0 0.6454326923076923 0.49038461538461536 0.046875 0.06370192307692307
0 0.5012019230769231 0.46153846153846156 0.038461538461538464 0.015625
0 0.24158653846153846 0.4987980769230769 0.03365384615384615 0.05048076923076923
0 0.8569711538461539 0.6574519230769231 0.0733173076923077 0.0673076923076923
0 0.7127403846153846 0.3918269230769231 0.06129807692307692 0.06971153846153846
0 0.7836538461538461 0.390625 0.0673076923076923 0.07091346153846154
0 0.8713942307692307 0.41346153846153844 0.08774038461538461 0.02283653846153846
0 0.9567307692307693 0.3545673076923077 0.07451923076923077 0.020432692307692308
0 0.9555288461538461 0.38100961538461536 0.08413461538461539 0.020432692307692308
0 0.9555288461538461 0.4110576923076923 0.07211538461538461 0.027644230769230768
0 0.859375 0.4879807692307692 0.11658653846153846 0.055288461538461536
0 0.9603365384615384 0.48677884615384615 0.07451923076923077 0.06490384615384616