0 0.8641826923076923 0.37740384615384615 0.05048076923076923 0.057692307692307696
0 0.6382211538461539 0.39302884615384615 0.040865384615384616 0.03125
0 0.7007211538461539 0.3737980769230769 0.05048076923076923 0.06610576923076923
0 0.7944711538461539 0.375 0.06009615384615385 0.06490384615384616
0 0.59375 0.36778846153846156 0.028846153846153848 0.0625
0 0.9182692307692307 0.39302884615384615 0.036057692307692304 0.03125
0 0.5276442307692307 0.4891826923076923 0.0673076923076923 0.026442307692307692
0 0.3786057692307692 0.5552884615384616 0.08052884615384616 0.025240384615384616
0 0.5348557692307693 0.4483173076923077 0.07692307692307693 0.03245192307692308
0 0.6105769230769231 0.44711538461538464 0.07692307692307693 0.03485576923076923
0 0.6129807692307693 0.4879807692307692 0.07692307692307693 0.037259615384615384
0 0.6959134615384616 0.48677884615384615 0.06971153846153846 0.03365384615384615
0 0.6923076923076923 0.44471153846153844 0.07091346153846154 0.03365384615384615
0 0.7872596153846154 0.48677884615384615 0.0829326923076923 0.03125
0 0.4326923076923077 0.46153846153846156 0.0829326923076923 0.02283653846153846
0 0.8834134615384616 0.4855769230769231 0.09495192307692307 0.030048076923076924
0 0.9651442307692307 0.38221153846153844 0.042067307692307696 0.04927884615384615
0 0.43509615384615385 0.4362980769230769 0.08533653846153846 0.025240384615384616
0 0.4951923076923077 0.8786057692307693 0.046875 0.05048076923076923
0 0.4387019230769231 0.3870192307692308 0.09615384615384616 0.020432692307692308
0 0.8641826923076923 0.4483173076923077 0.09134615384615384 0.03365384615384615
0 0.28966346153846156 0.5612980769230769 0.07692307692307693 0.06850961538461539
0 0.9615384615384616 0.8725961538461539 0.04447115384615385 0.04326923076923077
0 0.8930288461538461 0.8774038461538461 0.046875 0.054086538461538464
0 0.8413461538461539 0.8870192307692307 0.04927884615384615 0.06490384615384616
0 0.7884615384615384 0.8822115384615384 0.04326923076923077 0.06971153846153846
0 0.6237980769230769 0.875 0.04927884615384615 0.03485576923076923
0 0.5588942307692307 0.8846153846153846 0.05048076923076923 0.06490384615384616
0 0.4375 0.4110576923076923 0.09254807692307693 0.020432692307692308
0 0.43990384615384615 0.8870192307692307 0.056490384615384616 0.06490384615384616
0 0.2980769230769231 0.8978365384615384 0.04927884615384615 0.052884615384615384
0 0.2403846153846154 0.9014423076923077 0.04567307692307692 0.054086538461538464
0 0.09495192307692307 0.9074519230769231 0.0733173076923077 0.042067307692307696
0 0.4266826923076923 0.24278846153846154 0.09615384615384616 0.028846153846153848
0 0.4254807692307692 0.27283653846153844 0.0889423076923077 0.026442307692307692
0 0.4254807692307692 0.30288461538461536 0.0889423076923077 0.02403846153846154
0 0.42788461538461536 0.3329326923076923 0.10697115384615384 0.030048076923076924
0 0.4326923076923077 0.3605769230769231 0.10336538461538461 0.02403846153846154
0 0.36658653846153844 0.8930288461538461 0.052884615384615384 0.056490384615384616
0 0.9675480769230769 0.4807692307692308 0.06009615384615385 0.038461538461538464
0 0.7043269230769231 0.8004807692307693 0.10096153846153846 0.06009615384615385
0 0.07091346153846154 0.5841346153846154 0.09014423076923077 0.026442307692307692
0 0.84375 0.140625 0.0625 0.1045673076923077
0 0.7764423076923077 0.14543269230769232 0.06850961538461539 0.1045673076923077
0 0.6598557692307693 0.18269230769230768 0.11658653846153846 0.020432692307692308
0 0.16826923076923078 0.22235576923076922 0.0673076923076923 0.0985576923076923
0 0.1045673076923077 0.21634615384615385 0.055288461538461536 0.09975961538461539
0 0.039663461538461536 0.22115384615384615 0.06490384615384616 0.1045673076923077
0 0.9026442307692307 0.1502403846153846 0.056490384615384616 0.09014423076923077
0 0.10817307692307693 0.09615384615384616 0.11057692307692307 0.0673076923076923
0 0.8269230769230769 0.5697115384615384 0.025240384615384616 0.046875
0 0.7908653846153846 0.5697115384615384 0.04807692307692308 0.046875
0 0.7043269230769231 0.5745192307692307 0.046875 0.040865384615384616
0 0.6394230769230769 0.5661057692307693 0.046875 0.042067307692307696
0 0.5072115384615384 0.5685096153846154 0.056490384615384616 0.042067307692307696
0 0.20552884615384615 0.5600961538461539 0.08653846153846154 0.08173076923076923
0 0.8725961538461539 0.5709134615384616 0.04567307692307692 0.052884615384615384
0 0.9579326923076923 0.14302884615384615 0.052884615384615384 0.09975961538461539
0 0.5396634615384616 0.2704326923076923 0.0625 0.0673076923076923
0 0.5877403846153846 0.27283653846153844 0.03125 0.06009615384615385
0 0.10216346153846154 0.34375 0.0985576923076923 0.06610576923076923
0 0.21033653846153846 0.34134615384615385 0.1141826923076923 0.0733173076923077
0 0.5877403846153846 0.6634615384615384 0.06009615384615385 0.010817307692307692
0 0.5853365384615384 0.6754807692307693 0.05889423076923077 0.014423076923076924
0 0.5120192307692307 0.6586538461538461 0.07572115384615384 0.05048076923076923
0 0.4411057692307692 0.6334134615384616 0.04927884615384615 0.03125
0 0.9747596153846154 0.5576923076923077 0.04807692307692308 0.051682692307692304
0 0.921875 0.5600961538461539 0.038461538461538464 0.0673076923076923
0 0.96875 0.2668269230769231 0.057692307692307696 0.0673076923076923
0 0.9134615384615384 0.265625 0.04447115384615385 0.0673076923076923
0 0.8629807692307693 0.26802884615384615 0.057692307692307696 0.06370192307692307
0 0.8040865384615384 0.2668269230769231 0.056490384615384616 0.07211538461538461
0 0.7451923076923077 0.2704326923076923 0.056490384615384616 0.06610576923076923
0 0.6778846153846154 0.27524038461538464 0.056490384615384616 0.056490384615384616
0 0.6237980769230769 0.27403846153846156 0.037259615384615384 0.057692307692307696
0 0.36538461538461536 0.6850961538461539 0.08413461538461539 0.07091346153846154
0 0.25 0.6923076923076923 0.07572115384615384 0.0733173076923077
0 0.24158653846153846 0.6382211538461539 0.08533653846153846 0.02403846153846154
0 0.3473557692307692 0.7872596153846154 0.054086538461538464 0.04807692307692308
0 0.6033653846153846 0.7956730769230769 0.09134615384615384 0.04807692307692308
0 0.8004807692307693 0.8064903846153846 0.078125 0.054086538461538464
0 0.9206730769230769 0.796875 0.10697115384615384 0.051682692307692304
0 0.028846153846153848 0.9038461538461539 0.057692307692307696 0.051682692307692304
0 0.18028846153846154 0.7824519230769231 0.05889423076923077 0.026442307692307692
0 0.17307692307692307 0.7331730769230769 0.05889423076923077 0.02283653846153846
0 0.17668269230769232 0.703125 0.06610576923076923 0.026442307692307692
0 0.09975961538461539 0.8173076923076923 0.09375 0.020432692307692308
0 0.09735576923076923 0.7944711538461539 0.09375 0.02283653846153846
0 0.09014423076923077 0.765625 0.0985576923076923 0.025240384615384616
0 0.09134615384615384 0.734375 0.08774038461538461 0.018028846153846152
0 0.08173076923076923 0.7079326923076923 0.09134615384615384 0.020432692307692308
0 0.07572115384615384 0.6754807692307693 0.09375 0.028846153846153848
0 0.0829326923076923 0.6466346153846154 0.0985576923076923 0.028846153846153848
0 0.0733173076923077 0.6153846153846154 0.09254807692307693 0.025240384615384616
0 0.4735576923076923 0.8028846153846154 0.09014423076923077 0.052884615384615384
0 0.0733173076923077 0.5552884615384616 0.09254807692307693 0.028846153846153848
0 0.921875 0.7175480769230769 0.057692307692307696 0.02283653846153846
0 0.7872596153846154 0.7271634615384616 0.07091346153846154 0.03125
0 0.29927884615384615 0.7848557692307693 0.03365384615384615 0.04447115384615385
0 0.2512019230769231 0.7848557692307693 0.046875 0.042067307692307696
0 0.027644230769230768 0.7872596153846154 0.02283653846153846 0.04927884615384615
0 0.18629807692307693 0.8100961538461539 0.07572115384615384 0.020432692307692308
0 0.5865384615384616 0.6430288461538461 0.056490384615384616 0.019230769230769232
0 0.6454326923076923 0.6538461538461539 0.055288461538461536 0.06850961538461539
0 0.7163461538461539 0.6502403846153846 0.057692307692307696 0.03245192307692308
0 0.796875 0.6598557692307693 0.05889423076923077 0.03125
0 0.8966346153846154 0.6526442307692307 0.0733173076923077 0.046875
0 0.9627403846153846 0.6394230769230769 0.051682692307692304 0.04447115384615385
0 0.4411057692307692 0.7319711538461539 0.052884615384615384 0.04927884615384615
0 0.49399038461538464 0.7259615384615384 0.03365384615384615 0.05048076923076923
0 0.5504807692307693 0.7235576923076923 0.06490384615384616 0.046875
0 0.6189903846153846 0.7211538461538461 0.07451923076923077 0.040865384615384616
0 0.703125 0.71875 0.08774038461538461 0.036057692307692304
0 0.8569711538461539 0.7247596153846154 0.051682692307692304 0.038461538461538464
0 0.4362980769230769 0.49038461538461536 0.08774038461538461 0.026442307692307692