0 0.09735576923076923 0.8737980769230769 0.0673076923076923 0.12980769230769232
0 0.7596153846153846 0.7043269230769231 0.05889423076923077 0.04326923076923077
0 0.8353365384615384 0.6574519230769231 0.05889423076923077 0.054086538461538464
0 0.8257211538461539 0.7079326923076923 0.05889423076923077 0.046875
0 0.9591346153846154 0.7439903846153846 0.051682692307692304 0.04326923076923077
0 0.028846153846153848 0.8774038461538461 0.057692307692307696 0.13701923076923078
0 0.1658653846153846 0.875 0.054086538461538464 0.12740384615384615
0 0.9002403846153846 0.6586538461538461 0.06370192307692307 0.04927884615384615
0 0.2608173076923077 0.8497596153846154 0.051682692307692304 0.04567307692307692
0 0.31490384615384615 0.8509615384615384 0.04927884615384615 0.04326923076923077
0 0.26322115384615385 0.890625 0.056490384615384616 0.036057692307692304
0 0.31850961538461536 0.8918269230769231 0.051682692307692304 0.03365384615384615
0 0.8930288461538461 0.7115384615384616 0.06370192307692307 0.04326923076923077
0 0.7680288461538461 0.6550480769230769 0.06009615384615385 0.05048076923076923
0 0.21394230769230768 0.8774038461538461 0.037259615384615384 0.11899038461538461
0 0.6959134615384616 0.7055288461538461 0.06129807692307692 0.046875
0 0.7091346153846154 0.8990384615384616 0.04567307692307692 0.027644230769230768
0 0.6334134615384616 0.6875 0.04927884615384615 0.07211538461538461
0 0.6418269230769231 0.9459134615384616 0.052884615384615384 0.030048076923076924
0 0.5889423076923077 0.9411057692307693 0.051682692307692304 0.036057692307692304
0 0.640625 0.9110576923076923 0.046875 0.025240384615384616
0 0.5901442307692307 0.9014423076923077 0.04807692307692308 0.038461538461538464
0 0.5336538461538461 0.9242788461538461 0.057692307692307696 0.055288461538461536
0 0.47836538461538464 0.9242788461538461 0.05048076923076923 0.054086538461538464
0 0.5372596153846154 0.859375 0.055288461538461536 0.06009615384615385
0 0.8930288461538461 0.06850961538461539 0.05889423076923077 0.05889423076923077
0 0.8185096153846154 0.020432692307692308 0.07211538461538461 0.030048076923076924
0 0.9507211538461539 0.02403846153846154 0.06009615384615385 0.040865384615384616
0 0.4807692307692308 0.8569711538461539 0.054086538461538464 0.06370192307692307
0 0.4266826923076923 0.9170673076923077 0.05048076923076923 0.051682692307692304
0 0.3737980769230769 0.9182692307692307 0.051682692307692304 0.056490384615384616
0 0.7043269230769231 0.65625 0.06009615384615385 0.04567307692307692
0 0.4266826923076923 0.8521634615384616 0.051682692307692304 0.06490384615384616
0 0.31850961538461536 0.9266826923076923 0.052884615384615384 0.03365384615384615
0 0.6995192307692307 0.9254807692307693 0.051682692307692304 0.019230769230769232
0 0.3641826923076923 0.6490384615384616 0.055288461538461536 0.038461538461538464
0 0.421875 0.6514423076923077 0.051682692307692304 0.04567307692307692
0 0.3701923076923077 0.6971153846153846 0.055288461538461536 0.040865384615384616
0 0.4266826923076923 0.7007211538461539 0.054086538461538464 0.04567307692307692
0 0.47836538461538464 0.6081730769230769 0.056490384615384616 0.04567307692307692
0 0.47836538461538464 0.6538461538461539 0.05048076923076923 0.042067307692307696
0 0.4807692307692308 0.7019230769230769 0.052884615384615384 0.04447115384615385
0 0.5372596153846154 0.6105769230769231 0.05889423076923077 0.04567307692307692
0 0.5360576923076923 0.6574519230769231 0.056490384615384616 0.046875
0 0.5372596153846154 0.7043269230769231 0.051682692307692304 0.04447115384615385
0 0.5901442307692307 0.6899038461538461 0.039663461538461536 0.07211538461538461
0 0.3713942307692308 0.8509615384615384 0.055288461538461536 0.06370192307692307
0 0.2668269230769231 0.9278846153846154 0.051682692307692304 0.03125
0 0.22596153846153846 0.23317307692307693 0.06370192307692307 0.09375
0 0.7536057692307693 0.9302884615384616 0.04326923076923077 0.03125
0 0.6646634615384616 0.25600961538461536 0.0625 0.06610576923076923
0 0.7331730769230769 0.2620192307692308 0.0673076923076923 0.06490384615384616
0 0.7367788461538461 0.19230769230769232 0.06129807692307692 0.0733173076923077
0 0.8149038461538461 0.19951923076923078 0.06370192307692307 0.06610576923076923
0 0.8052884615384616 0.26322115384615385 0.06850961538461539 0.05889423076923077
0 0.8834134615384616 0.19951923076923078 0.06490384615384616 0.06490384615384616
0 0.8701923076923077 0.2620192307692308 0.057692307692307696 0.05889423076923077
0 0.9519230769230769 0.1971153846153846 0.0673076923076923 0.06009615384615385
0 0.9435096153846154 0.26322115384615385 0.0673076923076923 0.0625
0 0.02403846153846154 0.41586538461538464 0.04807692307692308 0.15745192307692307
0 0.09254807692307693 0.4110576923076923 0.05889423076923077 0.13221153846153846
0 0.15384615384615385 0.4098557692307692 0.06490384615384616 0.12379807692307693
0 0.23557692307692307 0.4362980769230769 0.07091346153846154 0.055288461538461536
0 0.2980769230769231 0.4411057692307692 0.052884615384615384 0.04927884615384615
0 0.36177884615384615 0.4735576923076923 0.06129807692307692 0.12139423076923077
0 0.23557692307692307 0.5 0.06610576923076923 0.056490384615384616
0 0.29927884615384615 0.5012019230769231 0.06129807692307692 0.052884615384615384
0 0.6694711538461539 0.18389423076923078 0.0625 0.07451923076923077
0 0.4855769230769231 0.4879807692307692 0.06370192307692307 0.09134615384615384
0 0.6009615384615384 0.2536057692307692 0.05889423076923077 0.0673076923076923
0 0.5324519230769231 0.2620192307692308 0.06370192307692307 0.052884615384615384
0 0.9663461538461539 0.07572115384615384 0.06370192307692307 0.05889423076923077
0 0.5540865384615384 0.06610576923076923 0.07091346153846154 0.07211538461538461
0 0.47836538461538464 0.06129807692307692 0.0673076923076923 0.06370192307692307
0 0.4110576923076923 0.056490384615384616 0.06610576923076923 0.07211538461538461
0 0.33774038461538464 0.06129807692307692 0.06971153846153846 0.06490384615384616
0 0.26802884615384615 0.06129807692307692 0.057692307692307696 0.056490384615384616
0 0.2127403846153846 0.06009615384615385 0.052884615384615384 0.06009615384615385
0 0.15504807692307693 0.15264423076923078 0.057692307692307696 0.17067307692307693
0 0.09495192307692307 0.13701923076923078 0.055288461538461536 0.16947115384615385
0 0.016826923076923076 0.13942307692307693 0.03365384615384615 0.15264423076923078
0 0.3425480769230769 0.1935096153846154 0.056490384615384616 0.06490384615384616
0 0.4050480769230769 0.19831730769230768 0.06490384615384616 0.0625
0 0.34615384615384615 0.25600961538461536 0.06129807692307692 0.054086538461538464
0 0.4098557692307692 0.25841346153846156 0.05889423076923077 0.057692307692307696
0 0.4675480769230769 0.1875 0.055288461538461536 0.06850961538461539
0 0.4699519230769231 0.25721153846153844 0.055288461538461536 0.06009615384615385
0 0.5348557692307693 0.20432692307692307 0.0673076923076923 0.05889423076923077
0 0.6045673076923077 0.18269230769230768 0.06009615384615385 0.07211538461538461
0 0.5504807692307693 0.46153846153846156 0.0625 0.04927884615384615
0 0.5492788461538461 0.5144230769230769 0.06370192307692307 0.04927884615384615
0 0.6105769230769231 0.5048076923076923 0.04927884615384615 0.07932692307692307
0 0.3112980769230769 0.6923076923076923 0.057692307692307696 0.04567307692307692
0 0.3605769230769231 0.5985576923076923 0.054086538461538464 0.04927884615384615
0 0.2848557692307692 0.23918269230769232 0.056490384615384616 0.10216346153846154
0 0.9747596153846154 0.9507211538461539 0.04567307692307692 0.04567307692307692
0 0.9771634615384616 0.9122596153846154 0.040865384615384616 0.036057692307692304
0 0.9783653846153846 0.8774038461538461 0.038461538461538464 0.038461538461538464
0 0.9206730769230769 0.9459134615384616 0.04807692307692308 0.03365384615384615
0 0.9254807692307693 0.9110576923076923 0.06009615384615385 0.028846153846153848
0 0.9302884615384616 0.875 0.052884615384615384 0.037259615384615384
0 0.8629807692307693 0.9495192307692307 0.054086538461538464 0.019230769230769232
0 0.8617788461538461 0.9290865384615384 0.04807692307692308 0.018028846153846152
0 0.859375 0.9050480769230769 0.054086538461538464 0.030048076923076924
0 0.8485576923076923 0.8605769230769231 0.06129807692307692 0.03245192307692308
0 0.8088942307692307 0.9591346153846154 0.051682692307692304 0.018028846153846152
0 0.8088942307692307 0.9387019230769231 0.04927884615384615 0.02403846153846154
0 0.8088942307692307 0.90625 0.04567307692307692 0.03365384615384615
0 0.7512019230769231 0.9639423076923077 0.04927884615384615 0.020432692307692308
0 0.2536057692307692 0.6935096153846154 0.057692307692307696 0.04567307692307692
0 0.30528846153846156 0.6442307692307693 0.06009615384615385 0.04447115384615385
0 0.8185096153846154 0.07091346153846154 0.06129807692307692 0.06009615384615385
0 0.7512019230769231 0.06009615384615385 0.056490384615384616 0.0829326923076923
0 0.6622596153846154 0.4891826923076923 0.04807692307692308 0.08052884615384616
0 0.7235576923076923 0.453125 0.06490384615384616 0.057692307692307696
0 0.7956730769230769 0.45552884615384615 0.07932692307692307 0.05048076923076923
0 0.8689903846153846 0.45552884615384615 0.06610576923076923 0.05889423076923077
0 0.9399038461538461 0.45552884615384615 0.07451923076923077 0.05889423076923077
0 0.7223557692307693 0.5132211538461539 0.0673076923076923 0.055288461538461536
0 0.7932692307692307 0.5144230769230769 0.07451923076923077 0.05048076923076923
0 0.8641826923076923 0.5168269230769231 0.06610576923076923 0.056490384615384616
0 0.6947115384615384 0.9483173076923077 0.04326923076923077 0.02283653846153846
0 0.9338942307692307 0.515625 0.0733173076923077 0.06009615384615385
0 0.984375 0.5180288461538461 0.026442307692307692 0.055288461538461536
0 0.040865384615384616 0.6298076923076923 0.054086538461538464 0.16947115384615385
0 0.08774038461538461 0.6298076923076923 0.039663461538461536 0.16826923076923078
0 0.13341346153846154 0.6201923076923077 0.04447115384615385 0.15384615384615385
0 0.1814903846153846 0.6298076923076923 0.052884615384615384 0.13701923076923078
0 0.24639423076923078 0.6418269230769231 0.05889423076923077 0.05048076923076923
0 0.6322115384615384 0.054086538461538464 0.051682692307692304 0.09495192307692307
0 0.6923076923076923 0.057692307692307696 0.05889423076923077 0.08774038461538461
0 0.9879807692307693 0.46153846153846156 0.019230769230769232 0.04807692307692308
0 0.4170673076923077 0.5997596153846154 0.056490384615384616 0.046875
0 0.9555288461538461 0.6454326923076923 0.037259615384615384 0.04447115384615385
0 0.9591346153846154 0.6995192307692307 0.054086538461538464 0.037259615384615384