0 0.4483173076923077 0.11538461538461539 0.03365384615384615 0.07692307692307693
0 0.8533653846153846 0.2776442307692308 0.015625 0.056490384615384616
0 0.27884615384615385 0.3076923076923077 0.03125 0.06850961538461539
0 0.3173076923076923 0.30649038461538464 0.037259615384615384 0.07211538461538461
0 0.3581730769230769 0.30408653846153844 0.03125 0.07211538461538461
0 0.39903846153846156 0.30288461538461536 0.03125 0.06971153846153846
0 0.4326923076923077 0.30408653846153844 0.027644230769230768 0.07091346153846154
0 0.46875 0.30408653846153844 0.026442307692307692 0.0673076923076923
0 0.5024038461538461 0.30408653846153844 0.02283653846153846 0.06610576923076923
0 0.5336538461538461 0.30288461538461536 0.025240384615384616 0.0673076923076923
0 0.2512019230769231 0.11057692307692307 0.03485576923076923 0.08173076923076923
0 0.5661057692307693 0.3004807692307692 0.028846153846153848 0.06850961538461539
0 0.27884615384615385 0.4074519230769231 0.03365384615384615 0.0733173076923077
0 0.31850961538461536 0.4050480769230769 0.03245192307692308 0.07091346153846154
0 0.35697115384615385 0.4050480769230769 0.03125 0.06850961538461539
0 0.39302884615384615 0.4026442307692308 0.026442307692307692 0.06370192307692307
0 0.8786057692307693 0.203125 0.020432692307692308 0.055288461538461536
0 0.42788461538461536 0.4014423076923077 0.03365384615384615 0.06610576923076923
0 0.4831730769230769 0.3942307692307692 0.02283653846153846 0.0673076923076923
0 0.5264423076923077 0.39302884615384615 0.026442307692307692 0.06370192307692307
0 0.5625 0.39302884615384615 0.025240384615384616 0.06370192307692307
0 0.6790865384615384 0.2800480769230769 0.02403846153846154 0.06129807692307692
0 0.7067307692307693 0.28125 0.02283653846153846 0.057692307692307696
0 0.7331730769230769 0.2800480769230769 0.021634615384615384 0.057692307692307696
0 0.7584134615384616 0.2800480769230769 0.020432692307692308 0.05889423076923077
0 0.7800480769230769 0.2800480769230769 0.019230769230769232 0.057692307692307696
0 0.8064903846153846 0.2800480769230769 0.020432692307692308 0.057692307692307696
0 0.8305288461538461 0.2776442307692308 0.018028846153846152 0.054086538461538464
0 0.8762019230769231 0.2776442307692308 0.019230769230769232 0.055288461538461536
0 0.9194711538461539 0.31850961538461536 0.04807692307692308 0.06129807692307692
0 0.6790865384615384 0.36538461538461536 0.03125 0.05889423076923077
0 0.7091346153846154 0.3641826923076923 0.020432692307692308 0.055288461538461536
0 0.453125 0.3954326923076923 0.018028846153846152 0.0625
0 0.7596153846153846 0.3641826923076923 0.020432692307692308 0.054086538461538464
0 0.8545673076923077 0.20192307692307693 0.014423076923076924 0.056490384615384616
0 0.8112980769230769 0.19951923076923078 0.019230769230769232 0.054086538461538464
0 0.28966346153846156 0.10697115384615384 0.036057692307692304 0.07692307692307693
0 0.3329326923076923 0.11177884615384616 0.038461538461538464 0.07692307692307693
0 0.375 0.11177884615384616 0.036057692307692304 0.07572115384615384
0 0.4110576923076923 0.11538461538461539 0.028846153846153848 0.07451923076923077
0 0.4879807692307692 0.11658653846153846 0.02403846153846154 0.06490384615384616
0 0.5228365384615384 0.11658653846153846 0.028846153846153848 0.07572115384615384
0 0.5600961538461539 0.11658653846153846 0.03245192307692308 0.07572115384615384
0 0.2704326923076923 0.20432692307692307 0.03365384615384615 0.07211538461538461
0 0.3112980769230769 0.203125 0.03365384615384615 0.08052884615384616
0 0.34975961538461536 0.20552884615384615 0.03245192307692308 0.07451923076923077
0 0.38822115384615385 0.20552884615384615 0.027644230769230768 0.078125
0 0.42788461538461536 0.20552884615384615 0.03245192307692308 0.07932692307692307
0 0.46274038461538464 0.20793269230769232 0.026442307692307692 0.0733173076923077
0 0.5 0.2091346153846154 0.02403846153846154 0.07211538461538461
0 0.8329326923076923 0.20072115384615385 0.015625 0.056490384615384616
0 0.53125 0.20793269230769232 0.026442307692307692 0.0673076923076923
0 0.671875 0.10096153846153846 0.020432692307692308 0.057692307692307696
0 0.6959134615384616 0.10336538461538461 0.016826923076923076 0.056490384615384616
0 0.7199519230769231 0.1045673076923077 0.02283653846153846 0.055288461538461536
0 0.7463942307692307 0.10697115384615384 0.02283653846153846 0.06009615384615385
0 0.7716346153846154 0.10697115384615384 0.020432692307692308 0.06129807692307692
0 0.8197115384615384 0.1141826923076923 0.04807692307692308 0.0733173076923077
0 0.859375 0.11177884615384616 0.018028846153846152 0.056490384615384616
0 0.8822115384615384 0.1141826923076923 0.019230769230769232 0.051682692307692304
0 0.671875 0.1971153846153846 0.020432692307692308 0.05889423076923077
0 0.6923076923076923 0.19591346153846154 0.019230769230769232 0.056490384615384616
0 0.7175480769230769 0.1971153846153846 0.019230769230769232 0.056490384615384616
0 0.7427884615384616 0.19831730769230768 0.019230769230769232 0.056490384615384616
0 0.7668269230769231 0.19831730769230768 0.015625 0.054086538461538464
0 0.7860576923076923 0.19951923076923078 0.015625 0.052884615384615384
0 0.5685096153846154 0.20673076923076922 0.036057692307692304 0.06370192307692307
0 0.78125 0.36177884615384615 0.019230769230769232 0.054086538461538464
0 0.734375 0.3641826923076923 0.02283653846153846 0.055288461538461536
0 0.828125 0.359375 0.019230769230769232 0.055288461538461536
0 0.8509615384615384 0.5276442307692307 0.019230769230769232 0.051682692307692304
0 0.8786057692307693 0.5288461538461539 0.02403846153846154 0.056490384615384616
0 0.3125 0.6923076923076923 0.027644230769230768 0.0673076923076923
0 0.34975961538461536 0.6875 0.030048076923076924 0.06971153846153846
0 0.38341346153846156 0.6802884615384616 0.028846153846153848 0.0625
0 0.4170673076923077 0.6754807692307693 0.028846153846153848 0.05889423076923077
0 0.453125 0.6682692307692307 0.027644230769230768 0.06129807692307692
0 0.4831730769230769 0.6622596153846154 0.025240384615384616 0.05889423076923077
0 0.5168269230769231 0.6586538461538461 0.02403846153846154 0.06009615384615385
0 0.546875 0.65625 0.028846153846153848 0.06129807692307692
0 0.5829326923076923 0.6526442307692307 0.030048076923076924 0.06129807692307692
0 0.6971153846153846 0.6358173076923077 0.025240384615384616 0.05889423076923077
0 0.7247596153846154 0.6310096153846154 0.020432692307692308 0.057692307692307696
0 0.7560096153846154 0.625 0.02403846153846154 0.05889423076923077
0 0.78125 0.6201923076923077 0.021634615384615384 0.05889423076923077
0 0.8137019230769231 0.6177884615384616 0.027644230769230768 0.057692307692307696
0 0.84375 0.6129807692307693 0.021634615384615384 0.055288461538461536
0 0.8786057692307693 0.6959134615384616 0.037259615384615384 0.042067307692307696
0 0.8269230769230769 0.7043269230769231 0.039663461538461536 0.04567307692307692
0 0.7728365384615384 0.7079326923076923 0.04567307692307692 0.04807692307692308
0 0.7247596153846154 0.7199519230769231 0.039663461538461536 0.042067307692307696
0 0.5853365384615384 0.7427884615384616 0.030048076923076924 0.06129807692307692
0 0.5564903846153846 0.75 0.025240384615384616 0.06490384615384616
0 0.8052884615384616 0.359375 0.016826923076923076 0.051682692307692304
0 0.5240384615384616 0.7536057692307693 0.028846153846153848 0.06490384615384616
0 0.45913461538461536 0.7668269230769231 0.026442307692307692 0.06490384615384616
0 0.4266826923076923 0.7728365384615384 0.03365384615384615 0.0625
0 0.3918269230769231 0.7764423076923077 0.03125 0.0625
0 0.3557692307692308 0.7824519230769231 0.036057692307692304 0.057692307692307696
0 0.3245192307692308 0.7872596153846154 0.02283653846153846 0.04927884615384615
0 0.8713942307692307 0.6069711538461539 0.025240384615384616 0.055288461538461536
0 0.49038461538461536 0.7584134615384616 0.028846153846153848 0.05889423076923077
0 0.7992788461538461 0.5348557692307693 0.02283653846153846 0.052884615384615384
0 0.8245192307692307 0.53125 0.019230769230769232 0.054086538461538464
0 0.7463942307692307 0.5408653846153846 0.025240384615384616 0.057692307692307696
0 0.8521634615384616 0.359375 0.018028846153846152 0.054086538461538464
0 0.8762019230769231 0.359375 0.021634615384615384 0.056490384615384616
0 0.29447115384615385 0.5012019230769231 0.03125 0.06610576923076923
0 0.33533653846153844 0.49759615384615385 0.03365384615384615 0.0625
0 0.3701923076923077 0.4951923076923077 0.030048076923076924 0.06490384615384616
0 0.40384615384615385 0.49278846153846156 0.028846153846153848 0.05889423076923077
0 0.4375 0.4891826923076923 0.028846153846153848 0.06490384615384616
0 0.4723557692307692 0.484375 0.030048076923076924 0.0625
0 0.5060096153846154 0.48197115384615385 0.027644230769230768 0.06610576923076923
0 0.5384615384615384 0.4795673076923077 0.025240384615384616 0.0673076923076923
0 0.5721153846153846 0.47596153846153844 0.027644230769230768 0.06370192307692307
0 0.7740384615384616 0.5360576923076923 0.019230769230769232 0.052884615384615384
0 0.3425480769230769 0.5901442307692307 0.027644230769230768 0.078125
0 0.38221153846153844 0.5841346153846154 0.03485576923076923 0.0829326923076923
0 0.3004807692307692 0.59375 0.038461538461538464 0.08173076923076923
0 0.45913461538461536 0.5757211538461539 0.028846153846153848 0.08413461538461539
0 0.7199519230769231 0.5420673076923077 0.02283653846153846 0.05889423076923077
0 0.6899038461538461 0.546875 0.02403846153846154 0.06009615384615385
0 0.8713942307692307 0.4387019230769231 0.026442307692307692 0.06610576923076923
0 0.8461538461538461 0.44350961538461536 0.021634615384615384 0.06610576923076923
0 0.421875 0.5793269230769231 0.03485576923076923 0.08173076923076923
0 0.8173076923076923 0.44711538461538464 0.021634615384615384 0.06370192307692307
0 0.7932692307692307 0.44711538461538464 0.021634615384615384 0.06610576923076923
0 0.7403846153846154 0.4543269230769231 0.02283653846153846 0.06129807692307692
0 0.7139423076923077 0.4567307692307692 0.025240384615384616 0.06490384615384616
0 0.6887019230769231 0.46033653846153844 0.021634615384615384 0.0673076923076923
0 0.5673076923076923 0.5649038461538461 0.042067307692307696 0.078125
0 0.5288461538461539 0.5697115384615384 0.027644230769230768 0.08413461538461539
0 0.49399038461538464 0.5733173076923077 0.03245192307692308 0.08413461538461539
0 0.765625 0.4483173076923077 0.02283653846153846 0.06490384615384616