0 0.07211538461538461 0.5012019230769231 0.020432692307692308 0.039663461538461536
0 0.4074519230769231 0.32091346153846156 0.025240384615384616 0.09975961538461539
0 0.4362980769230769 0.3329326923076923 0.016826923076923076 0.078125
0 0.4543269230769231 0.33413461538461536 0.019230769230769232 0.08173076923076923
0 0.47716346153846156 0.33413461538461536 0.026442307692307692 0.08533653846153846
0 0.5036057692307693 0.33413461538461536 0.025240384615384616 0.08774038461538461
0 0.5300480769230769 0.33533653846153844 0.028846153846153848 0.08774038461538461
0 0.5540865384615384 0.33533653846153844 0.019230769230769232 0.08774038461538461
0 0.5793269230769231 0.3317307692307692 0.03365384615384615 0.09735576923076923
0 0.6081730769230769 0.3329326923076923 0.02403846153846154 0.0985576923076923
0 0.6370192307692307 0.33413461538461536 0.02403846153846154 0.09375
0 0.6790865384615384 0.33533653846153844 0.052884615384615384 0.0889423076923077
0 0.7247596153846154 0.33774038461538464 0.038461538461538464 0.09495192307692307
0 0.7704326923076923 0.34375 0.054086538461538464 0.08413461538461539
0 0.37259615384615385 0.32091346153846156 0.03245192307692308 0.0889423076923077
0 0.8197115384615384 0.34134615384615385 0.036057692307692304 0.0829326923076923
0 0.8197115384615384 0.5204326923076923 0.07932692307692307 0.07211538461538461
0 0.7536057692307693 0.5096153846153846 0.051682692307692304 0.09615384615384616
0 0.671875 0.4579326923076923 0.06490384615384616 0.08653846153846154
0 0.6117788461538461 0.49038461538461536 0.03365384615384615 0.08052884615384616
0 0.5685096153846154 0.4855769230769231 0.04567307692307692 0.08533653846153846
0 0.5192307692307693 0.47836538461538464 0.042067307692307696 0.08173076923076923
0 0.47716346153846156 0.47475961538461536 0.042067307692307696 0.07091346153846154
0 0.43149038461538464 0.4699519230769231 0.042067307692307696 0.08413461538461539
0 0.3918269230769231 0.4675480769230769 0.038461538461538464 0.07932692307692307
0 0.35336538461538464 0.4651442307692308 0.036057692307692304 0.07572115384615384
0 0.31850961538461536 0.4579326923076923 0.027644230769230768 0.07211538461538461
0 0.28725961538461536 0.4495192307692308 0.025240384615384616 0.07692307692307693
0 0.1935096153846154 0.4266826923076923 0.04326923076923077 0.0733173076923077
0 0.8641826923076923 0.34975961538461536 0.04567307692307692 0.078125
0 0.4495192307692308 0.8137019230769231 0.028846153846153848 0.07091346153846154
0 0.34615384615384615 0.32091346153846156 0.02403846153846154 0.08533653846153846
0 0.28846153846153844 0.3245192307692308 0.020432692307692308 0.08052884615384616
0 0.8569711538461539 0.19951923076923078 0.08413461538461539 0.11057692307692307
0 0.7788461538461539 0.19471153846153846 0.06370192307692307 0.10096153846153846
0 0.6983173076923077 0.2091346153846154 0.0733173076923077 0.08173076923076923
0 0.6177884615384616 0.2091346153846154 0.078125 0.0829326923076923
0 0.5649038461538461 0.1778846153846154 0.027644230769230768 0.140625
0 0.5084134615384616 0.19230769230769232 0.055288461538461536 0.12379807692307693
0 0.45072115384615385 0.18629807692307693 0.046875 0.13942307692307693
0 0.4098557692307692 0.2247596153846154 0.03245192307692308 0.06129807692307692
0 0.3701923076923077 0.2247596153846154 0.04567307692307692 0.06850961538461539
0 0.3269230769230769 0.23317307692307693 0.039663461538461536 0.051682692307692304
0 0.28725961538461536 0.234375 0.037259615384615384 0.04567307692307692
0 0.2548076923076923 0.23677884615384615 0.018028846153846152 0.04447115384615385
0 0.22355769230769232 0.20432692307692307 0.020432692307692308 0.11298076923076923
0 0.31490384615384615 0.328125 0.028846153846153848 0.0733173076923077
0 0.1935096153846154 0.21153846153846154 0.019230769230769232 0.1045673076923077
0 0.13581730769230768 0.22235576923076922 0.018028846153846152 0.09134615384615384
0 0.11177884615384616 0.22235576923076922 0.025240384615384616 0.07572115384615384
0 0.07572115384615384 0.23557692307692307 0.03485576923076923 0.06971153846153846
0 0.07572115384615384 0.33413461538461536 0.036057692307692304 0.03365384615384615
0 0.039663461538461536 0.33774038461538464 0.028846153846153848 0.03485576923076923
0 0.01201923076923077 0.32091346153846156 0.02403846153846154 0.05889423076923077
0 0.04326923076923077 0.23076923076923078 0.028846153846153848 0.078125
0 0.49158653846153844 0.8341346153846154 0.04567307692307692 0.07091346153846154
0 0.010817307692307692 0.22716346153846154 0.021634615384615384 0.09375
0 0.12740384615384615 0.3389423076923077 0.036057692307692304 0.037259615384615384
0 0.16706730769230768 0.34375 0.04326923076923077 0.03365384615384615
0 0.21995192307692307 0.3269230769230769 0.05889423076923077 0.06370192307692307
0 0.26322115384615385 0.31850961538461536 0.020432692307692308 0.08173076923076923
0 0.15985576923076922 0.21514423076923078 0.021634615384615384 0.0985576923076923
0 0.09615384615384616 0.5108173076923077 0.02283653846153846 0.030048076923076924
0 0.41346153846153844 0.8004807692307693 0.028846153846153848 0.06370192307692307
0 0.33774038461538464 0.7764423076923077 0.039663461538461536 0.052884615384615384
0 0.9483173076923077 0.7896634615384616 0.08533653846153846 0.09975961538461539
0 0.9699519230769231 0.5769230769230769 0.05889423076923077 0.1141826923076923
0 0.8125 0.6478365384615384 0.06850961538461539 0.11658653846153846
0 0.7427884615384616 0.6370192307692307 0.06009615384615385 0.10096153846153846
0 0.6790865384615384 0.6274038461538461 0.06610576923076923 0.09615384615384616
0 0.6213942307692307 0.6165865384615384 0.04807692307692308 0.08533653846153846
0 0.5709134615384616 0.6057692307692307 0.05048076923076923 0.08173076923076923
0 0.5240384615384616 0.5925480769230769 0.04447115384615385 0.08413461538461539
0 0.4807692307692308 0.5877403846153846 0.040865384615384616 0.07572115384615384
0 0.4387019230769231 0.5817307692307693 0.04326923076923077 0.06971153846153846
0 0.40024038461538464 0.5721153846153846 0.03485576923076923 0.07451923076923077
0 0.3629807692307692 0.5637019230769231 0.036057692307692304 0.06490384615384616
0 0.09975961538461539 0.42427884615384615 0.04927884615384615 0.03125
0 0.7932692307692307 0.7764423076923077 0.05889423076923077 0.08413461538461539
0 0.06009615384615385 0.4098557692307692 0.025240384615384616 0.05048076923076923
0 0.007211538461538462 0.41225961538461536 0.013221153846153846 0.028846153846153848
0 0.02403846153846154 0.49038461538461536 0.037259615384615384 0.03365384615384615
0 0.3269230769230769 0.5588942307692307 0.03485576923076923 0.07451923076923077
0 0.29086538461538464 0.5516826923076923 0.036057692307692304 0.06129807692307692
0 0.24759615384615385 0.5324519230769231 0.04567307692307692 0.03365384615384615
0 0.20552884615384615 0.5300480769230769 0.037259615384615384 0.030048076923076924
0 0.16947115384615385 0.5192307692307693 0.026442307692307692 0.036057692307692304
0 0.125 0.5144230769230769 0.026442307692307692 0.02403846153846154
0 0.9158653846153846 0.9230769230769231 0.16706730769230768 0.057692307692307696
0 0.7512019230769231 0.9146634615384616 0.06129807692307692 0.07572115384615384
0 0.6899038461538461 0.9038461538461539 0.046875 0.07932692307692307
0 0.6394230769230769 0.8822115384615384 0.05048076923076923 0.07091346153846154
0 0.051682692307692304 0.49759615384615385 0.016826923076923076 0.03245192307692308
0 0.03125 0.4170673076923077 0.027644230769230768 0.02283653846153846
0 0.37740384615384615 0.7848557692307693 0.03485576923076923 0.06009615384615385
0 0.7319711538461539 0.7644230769230769 0.056490384615384616 0.10216346153846154
0 0.6262019230769231 0.734375 0.04807692307692308 0.08653846153846154
0 0.30288461538461536 0.7596153846153846 0.027644230769230768 0.06850961538461539
0 0.2692307692307692 0.7524038461538461 0.03125 0.055288461538461536
0 0.22956730769230768 0.75 0.04567307692307692 0.018028846153846152
0 0.18269230769230768 0.7391826923076923 0.042067307692307696 0.025240384615384616
0 0.18629807692307693 0.7151442307692307 0.056490384615384616 0.016826923076923076
0 0.13942307692307693 0.7139423076923077 0.027644230769230768 0.040865384615384616
0 0.10576923076923077 0.6995192307692307 0.020432692307692308 0.03485576923076923
0 0.07211538461538461 0.6887019230769231 0.037259615384615384 0.040865384615384616
0 0.04326923076923077 0.6622596153846154 0.019230769230769232 0.014423076923076924
0 0.038461538461538464 0.6862980769230769 0.02403846153846154 0.021634615384615384
0 0.018028846153846152 0.6598557692307693 0.02283653846153846 0.028846153846153848
0 0.019230769230769232 0.5697115384615384 0.03365384615384615 0.040865384615384616
0 0.08774038461538461 0.5408653846153846 0.026442307692307692 0.02283653846153846
0 0.6790865384615384 0.7463942307692307 0.05048076923076923 0.09975961538461539
0 0.07091346153846154 0.5925480769230769 0.03485576923076923 0.02403846153846154
0 0.13701923076923078 0.6021634615384616 0.02403846153846154 0.040865384615384616
0 0.16706730769230768 0.5985576923076923 0.010817307692307692 0.040865384615384616
0 0.203125 0.6189903846153846 0.054086538461538464 0.052884615384615384
0 0.25961538461538464 0.6237980769230769 0.04567307692307692 0.054086538461538464
0 0.29927884615384615 0.6442307692307693 0.030048076923076924 0.07091346153846154
0 0.3317307692307692 0.6538461538461539 0.03245192307692308 0.078125
0 0.36778846153846156 0.6682692307692307 0.03245192307692308 0.07692307692307693
0 0.4050480769230769 0.6766826923076923 0.038461538461538464 0.08173076923076923
0 0.44471153846153844 0.6850961538461539 0.040865384615384616 0.08533653846153846
0 0.4855769230769231 0.6947115384615384 0.036057692307692304 0.07211538461538461
0 0.5901442307692307 0.8629807692307693 0.04447115384615385 0.09014423076923077
0 0.5288461538461539 0.7091346153846154 0.04927884615384615 0.08173076923076923
0 0.5769230769230769 0.7175480769230769 0.04927884615384615 0.0889423076923077
0 0.11538461538461539 0.5925480769230769 0.019230769230769232 0.040865384615384616
0 0.5408653846153846 0.8461538461538461 0.046875 0.06850961538461539