0 0.9723557692307693 0.036057692307692304 0.05048076923076923 0.07211538461538461
0 0.18028846153846154 0.15264423076923078 0.0829326923076923 0.03365384615384615
0 0.10336538461538461 0.15625 0.0673076923076923 0.026442307692307692
0 0.13221153846153846 0.20552884615384615 0.09134615384615384 0.07211538461538461
0 0.042067307692307696 0.20432692307692307 0.08413461538461539 0.06850961538461539
0 0.2283653846153846 0.20793269230769232 0.09495192307692307 0.07091346153846154
0 0.9110576923076923 0.015625 0.06850961538461539 0.030048076923076924
0 0.03365384615384615 0.15504807692307693 0.0673076923076923 0.027644230769230768
0 0.9074519230769231 0.05048076923076923 0.06971153846153846 0.037259615384615384
0 0.4987980769230769 0.03245192307692308 0.046875 0.06490384615384616
0 0.7992788461538461 0.03485576923076923 0.042067307692307696 0.06971153846153846
0 0.7475961538461539 0.018028846153846152 0.06009615384615385 0.030048076923076924
0 0.7487980769230769 0.052884615384615384 0.057692307692307696 0.03245192307692308
0 0.6911057692307693 0.03485576923076923 0.04567307692307692 0.06971153846153846
0 0.6454326923076923 0.03485576923076923 0.04567307692307692 0.06971153846153846
0 0.59375 0.039663461538461536 0.040865384615384616 0.051682692307692304
0 0.5480769230769231 0.037259615384615384 0.04326923076923077 0.056490384615384616
0 0.4483173076923077 0.03125 0.046875 0.0625
0 0.3233173076923077 0.21033653846153846 0.08774038461538461 0.07211538461538461
0 0.8401442307692307 0.036057692307692304 0.038461538461538464 0.07091346153846154
0 0.41346153846153844 0.21153846153846154 0.09014423076923077 0.07091346153846154
0 0.34975961538461536 0.5144230769230769 0.07932692307692307 0.06610576923076923
0 0.14302884615384615 0.7055288461538461 0.05048076923076923 0.06490384615384616
0 0.24519230769230768 0.30408653846153844 0.0889423076923077 0.06370192307692307
0 0.15144230769230768 0.3004807692307692 0.09735576923076923 0.06490384615384616
0 0.9771634615384616 0.20432692307692307 0.04447115384615385 0.08653846153846154
0 0.9230769230769231 0.20552884615384615 0.05889423076923077 0.08413461538461539
0 0.8521634615384616 0.19471153846153846 0.07692307692307693 0.109375
0 0.7620192307692307 0.2091346153846154 0.03245192307692308 0.08173076923076923
0 0.9699519230769231 0.3173076923076923 0.055288461538461536 0.10096153846153846
0 0.8413461538461539 0.33052884615384615 0.040865384615384616 0.06850961538461539
0 0.9026442307692307 0.3173076923076923 0.0733173076923077 0.10096153846153846
0 0.7151442307692307 0.20793269230769232 0.056490384615384616 0.08413461538461539
0 0.6610576923076923 0.1502403846153846 0.055288461538461536 0.028846153846153848
0 0.6574519230769231 0.20793269230769232 0.056490384615384616 0.0829326923076923
0 0.5997596153846154 0.2091346153846154 0.054086538461538464 0.07692307692307693
0 0.5432692307692307 0.21153846153846154 0.04927884615384615 0.0733173076923077
0 0.4891826923076923 0.20793269230769232 0.052884615384615384 0.08052884615384616
0 0.7283653846153846 0.5492788461538461 0.040865384615384616 0.08774038461538461
0 0.6802884615384616 0.5456730769230769 0.04927884615384615 0.09375
0 0.5829326923076923 0.5492788461538461 0.04447115384615385 0.08774038461538461
0 0.5360576923076923 0.5600961538461539 0.039663461538461536 0.06971153846153846
0 0.4951923076923077 0.5564903846153846 0.03365384615384615 0.06850961538461539
0 0.4495192307692308 0.6117788461538461 0.03485576923076923 0.08533653846153846
0 0.41225961538461536 0.6117788461538461 0.03485576923076923 0.0829326923076923
0 0.3713942307692308 0.6045673076923077 0.03365384615384615 0.08052884615384616
0 0.4891826923076923 0.8581730769230769 0.04567307692307692 0.07932692307692307
0 0.6153846153846154 0.859375 0.039663461538461536 0.08052884615384616
0 0.33774038461538464 0.30528846153846156 0.09014423076923077 0.06610576923076923
0 0.6598557692307693 0.8689903846153846 0.046875 0.08413461538461539
0 0.42908653846153844 0.30649038461538464 0.08533653846153846 0.06850961538461539
0 0.578125 0.3317307692307692 0.05889423076923077 0.06850961538461539
0 0.5769230769230769 0.43990384615384615 0.04807692307692308 0.06610576923076923
0 0.5108173076923077 0.42908653846153844 0.07091346153846154 0.0985576923076923
0 0.4326923076923077 0.5168269230769231 0.07932692307692307 0.06009615384615385
0 0.265625 0.5144230769230769 0.08173076923076923 0.06129807692307692
0 0.08533653846153846 0.515625 0.09254807692307693 0.07091346153846154
0 0.19951923076923078 0.7055288461538461 0.04447115384615385 0.0625
0 0.8737980769230769 0.546875 0.046875 0.08533653846153846
0 0.8040865384615384 0.5480769230769231 0.07932692307692307 0.08653846153846154
0 0.6189903846153846 0.4338942307692308 0.036057692307692304 0.06971153846153846
0 0.6778846153846154 0.43509615384615385 0.055288461538461536 0.08413461538461539
0 0.7331730769230769 0.4411057692307692 0.052884615384615384 0.07091346153846154
0 0.8317307692307693 0.43149038461538464 0.07451923076923077 0.10096153846153846
0 0.9038461538461539 0.4423076923076923 0.046875 0.06971153846153846
0 0.9579326923076923 0.43990384615384615 0.055288461538461536 0.07572115384615384
0 0.046875 0.6213942307692307 0.040865384615384616 0.07451923076923077
0 0.09495192307692307 0.6201923076923077 0.040865384615384616 0.07091346153846154
0 0.1466346153846154 0.6189903846153846 0.036057692307692304 0.06850961538461539
0 0.4266826923076923 0.4098557692307692 0.0829326923076923 0.06490384615384616
0 0.33774038461538464 0.40865384615384615 0.08774038461538461 0.06610576923076923
0 0.24759615384615385 0.40625 0.08653846153846154 0.0673076923076923
0 0.1502403846153846 0.4074519230769231 0.09134615384615384 0.06850961538461539
0 0.055288461538461536 0.4050480769230769 0.08653846153846154 0.0673076923076923
0 0.7884615384615384 0.3293269230769231 0.06129807692307692 0.07211538461538461
0 0.7043269230769231 0.3137019230769231 0.05889423076923077 0.10216346153846154
0 0.640625 0.31490384615384615 0.0625 0.10096153846153846
0 0.5084134615384616 0.3161057692307692 0.06971153846153846 0.10216346153846154
0 0.7740384615384616 0.8581730769230769 0.039663461538461536 0.0829326923076923
0 0.046875 0.296875 0.09254807692307693 0.06850961538461539
0 0.9026442307692307 0.8569711538461539 0.039663461538461536 0.08173076923076923
0 0.3293269230769231 0.8629807692307693 0.046875 0.0829326923076923
0 0.2824519230769231 0.8629807692307693 0.04326923076923077 0.08413461538461539
0 0.9747596153846154 0.7716346153846154 0.04567307692307692 0.052884615384615384
0 0.9170673076923077 0.7536057692307693 0.04326923076923077 0.052884615384615384
0 0.8641826923076923 0.7716346153846154 0.06129807692307692 0.057692307692307696
0 0.7235576923076923 0.7451923076923077 0.04927884615384615 0.051682692307692304
0 0.6454326923076923 0.7680288461538461 0.1045673076923077 0.052884615384615384
0 0.5444711538461539 0.7752403846153846 0.037259615384615384 0.055288461538461536
0 0.49759615384615385 0.7680288461538461 0.04927884615384615 0.08173076923076923
0 0.43149038461538464 0.7788461538461539 0.07572115384615384 0.039663461538461536
0 0.36177884615384615 0.7740384615384616 0.054086538461538464 0.04927884615384615
0 0.2692307692307692 0.7764423076923077 0.08173076923076923 0.051682692307692304
0 0.0625 0.7896634615384616 0.08173076923076923 0.055288461538461536
0 0.2512019230769231 0.7043269230769231 0.046875 0.0625
0 0.3076923076923077 0.703125 0.052884615384615384 0.06370192307692307
0 0.3629807692307692 0.7055288461538461 0.028846153846153848 0.06009615384615385
0 0.4026442307692308 0.7091346153846154 0.03125 0.054086538461538464
0 0.4423076923076923 0.7091346153846154 0.025240384615384616 0.05048076923076923
0 0.4879807692307692 0.6742788461538461 0.03365384615384615 0.06490384615384616
0 0.5336538461538461 0.6634615384615384 0.03125 0.08173076923076923
0 0.5697115384615384 0.6502403846153846 0.03485576923076923 0.07211538461538461
0 0.6069711538461539 0.6610576923076923 0.02403846153846154 0.0829326923076923
0 0.6346153846153846 0.6526442307692307 0.02283653846153846 0.07091346153846154
0 0.8161057692307693 0.8581730769230769 0.042067307692307696 0.0829326923076923
0 0.6682692307692307 0.6550480769230769 0.036057692307692304 0.08173076923076923
0 0.7367788461538461 0.6574519230769231 0.037259615384615384 0.078125
0 0.7728365384615384 0.65625 0.03365384615384615 0.078125
0 0.8052884615384616 0.6538461538461539 0.028846153846153848 0.08052884615384616
0 0.9254807692307693 0.6526442307692307 0.03485576923076923 0.08413461538461539
0 0.8870192307692307 0.6550480769230769 0.042067307692307696 0.08413461538461539
0 0.4362980769230769 0.859375 0.04927884615384615 0.0829326923076923
0 0.38461538461538464 0.8617788461538461 0.046875 0.0829326923076923
0 0.8425480769230769 0.65625 0.042067307692307696 0.08533653846153846
0 0.04567307692307692 0.8786057692307693 0.08413461538461539 0.054086538461538464
0 0.859375 0.8509615384615384 0.03485576923076923 0.06610576923076923
0 0.08774038461538461 0.7055288461538461 0.052884615384615384 0.06610576923076923
0 0.9314903846153846 0.546875 0.06009615384615385 0.08653846153846154
0 0.025240384615384616 0.7067307692307693 0.04927884615384615 0.056490384615384616
0 0.9423076923076923 0.8533653846153846 0.038461538461538464 0.07692307692307693