0 0.36538461538461536 0.18269230769230768 0.037259615384615384 0.015625
0 0.5516826923076923 0.20192307692307693 0.04807692307692308 0.03125
0 0.5 0.19831730769230768 0.039663461538461536 0.03125
0 0.2800480769230769 0.5432692307692307 0.042067307692307696 0.036057692307692304
0 0.40865384615384615 0.19471153846153846 0.040865384615384616 0.036057692307692304
0 0.3233173076923077 0.1778846153846154 0.04567307692307692 0.02403846153846154
0 0.2283653846153846 0.18870192307692307 0.04447115384615385 0.038461538461538464
0 0.32211538461538464 0.203125 0.038461538461538464 0.014423076923076924
0 0.22115384615384615 0.38341346153846156 0.04326923076923077 0.042067307692307696
0 0.12860576923076922 0.3425480769230769 0.052884615384615384 0.0625
0 0.08413461538461539 0.34134615384615385 0.036057692307692304 0.06129807692307692
0 0.040865384615384616 0.34134615384615385 0.03125 0.052884615384615384
0 0.01201923076923077 0.3401442307692308 0.02403846153846154 0.05889423076923077
0 0.9855769230769231 0.3016826923076923 0.02403846153846154 0.06009615384615385
0 0.3641826923076923 0.203125 0.038461538461538464 0.019230769230769232
0 0.9483173076923077 0.30649038461538464 0.042067307692307696 0.05048076923076923
0 0.8245192307692307 0.2980769230769231 0.054086538461538464 0.046875
0 0.7644230769230769 0.29927884615384615 0.056490384615384616 0.04807692307692308
0 0.703125 0.28725961538461536 0.06009615384615385 0.07091346153846154
0 0.12860576923076922 0.18509615384615385 0.038461538461538464 0.038461538461538464
0 0.1778846153846154 0.19471153846153846 0.05048076923076923 0.025240384615384616
0 0.27524038461538464 0.19110576923076922 0.04326923076923077 0.03365384615384615
0 0.8942307692307693 0.30528846153846156 0.057692307692307696 0.04927884615384615
0 0.6430288461538461 0.28725961538461536 0.052884615384615384 0.06971153846153846
0 0.5925480769230769 0.28846153846153844 0.04567307692307692 0.0673076923076923
0 0.5420673076923077 0.28725961538461536 0.046875 0.06971153846153846
0 0.6490384615384616 0.1875 0.04567307692307692 0.019230769230769232
0 0.7019230769230769 0.18870192307692307 0.05048076923076923 0.020432692307692308
0 0.6478365384615384 0.20793269230769232 0.04807692307692308 0.018028846153846152
0 0.6983173076923077 0.21033653846153846 0.04807692307692308 0.020432692307692308
0 0.7475961538461539 0.20192307692307693 0.038461538461538464 0.036057692307692304
0 0.7920673076923077 0.20192307692307693 0.04567307692307692 0.036057692307692304
0 0.8461538461538461 0.21033653846153846 0.04807692307692308 0.026442307692307692
0 0.9074519230769231 0.21995192307692307 0.04447115384615385 0.04927884615384615
0 0.9579326923076923 0.21634615384615385 0.052884615384615384 0.056490384615384616
0 0.25841346153846156 0.3786057692307692 0.028846153846153848 0.04927884615384615
0 0.5985576923076923 0.20192307692307693 0.04447115384615385 0.03125
0 0.014423076923076924 0.2548076923076923 0.028846153846153848 0.057692307692307696
0 0.078125 0.25961538461538464 0.03125 0.051682692307692304
0 0.1141826923076923 0.2620192307692308 0.036057692307692304 0.046875
0 0.15264423076923078 0.2644230769230769 0.03245192307692308 0.04807692307692308
0 0.22235576923076922 0.2932692307692308 0.04326923076923077 0.04567307692307692
0 0.265625 0.2932692307692308 0.039663461538461536 0.04326923076923077
0 0.3088942307692308 0.29447115384615385 0.03365384615384615 0.046875
0 0.34615384615384615 0.2956730769230769 0.036057692307692304 0.04326923076923077
0 0.3918269230769231 0.28365384615384615 0.04807692307692308 0.06971153846153846
0 0.43990384615384615 0.2848557692307692 0.040865384615384616 0.0733173076923077
0 0.4891826923076923 0.28725961538461536 0.05048076923076923 0.06971153846153846
0 0.04326923076923077 0.25600961538461536 0.025240384615384616 0.05048076923076923
0 0.29086538461538464 0.3798076923076923 0.025240384615384616 0.055288461538461536
0 0.4543269230769231 0.19591346153846154 0.04447115384615385 0.036057692307692304
0 0.3641826923076923 0.36899038461538464 0.03245192307692308 0.07211538461538461
0 0.036057692307692304 0.6670673076923077 0.027644230769230768 0.06129807692307692
0 0.07451923076923077 0.6682692307692307 0.038461538461538464 0.06370192307692307
0 0.11298076923076923 0.6682692307692307 0.03245192307692308 0.06610576923076923
0 0.14903846153846154 0.6670673076923077 0.03245192307692308 0.0625
0 0.18870192307692307 0.6646634615384616 0.030048076923076924 0.06850961538461539
0 0.23076923076923078 0.65625 0.038461538461538464 0.03365384615384615
0 0.23317307692307693 0.6862980769230769 0.03485576923076923 0.020432692307692308
0 0.2776442307692308 0.65625 0.04567307692307692 0.03125
0 0.2776442307692308 0.6862980769230769 0.04927884615384615 0.021634615384615384
0 0.3473557692307692 0.6790865384615384 0.07211538461538461 0.037259615384615384
0 0.43149038461538464 0.6802884615384616 0.078125 0.03365384615384615
0 0.4987980769230769 0.6802884615384616 0.046875 0.03485576923076923
0 0.5588942307692307 0.6802884615384616 0.06971153846153846 0.03125
0 0.6394230769230769 0.6778846153846154 0.0733173076923077 0.03245192307692308
0 0.7223557692307693 0.6778846153846154 0.0733173076923077 0.036057692307692304
0 0.7908653846153846 0.6754807692307693 0.04447115384615385 0.03485576923076923
0 0.8389423076923077 0.65625 0.037259615384615384 0.0733173076923077
0 0.8798076923076923 0.65625 0.038461538461538464 0.06850961538461539
0 0.9290865384615384 0.6538461538461539 0.04927884615384615 0.07211538461538461
0 0.9783653846153846 0.6526442307692307 0.039663461538461536 0.07091346153846154
0 0.19591346153846154 0.5805288461538461 0.021634615384615384 0.03125
0 0.009615384615384616 0.6670673076923077 0.018028846153846152 0.05889423076923077
0 0.7596153846153846 0.609375 0.08413461538461539 0.013221153846153846
0 0.7596153846153846 0.5925480769230769 0.08653846153846154 0.013221153846153846
0 0.59375 0.6033653846153846 0.06971153846153846 0.025240384615384616
0 0.3245192307692308 0.5444711538461539 0.04326923076923077 0.03365384615384615
0 0.36778846153846156 0.5432692307692307 0.03245192307692308 0.036057692307692304
0 0.4050480769230769 0.5456730769230769 0.03365384615384615 0.03125
0 0.4579326923076923 0.546875 0.0625 0.030048076923076924
0 0.5228365384615384 0.5492788461538461 0.0625 0.026442307692307692
0 0.5865384615384616 0.5480769230769231 0.06129807692307692 0.02403846153846154
0 0.6538461538461539 0.5480769230769231 0.06490384615384616 0.02403846153846154
0 0.7259615384615384 0.5396634615384616 0.06370192307692307 0.01201923076923077
0 0.7223557692307693 0.5552884615384616 0.06971153846153846 0.010817307692307692
0 0.7992788461538461 0.5408653846153846 0.06610576923076923 0.01201923076923077
0 0.16466346153846154 0.5829326923076923 0.030048076923076924 0.03365384615384615
0 0.796875 0.5552884615384616 0.07451923076923077 0.01201923076923077
0 0.890625 0.5649038461538461 0.03485576923076923 0.0733173076923077
0 0.9615384615384616 0.5612980769230769 0.055288461538461536 0.07451923076923077
0 0.25721153846153844 0.5949519230769231 0.07451923076923077 0.014423076923076924
0 0.25721153846153844 0.6117788461538461 0.0733173076923077 0.01201923076923077
0 0.3329326923076923 0.59375 0.07451923076923077 0.013221153846153846
0 0.33413461538461536 0.6105769230769231 0.0673076923076923 0.015625
0 0.4182692307692308 0.5949519230769231 0.08774038461538461 0.013221153846153846
0 0.41586538461538464 0.6105769230769231 0.08653846153846154 0.009615384615384616
0 0.5120192307692307 0.5877403846153846 0.08413461538461539 0.015625
0 0.5096153846153846 0.609375 0.08413461538461539 0.013221153846153846
0 0.8533653846153846 0.5661057692307693 0.03485576923076923 0.07091346153846154
0 0.3269230769230769 0.3701923076923077 0.038461538461538464 0.07091346153846154
0 0.1346153846153846 0.5817307692307693 0.025240384615384616 0.03365384615384615
0 0.08052884615384616 0.5829326923076923 0.02403846153846154 0.03125
0 0.15625 0.42427884615384615 0.04807692307692308 0.01201923076923077
0 0.15625 0.44350961538461536 0.051682692307692304 0.02283653846153846
0 0.0985576923076923 0.4266826923076923 0.052884615384615384 0.055288461538461536
0 0.04326923076923077 0.42788461538461536 0.05048076923076923 0.054086538461538464
0 0.9867788461538461 0.3870192307692308 0.02283653846153846 0.04447115384615385
0 0.9567307692307693 0.38461538461538464 0.03125 0.055288461538461536
0 0.8918269230769231 0.3858173076923077 0.027644230769230768 0.04567307692307692
0 0.08052884615384616 0.18509615384615385 0.04807692307692308 0.038461538461538464
0 0.8629807692307693 0.3894230769230769 0.025240384615384616 0.04447115384615385
0 0.8161057692307693 0.3762019230769231 0.038461538461538464 0.0673076923076923
0 0.7740384615384616 0.3870192307692308 0.03365384615384615 0.046875
0 0.7379807692307693 0.3737980769230769 0.027644230769230768 0.06850961538461539
0 0.7043269230769231 0.3737980769230769 0.03485576923076923 0.0733173076923077
0 0.6694711538461539 0.375 0.027644230769230768 0.0733173076923077
0 0.6322115384615384 0.3737980769230769 0.038461538461538464 0.07211538461538461
0 0.5961538461538461 0.3737980769230769 0.028846153846153848 0.0733173076923077
0 0.5588942307692307 0.37259615384615385 0.03485576923076923 0.0733173076923077
0 0.5192307692307693 0.37259615384615385 0.036057692307692304 0.07211538461538461
0 0.4807692307692308 0.37259615384615385 0.036057692307692304 0.07091346153846154
0 0.44471153846153844 0.3713942307692308 0.030048076923076924 0.0733173076923077
0 0.4050480769230769 0.3701923076923077 0.042067307692307696 0.07211538461538461
0 0.23677884615384615 0.49038461538461536 0.037259615384615384 0.028846153846153848
0 0.27403846153846156 0.48197115384615385 0.027644230769230768 0.046875
0 0.3137019230769231 0.48197115384615385 0.038461538461538464 0.046875
0 0.3581730769230769 0.48197115384615385 0.040865384615384616 0.04447115384615385
0 0.04927884615384615 0.5793269230769231 0.03125 0.037259615384615384
0 0.015625 0.5793269230769231 0.03125 0.037259615384615384
0 0.9615384615384616 0.4735576923076923 0.039663461538461536 0.07451923076923077
0 0.9170673076923077 0.4723557692307692 0.04447115384615385 0.0733173076923077
0 0.8677884615384616 0.47475961538461536 0.04567307692307692 0.07091346153846154
0 0.7932692307692307 0.46634615384615385 0.046875 0.06490384615384616
0 0.7355769230769231 0.47115384615384615 0.06129807692307692 0.06971153846153846
0 0.6814903846153846 0.4651442307692308 0.042067307692307696 0.07211538461538461
0 0.6454326923076923 0.46634615384615385 0.026442307692307692 0.078125
0 0.6177884615384616 0.4699519230769231 0.026442307692307692 0.06971153846153846
0 0.10697115384615384 0.5829326923076923 0.025240384615384616 0.03485576923076923
0 0.5877403846153846 0.47115384615384615 0.021634615384615384 0.06971153846153846
0 0.15144230769230768 0.5108173076923077 0.036057692307692304 0.04326923076923077
0 0.11177884615384616 0.5096153846153846 0.037259615384615384 0.046875
0 0.06971153846153846 0.5108173076923077 0.03485576923076923 0.04326923076923077
0 0.027644230769230768 0.5108173076923077 0.04447115384615385 0.04326923076923077
0 0.546875 0.4807692307692308 0.046875 0.052884615384615384
0 0.4987980769230769 0.4891826923076923 0.03365384615384615 0.03365384615384615
0 0.4651442307692308 0.49278846153846156 0.030048076923076924 0.025240384615384616
0 0.4651442307692308 0.4639423076923077 0.027644230769230768 0.028846153846153848
0 0.4326923076923077 0.484375 0.02403846153846154 0.04326923076923077
0 0.40024038461538464 0.4831730769230769 0.03485576923076923 0.046875
0 0.1935096153846154 0.5120192307692307 0.036057692307692304 0.042067307692307696
0 0.028846153846153848 0.18389423076923078 0.052884615384615384 0.039663461538461536
0 0.23557692307692307 0.5420673076923077 0.03365384615384615 0.03485576923076923
0 0.9326923076923077 0.13701923076923078 0.03365384615384615 0.052884615384615384
0 0.9663461538461539 0.13581730769230768 0.027644230769230768 0.055288461538461536
0 0.020432692307692308 0.11778846153846154 0.040865384615384616 0.04326923076923077
0 0.0733173076923077 0.11778846153846154 0.057692307692307696 0.040865384615384616
0 0.19230769230769232 0.125 0.046875 0.042067307692307696
0 0.24158653846153846 0.125 0.042067307692307696 0.040865384615384616
0 0.28846153846153844 0.12740384615384615 0.039663461538461536 0.039663461538461536
0 0.3317307692307692 0.12740384615384615 0.042067307692307696 0.040865384615384616
0 0.3786057692307692 0.12980769230769232 0.037259615384615384 0.042067307692307696
0 0.41947115384615385 0.12860576923076922 0.038461538461538464 0.038461538461538464
0 0.4675480769230769 0.13221153846153846 0.04326923076923077 0.039663461538461536
0 0.5144230769230769 0.13221153846153846 0.042067307692307696 0.039663461538461536
0 0.5516826923076923 0.13701923076923078 0.021634615384615384 0.03245192307692308
0 0.13581730769230768 0.12139423076923077 0.05889423076923077 0.04326923076923077
0 0.6526442307692307 0.140625 0.019230769230769232 0.036057692307692304
0 0.6033653846153846 0.13581730769230768 0.018028846153846152 0.039663461538461536
0 0.625 0.13701923076923078 0.02403846153846154 0.036057692307692304
0 0.6802884615384616 0.14182692307692307 0.026442307692307692 0.03125
0 0.703125 0.13822115384615385 0.019230769230769232 0.04447115384615385
0 0.7331730769230769 0.13822115384615385 0.030048076923076924 0.04447115384615385
0 0.7680288461538461 0.13822115384615385 0.03125 0.04927884615384615
0 0.7992788461538461 0.13942307692307693 0.02403846153846154 0.046875
0 0.8581730769230769 0.1466346153846154 0.02283653846153846 0.036057692307692304
0 0.8305288461538461 0.14423076923076922 0.021634615384615384 0.036057692307692304
0 0.578125 0.13822115384615385 0.021634615384615384 0.03245192307692308
0 0.8930288461538461 0.13581730769230768 0.037259615384615384 0.055288461538461536