0 0.12139423076923077 0.3786057692307692 0.08173076923076923 0.019230769230769232
0 0.20673076923076922 0.39783653846153844 0.08413461538461539 0.018028846153846152
0 0.1201923076923077 0.39783653846153844 0.08774038461538461 0.018028846153846152
0 0.9579326923076923 0.28365384615384615 0.009615384615384616 0.07091346153846154
0 0.028846153846153848 0.3954326923076923 0.057692307692307696 0.02403846153846154
0 0.42427884615384615 0.3870192307692308 0.037259615384615384 0.06850961538461539
0 0.27524038461538464 0.38341346153846156 0.03485576923076923 0.08173076923076923
0 0.31009615384615385 0.38461538461538464 0.03365384615384615 0.07692307692307693
0 0.390625 0.38100961538461536 0.02403846153846154 0.08052884615384616
0 0.3485576923076923 0.38822115384615385 0.036057692307692304 0.07692307692307693
0 0.9459134615384616 0.2824519230769231 0.010817307692307692 0.06971153846153846
0 0.21153846153846154 0.3786057692307692 0.0733173076923077 0.016826923076923076
0 0.9230769230769231 0.2800480769230769 0.009615384615384616 0.06971153846153846
0 0.7331730769230769 0.28365384615384615 0.015625 0.07211538461538461
0 0.8870192307692307 0.28365384615384615 0.009615384615384616 0.06850961538461539
0 0.10817307692307693 0.27524038461538464 0.03125 0.0733173076923077
0 0.07091346153846154 0.27884615384615385 0.027644230769230768 0.08052884615384616
0 0.03365384615384615 0.27884615384615385 0.042067307692307696 0.078125
0 0.9879807692307693 0.17427884615384615 0.020432692307692308 0.07572115384615384
0 0.9447115384615384 0.17668269230769232 0.015625 0.07692307692307693
0 0.9278846153846154 0.17548076923076922 0.015625 0.07932692307692307
0 0.8786057692307693 0.17908653846153846 0.016826923076923076 0.078125
0 0.7956730769230769 0.17548076923076922 0.025240384615384616 0.08533653846153846
0 0.7548076923076923 0.17668269230769232 0.021634615384615384 0.08413461538461539
0 0.7127403846153846 0.18269230769230768 0.02283653846153846 0.078125
0 0.6009615384615384 0.1778846153846154 0.04326923076923077 0.09375
0 0.5600961538461539 0.17908653846153846 0.03485576923076923 0.09375
0 0.14903846153846154 0.27884615384615385 0.020432692307692308 0.07692307692307693
0 0.5228365384615384 0.1814903846153846 0.038461538461538464 0.09375
0 0.4362980769230769 0.17427884615384615 0.03245192307692308 0.08533653846153846
0 0.39783653846153844 0.18028846153846154 0.025240384615384616 0.0829326923076923
0 0.3605769230769231 0.18269230769230768 0.02283653846153846 0.08173076923076923
0 0.328125 0.18629807692307693 0.026442307692307692 0.078125
0 0.28725961538461536 0.1814903846153846 0.021634615384615384 0.08413461538461539
0 0.25 0.18269230769230768 0.018028846153846152 0.09014423076923077
0 0.20793269230769232 0.17668269230769232 0.020432692307692308 0.078125
0 0.1814903846153846 0.18389423076923078 0.020432692307692308 0.06971153846153846
0 0.1502403846153846 0.17548076923076922 0.026442307692307692 0.06971153846153846
0 0.0985576923076923 0.17908653846153846 0.021634615384615384 0.078125
0 0.05889423076923077 0.17668269230769232 0.025240384615384616 0.07211538461538461
0 0.025240384615384616 0.18028846153846154 0.02283653846153846 0.06850961538461539
0 0.4831730769230769 0.1778846153846154 0.038461538461538464 0.09254807692307693
0 0.9134615384615384 0.28125 0.008413461538461538 0.06850961538461539
0 0.19110576923076922 0.27403846153846156 0.027644230769230768 0.0673076923076923
0 0.25240384615384615 0.28846153846153844 0.027644230769230768 0.07692307692307693
0 0.8762019230769231 0.2824519230769231 0.010817307692307692 0.06850961538461539
0 0.7956730769230769 0.2848557692307692 0.014423076923076924 0.07572115384615384
0 0.8100961538461539 0.2848557692307692 0.018028846153846152 0.07692307692307693
0 0.7716346153846154 0.2860576923076923 0.014423076923076924 0.07451923076923077
0 0.7572115384615384 0.2860576923076923 0.014423076923076924 0.07211538461538461
0 0.7199519230769231 0.2860576923076923 0.010817307692307692 0.06850961538461539
0 0.6947115384615384 0.28725961538461536 0.015625 0.0673076923076923
0 0.6826923076923077 0.28725961538461536 0.009615384615384616 0.0673076923076923
0 0.6526442307692307 0.28365384615384615 0.015625 0.07211538461538461
0 0.6370192307692307 0.2848557692307692 0.015625 0.06971153846153846
0 0.6153846153846154 0.2800480769230769 0.01201923076923077 0.06850961538461539
0 0.6009615384615384 0.2824519230769231 0.014423076923076924 0.06370192307692307
0 0.22235576923076922 0.2764423076923077 0.021634615384615384 0.07451923076923077
0 0.5769230769230769 0.2848557692307692 0.018028846153846152 0.06370192307692307
0 0.5396634615384616 0.28846153846153844 0.010817307692307692 0.06850961538461539
0 0.53125 0.28846153846153844 0.009615384615384616 0.07211538461538461
0 0.49399038461538464 0.28725961538461536 0.03365384615384615 0.0889423076923077
0 0.46033653846153844 0.28846153846153844 0.014423076923076924 0.07091346153846154
0 0.4495192307692308 0.28966346153846156 0.008413461538461538 0.07211538461538461
0 0.4254807692307692 0.28846153846153844 0.013221153846153846 0.06971153846153846
0 0.4110576923076923 0.28846153846153844 0.015625 0.06971153846153846
0 0.3786057692307692 0.28725961538461536 0.018028846153846152 0.0733173076923077
0 0.3449519230769231 0.28966346153846156 0.010817307692307692 0.0733173076923077
0 0.33413461538461536 0.28966346153846156 0.010817307692307692 0.07692307692307693
0 0.2920673076923077 0.2932692307692308 0.008413461538461538 0.0733173076923077
0 0.30288461538461536 0.29086538461538464 0.010817307692307692 0.07091346153846154
0 0.5649038461538461 0.2824519230769231 0.009615384615384616 0.0673076923076923
0 0.46274038461538464 0.3894230769230769 0.02403846153846154 0.07451923076923077
0 0.7307692307692307 0.4807692307692308 0.015625 0.06610576923076923
0 0.5324519230769231 0.3858173076923077 0.028846153846153848 0.0673076923076923
0 0.2980769230769231 0.7139423076923077 0.020432692307692308 0.038461538461538464
0 0.27403846153846156 0.7115384615384616 0.019230769230769232 0.042067307692307696
0 0.10697115384615384 0.7548076923076923 0.09254807692307693 0.016826923076923076
0 0.21634615384615385 0.7007211538461539 0.030048076923076924 0.0673076923076923
0 0.18629807692307693 0.6959134615384616 0.02283653846153846 0.06610576923076923
0 0.16706730769230768 0.6923076923076923 0.020432692307692308 0.052884615384615384
0 0.11177884615384616 0.7007211538461539 0.030048076923076924 0.06370192307692307
0 0.06971153846153846 0.6899038461538461 0.037259615384615384 0.051682692307692304
0 0.016826923076923076 0.6959134615384616 0.02403846153846154 0.06009615384615385
0 0.8990384615384616 0.5793269230769231 0.040865384615384616 0.06850961538461539
0 0.8569711538461539 0.5805288461538461 0.037259615384615384 0.07091346153846154
0 0.7692307692307693 0.5805288461538461 0.038461538461538464 0.05889423076923077
0 0.31971153846153844 0.7103365384615384 0.018028846153846152 0.040865384615384616
0 0.734375 0.5817307692307693 0.019230769230769232 0.06129807692307692
0 0.703125 0.5829326923076923 0.018028846153846152 0.05889423076923077
0 0.6875 0.5841346153846154 0.009615384615384616 0.057692307692307696
0 0.65625 0.5805288461538461 0.01201923076923077 0.06490384615384616
0 0.6478365384615384 0.5805288461538461 0.008413461538461538 0.0625
0 0.6370192307692307 0.5805288461538461 0.010817307692307692 0.06129807692307692
0 0.5985576923076923 0.5973557692307693 0.015625 0.0673076923076923
0 0.5841346153846154 0.5973557692307693 0.014423076923076924 0.06850961538461539
0 0.5697115384615384 0.5949519230769231 0.01201923076923077 0.06490384615384616
0 0.5576923076923077 0.5973557692307693 0.013221153846153846 0.06129807692307692
0 0.5252403846153846 0.5817307692307693 0.028846153846153848 0.07572115384615384
0 0.484375 0.5889423076923077 0.027644230769230768 0.0673076923076923
0 0.45913461538461536 0.5889423076923077 0.01201923076923077 0.06370192307692307
0 0.7175480769230769 0.5829326923076923 0.01201923076923077 0.05889423076923077
0 0.34615384615384615 0.7151442307692307 0.025240384615384616 0.040865384615384616
0 0.3858173076923077 0.7139423076923077 0.02283653846153846 0.039663461538461536
0 0.41225961538461536 0.7127403846153846 0.021634615384615384 0.042067307692307696
0 0.5024038461538461 0.38341346153846156 0.028846153846153848 0.0625
0 0.11658653846153846 0.5084134615384616 0.015625 0.016826923076923076
0 0.22355769230769232 0.5192307692307693 0.057692307692307696 0.015625
0 0.22115384615384615 0.5360576923076923 0.0733173076923077 0.013221153846153846
0 0.14302884615384615 0.5252403846153846 0.078125 0.01201923076923077
0 0.14423076923076922 0.5372596153846154 0.07572115384615384 0.01201923076923077
0 0.07211538461538461 0.5132211538461539 0.0625 0.019230769230769232
0 0.0673076923076923 0.5348557692307693 0.06490384615384616 0.015625
0 0.9086538461538461 0.7151442307692307 0.0625 0.08173076923076923
0 0.8521634615384616 0.7163461538461539 0.042067307692307696 0.07932692307692307
0 0.7992788461538461 0.7151442307692307 0.028846153846153848 0.07091346153846154
0 0.7728365384615384 0.7151442307692307 0.018028846153846152 0.0625
0 0.7463942307692307 0.7175480769230769 0.020432692307692308 0.06971153846153846
0 0.7199519230769231 0.7139423076923077 0.020432692307692308 0.06850961538461539
0 0.6959134615384616 0.7139423076923077 0.02403846153846154 0.07211538461538461
0 0.6514423076923077 0.71875 0.052884615384615384 0.06971153846153846
0 0.5889423076923077 0.6526442307692307 0.05048076923076923 0.027644230769230768
0 0.5889423076923077 0.7067307692307693 0.054086538461538464 0.0673076923076923
0 0.5540865384615384 0.7103365384615384 0.010817307692307692 0.06129807692307692
0 0.5384615384615384 0.7091346153846154 0.008413461538461538 0.057692307692307696
0 0.5288461538461539 0.7115384615384616 0.008413461538461538 0.057692307692307696
0 0.5192307692307693 0.7091346153846154 0.010817307692307692 0.06009615384615385
0 0.49038461538461536 0.7115384615384616 0.009615384615384616 0.0625
0 0.48197115384615385 0.7103365384615384 0.008413461538461538 0.0625
0 0.47115384615384615 0.7103365384615384 0.009615384615384616 0.057692307692307696
0 0.46153846153846156 0.7127403846153846 0.010817307692307692 0.06129807692307692
0 0.4519230769230769 0.7115384615384616 0.01201923076923077 0.05889423076923077
0 0.44711538461538464 0.5901442307692307 0.009615384615384616 0.06370192307692307
0 0.4182692307692308 0.5889423076923077 0.009615384615384616 0.05889423076923077
0 0.039663461538461536 0.7403846153846154 0.04927884615384615 0.036057692307692304
0 0.3605769230769231 0.6057692307692307 0.057692307692307696 0.09014423076923077
0 0.28125 0.4891826923076923 0.013221153846153846 0.06370192307692307
0 0.2668269230769231 0.49038461538461536 0.013221153846153846 0.0625
0 0.2091346153846154 0.4423076923076923 0.07451923076923077 0.016826923076923076
0 0.21153846153846154 0.46153846153846156 0.07211538461538461 0.020432692307692308
0 0.13701923076923078 0.4411057692307692 0.07091346153846154 0.018028846153846152
0 0.13581730769230768 0.46033653846153844 0.07451923076923077 0.020432692307692308
0 0.06129807692307692 0.4423076923076923 0.06971153846153846 0.018028846153846152
0 0.06129807692307692 0.46153846153846156 0.06610576923076923 0.020432692307692308
0 0.953125 0.3870192307692308 0.016826923076923076 0.06850961538461539
0 0.921875 0.38341346153846156 0.014423076923076924 0.06971153846153846
0 0.8930288461538461 0.38100961538461536 0.013221153846153846 0.07091346153846154
0 0.8822115384615384 0.38221153846153844 0.009615384615384616 0.06610576923076923
0 0.8713942307692307 0.38221153846153844 0.010817307692307692 0.06850961538461539
0 0.8064903846153846 0.38461538461538464 0.014423076923076924 0.06370192307692307
0 0.7944711538461539 0.38341346153846156 0.009615384615384616 0.06490384615384616
0 0.7548076923076923 0.3858173076923077 0.008413461538461538 0.06610576923076923
0 0.7620192307692307 0.38461538461538464 0.009615384615384616 0.0673076923076923
0 0.7247596153846154 0.3858173076923077 0.010817307692307692 0.0673076923076923
0 0.7139423076923077 0.38341346153846156 0.010817307692307692 0.07211538461538461
0 0.6947115384615384 0.3737980769230769 0.008413461538461538 0.0673076923076923
0 0.6838942307692307 0.375 0.01201923076923077 0.06610576923076923
0 0.6490384615384616 0.38341346153846156 0.008413461538461538 0.06610576923076923
0 0.6394230769230769 0.38341346153846156 0.009615384615384616 0.0673076923076923
0 0.6117788461538461 0.38100961538461536 0.008413461538461538 0.0673076923076923
0 0.40625 0.5901442307692307 0.013221153846153846 0.05889423076923077
0 0.578125 0.38461538461538464 0.013221153846153846 0.06610576923076923
0 0.5661057692307693 0.38341346153846156 0.01201923076923077 0.06850961538461539
0 0.2956730769230769 0.49158653846153844 0.016826923076923076 0.06850961538461539
0 0.3317307692307692 0.49158653846153844 0.015625 0.0625
0 0.6033653846153846 0.38221153846153844 0.009615384615384616 0.06971153846153846
0 0.38341346153846156 0.4795673076923077 0.02403846153846154 0.06490384615384616
0 0.3473557692307692 0.49038461538461536 0.015625 0.0625
0 0.24278846153846154 0.6189903846153846 0.019230769230769232 0.06129807692307692
0 0.28966346153846156 0.6033653846153846 0.06610576923076923 0.09014423076923077
0 0.20793269230769232 0.6153846153846154 0.014423076923076924 0.06490384615384616
0 0.17668269230769232 0.6129807692307693 0.014423076923076924 0.05889423076923077
0 0.1466346153846154 0.6153846153846154 0.018028846153846152 0.056490384615384616
0 0.1045673076923077 0.6153846153846154 0.020432692307692308 0.057692307692307696
0 0.07091346153846154 0.6117788461538461 0.016826923076923076 0.056490384615384616
0 0.028846153846153848 0.6189903846153846 0.016826923076923076 0.056490384615384616
0 0.7836538461538461 0.47596153846153844 0.013221153846153846 0.06490384615384616
0 0.7439903846153846 0.4795673076923077 0.013221153846153846 0.06370192307692307
0 0.6959134615384616 0.47836538461538464 0.009615384615384616 0.0673076923076923
0 0.7055288461538461 0.4807692307692308 0.009615384615384616 0.0673076923076923
0 0.7704326923076923 0.47716346153846156 0.01201923076923077 0.06129807692307692
0 0.6622596153846154 0.47836538461538464 0.013221153846153846 0.06009615384615385
0 0.4266826923076923 0.4831730769230769 0.025240384615384616 0.06971153846153846
0 0.6298076923076923 0.47836538461538464 0.009615384615384616 0.0625
0 0.46033653846153844 0.4795673076923077 0.010817307692307692 0.0673076923076923
0 0.6177884615384616 0.47716346153846156 0.015625 0.06370192307692307
0 0.5841346153846154 0.47716346153846156 0.02403846153846154 0.06490384615384616
0 0.5516826923076923 0.47596153846153844 0.010817307692307692 0.06490384615384616
0 0.5396634615384616 0.47596153846153844 0.013221153846153846 0.0625
0 0.5 0.47836538461538464 0.013221153846153846 0.0673076923076923
0 0.5096153846153846 0.47836538461538464 0.010817307692307692 0.06370192307692307
0 0.4723557692307692 0.4795673076923077 0.009615384615384616 0.0673076923076923
0 0.6742788461538461 0.47836538461538464 0.009615384615384616 0.06370192307692307