0 0.7980769230769231 0.5240384615384616 0.04807692307692308 0.028846153846153848
0 0.6586538461538461 0.4951923076923077 0.09495192307692307 0.018028846153846152
0 0.796875 0.5480769230769231 0.04927884615384615 0.014423076923076924
0 0.7956730769230769 0.4951923076923077 0.04567307692307692 0.014423076923076924
0 0.7475961538461539 0.49278846153846156 0.04927884615384615 0.1141826923076923
0 0.65625 0.5528846153846154 0.09615384615384616 0.025240384615384616
0 0.6586538461538461 0.5204326923076923 0.09375 0.026442307692307692
0 0.7139423076923077 0.5180288461538461 0.013221153846153846 0.07451923076923077
0 0.6959134615384616 0.4639423076923077 0.05048076923076923 0.028846153846153848
0 0.9663461538461539 0.35697115384615385 0.046875 0.14182692307692307
0 0.5841346153846154 0.49038461538461536 0.04567307692307692 0.08413461538461539
0 0.5432692307692307 0.49038461538461536 0.03365384615384615 0.07932692307692307
0 0.5853365384615384 0.41466346153846156 0.038461538461538464 0.051682692307692304
0 0.5480769230769231 0.4014423076923077 0.030048076923076924 0.08052884615384616
0 0.9050480769230769 0.32091346153846156 0.04567307692307692 0.1346153846153846
0 0.8413461538461539 0.3317307692307692 0.07692307692307693 0.15144230769230768
0 0.8221153846153846 0.4543269230769231 0.02403846153846154 0.057692307692307696
0 0.78125 0.34615384615384615 0.036057692307692304 0.12259615384615384
0 0.6430288461538461 0.4675480769230769 0.054086538461538464 0.036057692307692304
0 0.8461538461538461 0.4519230769230769 0.021634615384615384 0.057692307692307696
0 0.11658653846153846 0.5793269230769231 0.02403846153846154 0.13581730769230768
0 0.859375 0.5264423076923077 0.02403846153846154 0.06370192307692307
0 0.7487980769230769 0.34375 0.027644230769230768 0.11538461538461539
0 0.8918269230769231 0.6850961538461539 0.030048076923076924 0.13221153846153846
0 0.9242788461538461 0.6875 0.03245192307692308 0.12860576923076922
0 0.9555288461538461 0.6850961538461539 0.027644230769230768 0.12620192307692307
0 0.984375 0.671875 0.026442307692307692 0.14543269230769232
0 0.5516826923076923 0.875 0.02283653846153846 0.12620192307692307
0 0.578125 0.8629807692307693 0.025240384615384616 0.1346153846153846
0 0.08774038461538461 0.5805288461538461 0.03245192307692308 0.13221153846153846
0 0.8701923076923077 0.45072115384615385 0.02283653846153846 0.057692307692307696
0 0.037259615384615384 0.5805288461538461 0.027644230769230768 0.14182692307692307
0 0.9639423076923077 0.5240384615384616 0.03125 0.051682692307692304
0 0.9591346153846154 0.4651442307692308 0.027644230769230768 0.055288461538461536
0 0.8629807692307693 0.6899038461538461 0.027644230769230768 0.1346153846153846
0 0.9230769230769231 0.5384615384615384 0.03485576923076923 0.04447115384615385
0 0.9266826923076923 0.49399038461538464 0.039663461538461536 0.042067307692307696
0 0.9194711538461539 0.4543269230769231 0.038461538461538464 0.026442307692307692
0 0.9146634615384616 0.421875 0.039663461538461536 0.026442307692307692
0 0.8822115384615384 0.5264423076923077 0.021634615384615384 0.06971153846153846
0 0.01201923076923077 0.5853365384615384 0.02283653846153846 0.13581730769230768
0 0.7163461538461539 0.3245192307692308 0.030048076923076924 0.08533653846153846
0 0.7247596153846154 0.8617788461538461 0.038461538461538464 0.13701923076923078
0 0.6033653846153846 0.3293269230769231 0.051682692307692304 0.109375
0 0.3473557692307692 0.15384615384615385 0.038461538461538464 0.17548076923076922
0 0.3076923076923077 0.14783653846153846 0.03245192307692308 0.1622596153846154
0 0.6117788461538461 0.8605769230769231 0.037259615384615384 0.12860576923076922
0 0.6490384615384616 0.8617788461538461 0.03365384615384615 0.1310096153846154
0 0.6850961538461539 0.8617788461538461 0.036057692307692304 0.13701923076923078
0 0.7608173076923077 0.8605769230769231 0.028846153846153848 0.13822115384615385
0 0.7944711538461539 0.8605769230769231 0.03485576923076923 0.13822115384615385
0 0.8329326923076923 0.8581730769230769 0.037259615384615384 0.13341346153846154
0 0.3954326923076923 0.16105769230769232 0.040865384615384616 0.1875
0 0.8713942307692307 0.8569711538461539 0.036057692307692304 0.12980769230769232
0 0.9639423076923077 0.8533653846153846 0.06129807692307692 0.1310096153846154
0 0.019230769230769232 0.8473557692307693 0.037259615384615384 0.14302884615384615
0 0.06129807692307692 0.14302884615384615 0.04807692307692308 0.14783653846153846
0 0.018028846153846152 0.15745192307692307 0.027644230769230768 0.19471153846153846
0 0.1310096153846154 0.15264423076923078 0.055288461538461536 0.15985576923076922
0 0.19471153846153846 0.15264423076923078 0.04807692307692308 0.18990384615384615
0 0.2512019230769231 0.15504807692307693 0.04927884615384615 0.17908653846153846
0 0.15985576923076922 0.5709134615384616 0.03365384615384615 0.13822115384615385
0 0.90625 0.8557692307692307 0.03245192307692308 0.12620192307692307
0 0.6778846153846154 0.3245192307692308 0.040865384615384616 0.09495192307692307
0 0.4375 0.15865384615384615 0.042067307692307696 0.1778846153846154
0 0.546875 0.17548076923076922 0.042067307692307696 0.1814903846153846
0 0.5144230769230769 0.36538461538461536 0.037259615384615384 0.16466346153846154
0 0.47596153846153844 0.37740384615384615 0.027644230769230768 0.16105769230769232
0 0.4423076923076923 0.36899038461538464 0.036057692307692304 0.13581730769230768
0 0.35697115384615385 0.37259615384615385 0.051682692307692304 0.16105769230769232
0 0.2860576923076923 0.37740384615384615 0.042067307692307696 0.15625
0 0.23798076923076922 0.3737980769230769 0.04567307692307692 0.15144230769230768
0 0.16346153846153846 0.3641826923076923 0.054086538461538464 0.16466346153846154
0 0.10576923076923077 0.36658653846153844 0.05048076923076923 0.140625
0 0.49158653846153844 0.16466346153846154 0.055288461538461536 0.17307692307692307
0 0.04567307692307692 0.375 0.051682692307692304 0.14783653846153846
0 0.8774038461538461 0.13341346153846154 0.06009615384615385 0.13701923076923078
0 0.8112980769230769 0.12259615384615384 0.04567307692307692 0.11899038461538461
0 0.7716346153846154 0.16346153846153846 0.02283653846153846 0.1814903846153846
0 0.7271634615384616 0.16105769230769232 0.025240384615384616 0.17908653846153846
0 0.6959134615384616 0.16105769230769232 0.030048076923076924 0.16826923076923078
0 0.6610576923076923 0.16346153846153846 0.030048076923076924 0.16947115384615385
0 0.6225961538461539 0.15504807692307693 0.03485576923076923 0.19951923076923078
0 0.5877403846153846 0.16105769230769232 0.030048076923076924 0.19951923076923078
0 0.9387019230769231 0.14783653846153846 0.056490384615384616 0.15985576923076922
0 0.21514423076923078 0.5841346153846154 0.027644230769230768 0.15264423076923078
0 0.8353365384615384 0.5240384615384616 0.02403846153846154 0.057692307692307696
0 0.28846153846153844 0.5829326923076923 0.021634615384615384 0.11899038461538461
0 0.29086538461538464 0.828125 0.06129807692307692 0.037259615384615384
0 0.2283653846153846 0.8377403846153846 0.06370192307692307 0.03125
0 0.15384615384615385 0.8485576923076923 0.0673076923076923 0.03365384615384615
0 0.07932692307692307 0.8341346153846154 0.06610576923076923 0.04807692307692308
0 0.49278846153846156 0.7019230769230769 0.05048076923076923 0.08052884615384616
0 0.3798076923076923 0.6959134615384616 0.06009615384615385 0.028846153846153848
0 0.30408653846153844 0.6790865384615384 0.06009615384615385 0.03485576923076923
0 0.3088942307692308 0.7391826923076923 0.0625 0.025240384615384616
0 0.24759615384615385 0.7415865384615384 0.052884615384615384 0.021634615384615384
0 0.23076923076923078 0.7055288461538461 0.06129807692307692 0.038461538461538464
0 0.17908653846153846 0.6971153846153846 0.037259615384615384 0.10336538461538461
0 0.14903846153846154 0.6971153846153846 0.020432692307692308 0.10096153846153846
0 0.11658653846153846 0.7379807692307693 0.04326923076923077 0.04567307692307692
0 0.07211538461538461 0.7487980769230769 0.02403846153846154 0.051682692307692304
0 0.4807692307692308 0.5685096153846154 0.03485576923076923 0.1201923076923077
0 0.3545673076923077 0.8245192307692307 0.06129807692307692 0.04326923076923077
0 0.4855769230769231 0.8185096153846154 0.07091346153846154 0.027644230769230768
0 0.09014423076923077 0.9435096153846154 0.06610576923076923 0.025240384615384616
0 0.09134615384615384 0.9194711538461539 0.06370192307692307 0.019230769230769232
0 0.2608173076923077 0.5733173076923077 0.021634615384615384 0.12379807692307693
0 0.8329326923076923 0.6911057692307693 0.030048076923076924 0.12620192307692307
0 0.7752403846153846 0.6887019230769231 0.026442307692307692 0.1310096153846154
0 0.7451923076923077 0.6862980769230769 0.026442307692307692 0.1310096153846154
0 0.7115384615384616 0.6850961538461539 0.02403846153846154 0.1346153846153846
0 0.6790865384615384 0.6778846153846154 0.036057692307692304 0.1622596153846154
0 0.6394230769230769 0.6875 0.03365384615384615 0.13581730769230768
0 0.44471153846153844 0.5745192307692307 0.028846153846153848 0.1310096153846154
0 0.6081730769230769 0.6971153846153846 0.026442307692307692 0.125
0 0.5492788461538461 0.6887019230769231 0.02283653846153846 0.13822115384615385
0 0.4266826923076923 0.9086538461538461 0.039663461538461536 0.039663461538461536
0 0.4879807692307692 0.9182692307692307 0.07211538461538461 0.03245192307692308
0 0.34615384615384615 0.9326923076923077 0.06370192307692307 0.036057692307692304
0 0.28125 0.9266826923076923 0.06610576923076923 0.05048076923076923
0 0.21514423076923078 0.9338942307692307 0.06370192307692307 0.03245192307692308
0 0.15745192307692307 0.9278846153846154 0.04326923076923077 0.051682692307692304
0 0.5769230769230769 0.6838942307692307 0.02403846153846154 0.1466346153846154
0 0.41346153846153844 0.5769230769230769 0.021634615384615384 0.14182692307692307
0 0.37740384615384615 0.7331730769230769 0.06490384615384616 0.037259615384615384
0 0.3173076923076923 0.5865384615384616 0.030048076923076924 0.14423076923076922
0 0.38341346153846156 0.5757211538461539 0.030048076923076924 0.13701923076923078
0 0.34975961538461536 0.5829326923076923 0.03125 0.13221153846153846