0 0.5612980769230769 0.22716346153846154 0.015625 0.06490384615384616
0 0.9350961538461539 0.7367788461538461 0.01201923076923077 0.036057692307692304
0 0.0889423076923077 0.3269230769230769 0.02283653846153846 0.07211538461538461
0 0.11298076923076923 0.3245192307692308 0.02403846153846154 0.07572115384615384
0 0.13822115384615385 0.328125 0.013221153846153846 0.07091346153846154
0 0.15144230769230768 0.3317307692307692 0.013221153846153846 0.056490384615384616
0 0.21514423076923078 0.34134615384615385 0.013221153846153846 0.055288461538461536
0 0.22596153846153846 0.3389423076923077 0.016826923076923076 0.0625
0 0.265625 0.34375 0.027644230769230768 0.06370192307692307
0 0.29447115384615385 0.3389423076923077 0.013221153846153846 0.052884615384615384
0 0.31490384615384615 0.33413461538461536 0.021634615384615384 0.07451923076923077
0 0.33413461538461536 0.34375 0.018028846153846152 0.06370192307692307
0 0.34975961538461536 0.3389423076923077 0.018028846153846152 0.06490384615384616
0 0.3786057692307692 0.3389423076923077 0.01201923076923077 0.06129807692307692
0 0.38822115384615385 0.3401442307692308 0.01201923076923077 0.06370192307692307
0 0.4074519230769231 0.34134615384615385 0.014423076923076924 0.05889423076923077
0 0.41947115384615385 0.3401442307692308 0.01201923076923077 0.06129807692307692
0 0.44350961538461536 0.35216346153846156 0.01201923076923077 0.06490384615384616
0 0.45552884615384615 0.33774038461538464 0.014423076923076924 0.05889423076923077
0 0.47836538461538464 0.3389423076923077 0.027644230769230768 0.06971153846153846
0 0.5048076923076923 0.3557692307692308 0.014423076923076924 0.055288461538461536
0 0.5192307692307693 0.34134615384615385 0.019230769230769232 0.06971153846153846
0 0.5504807692307693 0.3701923076923077 0.016826923076923076 0.056490384615384616
0 0.5733173076923077 0.3389423076923077 0.030048076923076924 0.07211538461538461
0 0.6021634615384616 0.33774038461538464 0.013221153846153846 0.06850961538461539
0 0.6177884615384616 0.34134615384615385 0.013221153846153846 0.06009615384615385
0 0.6466346153846154 0.3389423076923077 0.026442307692307692 0.0733173076923077
0 0.6706730769230769 0.34375 0.019230769230769232 0.0673076923076923
0 0.6875 0.3449519230769231 0.016826923076923076 0.0673076923076923
0 0.07211538461538461 0.328125 0.010817307692307692 0.06490384615384616
0 0.7151442307692307 0.33653846153846156 0.038461538461538464 0.08413461538461539
0 0.06009615384615385 0.3245192307692308 0.01201923076923077 0.06610576923076923
0 0.007211538461538462 0.328125 0.01201923076923077 0.07091346153846154
0 0.5865384615384616 0.4362980769230769 0.013221153846153846 0.0625
0 0.5997596153846154 0.4375 0.013221153846153846 0.0625
0 0.5504807692307693 0.4362980769230769 0.016826923076923076 0.06370192307692307
0 0.5661057692307693 0.4362980769230769 0.015625 0.06009615384615385
0 0.5216346153846154 0.4362980769230769 0.021634615384615384 0.0673076923076923
0 0.484375 0.4326923076923077 0.014423076923076924 0.06129807692307692
0 0.4963942307692308 0.4326923076923077 0.01201923076923077 0.06610576923076923
0 0.4495192307692308 0.4326923076923077 0.019230769230769232 0.07451923076923077
0 0.41225961538461536 0.43509615384615385 0.014423076923076924 0.055288461538461536
0 0.4254807692307692 0.4362980769230769 0.01201923076923077 0.056490384615384616
0 0.37740384615384615 0.4338942307692308 0.013221153846153846 0.056490384615384616
0 0.390625 0.4362980769230769 0.01201923076923077 0.06129807692307692
0 0.3425480769230769 0.4326923076923077 0.01201923076923077 0.055288461538461536
0 0.35697115384615385 0.43149038461538464 0.018028846153846152 0.056490384615384616
0 0.30649038461538464 0.4375 0.016826923076923076 0.054086538461538464
0 0.3173076923076923 0.43509615384615385 0.013221153846153846 0.055288461538461536
0 0.2776442307692308 0.43149038461538464 0.03485576923076923 0.06370192307692307
0 0.23918269230769232 0.43028846153846156 0.021634615384615384 0.07091346153846154
0 0.2091346153846154 0.43149038461538464 0.01201923076923077 0.055288461538461536
0 0.22115384615384615 0.43149038461538464 0.010817307692307692 0.052884615384615384
0 0.19471153846153846 0.43028846153846156 0.014423076923076924 0.06370192307692307
0 0.140625 0.42908653846153844 0.03245192307692308 0.07091346153846154
0 0.09975961538461539 0.42788461538461536 0.015625 0.06490384615384616
0 0.078125 0.4266826923076923 0.02403846153846154 0.06971153846153846
0 0.04807692307692308 0.42788461538461536 0.015625 0.0625
0 0.03365384615384615 0.42788461538461536 0.010817307692307692 0.0625
0 0.013221153846153846 0.42427884615384615 0.025240384615384616 0.06850961538461539
0 0.027644230769230768 0.3293269230769231 0.026442307692307692 0.07572115384615384
0 0.7463942307692307 0.3449519230769231 0.02403846153846154 0.06971153846153846
0 0.7860576923076923 0.3449519230769231 0.018028846153846152 0.06610576923076923
0 0.8076923076923077 0.3425480769230769 0.019230769230769232 0.07572115384615384
0 0.44471153846153844 0.2247596153846154 0.013221153846153846 0.0673076923076923
0 0.4326923076923077 0.2247596153846154 0.01201923076923077 0.0625
0 0.41586538461538464 0.22716346153846154 0.013221153846153846 0.06971153846153846
0 0.40024038461538464 0.22115384615384615 0.01201923076923077 0.06490384615384616
0 0.3798076923076923 0.22355769230769232 0.013221153846153846 0.07091346153846154
0 0.36778846153846156 0.2283653846153846 0.01201923076923077 0.07211538461538461
0 0.3557692307692308 0.22596153846153846 0.010817307692307692 0.06370192307692307
0 0.3449519230769231 0.22716346153846154 0.01201923076923077 0.06610576923076923
0 0.33052884615384615 0.22596153846153846 0.01201923076923077 0.0733173076923077
0 0.31490384615384615 0.22716346153846154 0.014423076923076924 0.07211538461538461
0 0.296875 0.21995192307692307 0.01201923076923077 0.06971153846153846
0 0.2860576923076923 0.22115384615384615 0.01201923076923077 0.06850961538461539
0 0.27163461538461536 0.22716346153846154 0.015625 0.06971153846153846
0 0.2548076923076923 0.22596153846153846 0.015625 0.07451923076923077
0 0.24519230769230768 0.22235576923076922 0.01201923076923077 0.06971153846153846
0 0.23197115384615385 0.21995192307692307 0.01201923076923077 0.0673076923076923
0 0.21875 0.22115384615384615 0.01201923076923077 0.06490384615384616
0 0.19831730769230768 0.22115384615384615 0.018028846153846152 0.0733173076923077
0 0.1778846153846154 0.22235576923076922 0.014423076923076924 0.0625
0 0.16346153846153846 0.21995192307692307 0.01201923076923077 0.0625
0 0.14543269230769232 0.21995192307692307 0.013221153846153846 0.0625
0 0.12860576923076922 0.21754807692307693 0.015625 0.07692307692307693
0 0.10336538461538461 0.21514423076923078 0.026442307692307692 0.08533653846153846
0 0.06850961538461539 0.21033653846153846 0.027644230769230768 0.07932692307692307
0 0.036057692307692304 0.2127403846153846 0.020432692307692308 0.0733173076923077
0 0.006009615384615385 0.21153846153846154 0.010817307692307692 0.06610576923076923
0 0.016826923076923076 0.21394230769230768 0.010817307692307692 0.06610576923076923
0 0.4639423076923077 0.22596153846153846 0.01201923076923077 0.06370192307692307
0 0.47836538461538464 0.22596153846153846 0.015625 0.06490384615384616
0 0.5 0.2247596153846154 0.01201923076923077 0.0673076923076923
0 0.5132211538461539 0.2247596153846154 0.013221153846153846 0.06610576923076923
0 0.8413461538461539 0.34134615384615385 0.038461538461538464 0.08413461538461539
0 0.8762019230769231 0.33653846153846156 0.02403846153846154 0.07451923076923077
0 0.9170673076923077 0.3425480769230769 0.03245192307692308 0.08052884615384616
0 0.9507211538461539 0.34375 0.026442307692307692 0.06850961538461539
0 0.984375 0.3449519230769231 0.028846153846153848 0.08173076923076923
0 0.9867788461538461 0.2283653846153846 0.02403846153846154 0.0889423076923077
0 0.9627403846153846 0.22596153846153846 0.020432692307692308 0.07932692307692307
0 0.9338942307692307 0.2283653846153846 0.018028846153846152 0.07932692307692307
0 0.9158653846153846 0.234375 0.015625 0.06850961538461539
0 0.9002403846153846 0.23557692307692307 0.013221153846153846 0.0625
0 0.8725961538461539 0.23677884615384615 0.013221153846153846 0.06370192307692307
0 0.8605769230769231 0.23798076923076922 0.010817307692307692 0.06370192307692307
0 0.8425480769230769 0.23197115384615385 0.020432692307692308 0.07692307692307693
0 0.6742788461538461 0.4375 0.013221153846153846 0.06009615384615385
0 0.8245192307692307 0.23197115384615385 0.018028846153846152 0.0673076923076923
0 0.7596153846153846 0.234375 0.015625 0.08533653846153846
0 0.734375 0.234375 0.030048076923076924 0.07932692307692307
0 0.703125 0.22716346153846154 0.013221153846153846 0.0625
0 0.6862980769230769 0.22596153846153846 0.018028846153846152 0.06490384615384616
0 0.6682692307692307 0.22596153846153846 0.01201923076923077 0.06490384615384616
0 0.6550480769230769 0.22596153846153846 0.010817307692307692 0.0673076923076923
0 0.6394230769230769 0.2283653846153846 0.015625 0.06610576923076923
0 0.6225961538461539 0.22716346153846154 0.01201923076923077 0.06610576923076923
0 0.6045673076923077 0.22596153846153846 0.014423076923076924 0.06610576923076923
0 0.5913461538461539 0.22596153846153846 0.013221153846153846 0.06490384615384616
0 0.5769230769230769 0.22956730769230768 0.015625 0.07091346153846154
0 0.5420673076923077 0.22596153846153846 0.014423076923076924 0.0625
0 0.5288461538461539 0.22596153846153846 0.01201923076923077 0.0673076923076923
0 0.7908653846153846 0.2283653846153846 0.036057692307692304 0.078125
0 0.6586538461538461 0.4375 0.013221153846153846 0.05889423076923077
0 0.1778846153846154 0.4326923076923077 0.019230769230769232 0.06129807692307692
0 0.7331730769230769 0.43509615384615385 0.03125 0.06370192307692307
0 0.5324519230769231 0.7391826923076923 0.014423076923076924 0.057692307692307696
0 0.546875 0.7427884615384616 0.014423076923076924 0.057692307692307696
0 0.5576923076923077 0.7415865384615384 0.014423076923076924 0.057692307692307696
0 0.5805288461538461 0.7319711538461539 0.014423076923076924 0.057692307692307696
0 0.5985576923076923 0.7355769230769231 0.015625 0.057692307692307696
0 0.6129807692307693 0.7403846153846154 0.016826923076923076 0.06009615384615385
0 0.6370192307692307 0.7355769230769231 0.015625 0.0625
0 0.6622596153846154 0.7367788461538461 0.020432692307692308 0.0625
0 0.6754807692307693 0.7391826923076923 0.015625 0.06610576923076923
0 0.7007211538461539 0.7355769230769231 0.015625 0.06490384615384616
0 0.7163461538461539 0.7403846153846154 0.01201923076923077 0.06610576923076923
0 0.5216346153846154 0.7379807692307693 0.014423076923076924 0.057692307692307696
0 0.7716346153846154 0.7367788461538461 0.016826923076923076 0.06490384615384616
0 0.7367788461538461 0.7379807692307693 0.018028846153846152 0.07451923076923077
0 0.7091346153846154 0.6274038461538461 0.016826923076923076 0.06129807692307692
0 0.7235576923076923 0.6298076923076923 0.015625 0.05889423076923077
0 0.671875 0.6213942307692307 0.014423076923076924 0.057692307692307696
0 0.6838942307692307 0.6237980769230769 0.01201923076923077 0.06009615384615385
0 0.6430288461538461 0.625 0.028846153846153848 0.06850961538461539
0 0.6081730769230769 0.6225961538461539 0.02403846153846154 0.0673076923076923
0 0.5769230769230769 0.6201923076923077 0.020432692307692308 0.06490384615384616
0 0.5516826923076923 0.6225961538461539 0.015625 0.06971153846153846
0 0.5132211538461539 0.6201923076923077 0.03125 0.07091346153846154
0 0.4807692307692308 0.6153846153846154 0.025240384615384616 0.06610576923076923
0 0.7536057692307693 0.7379807692307693 0.015625 0.06490384615384616
0 0.4495192307692308 0.6165865384615384 0.019230769230769232 0.07211538461538461
0 0.5072115384615384 0.7391826923076923 0.014423076923076924 0.057692307692307696
0 0.6935096153846154 0.4387019230769231 0.02403846153846154 0.0673076923076923
0 0.9771634615384616 0.7223557692307693 0.013221153846153846 0.05048076923076923
0 0.007211538461538462 0.7199519230769231 0.014423076923076924 0.055288461538461536
0 0.019230769230769232 0.7211538461538461 0.013221153846153846 0.052884615384615384
0 0.03245192307692308 0.7259615384615384 0.013221153846153846 0.052884615384615384
0 0.042067307692307696 0.7271634615384616 0.01201923076923077 0.054086538461538464
0 0.07572115384615384 0.7307692307692307 0.05889423076923077 0.078125
0 0.11778846153846154 0.7235576923076923 0.013221153846153846 0.07572115384615384
0 0.1346153846153846 0.7271634615384616 0.019230769230769232 0.07211538461538461
0 0.15504807692307693 0.7283653846153846 0.020432692307692308 0.0733173076923077
0 0.1814903846153846 0.7199519230769231 0.015625 0.06850961538461539
0 0.19951923076923078 0.7151442307692307 0.015625 0.06850961538461539
0 0.49278846153846156 0.7175480769230769 0.014423076923076924 0.057692307692307696
0 0.2127403846153846 0.7127403846153846 0.015625 0.06850961538461539
0 0.28966346153846156 0.7211538461538461 0.078125 0.09134615384615384
0 0.3401442307692308 0.7163461538461539 0.01201923076923077 0.06009615384615385
0 0.35096153846153844 0.7199519230769231 0.01201923076923077 0.06009615384615385
0 0.36177884615384615 0.7199519230769231 0.01201923076923077 0.05889423076923077
0 0.375 0.7211538461538461 0.01201923076923077 0.06009615384615385
0 0.3954326923076923 0.7175480769230769 0.01201923076923077 0.06009615384615385
0 0.4098557692307692 0.7175480769230769 0.01201923076923077 0.06009615384615385
0 0.4182692307692308 0.7199519230769231 0.01201923076923077 0.05889423076923077
0 0.42788461538461536 0.7175480769230769 0.01201923076923077 0.05889423076923077
0 0.4495192307692308 0.7175480769230769 0.014423076923076924 0.057692307692307696
0 0.4651442307692308 0.7223557692307693 0.014423076923076924 0.057692307692307696
0 0.234375 0.71875 0.025240384615384616 0.06490384615384616
0 0.4206730769230769 0.6201923076923077 0.03365384615384615 0.0673076923076923
0 0.4795673076923077 0.7199519230769231 0.014423076923076924 0.057692307692307696
0 0.3473557692307692 0.6225961538461539 0.02403846153846154 0.0673076923076923
0 0.375 0.5240384615384616 0.014423076923076924 0.06490384615384616
0 0.3870192307692308 0.5240384615384616 0.015625 0.06370192307692307
0 0.40384615384615385 0.5288461538461539 0.014423076923076924 0.06370192307692307
0 0.41586538461538464 0.5300480769230769 0.013221153846153846 0.05889423076923077
0 0.42788461538461536 0.5324519230769231 0.014423076923076924 0.06370192307692307
0 0.44350961538461536 0.5336538461538461 0.015625 0.06490384615384616
0 0.4651442307692308 0.5336538461538461 0.014423076923076924 0.0625
0 0.4795673076923077 0.5300480769230769 0.018028846153846152 0.06129807692307692
0 0.4987980769230769 0.5420673076923077 0.021634615384615384 0.0625
0 0.5240384615384616 0.5336538461538461 0.013221153846153846 0.06490384615384616
0 0.5492788461538461 0.5324519230769231 0.015625 0.06490384615384616
0 0.34375 0.5228365384615384 0.015625 0.06610576923076923
0 0.5649038461538461 0.5384615384615384 0.015625 0.06370192307692307
0 0.6057692307692307 0.5288461538461539 0.03125 0.06610576923076923
0 0.6334134615384616 0.5324519230769231 0.016826923076923076 0.06490384615384616
0 0.6490384615384616 0.5360576923076923 0.015625 0.06129807692307692
0 0.6646634615384616 0.5360576923076923 0.015625 0.06610576923076923
0 0.6766826923076923 0.5360576923076923 0.01201923076923077 0.06490384615384616
0 0.7007211538461539 0.53125 0.027644230769230768 0.06971153846153846
0 0.7331730769230769 0.5360576923076923 0.03125 0.06971153846153846
0 0.8329326923076923 0.43028846153846156 0.019230769230769232 0.039663461538461536
0 0.8100961538461539 0.4411057692307692 0.015625 0.0625
0 0.765625 0.44471153846153844 0.025240384615384616 0.0625
0 0.38461538461538464 0.6262019230769231 0.026442307692307692 0.07091346153846154
0 0.5793269230769231 0.5384615384615384 0.013221153846153846 0.0625
0 0.3245192307692308 0.5252403846153846 0.018028846153846152 0.07211538461538461
0 0.5372596153846154 0.5324519230769231 0.013221153846153846 0.06370192307692307
0 0.27524038461538464 0.53125 0.020432692307692308 0.06129807692307692
0 0.3137019230769231 0.625 0.03365384615384615 0.07211538461538461
0 0.30408653846153844 0.5276442307692307 0.021634615384615384 0.06490384615384616
0 0.28125 0.6129807692307693 0.016826923076923076 0.06971153846153846
0 0.23918269230769232 0.6009615384615384 0.016826923076923076 0.056490384615384616
0 0.2620192307692308 0.6177884615384616 0.020432692307692308 0.0673076923076923
0 0.19951923076923078 0.6069711538461539 0.03125 0.0625
0 0.15504807692307693 0.6165865384615384 0.016826923076923076 0.055288461538461536
0 0.16826923076923078 0.6141826923076923 0.015625 0.054086538461538464
0 0.13581730769230768 0.6201923076923077 0.013221153846153846 0.06009615384615385
0 0.06370192307692307 0.6117788461538461 0.02283653846153846 0.06610576923076923
0 0.09254807692307693 0.6165865384615384 0.019230769230769232 0.07091346153846154
0 0.027644230769230768 0.6225961538461539 0.015625 0.0625
0 0.013221153846153846 0.625 0.010817307692307692 0.0733173076923077
0 0.11899038461538461 0.6177884615384616 0.013221153846153846 0.06129807692307692
0 0.2283653846153846 0.5204326923076923 0.030048076923076924 0.06971153846153846
0 0.25600961538461536 0.53125 0.018028846153846152 0.06129807692307692
0 0.04326923076923077 0.5180288461538461 0.020432692307692308 0.06971153846153846
0 0.2091346153846154 0.5240384615384616 0.013221153846153846 0.06971153846153846
0 0.1971153846153846 0.5192307692307693 0.014423076923076924 0.06370192307692307
0 0.125 0.5384615384615384 0.018028846153846152 0.057692307692307696
0 0.1658653846153846 0.5252403846153846 0.03125 0.06971153846153846
0 0.10096153846153846 0.5216346153846154 0.02283653846153846 0.06610576923076923
0 0.078125 0.5252403846153846 0.013221153846153846 0.06129807692307692
0 0.06370192307692307 0.5264423076923077 0.018028846153846152 0.06490384615384616
0 0.14423076923076922 0.5240384615384616 0.01201923076923077 0.06370192307692307