0 0.0985576923076923 0.20072115384615385 0.04567307692307692 0.0673076923076923
0 0.46033653846153844 0.7451923076923077 0.05048076923076923 0.07211538461538461
0 0.8365384615384616 0.7524038461538461 0.04326923076923077 0.06850961538461539
0 0.7475961538461539 0.7512019230769231 0.04927884615384615 0.06610576923076923
0 0.6947115384615384 0.75 0.04807692307692308 0.0673076923076923
0 0.6466346153846154 0.75 0.04326923076923077 0.06370192307692307
0 0.6009615384615384 0.7463942307692307 0.04567307692307692 0.06850961538461539
0 0.5528846153846154 0.7463942307692307 0.046875 0.0673076923076923
0 0.41586538461538464 0.7439903846153846 0.039663461538461536 0.06971153846153846
0 0.5036057692307693 0.1814903846153846 0.037259615384615384 0.09735576923076923
0 0.3269230769230769 0.7463942307692307 0.052884615384615384 0.0625
0 0.234375 0.8365384615384616 0.04927884615384615 0.0673076923076923
0 0.28125 0.8365384615384616 0.04326923076923077 0.06610576923076923
0 0.3269230769230769 0.8353365384615384 0.04807692307692308 0.0673076923076923
0 0.38461538461538464 0.8353365384615384 0.037259615384615384 0.0673076923076923
0 0.4230769230769231 0.8377403846153846 0.039663461538461536 0.0625
0 0.4639423076923077 0.8413461538461539 0.042067307692307696 0.06490384615384616
0 0.5060096153846154 0.8413461538461539 0.039663461538461536 0.06610576923076923
0 0.5516826923076923 0.8425480769230769 0.04927884615384615 0.06610576923076923
0 0.5973557692307693 0.8425480769230769 0.04326923076923077 0.06490384615384616
0 0.8846153846153846 0.7524038461538461 0.05048076923076923 0.06850961538461539
0 0.6430288461538461 0.84375 0.04807692307692308 0.06850961538461539
0 0.13942307692307693 0.7415865384615384 0.039663461538461536 0.0673076923076923
0 0.1814903846153846 0.7403846153846154 0.04326923076923077 0.0673076923076923
0 0.22596153846153846 0.7415865384615384 0.04927884615384615 0.0673076923076923
0 0.26802884615384615 0.7415865384615384 0.03125 0.06850961538461539
0 0.375 0.7427884615384616 0.04326923076923077 0.06971153846153846
0 0.9615384615384616 0.7307692307692307 0.07211538461538461 0.09615384615384616
0 0.30528846153846156 0.9483173076923077 0.039663461538461536 0.10216346153846154
0 0.7896634615384616 0.8497596153846154 0.04807692307692308 0.06971153846153846
0 0.8557692307692307 0.9795673076923077 0.036057692307692304 0.039663461538461536
0 0.8581730769230769 0.9483173076923077 0.036057692307692304 0.015625
0 0.890625 0.9723557692307693 0.025240384615384616 0.054086538461538464
0 0.9362980769230769 0.9711538461538461 0.06009615384615385 0.056490384615384616
0 0.9819711538461539 0.9723557692307693 0.03125 0.05048076923076923
0 0.015625 0.19110576923076922 0.03125 0.09615384615384616
0 0.18629807692307693 0.8353365384615384 0.042067307692307696 0.0673076923076923
0 0.055288461538461536 0.19110576923076922 0.038461538461538464 0.09615384615384616
0 0.23076923076923078 0.18629807692307693 0.027644230769230768 0.09134615384615384
0 0.265625 0.18509615384615385 0.04326923076923077 0.09014423076923077
0 0.30649038461538464 0.18269230769230768 0.036057692307692304 0.09615384615384616
0 0.3425480769230769 0.18269230769230768 0.038461538461538464 0.09495192307692307
0 0.38461538461538464 0.1814903846153846 0.042067307692307696 0.09495192307692307
0 0.41947115384615385 0.1814903846153846 0.026442307692307692 0.09254807692307693
0 0.4675480769230769 0.18269230769230768 0.036057692307692304 0.09615384615384616
0 0.8064903846153846 0.9723557692307693 0.042067307692307696 0.054086538461538464
0 0.7632211538461539 0.9711538461538461 0.040865384615384616 0.052884615384615384
0 0.7247596153846154 0.9735576923076923 0.036057692307692304 0.04807692307692308
0 0.6838942307692307 0.9723557692307693 0.040865384615384616 0.05048076923076923
0 0.8389423076923077 0.8485576923076923 0.04807692307692308 0.06971153846153846
0 0.8858173076923077 0.8461538461538461 0.04447115384615385 0.06610576923076923
0 0.9399038461538461 0.8557692307692307 0.057692307692307696 0.078125
0 0.018028846153846152 0.9266826923076923 0.03485576923076923 0.09495192307692307
0 0.08774038461538461 0.9362980769230769 0.056490384615384616 0.10336538461538461
0 0.140625 0.9471153846153846 0.04807692307692308 0.09254807692307693
0 0.21033653846153846 0.9471153846153846 0.078125 0.09254807692307693
0 0.7463942307692307 0.8473557692307693 0.039663461538461536 0.0673076923076923
0 0.5408653846153846 0.18028846153846154 0.036057692307692304 0.09975961538461539
0 0.39783653846153844 0.9747596153846154 0.039663461538461536 0.04927884615384615
0 0.4338942307692308 0.9759615384615384 0.037259615384615384 0.046875
0 0.4699519230769231 0.9771634615384616 0.03485576923076923 0.04447115384615385
0 0.5048076923076923 0.9567307692307693 0.03245192307692308 0.08533653846153846
0 0.5432692307692307 0.9663461538461539 0.04807692307692308 0.0625
0 0.5913461538461539 0.96875 0.04807692307692308 0.057692307692307696
0 0.640625 0.9711538461538461 0.040865384615384616 0.052884615384615384
0 0.35336538461538464 0.9723557692307693 0.04807692307692308 0.05048076923076923
0 0.14423076923076922 0.8317307692307693 0.038461538461538464 0.0625
0 0.4098557692307692 0.6478365384615384 0.046875 0.06971153846153846
0 0.04326923076923077 0.796875 0.051682692307692304 0.11538461538461539
0 0.8533653846153846 0.4170673076923077 0.055288461538461536 0.08052884615384616
0 0.8016826923076923 0.4182692307692308 0.04807692307692308 0.07692307692307693
0 0.7536057692307693 0.4170673076923077 0.04807692307692308 0.07572115384615384
0 0.7019230769230769 0.4170673076923077 0.046875 0.07572115384615384
0 0.6586538461538461 0.4182692307692308 0.040865384615384616 0.07572115384615384
0 0.6201923076923077 0.41947115384615385 0.03485576923076923 0.07091346153846154
0 0.5793269230769231 0.4182692307692308 0.038461538461538464 0.07692307692307693
0 0.49759615384615385 0.41947115384615385 0.040865384615384616 0.07572115384615384
0 0.46274038461538464 0.4182692307692308 0.03245192307692308 0.078125
0 0.4182692307692308 0.41947115384615385 0.052884615384615384 0.07932692307692307
0 0.9026442307692307 0.4170673076923077 0.040865384615384616 0.078125
0 0.3713942307692308 0.4170673076923077 0.042067307692307696 0.08052884615384616
0 0.2620192307692308 0.41947115384615385 0.04807692307692308 0.0733173076923077
0 0.21394230769230768 0.4206730769230769 0.04927884615384615 0.07451923076923077
0 0.16105769230769232 0.4170673076923077 0.055288461538461536 0.078125
0 0.1141826923076923 0.4182692307692308 0.038461538461538464 0.07932692307692307
0 0.9555288461538461 0.33052884615384615 0.039663461538461536 0.11538461538461539
0 0.9050480769230769 0.3088942307692308 0.04447115384615385 0.06971153846153846
0 0.8569711538461539 0.3112980769230769 0.05048076923076923 0.07692307692307693
0 0.8076923076923077 0.3125 0.046875 0.07451923076923077
0 0.7596153846153846 0.3137019230769231 0.04447115384615385 0.07451923076923077
0 0.7079326923076923 0.31490384615384615 0.05048076923076923 0.0829326923076923
0 0.32211538461538464 0.4182692307692308 0.055288461538461536 0.0829326923076923
0 0.9459134615384616 0.4699519230769231 0.038461538461538464 0.10216346153846154
0 0.9002403846153846 0.5348557692307693 0.04567307692307692 0.0733173076923077
0 0.025240384615384616 0.5 0.05048076923076923 0.11177884615384616
0 0.1935096153846154 0.19471153846153846 0.042067307692307696 0.078125
0 0.3125 0.53125 0.04326923076923077 0.07572115384615384
0 0.41346153846153844 0.5348557692307693 0.055288461538461536 0.07451923076923077
0 0.4651442307692308 0.5324519230769231 0.046875 0.08173076923076923
0 0.5144230769230769 0.5324519230769231 0.04807692307692308 0.08173076923076923
0 0.5612980769230769 0.5360576923076923 0.04447115384615385 0.07932692307692307
0 0.6105769230769231 0.5348557692307693 0.055288461538461536 0.078125
0 0.6598557692307693 0.5360576923076923 0.04326923076923077 0.07692307692307693
0 0.7055288461538461 0.5336538461538461 0.04447115384615385 0.07211538461538461
0 0.7524038461538461 0.5336538461538461 0.04447115384615385 0.0733173076923077
0 0.7992788461538461 0.5324519230769231 0.04927884615384615 0.078125
0 0.8509615384615384 0.53125 0.05048076923076923 0.07572115384615384
0 0.03125 0.6574519230769231 0.052884615384615384 0.10817307692307693
0 0.07572115384615384 0.65625 0.03365384615384615 0.10096153846153846
0 0.12980769230769232 0.6418269230769231 0.042067307692307696 0.08173076923076923
0 0.17668269230769232 0.6418269230769231 0.05048076923076923 0.08173076923076923
0 0.22355769230769232 0.640625 0.04326923076923077 0.08052884615384616
0 0.2704326923076923 0.6490384615384616 0.04326923076923077 0.0673076923076923
0 0.2644230769230769 0.53125 0.052884615384615384 0.07572115384615384
0 0.21153846153846154 0.53125 0.05048076923076923 0.07572115384615384
0 0.16706730769230768 0.5288461538461539 0.042067307692307696 0.07091346153846154
0 0.12139423076923077 0.5300480769230769 0.04927884615384615 0.06971153846153846
0 0.06971153846153846 0.5048076923076923 0.039663461538461536 0.10336538461538461
0 0.65625 0.3137019230769231 0.055288461538461536 0.08653846153846154
0 0.6057692307692307 0.3125 0.046875 0.0829326923076923
0 0.5564903846153846 0.3137019230769231 0.05048076923076923 0.08052884615384616
0 0.5060096153846154 0.3161057692307692 0.046875 0.0829326923076923
0 0.09375 0.8028846153846154 0.05048076923076923 0.11298076923076923
0 0.3137019230769231 0.6442307692307693 0.042067307692307696 0.07692307692307693
0 0.359375 0.6478365384615384 0.05048076923076923 0.08413461538461539
0 0.4567307692307692 0.6478365384615384 0.046875 0.06971153846153846
0 0.5036057692307693 0.6454326923076923 0.04567307692307692 0.07091346153846154
0 0.5528846153846154 0.6430288461538461 0.052884615384615384 0.07572115384615384
0 0.6298076923076923 0.18389423076923078 0.05889423076923077 0.08052884615384616
0 0.6033653846153846 0.6430288461538461 0.046875 0.07692307692307693
0 0.7007211538461539 0.6478365384615384 0.04927884615384615 0.07451923076923077
0 0.7463942307692307 0.6502403846153846 0.04326923076923077 0.0673076923076923
0 0.7944711538461539 0.6502403846153846 0.04927884615384615 0.07211538461538461
0 0.8449519230769231 0.6478365384615384 0.046875 0.07692307692307693
0 0.8942307692307693 0.6490384615384616 0.04807692307692308 0.08052884615384616
0 0.9615384615384616 0.6009615384615384 0.07211538461538461 0.10096153846153846
0 0.6538461538461539 0.6466346153846154 0.04447115384615385 0.07211538461538461
0 0.5829326923076923 0.17668269230769232 0.036057692307692304 0.09975961538461539
0 0.1466346153846154 0.19951923076923078 0.04326923076923077 0.06610576923076923
0 0.734375 0.1875 0.04807692307692308 0.0673076923076923
0 0.8822115384615384 0.16947115384615385 0.04326923076923077 0.09975961538461539
0 0.9230769230769231 0.17067307692307693 0.037259615384615384 0.10216346153846154
0 0.9711538461538461 0.1935096153846154 0.056490384615384616 0.08774038461538461
0 0.020432692307692308 0.34134615384615385 0.040865384615384616 0.12139423076923077
0 0.06370192307692307 0.34375 0.040865384615384616 0.11778846153846154
0 0.10817307692307693 0.3125 0.04567307692307692 0.08774038461538461
0 0.15504807692307693 0.3137019230769231 0.04807692307692308 0.08774038461538461
0 0.8401442307692307 0.17307692307692307 0.04326923076923077 0.09254807692307693
0 0.203125 0.3137019230769231 0.046875 0.08653846153846154
0 0.2536057692307692 0.3125 0.052884615384615384 0.08173076923076923
0 0.30288461538461536 0.3125 0.04807692307692308 0.0829326923076923
0 0.3545673076923077 0.3125 0.055288461538461536 0.08533653846153846
0 0.4074519230769231 0.31490384615384615 0.04927884615384615 0.08173076923076923
0 0.45552884615384615 0.3161057692307692 0.05048076923076923 0.08413461538461539
0 0.7896634615384616 0.18389423076923078 0.05889423076923077 0.0733173076923077
0 0.6862980769230769 0.18389423076923078 0.04927884615384615 0.07932692307692307