0 0.8846153846153846 0.34975961538461536 0.04447115384615385 0.025240384615384616
0 0.4963942307692308 0.5661057692307693 0.09134615384615384 0.03245192307692308
0 0.4110576923076923 0.5625 0.078125 0.040865384615384616
0 0.19110576923076922 0.5673076923076923 0.109375 0.037259615384615384
0 0.11298076923076923 0.5240384615384616 0.08533653846153846 0.030048076923076924
0 0.08533653846153846 0.5709134615384616 0.06490384615384616 0.03485576923076923
0 0.96875 0.4519230769230769 0.04927884615384615 0.0733173076923077
0 0.765625 0.4495192307692308 0.05048076923076923 0.0829326923076923
0 0.8389423076923077 0.46033653846153844 0.042067307692307696 0.057692307692307696
0 0.4963942307692308 0.5300480769230769 0.09495192307692307 0.027644230769230768
0 0.7067307692307693 0.4483173076923077 0.051682692307692304 0.08413461538461539
0 0.6574519230769231 0.45552884615384615 0.04447115384615385 0.07932692307692307
0 0.6081730769230769 0.46634615384615385 0.042067307692307696 0.04807692307692308
0 0.5697115384615384 0.47115384615384615 0.028846153846153848 0.056490384615384616
0 0.6358173076923077 0.24158653846153846 0.03125 0.03125
0 0.8882211538461539 0.45552884615384615 0.055288461538461536 0.07211538461538461
0 0.5949519230769231 0.5300480769230769 0.09254807692307693 0.030048076923076924
0 0.5817307692307693 0.27403846153846156 0.040865384615384616 0.025240384615384616
0 0.7019230769230769 0.5492788461538461 0.09134615384615384 0.06850961538461539
0 0.3329326923076923 0.2439903846153846 0.046875 0.018028846153846152
0 0.3269230769230769 0.27524038461538464 0.04927884615384615 0.026442307692307692
0 0.39903846153846156 0.2608173076923077 0.025240384615384616 0.06370192307692307
0 0.43149038461538464 0.25600961538461536 0.030048076923076924 0.0673076923076923
0 0.4723557692307692 0.22355769230769232 0.04807692307692308 0.026442307692307692
0 0.47596153846153844 0.2536057692307692 0.04567307692307692 0.021634615384615384
0 0.47475961538461536 0.27524038461538464 0.04807692307692308 0.021634615384615384
0 0.06129807692307692 0.2644230769230769 0.05048076923076923 0.04567307692307692
0 0.17548076923076922 0.26322115384615385 0.03365384615384615 0.0625
0 0.21153846153846154 0.25961538461538464 0.03485576923076923 0.0625
0 0.25721153846153844 0.24759615384615385 0.04567307692307692 0.03125
0 0.2608173076923077 0.27403846153846156 0.039663461538461536 0.02403846153846154
0 0.5228365384615384 0.2439903846153846 0.04807692307692308 0.030048076923076924
0 0.5276442307692307 0.27403846153846156 0.055288461538461536 0.02283653846153846
0 0.6334134615384616 0.2692307692307692 0.036057692307692304 0.021634615384615384
0 0.6045673076923077 0.5697115384615384 0.0985576923076923 0.026442307692307692
0 0.6802884615384616 0.25600961538461536 0.027644230769230768 0.06129807692307692
0 0.7115384615384616 0.2512019230769231 0.03365384615384615 0.06850961538461539
0 0.7524038461538461 0.24759615384615385 0.04447115384615385 0.06490384615384616
0 0.7055288461538461 0.3641826923076923 0.040865384615384616 0.05048076923076923
0 0.7475961538461539 0.35697115384615385 0.042067307692307696 0.06490384615384616
0 0.7836538461538461 0.3629807692307692 0.025240384615384616 0.06971153846153846
0 0.8293269230769231 0.3798076923076923 0.04567307692307692 0.027644230769230768
0 0.49038461538461536 0.46274038461538464 0.027644230769230768 0.06009615384615385
0 0.4495192307692308 0.4567307692307692 0.037259615384615384 0.06129807692307692
0 0.40625 0.46153846153846156 0.039663461538461536 0.06129807692307692
0 0.36658653846153844 0.4567307692307692 0.030048076923076924 0.054086538461538464
0 0.33052884615384615 0.46033653846153844 0.03245192307692308 0.052884615384615384
0 0.27403846153846156 0.4675480769230769 0.03485576923076923 0.052884615384615384
0 0.23557692307692307 0.46634615384615385 0.039663461538461536 0.06009615384615385
0 0.1875 0.4675480769230769 0.040865384615384616 0.057692307692307696
0 0.13942307692307693 0.4675480769230769 0.04447115384615385 0.054086538461538464
0 0.0673076923076923 0.44350961538461536 0.04326923076923077 0.036057692307692304
0 0.07211538461538461 0.47836538461538464 0.039663461538461536 0.02403846153846154
0 0.028846153846153848 0.46634615384615385 0.025240384615384616 0.05889423076923077
0 0.8810096153846154 0.3786057692307692 0.04567307692307692 0.026442307692307692
0 0.6550480769230769 0.36538461538461536 0.03485576923076923 0.057692307692307696
0 0.828125 0.3473557692307692 0.055288461538461536 0.030048076923076924
0 0.6213942307692307 0.3641826923076923 0.030048076923076924 0.055288461538461536
0 0.546875 0.3641826923076923 0.030048076923076924 0.057692307692307696
0 0.7992788461538461 0.2692307692307692 0.051682692307692304 0.030048076923076924
0 0.8533653846153846 0.27163461538461536 0.04807692307692308 0.02403846153846154
0 0.8497596153846154 0.23798076923076922 0.055288461538461536 0.03125
0 0.921875 0.23677884615384615 0.0625 0.10817307692307693
0 0.9783653846153846 0.2439903846153846 0.038461538461538464 0.0889423076923077
0 0.04927884615384615 0.35216346153846156 0.04567307692307692 0.0733173076923077
0 0.10697115384615384 0.35096153846153844 0.04567307692307692 0.07451923076923077
0 0.16706730769230768 0.36899038461538464 0.03245192307692308 0.052884615384615384
0 0.5288461538461539 0.46153846153846156 0.042067307692307696 0.06129807692307692
0 0.203125 0.3629807692307692 0.03365384615384615 0.06370192307692307
0 0.25600961538461536 0.3798076923076923 0.04807692307692308 0.020432692307692308
0 0.3004807692307692 0.3641826923076923 0.03125 0.05048076923076923
0 0.3473557692307692 0.3798076923076923 0.04927884615384615 0.03125
0 0.3954326923076923 0.36538461538461536 0.027644230769230768 0.055288461538461536
0 0.4362980769230769 0.36778846153846156 0.028846153846153848 0.055288461538461536
0 0.4675480769230769 0.36778846153846156 0.03485576923076923 0.055288461538461536
0 0.5060096153846154 0.36778846153846156 0.039663461538461536 0.056490384615384616
0 0.5853365384615384 0.3629807692307692 0.039663461538461536 0.05889423076923077
0 0.25240384615384615 0.34975961538461536 0.05048076923076923 0.03365384615384615
0 0.8954326923076923 0.8677884615384616 0.09014423076923077 0.02403846153846154
0 0.8545673076923077 0.65625 0.026442307692307692 0.055288461538461536
0 0.6814903846153846 0.7560096153846154 0.036057692307692304 0.051682692307692304
0 0.6418269230769231 0.7524038461538461 0.027644230769230768 0.055288461538461536
0 0.6069711538461539 0.7560096153846154 0.036057692307692304 0.06129807692307692
0 0.5528846153846154 0.7379807692307693 0.046875 0.07451923076923077
0 0.5060096153846154 0.7403846153846154 0.028846153846153848 0.07451923076923077
0 0.4699519230769231 0.7415865384615384 0.03365384615384615 0.07572115384615384
0 0.41466346153846156 0.7487980769230769 0.046875 0.06129807692307692
0 0.3605769230769231 0.7475961538461539 0.04447115384615385 0.06009615384615385
0 0.296875 0.7716346153846154 0.0673076923076923 0.03125
0 0.29086538461538464 0.7295673076923077 0.06009615384615385 0.042067307692307696
0 0.20673076923076922 0.7331730769230769 0.06009615384615385 0.04447115384615385
0 0.21153846153846154 0.7716346153846154 0.05889423076923077 0.020432692307692308
0 0.13942307692307693 0.7704326923076923 0.04447115384615385 0.027644230769230768
0 0.140625 0.7367788461538461 0.03245192307692308 0.03365384615384615
0 0.0985576923076923 0.7439903846153846 0.03125 0.06129807692307692
0 0.05048076923076923 0.7451923076923077 0.036057692307692304 0.06490384615384616
0 0.9483173076923077 0.6730769230769231 0.052884615384615384 0.02283653846153846
0 0.9459134615384616 0.6514423076923077 0.057692307692307696 0.016826923076923076
0 0.9399038461538461 0.6298076923076923 0.04567307692307692 0.021634615384615384
0 0.7199519230769231 0.7524038461538461 0.03125 0.046875
0 0.7560096153846154 0.75 0.026442307692307692 0.05889423076923077
0 0.7824519230769231 0.7463942307692307 0.02283653846153846 0.057692307692307696
0 0.8112980769230769 0.7487980769230769 0.03245192307692308 0.0625
0 0.8088942307692307 0.8653846153846154 0.06490384615384616 0.03485576923076923
0 0.796875 0.8233173076923077 0.06850961538461539 0.040865384615384616
0 0.7007211538461539 0.8100961538461539 0.08413461538461539 0.026442307692307692
0 0.7223557692307693 0.8665865384615384 0.09375 0.046875
0 0.6177884615384616 0.8713942307692307 0.08533653846153846 0.03365384615384615
0 0.6129807692307693 0.8317307692307693 0.07692307692307693 0.03365384615384615
0 0.5264423076923077 0.8810096153846154 0.0733173076923077 0.026442307692307692
0 0.5288461538461539 0.8521634615384616 0.078125 0.025240384615384616
0 0.5252403846153846 0.8221153846153846 0.08653846153846154 0.03125
0 0.9002403846153846 0.6622596153846154 0.02283653846153846 0.04447115384615385
0 0.4254807692307692 0.8137019230769231 0.06850961538461539 0.021634615384615384
0 0.4254807692307692 0.8798076923076923 0.10336538461538461 0.039663461538461536
0 0.3449519230769231 0.8798076923076923 0.04807692307692308 0.037259615384615384
0 0.35096153846153844 0.8389423076923077 0.05048076923076923 0.042067307692307696
0 0.2620192307692308 0.8533653846153846 0.052884615384615384 0.08533653846153846
0 0.20432692307692307 0.8545673076923077 0.05889423076923077 0.09134615384615384
0 0.09134615384615384 0.8545673076923077 0.140625 0.08413461538461539
0 0.9483173076923077 0.7475961538461539 0.056490384615384616 0.06610576923076923
0 0.8954326923076923 0.7487980769230769 0.04326923076923077 0.0673076923076923
0 0.8521634615384616 0.7451923076923077 0.042067307692307696 0.06009615384615385
0 0.42908653846153844 0.8461538461538461 0.09495192307692307 0.028846153846153848
0 0.8774038461538461 0.6586538461538461 0.020432692307692308 0.057692307692307696
0 0.3125 0.5673076923076923 0.08774038461538461 0.040865384615384616
0 0.8185096153846154 0.6550480769230769 0.03125 0.056490384615384616
0 0.8942307692307693 0.828125 0.09134615384615384 0.042067307692307696
0 0.7920673076923077 0.5588942307692307 0.07451923076923077 0.039663461538461536
0 0.8149038461538461 0.5288461538461539 0.07932692307692307 0.016826923076923076
0 0.8918269230769231 0.5625 0.07692307692307693 0.042067307692307696
0 0.9507211538461539 0.5300480769230769 0.08413461538461539 0.018028846153846152
0 0.042067307692307696 0.6742788461538461 0.042067307692307696 0.036057692307692304
0 0.09134615384615384 0.6766826923076923 0.04326923076923077 0.03245192307692308
0 0.0889423076923077 0.6466346153846154 0.038461538461538464 0.028846153846153848
0 0.13942307692307693 0.6454326923076923 0.055288461538461536 0.025240384615384616
0 0.1466346153846154 0.6754807692307693 0.04447115384615385 0.026442307692307692
0 0.20072115384615385 0.6538461538461539 0.03365384615384615 0.05889423076923077
0 0.2512019230769231 0.6454326923076923 0.038461538461538464 0.0733173076923077
0 0.3245192307692308 0.65625 0.036057692307692304 0.056490384615384616
0 0.96875 0.5649038461538461 0.057692307692307696 0.04326923076923077
0 0.3954326923076923 0.6442307692307693 0.025240384615384616 0.07692307692307693
0 0.3641826923076923 0.6466346153846154 0.030048076923076924 0.08173076923076923
0 0.7692307692307693 0.6478365384615384 0.051682692307692304 0.021634615384615384
0 0.7728365384615384 0.6730769230769231 0.04447115384615385 0.026442307692307692
0 0.6610576923076923 0.6754807692307693 0.038461538461538464 0.021634615384615384
0 0.6634615384615384 0.6550480769230769 0.03365384615384615 0.019230769230769232
0 0.7151442307692307 0.671875 0.04567307692307692 0.03125
0 0.6141826923076923 0.6370192307692307 0.040865384615384616 0.06129807692307692
0 0.5757211538461539 0.6358173076923077 0.03485576923076923 0.06129807692307692
0 0.5336538461538461 0.6454326923076923 0.042067307692307696 0.07932692307692307
0 0.49399038461538464 0.6502403846153846 0.030048076923076924 0.06971153846153846
0 0.4338942307692308 0.6490384615384616 0.046875 0.078125
0 0.6646634615384616 0.625 0.04927884615384615 0.026442307692307692