0 0.7115384615384616 0.11778846153846154 0.06370192307692307 0.0985576923076923
0 0.6346153846153846 0.14783653846153846 0.05889423076923077 0.03485576923076923
0 0.20072115384615385 0.38461538461538464 0.0625 0.03245192307692308
0 0.5396634615384616 0.8677884615384616 0.06610576923076923 0.08653846153846154
0 0.4567307692307692 0.8725961538461539 0.08653846153846154 0.07932692307692307
0 0.36778846153846156 0.8737980769230769 0.08533653846153846 0.08173076923076923
0 0.2932692307692308 0.8942307692307693 0.04807692307692308 0.03245192307692308
0 0.296875 0.8617788461538461 0.04927884615384615 0.03245192307692308
0 0.24278846153846154 0.8954326923076923 0.04927884615384615 0.03245192307692308
0 0.2439903846153846 0.8617788461538461 0.04807692307692308 0.03245192307692308
0 0.1935096153846154 0.8954326923076923 0.04447115384615385 0.03485576923076923
0 0.19230769230769232 0.8605769230769231 0.04567307692307692 0.03125
0 0.14423076923076922 0.8966346153846154 0.05048076923076923 0.03485576923076923
0 0.13942307692307693 0.8605769230769231 0.05048076923076923 0.03485576923076923
0 0.1466346153846154 0.8233173076923077 0.04927884615384615 0.037259615384615384
0 0.609375 0.8677884615384616 0.0673076923076923 0.08653846153846154
0 0.03365384615384615 0.8545673076923077 0.03485576923076923 0.10216346153846154
0 0.9771634615384616 0.7415865384615384 0.040865384615384616 0.05048076923076923
0 0.9771634615384616 0.6875 0.04447115384615385 0.046875
0 0.9194711538461539 0.7403846153846154 0.0625 0.05048076923076923
0 0.9194711538461539 0.6887019230769231 0.0625 0.05048076923076923
0 0.8461538461538461 0.7439903846153846 0.06610576923076923 0.04807692307692308
0 0.7776442307692307 0.7439903846153846 0.06610576923076923 0.04807692307692308
0 0.7067307692307693 0.7451923076923077 0.06610576923076923 0.04807692307692308
0 0.8461538461538461 0.6923076923076923 0.06610576923076923 0.04807692307692308
0 0.7776442307692307 0.6947115384615384 0.06610576923076923 0.04807692307692308
0 0.7079326923076923 0.6959134615384616 0.06610576923076923 0.04807692307692308
0 0.6069711538461539 0.7199519230769231 0.11778846153846154 0.0985576923076923
0 0.5144230769230769 0.7247596153846154 0.0625 0.0829326923076923
0 0.025240384615384616 0.5060096153846154 0.05048076923076923 0.04326923076923077
0 0.6838942307692307 0.8665865384615384 0.0673076923076923 0.08533653846153846
0 0.7524038461538461 0.8653846153846154 0.06610576923076923 0.08653846153846154
0 0.8028846153846154 0.8449519230769231 0.03365384615384615 0.037259615384615384
0 0.7800480769230769 0.11658653846153846 0.06610576923076923 0.09735576923076923
0 0.8509615384615384 0.1201923076923077 0.06610576923076923 0.09615384615384616
0 0.9194711538461539 0.12139423076923077 0.06490384615384616 0.09735576923076923
0 0.43509615384615385 0.5721153846153846 0.056490384615384616 0.030048076923076924
0 0.375 0.6045673076923077 0.056490384615384616 0.03125
0 0.4362980769230769 0.6033653846153846 0.056490384615384616 0.028846153846153848
0 0.5 0.5420673076923077 0.055288461538461536 0.03125
0 0.5588942307692307 0.5420673076923077 0.05889423076923077 0.030048076923076924
0 0.5 0.5733173076923077 0.057692307692307696 0.027644230769230768
0 0.5576923076923077 0.5721153846153846 0.054086538461538464 0.027644230769230768
0 0.5012019230769231 0.6033653846153846 0.055288461538461536 0.028846153846153848
0 0.5588942307692307 0.6033653846153846 0.056490384615384616 0.028846153846153848
0 0.9795673076923077 0.09615384615384616 0.036057692307692304 0.028846153846153848
0 0.9819711538461539 0.12620192307692307 0.03485576923076923 0.028846153846153848
0 0.984375 0.15504807692307693 0.028846153846153848 0.026442307692307692
0 0.11298076923076923 0.2403846153846154 0.042067307692307696 0.04807692307692308
0 0.15985576923076922 0.2403846153846154 0.04447115384615385 0.046875
0 0.9855769230769231 0.5889423076923077 0.02403846153846154 0.0673076923076923
0 0.9819711538461539 0.8834134615384616 0.03485576923076923 0.04567307692307692
0 0.9278846153846154 0.8846153846153846 0.0625 0.04567307692307692
0 0.9855769230769231 0.8341346153846154 0.027644230769230768 0.052884615384615384
0 0.9362980769230769 0.8341346153846154 0.06610576923076923 0.051682692307692304
0 0.8713942307692307 0.8810096153846154 0.03125 0.037259615384615384
0 0.8377403846153846 0.8798076923076923 0.03125 0.037259615384615384
0 0.8028846153846154 0.8822115384615384 0.03365384615384615 0.037259615384615384
0 0.8737980769230769 0.8425480769230769 0.03365384615384615 0.037259615384615384
0 0.8377403846153846 0.8413461538461539 0.03365384615384615 0.037259615384615384
0 0.44591346153846156 0.7247596153846154 0.06490384615384616 0.0829326923076923
0 0.13581730769230768 0.41586538461538464 0.0625 0.03125
0 0.3798076923076923 0.7247596153846154 0.06370192307692307 0.0829326923076923
0 0.28725961538461536 0.7451923076923077 0.03485576923076923 0.036057692307692304
0 0.5709134615384616 0.07932692307692307 0.04447115384615385 0.02403846153846154
0 0.47716346153846156 0.12620192307692307 0.1201923076923077 0.07451923076923077
0 0.36778846153846156 0.13701923076923078 0.09254807692307693 0.04807692307692308
0 0.2704326923076923 0.13341346153846154 0.09375 0.046875
0 0.36538461538461536 0.08653846153846154 0.09134615384615384 0.046875
0 0.27163461538461536 0.08533653846153846 0.09134615384615384 0.046875
0 0.19951923076923078 0.13221153846153846 0.04447115384615385 0.04927884615384615
0 0.15504807692307693 0.1310096153846154 0.038461538461538464 0.046875
0 0.10817307692307693 0.12860576923076922 0.040865384615384616 0.04447115384615385
0 0.19951923076923078 0.08052884615384616 0.04326923076923077 0.046875
0 0.15504807692307693 0.08052884615384616 0.038461538461538464 0.04927884615384615
0 0.10817307692307693 0.07932692307692307 0.04326923076923077 0.05048076923076923
0 0.5757211538461539 0.11057692307692307 0.05889423076923077 0.03485576923076923
0 0.11658653846153846 0.28725961538461536 0.040865384615384616 0.04447115384615385
0 0.20673076923076922 0.28966346153846156 0.04326923076923077 0.046875
0 0.28125 0.29086538461538464 0.09014423076923077 0.04807692307692308
0 0.3737980769230769 0.2932692307692308 0.0889423076923077 0.046875
0 0.4651442307692308 0.29447115384615385 0.09014423076923077 0.046875
0 0.5685096153846154 0.27283653846153844 0.08774038461538461 0.09495192307692307
0 0.6670673076923077 0.21394230769230768 0.08173076923076923 0.03485576923076923
0 0.6634615384615384 0.2512019230769231 0.0829326923076923 0.037259615384615384
0 0.6634615384615384 0.29447115384615385 0.0889423076923077 0.046875
0 0.7548076923076923 0.24759615384615385 0.09014423076923077 0.04447115384615385
0 0.7536057692307693 0.296875 0.08533653846153846 0.04807692307692308
0 0.8461538461538461 0.24879807692307693 0.08653846153846154 0.046875
0 0.8461538461538461 0.296875 0.08653846153846154 0.04567307692307692
0 0.1622596153846154 0.28846153846153844 0.038461538461538464 0.04567307692307692
0 0.6382211538461539 0.11298076923076923 0.06129807692307692 0.03245192307692308
0 0.5745192307692307 0.1466346153846154 0.05889423076923077 0.03365384615384615
0 0.46634615384615385 0.24519230769230768 0.09134615384615384 0.046875
0 0.24879807692307693 0.7451923076923077 0.03485576923076923 0.037259615384615384
0 0.32572115384615385 0.7055288461538461 0.03485576923076923 0.037259615384615384
0 0.28725961538461536 0.7067307692307693 0.03485576923076923 0.038461538461538464
0 0.25 0.7067307692307693 0.03365384615384615 0.038461538461538464
0 0.32572115384615385 0.6658653846153846 0.03485576923076923 0.040865384615384616
0 0.28725961538461536 0.6670673076923077 0.03485576923076923 0.037259615384615384
0 0.24879807692307693 0.6658653846153846 0.03485576923076923 0.039663461538461536
0 0.027644230769230768 0.6334134615384616 0.054086538461538464 0.026442307692307692
0 0.20673076923076922 0.7199519230769231 0.038461538461538464 0.013221153846153846
0 0.20673076923076922 0.703125 0.036057692307692304 0.014423076923076924
0 0.20552884615384615 0.6875 0.036057692307692304 0.014423076923076924
0 0.20673076923076922 0.7463942307692307 0.037259615384615384 0.036057692307692304
0 0.16947115384615385 0.7463942307692307 0.03485576923076923 0.037259615384615384
0 0.13221153846153846 0.7475961538461539 0.03485576923076923 0.038461538461538464
0 0.16706730769230768 0.7067307692307693 0.036057692307692304 0.037259615384615384
0 0.030048076923076924 0.7235576923076923 0.046875 0.07692307692307693
0 0.12740384615384615 0.7079326923076923 0.037259615384615384 0.040865384615384616
0 0.9134615384615384 0.5877403846153846 0.11298076923076923 0.06850961538461539
0 0.8052884615384616 0.5961538461538461 0.08533653846153846 0.042067307692307696
0 0.71875 0.5973557692307693 0.08533653846153846 0.04326923076923077
0 0.8040865384615384 0.5516826923076923 0.08653846153846154 0.04326923076923077
0 0.7175480769230769 0.5516826923076923 0.0829326923076923 0.04326923076923077
0 0.6322115384615384 0.59375 0.08413461538461539 0.04447115384615385
0 0.6322115384615384 0.5480769230769231 0.08413461538461539 0.04326923076923077
0 0.20552884615384615 0.24158653846153846 0.04326923076923077 0.04567307692307692
0 0.2800480769230769 0.24278846153846154 0.09014423076923077 0.046875
0 0.3737980769230769 0.2439903846153846 0.0889423076923077 0.046875
0 0.32572115384615385 0.7451923076923077 0.036057692307692304 0.036057692307692304
0 0.9375 0.2764423076923077 0.08413461538461539 0.09615384615384616
0 0.13701923076923078 0.38341346153846156 0.06009615384615385 0.03125
0 0.13942307692307693 0.5709134615384616 0.055288461538461536 0.028846153846153848
0 0.3762019230769231 0.5721153846153846 0.056490384615384616 0.03125
0 0.3112980769230769 0.6021634615384616 0.054086538461538464 0.027644230769230768
0 0.2548076923076923 0.6033653846153846 0.055288461538461536 0.026442307692307692
0 0.31490384615384615 0.5697115384615384 0.05048076923076923 0.026442307692307692
0 0.25841346153846156 0.5709134615384616 0.054086538461538464 0.026442307692307692
0 0.19110576923076922 0.6021634615384616 0.055288461538461536 0.030048076923076924
0 0.13341346153846154 0.6021634615384616 0.056490384615384616 0.027644230769230768
0 0.1935096153846154 0.5709134615384616 0.051682692307692304 0.027644230769230768
0 0.9831730769230769 0.45913461538461536 0.028846153846153848 0.028846153846153848
0 0.9831730769230769 0.43149038461538464 0.03245192307692308 0.026442307692307692
0 0.984375 0.4050480769230769 0.028846153846153848 0.025240384615384616
0 0.9194711538461539 0.44471153846153844 0.09014423076923077 0.04447115384615385
0 0.7367788461538461 0.44471153846153844 0.0829326923076923 0.04447115384615385
0 0.828125 0.39903846153846156 0.08774038461538461 0.04326923076923077
0 0.7415865384615384 0.39783653846153844 0.078125 0.04567307692307692
0 0.8269230769230769 0.44471153846153844 0.09014423076923077 0.04567307692307692
0 0.8317307692307693 0.3605769230769231 0.09014423076923077 0.030048076923076924
0 0.19951923076923078 0.4170673076923077 0.05889423076923077 0.028846153846153848
0 0.13701923076923078 0.4483173076923077 0.06129807692307692 0.03125
0 0.19951923076923078 0.4483173076923077 0.06009615384615385 0.03125
0 0.28125 0.3545673076923077 0.08173076923076923 0.03245192307692308
0 0.28125 0.3954326923076923 0.09254807692307693 0.04567307692307692
0 0.9206730769230769 0.39903846153846156 0.09014423076923077 0.042067307692307696
0 0.37259615384615385 0.3954326923076923 0.08774038461538461 0.046875
0 0.28125 0.43990384615384615 0.09014423076923077 0.040865384615384616
0 0.4651442307692308 0.39663461538461536 0.0889423076923077 0.04447115384615385
0 0.46274038461538464 0.4423076923076923 0.08774038461538461 0.04326923076923077
0 0.5552884615384616 0.421875 0.08413461538461539 0.09134615384615384
0 0.6442307692307693 0.421875 0.09014423076923077 0.09134615384615384
0 0.7259615384615384 0.359375 0.08173076923076923 0.030048076923076924
0 0.37259615384615385 0.4423076923076923 0.08653846153846154 0.04326923076923077