0 0.7572115384615384 0.39302884615384615 0.04567307692307692 0.08413461538461539
0 0.9266826923076923 0.8064903846153846 0.04927884615384615 0.09735576923076923
0 0.6370192307692307 0.07572115384615384 0.037259615384615384 0.09375
0 0.5913461538461539 0.0673076923076923 0.052884615384615384 0.11057692307692307
0 0.5348557692307693 0.0625 0.054086538461538464 0.10576923076923077
0 0.47475961538461536 0.057692307692307696 0.06370192307692307 0.10576923076923077
0 0.4110576923076923 0.056490384615384616 0.057692307692307696 0.0985576923076923
0 0.3401442307692308 0.054086538461538464 0.08173076923076923 0.1045673076923077
0 0.21153846153846154 0.04807692307692308 0.15745192307692307 0.09254807692307693
0 0.8581730769230769 0.39302884615384615 0.056490384615384616 0.0829326923076923
0 0.9579326923076923 0.39783653846153844 0.055288461538461536 0.0829326923076923
0 0.046875 0.5036057692307693 0.08052884615384616 0.12379807692307693
0 0.13701923076923078 0.5108173076923077 0.078125 0.12740384615384615
0 0.6802884615384616 0.08052884615384616 0.04447115384615385 0.0985576923076923
0 0.22355769230769232 0.5144230769230769 0.08533653846153846 0.10697115384615384
0 0.3942307692307692 0.5240384615384616 0.06850961538461539 0.0889423076923077
0 0.4639423076923077 0.5252403846153846 0.0673076923076923 0.08774038461538461
0 0.5336538461538461 0.5216346153846154 0.052884615384615384 0.09375
0 0.5865384615384616 0.5216346153846154 0.051682692307692304 0.09375
0 0.6490384615384616 0.5300480769230769 0.055288461538461536 0.0673076923076923
0 0.7055288461538461 0.5180288461538461 0.046875 0.09254807692307693
0 0.7560096153846154 0.5144230769230769 0.05048076923076923 0.0889423076923077
0 0.8040865384615384 0.5204326923076923 0.04567307692307692 0.078125
0 0.9350961538461539 0.5216346153846154 0.04807692307692308 0.07572115384615384
0 0.9807692307692307 0.5216346153846154 0.037259615384615384 0.07451923076923077
0 0.8040865384615384 0.3918269230769231 0.04807692307692308 0.08653846153846154
0 0.31009615384615385 0.5228365384615384 0.08653846153846154 0.09495192307692307
0 0.10216346153846154 0.6838942307692307 0.051682692307692304 0.14543269230769232
0 0.7439903846153846 0.08173076923076923 0.051682692307692304 0.1045673076923077
0 0.8497596153846154 0.09134615384615384 0.038461538461538464 0.10697115384615384
0 0.7055288461538461 0.390625 0.05048076923076923 0.0889423076923077
0 0.6514423076923077 0.3918269230769231 0.056490384615384616 0.08653846153846154
0 0.5853365384615384 0.38341346153846156 0.052884615384615384 0.09014423076923077
0 0.5264423076923077 0.38461538461538464 0.052884615384615384 0.08413461538461539
0 0.4723557692307692 0.3870192307692308 0.051682692307692304 0.0889423076923077
0 0.41225961538461536 0.38461538461538464 0.06490384615384616 0.0889423076923077
0 0.34615384615384615 0.3786057692307692 0.06009615384615385 0.10096153846153846
0 0.2848557692307692 0.3858173076923077 0.055288461538461536 0.09735576923076923
0 0.21514423076923078 0.3762019230769231 0.07211538461538461 0.10576923076923077
0 0.9302884615384616 0.2512019230769231 0.09495192307692307 0.1045673076923077
0 0.8377403846153846 0.25240384615384615 0.08653846153846154 0.09134615384615384
0 0.7992788461538461 0.08653846153846154 0.055288461538461536 0.09975961538461539
0 0.7620192307692307 0.24759615384615385 0.055288461538461536 0.09735576923076923
0 0.6189903846153846 0.24278846153846154 0.04807692307692308 0.0889423076923077
0 0.5673076923076923 0.23918269230769232 0.04807692307692308 0.0985576923076923
0 0.5096153846153846 0.234375 0.0625 0.09014423076923077
0 0.4495192307692308 0.23197115384615385 0.04807692307692308 0.09615384615384616
0 0.39663461538461536 0.23076923076923078 0.052884615384615384 0.09615384615384616
0 0.33653846153846156 0.22596153846153846 0.055288461538461536 0.10697115384615384
0 0.23798076923076922 0.20192307692307693 0.12740384615384615 0.14543269230769232
0 0.1141826923076923 0.2800480769230769 0.10216346153846154 0.14423076923076922
0 0.028846153846153848 0.28365384615384615 0.054086538461538464 0.13221153846153846
0 0.953125 0.11658653846153846 0.057692307692307696 0.06490384615384616
0 0.8990384615384616 0.11538461538461539 0.046875 0.0673076923076923
0 0.6875 0.24519230769230768 0.08653846153846154 0.09735576923076923
0 0.9747596153846154 0.8004807692307693 0.04927884615384615 0.09495192307692307
0 0.1622596153846154 0.6850961538461539 0.056490384615384616 0.1466346153846154
0 0.4110576923076923 0.6298076923076923 0.07932692307692307 0.0733173076923077
0 0.8870192307692307 0.7079326923076923 0.02283653846153846 0.038461538461538464
0 0.90625 0.7055288461538461 0.014423076923076924 0.04447115384615385
0 0.9242788461538461 0.7007211538461539 0.018028846153846152 0.038461538461538464
0 0.984375 0.6598557692307693 0.025240384615384616 0.08774038461538461
0 0.0733173076923077 0.8689903846153846 0.09495192307692307 0.11899038461538461
0 0.15745192307692307 0.8665865384615384 0.0673076923076923 0.12259615384615384
0 0.2127403846153846 0.8533653846153846 0.039663461538461536 0.0985576923076923
0 0.25240384615384615 0.8497596153846154 0.036057692307692304 0.1045673076923077
0 0.28725961538461536 0.8485576923076923 0.03365384615384615 0.10096153846153846
0 0.32091346153846156 0.8569711538461539 0.030048076923076924 0.11298076923076923
0 0.359375 0.8569711538461539 0.03485576923076923 0.09735576923076923
0 0.8641826923076923 0.7091346153846154 0.02283653846153846 0.040865384615384616
0 0.3942307692307692 0.8521634615384616 0.027644230769230768 0.10576923076923077
0 0.46033653846153844 0.8341346153846154 0.03245192307692308 0.1141826923076923
0 0.49759615384615385 0.8353365384615384 0.030048076923076924 0.109375
0 0.53125 0.8329326923076923 0.030048076923076924 0.10336538461538461
0 0.5600961538461539 0.8341346153846154 0.028846153846153848 0.10697115384615384
0 0.5973557692307693 0.8473557692307693 0.04326923076923077 0.08052884615384616
0 0.640625 0.8413461538461539 0.036057692307692304 0.07091346153846154
0 0.6790865384615384 0.8233173076923077 0.037259615384615384 0.10096153846153846
0 0.7391826923076923 0.8137019230769231 0.039663461538461536 0.10336538461538461
0 0.7752403846153846 0.8004807692307693 0.026442307692307692 0.0889423076923077
0 0.8125 0.7980769230769231 0.042067307692307696 0.09495192307692307
0 0.8737980769230769 0.8076923076923077 0.04927884615384615 0.09615384615384616
0 0.42788461538461536 0.8497596153846154 0.03245192307692308 0.09495192307692307
0 0.24639423076923078 0.6346153846153846 0.07692307692307693 0.07692307692307693
0 0.8377403846153846 0.7103365384615384 0.025240384615384616 0.04326923076923077
0 0.765625 0.7139423076923077 0.019230769230769232 0.042067307692307696
0 0.4795673076923077 0.6286057692307693 0.055288461538461536 0.07572115384615384
0 0.5408653846153846 0.6262019230769231 0.06009615384615385 0.0733173076923077
0 0.6129807692307693 0.625 0.0625 0.07692307692307693
0 0.6778846153846154 0.6225961538461539 0.06370192307692307 0.07211538461538461
0 0.7391826923076923 0.6225961538461539 0.056490384615384616 0.07451923076923077
0 0.7992788461538461 0.6213942307692307 0.051682692307692304 0.0673076923076923
0 0.8509615384615384 0.6213942307692307 0.039663461538461536 0.06370192307692307
0 0.8870192307692307 0.6165865384615384 0.03365384615384615 0.054086538461538464
0 0.9507211538461539 0.6141826923076923 0.038461538461538464 0.055288461538461536
0 0.21875 0.7391826923076923 0.054086538461538464 0.06850961538461539
0 0.27283653846153844 0.7367788461538461 0.052884615384615384 0.0733173076923077
0 0.7884615384615384 0.7139423076923077 0.025240384615384616 0.042067307692307696
0 0.3245192307692308 0.7367788461538461 0.040865384615384616 0.05048076923076923
0 0.42788461538461536 0.7211538461538461 0.030048076923076924 0.05889423076923077
0 0.4567307692307692 0.7247596153846154 0.028846153846153848 0.052884615384615384
0 0.49158653846153844 0.7331730769230769 0.025240384615384616 0.039663461538461536
0 0.5168269230769231 0.7307692307692307 0.02403846153846154 0.046875
0 0.546875 0.7295673076923077 0.026442307692307692 0.036057692307692304
0 0.5709134615384616 0.7223557692307693 0.019230769230769232 0.04927884615384615
0 0.6021634615384616 0.7067307692307693 0.027644230769230768 0.046875
0 0.6538461538461539 0.7223557692307693 0.019230769230769232 0.038461538461538464
0 0.6778846153846154 0.71875 0.026442307692307692 0.05048076923076923
0 0.7139423076923077 0.7199519230769231 0.020432692307692308 0.042067307692307696
0 0.7379807692307693 0.71875 0.028846153846153848 0.04567307692307692
0 0.3858173076923077 0.7307692307692307 0.042067307692307696 0.055288461538461536
0 0.04567307692307692 0.7067307692307693 0.055288461538461536 0.13942307692307693