0 0.8822115384615384 0.5252403846153846 0.06370192307692307 0.04807692307692308
0 0.9471153846153846 0.5228365384615384 0.052884615384615384 0.07451923076923077
0 0.9447115384615384 0.4423076923076923 0.055288461538461536 0.051682692307692304
0 0.8822115384615384 0.44711538461538464 0.04567307692307692 0.051682692307692304
0 0.8161057692307693 0.4387019230769231 0.05889423076923077 0.052884615384615384
0 0.35697115384615385 0.4338942307692308 0.055288461538461536 0.051682692307692304
0 0.7487980769230769 0.44350961538461536 0.04447115384615385 0.055288461538461536
0 0.6790865384615384 0.4387019230769231 0.055288461538461536 0.05048076923076923
0 0.28966346153846156 0.4326923076923077 0.056490384615384616 0.05048076923076923
0 0.8161057692307693 0.5216346153846154 0.055288461538461536 0.04807692307692308
0 0.42788461538461536 0.4362980769230769 0.05048076923076923 0.051682692307692304
0 0.22596153846153846 0.43509615384615385 0.05048076923076923 0.054086538461538464
0 0.5288461538461539 0.43509615384615385 0.06370192307692307 0.056490384615384616
0 0.07932692307692307 0.5084134615384616 0.04927884615384615 0.06610576923076923
0 0.6766826923076923 0.5216346153846154 0.06129807692307692 0.054086538461538464
0 0.6105769230769231 0.5216346153846154 0.04447115384615385 0.054086538461538464
0 0.5276442307692307 0.5180288461538461 0.05889423076923077 0.05048076923076923
0 0.4326923076923077 0.5192307692307693 0.051682692307692304 0.07451923076923077
0 0.36177884615384615 0.5180288461538461 0.052884615384615384 0.07692307692307693
0 0.2980769230769231 0.5120192307692307 0.05889423076923077 0.06490384615384616
0 0.013221153846153846 0.5072115384615384 0.026442307692307692 0.07091346153846154
0 0.140625 0.5120192307692307 0.06490384615384616 0.078125
0 0.037259615384615384 0.6081730769230769 0.0625 0.09134615384615384
0 0.10336538461538461 0.6021634615384616 0.054086538461538464 0.056490384615384616
0 0.15985576923076922 0.43028846153846156 0.06129807692307692 0.051682692307692304
0 0.328125 0.6237980769230769 0.04927884615384615 0.06009615384615385
0 0.18269230769230768 0.6057692307692307 0.055288461538461536 0.056490384615384616
0 0.24759615384615385 0.6069711538461539 0.051682692307692304 0.04326923076923077
0 0.7439903846153846 0.5264423076923077 0.054086538461538464 0.0673076923076923
0 0.07091346153846154 0.4254807692307692 0.0625 0.05048076923076923
0 0.703125 0.20673076923076922 0.056490384615384616 0.10336538461538461
0 0.234375 0.31850961538461536 0.054086538461538464 0.07692307692307693
0 0.25600961538461536 0.19591346153846154 0.021634615384615384 0.08653846153846154
0 0.2824519230769231 0.20552884615384615 0.020432692307692308 0.07211538461538461
0 0.40024038461538464 0.6213942307692307 0.056490384615384616 0.057692307692307696
0 0.20552884615384615 0.19831730769230768 0.05889423076923077 0.0829326923076923
0 0.12860576923076922 0.19831730769230768 0.056490384615384616 0.08413461538461539
0 0.057692307692307696 0.18629807692307693 0.06490384615384616 0.08774038461538461
0 0.4050480769230769 0.20432692307692307 0.021634615384615384 0.0733173076923077
0 0.43509615384615385 0.20793269230769232 0.028846153846153848 0.0733173076923077
0 0.5060096153846154 0.21394230769230768 0.06009615384615385 0.08052884615384616
0 0.5757211538461539 0.21875 0.06490384615384616 0.08774038461538461
0 0.6478365384615384 0.2127403846153846 0.039663461538461536 0.08774038461538461
0 0.7668269230769231 0.21514423076923078 0.05048076923076923 0.07932692307692307
0 0.8221153846153846 0.20552884615384615 0.039663461538461536 0.08774038461538461
0 0.9014423076923077 0.20552884615384615 0.054086538461538464 0.09134615384615384
0 0.015625 0.4254807692307692 0.03125 0.04807692307692308
0 0.9603365384615384 0.203125 0.04927884615384615 0.08533653846153846
0 0.9050480769230769 0.3317307692307692 0.055288461538461536 0.051682692307692304
0 0.8305288461538461 0.3317307692307692 0.06610576923076923 0.051682692307692304
0 0.7451923076923077 0.3317307692307692 0.039663461538461536 0.055288461538461536
0 0.6814903846153846 0.3317307692307692 0.05889423076923077 0.05889423076923077
0 0.6177884615384616 0.33653846153846156 0.051682692307692304 0.08533653846153846
0 0.53125 0.33533653846153844 0.05889423076923077 0.07451923076923077
0 0.4375 0.33413461538461536 0.04927884615384615 0.0733173076923077
0 0.3762019230769231 0.3293269230769231 0.05048076923076923 0.08533653846153846
0 0.3088942307692308 0.328125 0.055288461538461536 0.078125
0 0.019230769230769232 0.31850961538461536 0.037259615384615384 0.07211538461538461
0 0.07572115384615384 0.32091346153846156 0.03125 0.07091346153846154
0 0.109375 0.32211538461538464 0.027644230769230768 0.06971153846153846
0 0.14903846153846154 0.3233173076923077 0.02283653846153846 0.07091346153846154
0 0.1778846153846154 0.3233173076923077 0.027644230769230768 0.06490384615384616
0 0.9747596153846154 0.3317307692307692 0.04567307692307692 0.057692307692307696
0 0.5300480769230769 0.6165865384615384 0.055288461538461536 0.09375
0 0.26322115384615385 0.890625 0.040865384615384616 0.01201923076923077
0 0.671875 0.6213942307692307 0.054086538461538464 0.078125
0 0.41586538461538464 0.8485576923076923 0.03125 0.052884615384615384
0 0.4951923076923077 0.8365384615384616 0.10576923076923077 0.054086538461538464
0 0.6189903846153846 0.8365384615384616 0.109375 0.057692307692307696
0 0.6021634615384616 0.7764423076923077 0.08774038461538461 0.038461538461538464
0 0.4963942307692308 0.78125 0.05889423076923077 0.036057692307692304
0 0.4963942307692308 0.8786057692307693 0.11177884615384616 0.014423076923076924
0 0.5072115384615384 0.8966346153846154 0.11298076923076923 0.013221153846153846
0 0.6298076923076923 0.8918269230769231 0.1045673076923077 0.016826923076923076
0 0.6165865384615384 0.875 0.11298076923076923 0.010817307692307692
0 0.3233173076923077 0.20673076923076922 0.020432692307692308 0.08052884615384616
0 0.30408653846153844 0.8966346153846154 0.028846153846153848 0.010817307692307692
0 0.34615384615384615 0.8870192307692307 0.039663461538461536 0.009615384615384616
0 0.42908653846153844 0.8978365384615384 0.036057692307692304 0.006009615384615385
0 0.38461538461538464 0.8966346153846154 0.039663461538461536 0.006009615384615385
0 0.375 0.8461538461538461 0.03365384615384615 0.056490384615384616
0 0.3870192307692308 0.8894230769230769 0.036057692307692304 0.006009615384615385
0 0.41466346153846156 0.8798076923076923 0.036057692307692304 0.006009615384615385
0 0.75 0.8954326923076923 0.1141826923076923 0.01201923076923077
0 0.7475961538461539 0.8786057692307693 0.11658653846153846 0.013221153846153846
0 0.7451923076923077 0.8641826923076923 0.10817307692307693 0.01201923076923077
0 0.7391826923076923 0.8257211538461539 0.12259615384615384 0.056490384615384616
0 0.7127403846153846 0.7704326923076923 0.09375 0.037259615384615384
0 0.8257211538461539 0.7788461538461539 0.09495192307692307 0.027644230769230768
0 0.8605769230769231 0.8257211538461539 0.09495192307692307 0.051682692307692304
0 0.9639423076923077 0.828125 0.07091346153846154 0.055288461538461536
0 0.9639423076923077 0.8810096153846154 0.07091346153846154 0.018028846153846152
0 0.9651442307692307 0.9014423076923077 0.06490384615384616 0.019230769230769232
0 0.8689903846153846 0.9014423076923077 0.11658653846153846 0.013221153846153846
0 0.8677884615384616 0.8822115384615384 0.11057692307692307 0.015625
0 0.8689903846153846 0.8641826923076923 0.11298076923076923 0.014423076923076924
0 0.4254807692307692 0.8894230769230769 0.036057692307692304 0.006009615384615385
0 0.6045673076923077 0.6189903846153846 0.042067307692307696 0.07932692307692307
0 0.33052884615384615 0.8533653846153846 0.037259615384615384 0.056490384615384616
0 0.21875 0.8713942307692307 0.040865384615384616 0.057692307692307696
0 0.7391826923076923 0.6225961538461539 0.05889423076923077 0.08413461538461539
0 0.8016826923076923 0.6237980769230769 0.046875 0.08052884615384616
0 0.8581730769230769 0.625 0.055288461538461536 0.08052884615384616
0 0.921875 0.625 0.06129807692307692 0.07211538461538461
0 0.9639423076923077 0.6201923076923077 0.01201923076923077 0.054086538461538464
0 0.984375 0.6262019230769231 0.02283653846153846 0.05889423076923077
0 0.9831730769230769 0.7355769230769231 0.025240384615384616 0.03125
0 0.9387019230769231 0.7548076923076923 0.026442307692307692 0.06009615384615385
0 0.8882211538461539 0.7403846153846154 0.03365384615384615 0.0673076923076923
0 0.8197115384615384 0.7307692307692307 0.04326923076923077 0.051682692307692304
0 0.7475961538461539 0.7259615384615384 0.04927884615384615 0.03485576923076923
0 0.6165865384615384 0.7259615384615384 0.051682692307692304 0.04447115384615385
0 0.5600961538461539 0.7259615384615384 0.04927884615384615 0.04927884615384615
0 0.4230769230769231 0.7451923076923077 0.03125 0.06610576923076923
0 0.2692307692307692 0.8557692307692307 0.037259615384615384 0.054086538461538464
0 0.38822115384615385 0.7463942307692307 0.027644230769230768 0.06850961538461539
0 0.019230769230769232 0.7331730769230769 0.025240384615384616 0.07692307692307693
0 0.04567307692307692 0.734375 0.027644230769230768 0.078125
0 0.078125 0.734375 0.026442307692307692 0.0829326923076923
0 0.11538461538461539 0.7355769230769231 0.03125 0.08052884615384616
0 0.1502403846153846 0.7427884615384616 0.02283653846153846 0.07091346153846154
0 0.19110576923076922 0.7463942307692307 0.026442307692307692 0.06129807692307692
0 0.23317307692307693 0.7475961538461539 0.026442307692307692 0.06610576923076923
0 0.2692307692307692 0.7487980769230769 0.03485576923076923 0.0625
0 0.3112980769230769 0.7487980769230769 0.040865384615384616 0.0625
0 0.010817307692307692 0.8605769230769231 0.020432692307692308 0.0829326923076923
0 0.037259615384615384 0.859375 0.026442307692307692 0.08413461538461539
0 0.0625 0.8713942307692307 0.019230769230769232 0.06129807692307692
0 0.11899038461538461 0.8509615384615384 0.036057692307692304 0.09014423076923077
0 0.15865384615384615 0.8485576923076923 0.030048076923076924 0.09254807692307693
0 0.3545673076923077 0.7427884615384616 0.03245192307692308 0.0733173076923077
0 0.35096153846153844 0.2091346153846154 0.02283653846153846 0.08173076923076923