0 0.29086538461538464 0.27163461538461536 0.0829326923076923 0.0829326923076923
0 0.44471153846153844 0.36177884615384615 0.10216346153846154 0.0673076923076923
0 0.6105769230769231 0.28125 0.16466346153846154 0.06009615384615385
0 0.7800480769230769 0.27163461538461536 0.16466346153846154 0.08413461538461539
0 0.16826923076923078 0.37259615384615385 0.07692307692307693 0.04567307692307692
0 0.25721153846153844 0.36778846153846156 0.09134615384615384 0.04807692307692308
0 0.3473557692307692 0.37259615384615385 0.07091346153846154 0.052884615384615384
0 0.44591346153846156 0.26802884615384615 0.15144230769230768 0.08774038461538461
0 0.5913461538461539 0.36658653846153844 0.0829326923076923 0.0673076923076923
0 0.47475961538461536 0.7716346153846154 0.12980769230769232 0.020432692307692308
0 0.33653846153846156 0.7487980769230769 0.125 0.11538461538461539
0 0.37259615384615385 0.5264423076923077 0.03365384615384615 0.046875
0 0.42427884615384615 0.5288461538461539 0.0625 0.054086538461538464
0 0.5204326923076923 0.5288461538461539 0.05048076923076923 0.06490384615384616
0 0.5733173076923077 0.53125 0.055288461538461536 0.057692307692307696
0 0.6225961538461539 0.5288461538461539 0.036057692307692304 0.052884615384615384
0 0.6550480769230769 0.5288461538461539 0.02403846153846154 0.04447115384615385
0 0.7127403846153846 0.5348557692307693 0.038461538461538464 0.042067307692307696
0 0.8125 0.5348557692307693 0.055288461538461536 0.056490384615384616
0 0.14783653846153846 0.5961538461538461 0.042067307692307696 0.037259615384615384
0 0.19591346153846154 0.5949519230769231 0.05048076923076923 0.038461538461538464
0 0.23798076923076922 0.5985576923076923 0.025240384615384616 0.040865384615384616
0 0.27283653846153844 0.5949519230769231 0.03125 0.03365384615384615
0 0.3401442307692308 0.5973557692307693 0.036057692307692304 0.03245192307692308
0 0.31009615384615385 0.5240384615384616 0.07451923076923077 0.056490384615384616
0 0.4074519230769231 0.5961538461538461 0.06610576923076923 0.03245192307692308
0 0.47475961538461536 0.5997596153846154 0.06850961538461539 0.010817307692307692
0 0.4699519230769231 0.6105769230769231 0.06009615384615385 0.009615384615384616
0 0.5432692307692307 0.5961538461538461 0.06009615384615385 0.010817307692307692
0 0.5420673076923077 0.609375 0.057692307692307696 0.009615384615384616
0 0.6117788461538461 0.5853365384615384 0.03245192307692308 0.02283653846153846
0 0.6442307692307693 0.5877403846153846 0.03125 0.019230769230769232
0 0.7091346153846154 0.5997596153846154 0.036057692307692304 0.03245192307692308
0 0.7512019230769231 0.5949519230769231 0.04326923076923077 0.037259615384615384
0 0.8064903846153846 0.5985576923076923 0.054086538461538464 0.042067307692307696
0 0.8677884615384616 0.6057692307692307 0.06610576923076923 0.028846153846153848
0 0.3798076923076923 0.6538461538461539 0.025240384615384616 0.039663461538461536
0 0.34615384615384615 0.6550480769230769 0.028846153846153848 0.046875
0 0.30649038461538464 0.6550480769230769 0.042067307692307696 0.04807692307692308
0 0.47596153846153844 0.5865384615384616 0.0673076923076923 0.014423076923076924
0 0.4699519230769231 0.6995192307692307 0.13221153846153846 0.014423076923076924
0 0.21514423076923078 0.5228365384615384 0.07572115384615384 0.0625
0 0.8293269230769231 0.45072115384615385 0.06610576923076923 0.057692307692307696
0 0.19831730769230768 0.7560096153846154 0.11899038461538461 0.10697115384615384
0 0.9206730769230769 0.7584134615384616 0.051682692307692304 0.038461538461538464
0 0.17668269230769232 0.2620192307692308 0.12620192307692307 0.078125
0 0.9447115384615384 0.6971153846153846 0.05048076923076923 0.04927884615384615
0 0.7319711538461539 0.6574519230769231 0.27403846153846156 0.051682692307692304
0 0.5661057692307693 0.6466346153846154 0.037259615384615384 0.026442307692307692
0 0.5072115384615384 0.6646634615384616 0.03365384615384615 0.026442307692307692
0 0.46875 0.6526442307692307 0.025240384615384616 0.04807692307692308
0 0.43509615384615385 0.6478365384615384 0.03125 0.038461538461538464
0 0.4050480769230769 0.6502403846153846 0.02283653846153846 0.03365384615384615
0 0.7115384615384616 0.36778846153846156 0.12620192307692307 0.05889423076923077
0 0.828125 0.36658653846153844 0.09254807692307693 0.0625
0 0.9350961538461539 0.36899038461538464 0.06490384615384616 0.03125
0 0.1502403846153846 0.53125 0.042067307692307696 0.04567307692307692
0 0.9387019230769231 0.39663461538461536 0.0673076923076923 0.019230769230769232
0 0.9182692307692307 0.4639423076923077 0.06129807692307692 0.014423076923076924
0 0.9831730769230769 0.43990384615384615 0.03245192307692308 0.057692307692307696
0 0.9110576923076923 0.5048076923076923 0.07451923076923077 0.02283653846153846
0 0.9110576923076923 0.5288461538461539 0.06490384615384616 0.018028846153846152
0 0.90625 0.5480769230769231 0.06490384615384616 0.013221153846153846
0 0.9002403846153846 0.5673076923076923 0.05889423076923077 0.016826923076923076
0 0.19471153846153846 0.4519230769230769 0.14423076923076922 0.054086538461538464
0 0.33653846153846156 0.45552884615384615 0.078125 0.040865384615384616
0 0.421875 0.46153846153846156 0.07692307692307693 0.03485576923076923
0 0.5096153846153846 0.453125 0.06370192307692307 0.06490384615384616
0 0.5685096153846154 0.4567307692307692 0.051682692307692304 0.04927884615384615
0 0.6526442307692307 0.4543269230769231 0.0673076923076923 0.055288461538461536
0 0.7175480769230769 0.45552884615384615 0.04447115384615385 0.04927884615384615
0 0.9278846153846154 0.4387019230769231 0.06850961538461539 0.027644230769230768
0 0.9495192307692307 0.1346153846153846 0.040865384615384616 0.06129807692307692
0 0.9735576923076923 0.5985576923076923 0.051682692307692304 0.054086538461538464
0 0.6622596153846154 0.11538461538461539 0.13341346153846154 0.0985576923076923
0 0.8425480769230769 0.12259615384615384 0.11899038461538461 0.0733173076923077
0 0.24278846153846154 0.6550480769230769 0.03365384615384615 0.040865384615384616
0 0.1971153846153846 0.125 0.08653846153846154 0.06490384615384616
0 0.29447115384615385 0.11899038461538461 0.08413461538461539 0.08653846153846154
0 0.4110576923076923 0.13942307692307693 0.03485576923076923 0.04807692307692308
0 0.4579326923076923 0.12379807692307693 0.051682692307692304 0.06850961538461539
0 0.5180288461538461 0.140625 0.04567307692307692 0.04807692307692308
0 0.13341346153846154 0.12259615384615384 0.03125 0.0733173076923077
0 0.5973557692307693 0.75 0.08533653846153846 0.11538461538461539
0 0.47115384615384615 0.796875 0.12620192307692307 0.015625
0 0.4699519230769231 0.7475961538461539 0.11658653846153846 0.020432692307692308
0 0.4675480769230769 0.7223557692307693 0.12860576923076922 0.018028846153846152
0 0.7139423076923077 0.7235576923076923 0.14182692307692307 0.06370192307692307
0 0.5661057692307693 0.140625 0.042067307692307696 0.037259615384615384