0 0.7632211538461539 0.20673076923076922 0.07211538461538461 0.016826923076923076
0 0.7704326923076923 0.22235576923076922 0.07692307692307693 0.014423076923076924
0 0.84375 0.19591346153846154 0.0673076923076923 0.01201923076923077
0 0.8449519230769231 0.21634615384615385 0.06370192307692307 0.020432692307692308
0 0.051682692307692304 0.28365384615384615 0.027644230769230768 0.06490384615384616
0 0.020432692307692308 0.2848557692307692 0.03125 0.06850961538461539
0 0.109375 0.3245192307692308 0.06129807692307692 0.018028846153846152
0 0.171875 0.31971153846153844 0.039663461538461536 0.010817307692307692
0 0.21394230769230768 0.31971153846153844 0.036057692307692304 0.009615384615384616
0 0.6814903846153846 0.2247596153846154 0.08173076923076923 0.010817307692307692
0 0.9134615384615384 0.21514423076923078 0.055288461538461536 0.016826923076923076
0 0.6802884615384616 0.21153846153846154 0.078125 0.008413461538461538
0 0.3233173076923077 0.22355769230769232 0.08774038461538461 0.028846153846153848
0 0.5745192307692307 0.21875 0.03245192307692308 0.021634615384615384
0 0.5504807692307693 0.22115384615384615 0.014423076923076924 0.020432692307692308
0 0.5336538461538461 0.22115384615384615 0.009615384615384616 0.021634615384615384
0 0.49278846153846156 0.22355769230769232 0.06370192307692307 0.02403846153846154
0 0.41346153846153844 0.22115384615384615 0.08052884615384616 0.025240384615384616
0 0.24759615384615385 0.22235576923076922 0.055288461538461536 0.027644230769230768
0 0.19951923076923078 0.22115384615384615 0.037259615384615384 0.028846153846153848
0 0.15384615384615385 0.21875 0.038461538461538464 0.026442307692307692
0 0.11177884615384616 0.22115384615384615 0.038461538461538464 0.025240384615384616
0 0.051682692307692304 0.18389423076923078 0.07692307692307693 0.06850961538461539
0 0.19831730769230768 0.3317307692307692 0.052884615384615384 0.007211538461538462
0 0.6117788461538461 0.21875 0.038461538461538464 0.021634615384615384
0 0.26322115384615385 0.32211538461538464 0.051682692307692304 0.010817307692307692
0 0.12259615384615384 0.3088942307692308 0.046875 0.007211538461538462
0 0.2091346153846154 0.3016826923076923 0.039663461538461536 0.008413461538461538
0 0.5048076923076923 0.5625 0.03485576923076923 0.051682692307692304
0 0.5372596153846154 0.5625 0.028846153846153848 0.052884615384615384
0 0.5853365384615384 0.5649038461538461 0.055288461538461536 0.04807692307692308
0 0.6442307692307693 0.5673076923076923 0.057692307692307696 0.04447115384615385
0 0.7007211538461539 0.5649038461538461 0.051682692307692304 0.04326923076923077
0 0.7740384615384616 0.5504807692307693 0.08052884615384616 0.01201923076923077
0 0.7860576923076923 0.5721153846153846 0.09014423076923077 0.01201923076923077
0 0.7872596153846154 0.5853365384615384 0.08774038461538461 0.008413461538461538
0 0.4723557692307692 0.5625 0.025240384615384616 0.04927884615384615
0 0.8629807692307693 0.546875 0.07451923076923077 0.019230769230769232
0 0.8701923076923077 0.5829326923076923 0.06610576923076923 0.014423076923076924
0 0.04807692307692308 0.6129807692307693 0.016826923076923076 0.04807692307692308
0 0.08413461538461539 0.6009615384615384 0.036057692307692304 0.038461538461538464
0 0.1310096153846154 0.6682692307692307 0.07211538461538461 0.055288461538461536
0 0.20432692307692307 0.6682692307692307 0.06971153846153846 0.05889423076923077
0 0.27524038461538464 0.6634615384615384 0.0625 0.057692307692307696
0 0.3389423076923077 0.6658653846153846 0.0673076923076923 0.056490384615384616
0 0.4074519230769231 0.6658653846153846 0.06370192307692307 0.06009615384615385
0 0.8665865384615384 0.5649038461538461 0.06370192307692307 0.013221153846153846
0 0.44591346153846156 0.5721153846153846 0.020432692307692308 0.03245192307692308
0 0.421875 0.5721153846153846 0.020432692307692308 0.026442307692307692
0 0.39903846153846156 0.5733173076923077 0.020432692307692308 0.027644230769230768
0 0.5853365384615384 0.4891826923076923 0.08774038461538461 0.014423076923076924
0 0.5913461538461539 0.5072115384615384 0.09254807692307693 0.018028846153846152
0 0.6730769230769231 0.44591346153846156 0.03125 0.013221153846153846
0 0.7043269230769231 0.44591346153846156 0.028846153846153848 0.01201923076923077
0 0.6742788461538461 0.46033653846153844 0.030048076923076924 0.014423076923076924
0 0.7079326923076923 0.46033653846153844 0.03125 0.014423076923076924
0 0.6742788461538461 0.49399038461538464 0.030048076923076924 0.04807692307692308
0 0.7055288461538461 0.49278846153846156 0.02283653846153846 0.04807692307692308
0 0.7415865384615384 0.49278846153846156 0.028846153846153848 0.052884615384615384
0 0.7764423076923077 0.49038461538461536 0.03245192307692308 0.055288461538461536
0 0.8100961538461539 0.49158653846153844 0.030048076923076924 0.055288461538461536
0 0.8461538461538461 0.49038461538461536 0.026442307692307692 0.055288461538461536
0 0.8846153846153846 0.49278846153846156 0.038461538461538464 0.055288461538461536
0 0.055288461538461536 0.5336538461538461 0.0625 0.05048076923076923
0 0.13221153846153846 0.5709134615384616 0.04807692307692308 0.046875
0 0.1875 0.5793269230769231 0.05889423076923077 0.027644230769230768
0 0.24879807692307693 0.5805288461538461 0.0625 0.027644230769230768
0 0.3161057692307692 0.5793269230769231 0.06610576923076923 0.028846153846153848
0 0.3762019230769231 0.5733173076923077 0.018028846153846152 0.028846153846153848
0 0.4699519230769231 0.6514423076923077 0.051682692307692304 0.08052884615384616
0 0.5276442307692307 0.6514423076923077 0.052884615384615384 0.0829326923076923
0 0.5817307692307693 0.6502403846153846 0.055288461538461536 0.08052884615384616
0 0.6418269230769231 0.6514423076923077 0.052884615384615384 0.0829326923076923
0 0.8858173076923077 0.7884615384615384 0.036057692307692304 0.03125
0 0.8725961538461539 0.7596153846153846 0.03245192307692308 0.02283653846153846
0 0.8834134615384616 0.7355769230769231 0.0673076923076923 0.019230769230769232
0 0.8449519230769231 0.8197115384615384 0.06370192307692307 0.026442307692307692
0 0.9026442307692307 0.8185096153846154 0.037259615384615384 0.020432692307692308
0 0.9483173076923077 0.8149038461538461 0.04567307692307692 0.030048076923076924
0 0.9723557692307693 0.32091346153846156 0.028846153846153848 0.018028846153846152
0 0.9759615384615384 0.3449519230769231 0.04326923076923077 0.026442307692307692
0 0.9759615384615384 0.37259615384615385 0.04326923076923077 0.02403846153846154
0 0.9723557692307693 0.39663461538461536 0.051682692307692304 0.019230769230769232
0 0.9747596153846154 0.41947115384615385 0.046875 0.019230769230769232
0 0.9675480769230769 0.44471153846153844 0.06370192307692307 0.019230769230769232
0 0.9639423076923077 0.47475961538461536 0.06971153846153846 0.016826923076923076
0 0.9651442307692307 0.4951923076923077 0.06850961538461539 0.020432692307692308
0 0.9362980769230769 0.5228365384615384 0.026442307692307692 0.02283653846153846
0 0.9711538461538461 0.5216346153846154 0.03485576923076923 0.021634615384615384
0 0.9266826923076923 0.5685096153846154 0.028846153846153848 0.03125
0 0.9579326923076923 0.5625 0.03125 0.030048076923076924
0 0.25961538461538464 0.3329326923076923 0.056490384615384616 0.009615384615384616
0 0.8221153846153846 0.7668269230769231 0.038461538461538464 0.037259615384615384
0 0.5829326923076923 0.4699519230769231 0.0889423076923077 0.016826923076923076
0 0.7487980769230769 0.7824519230769231 0.06009615384615385 0.016826923076923076
0 0.7103365384615384 0.8088942307692307 0.05889423076923077 0.03365384615384615
0 0.7211538461538461 0.6141826923076923 0.057692307692307696 0.015625
0 0.7740384615384616 0.6598557692307693 0.057692307692307696 0.07211538461538461
0 0.8377403846153846 0.65625 0.0673076923076923 0.08052884615384616
0 0.9026442307692307 0.6418269230769231 0.05048076923076923 0.036057692307692304
0 0.9026442307692307 0.6778846153846154 0.04807692307692308 0.03245192307692308
0 0.96875 0.6754807692307693 0.056490384615384616 0.039663461538461536
0 0.9411057692307693 0.6177884615384616 0.04567307692307692 0.01201923076923077
0 0.9543269230769231 0.6322115384615384 0.04567307692307692 0.013221153846153846
0 0.125 0.8016826923076923 0.0889423076923077 0.06850961538461539
0 0.21153846153846154 0.7992788461538461 0.07692307692307693 0.0673076923076923
0 0.2920673076923077 0.75 0.046875 0.04927884615384615
0 0.3485576923076923 0.75 0.055288461538461536 0.04927884615384615
0 0.2800480769230769 0.8100961538461539 0.06009615384615385 0.05048076923076923
0 0.34615384615384615 0.8088942307692307 0.05889423076923077 0.056490384615384616
0 0.40625 0.7944711538461539 0.056490384615384616 0.08052884615384616
0 0.46274038461538464 0.7920673076923077 0.051682692307692304 0.08413461538461539
0 0.5408653846153846 0.8040865384615384 0.08774038461538461 0.055288461538461536
0 0.6262019230769231 0.7475961538461539 0.09134615384615384 0.051682692307692304
0 0.6310096153846154 0.8064903846153846 0.0829326923076923 0.054086538461538464
0 0.765625 0.8088942307692307 0.046875 0.03125
0 0.4987980769230769 0.4987980769230769 0.04927884615384615 0.03485576923076923
0 0.7079326923076923 0.6598557692307693 0.06610576923076923 0.06971153846153846
0 0.42427884615384615 0.4807692307692308 0.0889423076923077 0.06610576923076923
0 0.6454326923076923 0.30408653846153844 0.04447115384615385 0.007211538461538462
0 0.6947115384615384 0.2704326923076923 0.04927884615384615 0.008413461538461538
0 0.6971153846153846 0.27884615384615385 0.04927884615384615 0.007211538461538462
0 0.6971153846153846 0.2860576923076923 0.04927884615384615 0.006009615384615385
0 0.6983173076923077 0.29447115384615385 0.04567307692307692 0.008413461538461538
0 0.7524038461538461 0.27884615384615385 0.04567307692307692 0.008413461538461538
0 0.75 0.2860576923076923 0.051682692307692304 0.006009615384615385
0 0.7487980769230769 0.2932692307692308 0.04326923076923077 0.008413461538461538
0 0.6430288461538461 0.2956730769230769 0.04927884615384615 0.007211538461538462
0 0.7512019230769231 0.3016826923076923 0.04447115384615385 0.006009615384615385
0 0.8004807692307693 0.28725961538461536 0.05048076923076923 0.006009615384615385
0 0.8016826923076923 0.2932692307692308 0.04807692307692308 0.006009615384615385
0 0.8028846153846154 0.30288461538461536 0.046875 0.006009615384615385
0 0.8545673076923077 0.2776442307692308 0.04326923076923077 0.008413461538461538
0 0.8569711538461539 0.2848557692307692 0.04927884615384615 0.007211538461538462
0 0.8485576923076923 0.2932692307692308 0.04567307692307692 0.007211538461538462
0 0.8509615384615384 0.3004807692307692 0.046875 0.007211538461538462
0 0.9086538461538461 0.2776442307692308 0.046875 0.009615384615384616
0 0.8016826923076923 0.27884615384615385 0.04807692307692308 0.008413461538461538
0 0.6454326923076923 0.28725961538461536 0.04567307692307692 0.007211538461538462
0 0.5925480769230769 0.3233173076923077 0.04567307692307692 0.028846153846153848
0 0.5949519230769231 0.30408653846153844 0.04326923076923077 0.007211538461538462
0 0.26802884615384615 0.3004807692307692 0.036057692307692304 0.009615384615384616
0 0.26802884615384615 0.3112980769230769 0.039663461538461536 0.008413461538461538
0 0.4963942307692308 0.4639423076923077 0.046875 0.03245192307692308
0 0.21634615384615385 0.31009615384615385 0.027644230769230768 0.008413461538461538
0 0.3161057692307692 0.30288461538461536 0.052884615384615384 0.02403846153846154
0 0.32091346153846156 0.3269230769230769 0.057692307692307696 0.020432692307692308
0 0.38341346153846156 0.32572115384615385 0.05889423076923077 0.020432692307692308
0 0.38221153846153844 0.3016826923076923 0.05889423076923077 0.02403846153846154
0 0.44350961538461536 0.2776442307692308 0.039663461538461536 0.01201923076923077
0 0.43990384615384615 0.29927884615384615 0.039663461538461536 0.027644230769230768
0 0.4855769230769231 0.2980769230769231 0.040865384615384616 0.026442307692307692
0 0.43990384615384615 0.32572115384615385 0.040865384615384616 0.021634615384615384
0 0.4879807692307692 0.3245192307692308 0.04326923076923077 0.02283653846153846
0 0.5384615384615384 0.32211538461538464 0.04567307692307692 0.030048076923076924
0 0.5420673076923077 0.2860576923076923 0.05048076923076923 0.008413461538461538
0 0.5408653846153846 0.29447115384615385 0.052884615384615384 0.004807692307692308
0 0.5420673076923077 0.30288461538461536 0.046875 0.006009615384615385
0 0.5949519230769231 0.28725961538461536 0.046875 0.007211538461538462
0 0.5949519230769231 0.2956730769230769 0.04927884615384615 0.007211538461538462
0 0.90625 0.28725961538461536 0.04567307692307692 0.006009615384615385
0 0.9050480769230769 0.2932692307692308 0.046875 0.004807692307692308
0 0.640625 0.3233173076923077 0.042067307692307696 0.028846153846153848
0 0.6971153846153846 0.3233173076923077 0.05048076923076923 0.030048076923076924
0 0.3449519230769231 0.40625 0.051682692307692304 0.021634615384615384
0 0.4074519230769231 0.4074519230769231 0.05889423076923077 0.021634615384615384
0 0.4699519230769231 0.4074519230769231 0.06009615384615385 0.021634615384615384
0 0.5348557692307693 0.40625 0.057692307692307696 0.02283653846153846
0 0.59375 0.40625 0.05889423076923077 0.02403846153846154
0 0.6923076923076923 0.4026442307692308 0.04927884615384615 0.03125
0 0.8064903846153846 0.3870192307692308 0.052884615384615384 0.02403846153846154
0 0.8581730769230769 0.3858173076923077 0.046875 0.02403846153846154
0 0.8028846153846154 0.4098557692307692 0.05048076923076923 0.018028846153846152
0 0.8521634615384616 0.40865384615384615 0.039663461538461536 0.015625
0 0.8990384615384616 0.3954326923076923 0.026442307692307692 0.04447115384615385
0 0.9314903846153846 0.39302884615384615 0.03125 0.046875
0 0.04567307692307692 0.45072115384615385 0.06129807692307692 0.01201923076923077
0 0.04567307692307692 0.4699519230769231 0.06370192307692307 0.02403846153846154
0 0.90625 0.3004807692307692 0.04567307692307692 0.006009615384615385
0 0.15384615384615385 0.4891826923076923 0.0733173076923077 0.06009615384615385
0 0.23677884615384615 0.4879807692307692 0.08774038461538461 0.0625
0 0.328125 0.5144230769230769 0.08653846153846154 0.016826923076923076
0 0.3329326923076923 0.4675480769230769 0.08052884615384616 0.052884615384615384
0 0.2848557692307692 0.40625 0.06490384615384616 0.019230769230769232
0 0.5973557692307693 0.37740384615384615 0.06129807692307692 0.028846153846153848
0 0.7463942307692307 0.4014423076923077 0.046875 0.030048076923076924
0 0.078125 0.4110576923076923 0.020432692307692308 0.03365384615384615
0 0.8605769230769231 0.32211538461538464 0.04567307692307692 0.03245192307692308
0 0.9098557692307693 0.31971153846153844 0.04447115384615385 0.030048076923076924
0 0.5324519230769231 0.3786057692307692 0.054086538461538464 0.02403846153846154
0 0.018028846153846152 0.3629807692307692 0.03245192307692308 0.04326923076923077
0 0.025240384615384616 0.4050480769230769 0.038461538461538464 0.037259615384615384
0 0.055288461538461536 0.40865384615384615 0.019230769230769232 0.030048076923076924
0 0.7524038461538461 0.32211538461538464 0.054086538461538464 0.027644230769230768
0 0.13822115384615385 0.3701923076923077 0.0829326923076923 0.01201923076923077
0 0.12620192307692307 0.38221153846153844 0.0829326923076923 0.008413461538461538
0 0.12740384615384615 0.3954326923076923 0.07451923076923077 0.014423076923076924
0 0.8076923076923077 0.3233173076923077 0.05048076923076923 0.03245192307692308
0 0.21634615384615385 0.3762019230769231 0.06850961538461539 0.019230769230769232
0 0.20793269230769232 0.39302884615384615 0.08533653846153846 0.009615384615384616
0 0.21153846153846154 0.40865384615384615 0.07091346153846154 0.016826923076923076
0 0.2860576923076923 0.3798076923076923 0.0625 0.027644230769230768
0 0.35096153846153844 0.38100961538461536 0.055288461538461536 0.026442307692307692
0 0.12980769230769232 0.4098557692307692 0.078125 0.014423076923076924
0 0.4723557692307692 0.38221153846153844 0.06129807692307692 0.026442307692307692
0 0.4110576923076923 0.38221153846153844 0.06009615384615385 0.027644230769230768