0 0.046875 0.051682692307692304 0.042067307692307696 0.040865384615384616
0 0.078125 0.1346153846153846 0.0673076923076923 0.06850961538461539
0 0.6129807692307693 0.10576923076923077 0.07572115384615384 0.078125
0 0.2091346153846154 0.1310096153846154 0.055288461538461536 0.0733173076923077
0 0.2608173076923077 0.12620192307692307 0.03125 0.06850961538461539
0 0.2860576923076923 0.12980769230769232 0.02403846153846154 0.055288461538461536
0 0.3233173076923077 0.12740384615384615 0.025240384615384616 0.0673076923076923
0 0.35336538461538464 0.12740384615384615 0.026442307692307692 0.056490384615384616
0 0.390625 0.12860576923076922 0.037259615384615384 0.055288461538461536
0 0.44350961538461536 0.1141826923076923 0.06610576923076923 0.078125
0 0.5240384615384616 0.11057692307692307 0.06850961538461539 0.07091346153846154
0 0.6971153846153846 0.10216346153846154 0.08413461538461539 0.0829326923076923
0 0.7896634615384616 0.09615384615384616 0.08413461538461539 0.08653846153846154
0 0.9050480769230769 0.09134615384615384 0.0985576923076923 0.07211538461538461
0 0.14543269230769232 0.1310096153846154 0.05048076923076923 0.06850961538461539
0 0.09134615384615384 0.05048076923076923 0.03365384615384615 0.03245192307692308
0 0.5540865384615384 0.5913461538461539 0.03365384615384615 0.0625
0 0.18990384615384615 0.04326923076923077 0.04326923076923077 0.03245192307692308
0 0.2403846153846154 0.6634615384615384 0.03365384615384615 0.036057692307692304
0 0.20192307692307693 0.6586538461538461 0.027644230769230768 0.037259615384615384
0 0.1658653846153846 0.6526442307692307 0.03245192307692308 0.03245192307692308
0 0.1310096153846154 0.6454326923076923 0.03245192307692308 0.038461538461538464
0 0.09735576923076923 0.6382211538461539 0.026442307692307692 0.040865384615384616
0 0.0625 0.6310096153846154 0.030048076923076924 0.038461538461538464
0 0.056490384615384616 0.5372596153846154 0.019230769230769232 0.05048076923076923
0 0.08533653846153846 0.5456730769230769 0.019230769230769232 0.042067307692307696
0 0.10697115384615384 0.546875 0.020432692307692308 0.042067307692307696
0 0.13221153846153846 0.5492788461538461 0.019230769230769232 0.046875
0 0.15504807692307693 0.5504807692307693 0.019230769230769232 0.05048076923076923
0 0.18629807692307693 0.5528846153846154 0.027644230769230768 0.054086538461538464
0 0.21514423076923078 0.5552884615384616 0.02283653846153846 0.054086538461538464
0 0.2439903846153846 0.5625 0.02403846153846154 0.042067307692307696
0 0.26802884615384615 0.5661057692307693 0.02283653846153846 0.04807692307692308
0 0.296875 0.5685096153846154 0.019230769230769232 0.052884615384615384
0 0.3245192307692308 0.5685096153846154 0.026442307692307692 0.06009615384615385
0 0.34975961538461536 0.5697115384615384 0.02283653846153846 0.0625
0 0.3798076923076923 0.5709134615384616 0.025240384615384616 0.055288461538461536
0 0.41225961538461536 0.578125 0.028846153846153848 0.054086538461538464
0 0.4495192307692308 0.5841346153846154 0.03245192307692308 0.0625
0 0.48197115384615385 0.5841346153846154 0.03125 0.06129807692307692
0 0.5144230769230769 0.5865384615384616 0.027644230769230768 0.06009615384615385
0 0.5913461538461539 0.5997596153846154 0.03125 0.054086538461538464
0 0.6322115384615384 0.6045673076923077 0.028846153846153848 0.055288461538461536
0 0.2776442307692308 0.6682692307692307 0.037259615384615384 0.039663461538461536
0 0.3233173076923077 0.6742788461538461 0.03485576923076923 0.04807692307692308
0 0.3605769230769231 0.6802884615384616 0.037259615384615384 0.04567307692307692
0 0.40865384615384615 0.6850961538461539 0.036057692307692304 0.046875
0 0.07932692307692307 0.7019230769230769 0.04326923076923077 0.05048076923076923
0 0.12620192307692307 0.7127403846153846 0.027644230769230768 0.051682692307692304
0 0.171875 0.7295673076923077 0.051682692307692304 0.055288461538461536
0 0.2439903846153846 0.7367788461538461 0.04927884615384615 0.057692307692307696
0 0.3088942307692308 0.7451923076923077 0.054086538461538464 0.051682692307692304
0 0.37259615384615385 0.7620192307692307 0.06490384615384616 0.046875
0 0.4423076923076923 0.7740384615384616 0.046875 0.04927884615384615
0 0.5 0.7800480769230769 0.057692307692307696 0.056490384615384616
0 0.5600961538461539 0.7932692307692307 0.052884615384615384 0.056490384615384616
0 0.6310096153846154 0.8064903846153846 0.06971153846153846 0.06370192307692307
0 0.7860576923076923 0.8497596153846154 0.07091346153846154 0.04447115384615385
0 0.7079326923076923 0.828125 0.0829326923076923 0.05048076923076923
0 0.6694711538461539 0.6177884615384616 0.025240384615384616 0.039663461538461536
0 0.8725961538461539 0.8569711538461539 0.06610576923076923 0.06370192307692307
0 0.9735576923076923 0.7716346153846154 0.037259615384615384 0.05048076923076923
0 0.9338942307692307 0.7668269230769231 0.03365384615384615 0.051682692307692304
0 0.8834134615384616 0.7524038461538461 0.037259615384615384 0.0625
0 0.84375 0.7415865384615384 0.03485576923076923 0.0673076923076923
0 0.8016826923076923 0.7415865384615384 0.036057692307692304 0.07091346153846154
0 0.7572115384615384 0.7223557692307693 0.03125 0.09014423076923077
0 0.7175480769230769 0.7163461538461539 0.025240384615384616 0.08774038461538461
0 0.6754807692307693 0.7127403846153846 0.025240384615384616 0.09134615384615384
0 0.6370192307692307 0.7043269230769231 0.03245192307692308 0.07211538461538461
0 0.5396634615384616 0.7043269230769231 0.038461538461538464 0.04927884615384615
0 0.49399038461538464 0.6959134615384616 0.04447115384615385 0.038461538461538464
0 0.4495192307692308 0.6911057692307693 0.038461538461538464 0.04447115384615385
0 0.9627403846153846 0.875 0.0733173076923077 0.055288461538461536
0 0.1346153846153846 0.04447115384615385 0.04447115384615385 0.038461538461538464
0 0.7043269230769231 0.6237980769230769 0.03485576923076923 0.036057692307692304
0 0.7920673076923077 0.6358173076923077 0.040865384615384616 0.028846153846153848
0 0.25 0.375 0.06129807692307692 0.040865384615384616
0 0.3125 0.37740384615384615 0.06370192307692307 0.042067307692307696
0 0.44350961538461536 0.37740384615384615 0.055288461538461536 0.04807692307692308
0 0.5036057692307693 0.38100961538461536 0.057692307692307696 0.04807692307692308
0 0.5745192307692307 0.38461538461538464 0.0733173076923077 0.039663461538461536
0 0.6550480769230769 0.3894230769230769 0.0733173076923077 0.039663461538461536
0 0.8966346153846154 0.4050480769230769 0.09495192307692307 0.040865384615384616
0 0.9050480769230769 0.25600961538461536 0.11658653846153846 0.046875
0 0.8016826923076923 0.2536057692307692 0.078125 0.055288461538461536
0 0.7163461538461539 0.25600961538461536 0.078125 0.052884615384615384
0 0.6418269230769231 0.2608173076923077 0.06610576923076923 0.046875
0 0.5697115384615384 0.25961538461538464 0.07211538461538461 0.04326923076923077
0 0.4963942307692308 0.27283653846153844 0.051682692307692304 0.025240384615384616
0 0.4362980769230769 0.27283653846153844 0.052884615384615384 0.027644230769230768
0 0.375 0.2692307692307692 0.05048076923076923 0.02283653846153846
0 0.32091346153846156 0.26322115384615385 0.05048076923076923 0.042067307692307696
0 0.2704326923076923 0.25961538461538464 0.04807692307692308 0.042067307692307696
0 0.2127403846153846 0.2692307692307692 0.04927884615384615 0.016826923076923076
0 0.1622596153846154 0.2692307692307692 0.046875 0.021634615384615384
0 0.08173076923076923 0.2608173076923077 0.046875 0.038461538461538464
0 0.026442307692307692 0.25961538461538464 0.046875 0.03485576923076923
0 0.24879807692307693 0.03125 0.05889423076923077 0.04567307692307692
0 0.3112980769230769 0.02283653846153846 0.05889423076923077 0.038461538461538464
0 0.3701923076923077 0.02283653846153846 0.052884615384615384 0.037259615384615384
0 0.43509615384615385 0.019230769230769232 0.05048076923076923 0.03485576923076923
0 0.18629807692307693 0.3713942307692308 0.05048076923076923 0.042067307692307696
0 0.12860576923076922 0.3737980769230769 0.054086538461538464 0.030048076923076924
0 0.08774038461538461 0.35697115384615385 0.027644230769230768 0.06971153846153846
0 0.052884615384615384 0.35336538461538464 0.02403846153846154 0.06971153846153846
0 0.8425480769230769 0.6394230769230769 0.037259615384615384 0.027644230769230768
0 0.8894230769230769 0.6478365384615384 0.038461538461538464 0.027644230769230768
0 0.9375 0.6478365384615384 0.040865384615384616 0.039663461538461536
0 0.9807692307692307 0.6526442307692307 0.037259615384615384 0.038461538461538464
0 0.9615384615384616 0.5432692307692307 0.07572115384615384 0.030048076923076924
0 0.8762019230769231 0.5288461538461539 0.0733173076923077 0.04567307692307692
0 0.7944711538461539 0.5192307692307693 0.06850961538461539 0.04326923076923077
0 0.7403846153846154 0.4639423076923077 0.06971153846153846 0.020432692307692308
0 0.6286057692307693 0.45072115384615385 0.06009615384615385 0.018028846153846152
0 0.5973557692307693 0.48197115384615385 0.055288461538461536 0.02403846153846154
0 0.6574519230769231 0.4891826923076923 0.051682692307692304 0.02403846153846154
0 0.7283653846153846 0.49158653846153844 0.0625 0.026442307692307692
0 0.7427884615384616 0.6334134615384616 0.04326923076923077 0.027644230769230768
0 0.7223557692307693 0.5264423076923077 0.05048076923076923 0.02403846153846154
0 0.5901442307692307 0.5144230769230769 0.052884615384615384 0.02403846153846154
0 0.5300480769230769 0.5096153846153846 0.05048076923076923 0.021634615384615384
0 0.47475961538461536 0.5048076923076923 0.04447115384615385 0.015625
0 0.41466346153846156 0.49399038461538464 0.054086538461538464 0.04447115384615385
0 0.3581730769230769 0.4855769230769231 0.046875 0.042067307692307696
0 0.3016826923076923 0.48197115384615385 0.05048076923076923 0.046875
0 0.24759615384615385 0.47836538461538464 0.04567307692307692 0.040865384615384616
0 0.19591346153846154 0.47596153846153844 0.038461538461538464 0.037259615384615384
0 0.15504807692307693 0.4795673076923077 0.042067307692307696 0.020432692307692308
0 0.10817307692307693 0.47475961538461536 0.04807692307692308 0.02283653846153846
0 0.054086538461538464 0.45913461538461536 0.052884615384615384 0.038461538461538464
0 0.016826923076923076 0.3545673076923077 0.03125 0.0673076923076923
0 0.6490384615384616 0.5180288461538461 0.05048076923076923 0.026442307692307692