0 0.8725961538461539 0.5012019230769231 0.02283653846153846 0.04567307692307692
0 0.8425480769230769 0.45552884615384615 0.021634615384615384 0.07451923076923077
0 0.8810096153846154 0.42427884615384615 0.027644230769230768 0.09615384615384616
0 0.84375 0.35216346153846156 0.042067307692307696 0.09254807692307693
0 0.9891826923076923 0.765625 0.016826923076923076 0.06971153846153846
0 0.90625 0.7776442307692307 0.03365384615384615 0.0733173076923077
0 0.9375 0.7740384615384616 0.026442307692307692 0.07091346153846154
0 0.7271634615384616 0.6899038461538461 0.03125 0.08052884615384616
0 0.7596153846153846 0.6875 0.03125 0.08052884615384616
0 0.7932692307692307 0.6814903846153846 0.030048076923076924 0.08173076923076923
0 0.8269230769230769 0.6766826923076923 0.036057692307692304 0.08413461538461539
0 0.8581730769230769 0.6742788461538461 0.025240384615384616 0.0829326923076923
0 0.8846153846153846 0.6706730769230769 0.030048076923076924 0.07932692307692307
0 0.9170673076923077 0.6670673076923077 0.03125 0.07211538461538461
0 0.9495192307692307 0.6670673076923077 0.030048076923076924 0.06129807692307692
0 0.9771634615384616 0.6610576923076923 0.02283653846153846 0.06370192307692307
0 0.021634615384615384 0.9230769230769231 0.042067307692307696 0.03245192307692308
0 0.021634615384615384 0.9603365384615384 0.042067307692307696 0.036057692307692304
0 0.06971153846153846 0.9158653846153846 0.04567307692307692 0.027644230769230768
0 0.07451923076923077 0.9471153846153846 0.05048076923076923 0.027644230769230768
0 0.12620192307692307 0.9146634615384616 0.046875 0.08533653846153846
0 0.17908653846153846 0.890625 0.040865384615384616 0.10216346153846154
0 0.3125 0.8701923076923077 0.046875 0.0985576923076923
0 0.3581730769230769 0.8569711538461539 0.036057692307692304 0.09254807692307693
0 0.875 0.7800480769230769 0.027644230769230768 0.07091346153846154
0 0.8461538461538461 0.7848557692307693 0.03125 0.07932692307692307
0 0.8161057692307693 0.7884615384615384 0.027644230769230768 0.08052884615384616
0 0.7824519230769231 0.7908653846153846 0.039663461538461536 0.08533653846153846
0 0.7439903846153846 0.7992788461538461 0.03125 0.08052884615384616
0 0.7115384615384616 0.8076923076923077 0.03365384615384615 0.078125
0 0.9651442307692307 0.7704326923076923 0.028846153846153848 0.06490384615384616
0 0.6742788461538461 0.8100961538461539 0.03365384615384615 0.09014423076923077
0 0.5949519230769231 0.8197115384615384 0.037259615384615384 0.0889423076923077
0 0.5600961538461539 0.828125 0.02403846153846154 0.09014423076923077
0 0.5336538461538461 0.8329326923076923 0.030048076923076924 0.09495192307692307
0 0.5 0.8473557692307693 0.03485576923076923 0.08774038461538461
0 0.4362980769230769 0.84375 0.030048076923076924 0.0889423076923077
0 0.39903846153846156 0.8533653846153846 0.04326923076923077 0.09975961538461539
0 0.6370192307692307 0.8137019230769231 0.040865384615384616 0.09615384615384616
0 0.2512019230769231 0.8689903846153846 0.052884615384615384 0.09014423076923077
0 0.4675480769230769 0.3233173076923077 0.04927884615384615 0.10817307692307693
0 0.17427884615384615 0.6274038461538461 0.04326923076923077 0.07932692307692307
0 0.6382211538461539 0.47115384615384615 0.03245192307692308 0.06370192307692307
0 0.609375 0.46274038461538464 0.025240384615384616 0.08052884615384616
0 0.5745192307692307 0.46274038461538464 0.03485576923076923 0.0889423076923077
0 0.5372596153846154 0.46153846153846156 0.03245192307692308 0.09134615384615384
0 0.4987980769230769 0.4579326923076923 0.039663461538461536 0.10096153846153846
0 0.4495192307692308 0.46153846153846156 0.04567307692307692 0.09735576923076923
0 0.39783653846153844 0.4651442307692308 0.04326923076923077 0.10336538461538461
0 0.3557692307692308 0.4651442307692308 0.03485576923076923 0.10096153846153846
0 0.3161057692307692 0.4639423076923077 0.038461538461538464 0.10336538461538461
0 0.26802884615384615 0.46274038461538464 0.056490384615384616 0.10697115384615384
0 0.21033653846153846 0.46634615384615385 0.055288461538461536 0.11177884615384616
0 0.1622596153846154 0.4723557692307692 0.04326923076923077 0.09975961538461539
0 0.10697115384615384 0.4699519230769231 0.054086538461538464 0.11658653846153846
0 0.05048076923076923 0.4723557692307692 0.05889423076923077 0.109375
0 0.984375 0.34615384615384615 0.020432692307692308 0.0673076923076923
0 0.9555288461538461 0.34375 0.03245192307692308 0.08774038461538461
0 0.9206730769230769 0.3389423076923077 0.03125 0.08173076923076923
0 0.7836538461538461 0.34134615384615385 0.03125 0.08653846153846154
0 0.7487980769230769 0.33774038461538464 0.030048076923076924 0.08533653846153846
0 0.6790865384615384 0.4579326923076923 0.037259615384615384 0.08653846153846154
0 0.7163461538461539 0.3401442307692308 0.026442307692307692 0.07932692307692307
0 0.7163461538461539 0.45913461538461536 0.03125 0.08052884615384616
0 0.78125 0.4579326923076923 0.03125 0.08533653846153846
0 0.7632211538461539 0.5769230769230769 0.03125 0.08173076923076923
0 0.7367788461538461 0.578125 0.019230769230769232 0.078125
0 0.7067307692307693 0.5793269230769231 0.039663461538461536 0.08653846153846154
0 0.6658653846153846 0.5793269230769231 0.03485576923076923 0.08653846153846154
0 0.6274038461538461 0.5829326923076923 0.036057692307692304 0.08413461538461539
0 0.5889423076923077 0.5841346153846154 0.03485576923076923 0.09254807692307693
0 0.546875 0.5913461538461539 0.03365384615384615 0.08653846153846154
0 0.5144230769230769 0.5925480769230769 0.03245192307692308 0.08774038461538461
0 0.47115384615384615 0.5901442307692307 0.038461538461538464 0.09615384615384616
0 0.4326923076923077 0.59375 0.038461538461538464 0.09975961538461539
0 0.3942307692307692 0.59375 0.038461538461538464 0.09975961538461539
0 0.34975961538461536 0.6009615384615384 0.04807692307692308 0.10576923076923077
0 0.2956730769230769 0.5997596153846154 0.05889423076923077 0.109375
0 0.23317307692307693 0.6057692307692307 0.06009615384615385 0.11778846153846154
0 0.11057692307692307 0.6189903846153846 0.055288461538461536 0.11177884615384616
0 0.056490384615384616 0.6237980769230769 0.051682692307692304 0.10096153846153846
0 0.96875 0.4567307692307692 0.03365384615384615 0.07091346153846154
0 0.9399038461538461 0.4543269230769231 0.02403846153846154 0.0829326923076923
0 0.8125 0.45552884615384615 0.026442307692307692 0.0829326923076923
0 0.75 0.4579326923076923 0.03125 0.08653846153846154
0 0.6826923076923077 0.33413461538461536 0.037259615384615384 0.09014423076923077
0 0.6466346153846154 0.33533653846153844 0.030048076923076924 0.09254807692307693
0 0.6153846153846154 0.3317307692307692 0.03125 0.09735576923076923
0 0.6622596153846154 0.19591346153846154 0.025240384615384616 0.1045673076923077
0 0.6394230769230769 0.19471153846153846 0.020432692307692308 0.09615384615384616
0 0.5841346153846154 0.19230769230769232 0.028846153846153848 0.10216346153846154
0 0.5576923076923077 0.19471153846153846 0.020432692307692308 0.09975961538461539
0 0.5336538461538461 0.19110576923076922 0.02403846153846154 0.09735576923076923
0 0.4987980769230769 0.17908653846153846 0.036057692307692304 0.1141826923076923
0 0.46153846153846156 0.17668269230769232 0.038461538461538464 0.11538461538461539
0 0.421875 0.1622596153846154 0.037259615384615384 0.13701923076923078
0 0.3858173076923077 0.16947115384615385 0.03125 0.11778846153846154
0 0.3485576923076923 0.16466346153846154 0.038461538461538464 0.12139423076923077
0 0.3125 0.1658653846153846 0.030048076923076924 0.109375
0 0.28365384615384615 0.15985576923076922 0.02403846153846154 0.11778846153846154
0 0.2439903846153846 0.15865384615384615 0.04447115384615385 0.11298076923076923
0 0.19831730769230768 0.1622596153846154 0.03365384615384615 0.1045673076923077
0 0.16346153846153846 0.14783653846153846 0.03245192307692308 0.125
0 0.12379807692307693 0.14543269230769232 0.039663461538461536 0.12860576923076922
0 0.08173076923076923 0.140625 0.037259615384615384 0.1310096153846154
0 0.040865384615384616 0.14423076923076922 0.037259615384615384 0.11899038461538461
0 0.01201923076923077 0.13822115384615385 0.021634615384615384 0.1310096153846154
0 0.6935096153846154 0.19951923076923078 0.03485576923076923 0.09735576923076923
0 0.7235576923076923 0.20192307692307693 0.02403846153846154 0.10096153846153846
0 0.7451923076923077 0.2091346153846154 0.019230769230769232 0.08653846153846154
0 0.765625 0.21153846153846154 0.021634615384615384 0.08413461538461539
0 0.5745192307692307 0.3293269230769231 0.039663461538461536 0.09735576923076923
0 0.5276442307692307 0.328125 0.04807692307692308 0.10096153846153846
0 0.4182692307692308 0.3245192307692308 0.046875 0.10336538461538461
0 0.37740384615384615 0.32211538461538464 0.03125 0.10096153846153846
0 0.34615384615384615 0.3233173076923077 0.025240384615384616 0.10216346153846154
0 0.31971153846153844 0.3233173076923077 0.025240384615384616 0.10216346153846154
0 0.28846153846153844 0.31850961538461536 0.03125 0.109375
0 0.25 0.31850961538461536 0.03485576923076923 0.10336538461538461
0 0.21153846153846154 0.31490384615384615 0.03485576923076923 0.109375
0 0.8016826923076923 0.5697115384615384 0.028846153846153848 0.08173076923076923
0 0.16346153846153846 0.3173076923076923 0.055288461538461536 0.11298076923076923
0 0.042067307692307696 0.3473557692307692 0.0625 0.04326923076923077
0 0.9831730769230769 0.23677884615384615 0.03125 0.0733173076923077
0 0.9411057692307693 0.23076923076923078 0.040865384615384616 0.06971153846153846
0 0.9074519230769231 0.22716346153846154 0.02283653846153846 0.07692307692307693
0 0.8798076923076923 0.21634615384615385 0.027644230769230768 0.08653846153846154
0 0.8545673076923077 0.2127403846153846 0.020432692307692308 0.09134615384615384
0 0.8305288461538461 0.21875 0.016826923076923076 0.07932692307692307
0 0.8088942307692307 0.21153846153846154 0.021634615384615384 0.09375
0 0.7872596153846154 0.21514423076923078 0.019230769230769232 0.08653846153846154
0 0.10817307692307693 0.31490384615384615 0.04567307692307692 0.1141826923076923
0 0.8293269230769231 0.5709134615384616 0.021634615384615384 0.07572115384615384
0 0.6141826923076923 0.19110576923076922 0.028846153846153848 0.1045673076923077
0 0.8930288461538461 0.5637019230769231 0.03485576923076923 0.08052884615384616
0 0.6971153846153846 0.6862980769230769 0.018028846153846152 0.08173076923076923
0 0.8569711538461539 0.5685096153846154 0.025240384615384616 0.07572115384615384
0 0.6394230769230769 0.6959134615384616 0.027644230769230768 0.0889423076923077
0 0.6069711538461539 0.7007211538461539 0.03365384615384615 0.09134615384615384
0 0.5721153846153846 0.703125 0.03245192307692308 0.09735576923076923
0 0.5348557692307693 0.7091346153846154 0.03485576923076923 0.09014423076923077
0 0.4951923076923077 0.7151442307692307 0.04326923076923077 0.09975961538461539
0 0.4495192307692308 0.71875 0.04807692307692308 0.09495192307692307
0 0.6694711538461539 0.6935096153846154 0.03245192307692308 0.09134615384615384
0 0.07451923076923077 0.7632211538461539 0.04447115384615385 0.10576923076923077
0 0.3954326923076923 0.7259615384615384 0.04807692307692308 0.11057692307692307
0 0.3449519230769231 0.7283653846153846 0.046875 0.10576923076923077
0 0.2920673076923077 0.7319711538461539 0.04807692307692308 0.11658653846153846
0 0.23557692307692307 0.7403846153846154 0.06129807692307692 0.10576923076923077
0 0.12860576923076922 0.7584134615384616 0.0625 0.11658653846153846
0 0.9290865384615384 0.5600961538461539 0.03245192307692308 0.0829326923076923
0 0.9891826923076923 0.5612980769230769 0.016826923076923076 0.06971153846153846
0 0.9615384615384616 0.5661057692307693 0.03125 0.06610576923076923