0 0.8798076923076923 0.59375 0.04567307692307692 0.0733173076923077
0 0.8509615384615384 0.4963942307692308 0.03245192307692308 0.09254807692307693
0 0.7908653846153846 0.6177884615384616 0.042067307692307696 0.08533653846153846
0 0.8341346153846154 0.6069711538461539 0.038461538461538464 0.08653846153846154
0 0.8882211538461539 0.4891826923076923 0.03485576923076923 0.0889423076923077
0 0.9362980769230769 0.5528846153846154 0.042067307692307696 0.0829326923076923
0 0.9771634615384616 0.6382211538461539 0.04326923076923077 0.07692307692307693
0 0.9278846153846154 0.6514423076923077 0.04567307692307692 0.0829326923076923
0 0.9447115384615384 0.4651442307692308 0.02403846153846154 0.07692307692307693
0 0.9699519230769231 0.4639423076923077 0.025240384615384616 0.0673076923076923
0 0.8088942307692307 0.5012019230769231 0.04567307692307692 0.0985576923076923
0 0.9182692307692307 0.4723557692307692 0.02403846153846154 0.06971153846153846
0 0.4495192307692308 0.5853365384615384 0.0829326923076923 0.08413461538461539
0 0.7151442307692307 0.5228365384615384 0.042067307692307696 0.09975961538461539
0 0.7439903846153846 0.6286057692307693 0.05048076923076923 0.09134615384615384
0 0.6382211538461539 0.2848557692307692 0.036057692307692304 0.125
0 0.5949519230769231 0.2860576923076923 0.04326923076923077 0.12620192307692307
0 0.21514423076923078 0.2247596153846154 0.025240384615384616 0.02283653846153846
0 0.21754807692307693 0.24879807692307693 0.036057692307692304 0.019230769230769232
0 0.16947115384615385 0.42788461538461536 0.078125 0.15384615384615385
0 0.07451923076923077 0.43509615384615385 0.10697115384615384 0.1622596153846154
0 0.04567307692307692 0.6129807692307693 0.08653846153846154 0.15865384615384615
0 0.13701923076923078 0.5997596153846154 0.08533653846153846 0.15264423076923078
0 0.21634615384615385 0.5913461538461539 0.0625 0.140625
0 0.2860576923076923 0.5997596153846154 0.06370192307692307 0.13221153846153846
0 0.359375 0.5841346153846154 0.078125 0.1310096153846154
0 0.5336538461538461 0.5697115384615384 0.07932692307692307 0.0829326923076923
0 0.6057692307692307 0.5396634615384616 0.054086538461538464 0.10817307692307693
0 0.6634615384615384 0.5288461538461539 0.055288461538461536 0.10336538461538461
0 0.7608173076923077 0.5120192307692307 0.04326923076923077 0.09254807692307693
0 0.6862980769230769 0.6237980769230769 0.055288461538461536 0.046875
0 0.5096153846153846 0.7884615384615384 0.06009615384615385 0.037259615384615384
0 0.6237980769230769 0.640625 0.0625 0.046875
0 0.5492788461538461 0.2848557692307692 0.046875 0.12980769230769232
0 0.8149038461538461 0.7127403846153846 0.054086538461538464 0.078125
0 0.8713942307692307 0.6959134615384616 0.04927884615384615 0.07572115384615384
0 0.765625 0.7235576923076923 0.027644230769230768 0.08653846153846154
0 0.7367788461538461 0.7367788461538461 0.025240384615384616 0.078125
0 0.6911057692307693 0.7283653846153846 0.04807692307692308 0.03365384615384615
0 0.6971153846153846 0.7740384615384616 0.052884615384615384 0.036057692307692304
0 0.6358173076923077 0.7956730769230769 0.06009615384615385 0.037259615384615384
0 0.6310096153846154 0.7463942307692307 0.06129807692307692 0.030048076923076924
0 0.5769230769230769 0.8221153846153846 0.05048076923076923 0.038461538461538464
0 0.5072115384615384 0.8449519230769231 0.05048076923076923 0.046875
0 0.46153846153846156 0.8425480769230769 0.028846153846153848 0.09975961538461539
0 0.43149038461538464 0.8485576923076923 0.020432692307692308 0.09975961538461539
0 0.4074519230769231 0.8569711538461539 0.021634615384615384 0.0985576923076923
0 0.6875 0.6742788461538461 0.05048076923076923 0.04447115384615385
0 0.3798076923076923 0.8641826923076923 0.028846153846153848 0.11658653846153846
0 0.3076923076923077 0.890625 0.042067307692307696 0.11778846153846154
0 0.23677884615384615 0.9074519230769231 0.09134615384615384 0.13701923076923078
0 0.12980769230769232 0.9362980769230769 0.10336538461538461 0.12620192307692307
0 0.09735576923076923 0.78125 0.07692307692307693 0.16466346153846154
0 0.17668269230769232 0.7608173076923077 0.0673076923076923 0.16105769230769232
0 0.24759615384615385 0.7427884615384616 0.06490384615384616 0.1502403846153846
0 0.3233173076923077 0.7475961538461539 0.0673076923076923 0.13221153846153846
0 0.3942307692307692 0.7319711538461539 0.06129807692307692 0.12259615384615384
0 0.47836538461538464 0.7439903846153846 0.08173076923076923 0.038461538461538464
0 0.47115384615384615 0.7043269230769231 0.09375 0.036057692307692304
0 0.5588942307692307 0.7211538461538461 0.0673076923076923 0.03125
0 0.5540865384615384 0.6899038461538461 0.0673076923076923 0.028846153846153848
0 0.546875 0.6550480769230769 0.06971153846153846 0.037259615384615384
0 0.6286057692307693 0.6935096153846154 0.0625 0.046875
0 0.3485576923076923 0.8762019230769231 0.030048076923076924 0.11778846153846154
0 0.5060096153846154 0.30408653846153844 0.03125 0.09615384615384616
0 0.30528846153846156 0.1141826923076923 0.04567307692307692 0.13341346153846154
0 0.4230769230769231 0.32091346153846156 0.08173076923076923 0.05889423076923077
0 0.5673076923076923 0.1622596153846154 0.040865384615384616 0.07572115384615384
0 0.609375 0.1658653846153846 0.037259615384615384 0.078125
0 0.6586538461538461 0.15144230769230768 0.055288461538461536 0.0985576923076923
0 0.7067307692307693 0.1502403846153846 0.036057692307692304 0.0889423076923077
0 0.7415865384615384 0.15264423076923078 0.028846153846153848 0.08533653846153846
0 0.7764423076923077 0.16105769230769232 0.03245192307692308 0.08774038461538461
0 0.8076923076923077 0.16826923076923078 0.026442307692307692 0.08052884615384616
0 0.8365384615384616 0.16947115384615385 0.02283653846153846 0.078125
0 0.8629807692307693 0.17307692307692307 0.028846153846153848 0.08653846153846154
0 0.8954326923076923 0.1778846153846154 0.03245192307692308 0.08774038461538461
0 0.9423076923076923 0.16346153846153846 0.052884615384615384 0.042067307692307696
0 0.9435096153846154 0.20552884615384615 0.05048076923076923 0.038461538461538464
0 0.9639423076923077 0.2848557692307692 0.04807692307692308 0.04807692307692308
0 0.9699519230769231 0.37259615384615385 0.055288461538461536 0.02403846153846154
0 0.9699519230769231 0.39302884615384615 0.05889423076923077 0.020432692307692308
0 0.4495192307692308 0.12379807692307693 0.055288461538461536 0.13942307692307693
0 0.3786057692307692 0.11778846153846154 0.08052884615384616 0.14302884615384615
0 0.8870192307692307 0.2620192307692308 0.04567307692307692 0.03245192307692308
0 0.24519230769230768 0.09735576923076923 0.06610576923076923 0.14903846153846154
0 0.15985576923076922 0.08052884615384616 0.09375 0.16105769230769232
0 0.056490384615384616 0.07572115384615384 0.09975961538461539 0.1502403846153846
0 0.8100961538461539 0.32572115384615385 0.05048076923076923 0.23197115384615385
0 0.9711538461538461 0.41466346153846156 0.052884615384615384 0.020432692307692308
0 0.47716346153846156 0.30408653846153844 0.021634615384615384 0.09615384615384616
0 0.9146634615384616 0.296875 0.036057692307692304 0.036057692307692304
0 0.5132211538461539 0.12740384615384615 0.06009615384615385 0.14302884615384615
0 0.9699519230769231 0.3485576923076923 0.05889423076923077 0.015625
0 0.359375 0.2512019230769231 0.08173076923076923 0.026442307692307692
0 0.34375 0.31009615384615385 0.06610576923076923 0.09014423076923077
0 0.2704326923076923 0.3076923076923077 0.07451923076923077 0.09254807692307693
0 0.06971153846153846 0.24879807692307693 0.08533653846153846 0.1778846153846154
0 0.15745192307692307 0.25600961538461536 0.08052884615384616 0.16947115384615385
0 0.296875 0.46274038461538464 0.027644230769230768 0.10216346153846154
0 0.25961538461538464 0.4651442307692308 0.039663461538461536 0.09975961538461539
0 0.33653846153846156 0.43990384615384615 0.04927884615384615 0.14903846153846154
0 0.3858173076923077 0.43509615384615385 0.04807692307692308 0.140625
0 0.4411057692307692 0.43028846153846156 0.04807692307692308 0.13822115384615385
0 0.9819711538461539 0.5396634615384616 0.03125 0.07451923076923077
0 0.5444711538461539 0.4326923076923077 0.038461538461538464 0.09014423076923077
0 0.5877403846153846 0.42908653846153844 0.03365384615384615 0.09014423076923077
0 0.6274038461538461 0.42427884615384615 0.03365384615384615 0.09014423076923077
0 0.4963942307692308 0.42427884615384615 0.054086538461538464 0.12860576923076922
0 0.7247596153846154 0.41586538461538464 0.04927884615384615 0.0733173076923077
0 0.7680288461538461 0.4074519230769231 0.027644230769230768 0.08052884615384616
0 0.6838942307692307 0.2980769230769231 0.05048076923076923 0.08774038461538461
0 0.7451923076923077 0.296875 0.0625 0.0889423076923077
0 0.8569711538461539 0.39783653846153844 0.03485576923076923 0.0829326923076923
0 0.8954326923076923 0.3942307692307692 0.037259615384615384 0.08052884615384616
0 0.9254807692307693 0.3701923076923077 0.021634615384615384 0.06971153846153846
0 0.9651442307692307 0.3173076923076923 0.055288461538461536 0.013221153846153846
0 0.9663461538461539 0.3329326923076923 0.055288461538461536 0.01201923076923077
0 0.671875 0.4206730769230769 0.051682692307692304 0.07572115384615384