0 0.3942307692307692 0.6165865384615384 0.03245192307692308 0.08533653846153846
0 0.4170673076923077 0.625 0.016826923076923076 0.08413461538461539
0 0.4423076923076923 0.6442307692307693 0.025240384615384616 0.0985576923076923
0 0.4675480769230769 0.6466346153846154 0.02403846153846154 0.0985576923076923
0 0.48677884615384615 0.6394230769230769 0.014423076923076924 0.08774038461538461
0 0.5204326923076923 0.6538461538461539 0.027644230769230768 0.0889423076923077
0 0.6466346153846154 0.6814903846153846 0.046875 0.1045673076923077
0 0.59375 0.6730769230769231 0.036057692307692304 0.10697115384615384
0 0.6875 0.6790865384615384 0.027644230769230768 0.0889423076923077
0 0.7163461538461539 0.7175480769230769 0.030048076923076924 0.11057692307692307
0 0.7524038461538461 0.7259615384615384 0.038461538461538464 0.11658653846153846
0 0.8028846153846154 0.7548076923076923 0.04927884615384615 0.09495192307692307
0 0.8449519230769231 0.7536057692307693 0.030048076923076924 0.10096153846153846
0 0.5456730769230769 0.6658653846153846 0.021634615384615384 0.10216346153846154
0 0.32211538461538464 0.6310096153846154 0.10817307692307693 0.01201923076923077
0 0.17668269230769232 0.5673076923076923 0.109375 0.008413461538461538
0 0.30288461538461536 0.6598557692307693 0.109375 0.015625
0 0.9723557692307693 0.7884615384615384 0.054086538461538464 0.11778846153846154
0 0.9086538461538461 0.7692307692307693 0.038461538461538464 0.11778846153846154
0 0.8725961538461539 0.7608173076923077 0.027644230769230768 0.10817307692307693
0 0.3629807692307692 0.5180288461538461 0.021634615384615384 0.055288461538461536
0 0.4026442307692308 0.5132211538461539 0.027644230769230768 0.08774038461538461
0 0.42788461538461536 0.5204326923076923 0.025240384615384616 0.08774038461538461
0 0.453125 0.5240384615384616 0.02283653846153846 0.08774038461538461
0 0.48677884615384615 0.5288461538461539 0.02283653846153846 0.08774038461538461
0 0.5180288461538461 0.5348557692307693 0.02283653846153846 0.09134615384615384
0 0.5456730769230769 0.5420673076923077 0.02403846153846154 0.09254807692307693
0 0.5733173076923077 0.546875 0.025240384615384616 0.09375
0 0.5973557692307693 0.5528846153846154 0.025240384615384616 0.09254807692307693
0 0.6225961538461539 0.5600961538461539 0.02403846153846154 0.09254807692307693
0 0.6454326923076923 0.5673076923076923 0.019230769230769232 0.09375
0 0.31009615384615385 0.6454326923076923 0.109375 0.015625
0 0.6670673076923077 0.5733173076923077 0.02283653846153846 0.09495192307692307
0 0.71875 0.5853365384615384 0.028846153846153848 0.09615384615384616
0 0.7487980769230769 0.5865384615384616 0.028846153846153848 0.09615384615384616
0 0.7764423076923077 0.5925480769230769 0.02283653846153846 0.09495192307692307
0 0.8004807692307693 0.5985576923076923 0.02283653846153846 0.09495192307692307
0 0.8317307692307693 0.6334134615384616 0.038461538461538464 0.038461538461538464
0 0.8737980769230769 0.6442307692307693 0.042067307692307696 0.039663461538461536
0 0.9302884615384616 0.640625 0.0673076923076923 0.07211538461538461
0 0.9819711538461539 0.6514423076923077 0.03125 0.08173076923076923
0 0.03485576923076923 0.5528846153846154 0.0625 0.02403846153846154
0 0.057692307692307696 0.5324519230769231 0.0733173076923077 0.016826923076923076
0 0.10576923076923077 0.5180288461538461 0.07451923076923077 0.01201923076923077
0 0.15745192307692307 0.5973557692307693 0.10697115384615384 0.01201923076923077
0 0.16466346153846154 0.5853365384615384 0.10817307692307693 0.009615384615384616
0 0.16466346153846154 0.5769230769230769 0.109375 0.009615384615384616
0 0.6911057692307693 0.5805288461538461 0.025240384615384616 0.09495192307692307
0 0.5649038461538461 0.6598557692307693 0.015625 0.10216346153846154
0 0.06610576923076923 0.27163461538461536 0.02403846153846154 0.07692307692307693
0 0.12259615384615384 0.17668269230769232 0.01201923076923077 0.07451923076923077
0 0.9038461538461539 0.3545673076923077 0.027644230769230768 0.0889423076923077
0 0.9350961538461539 0.35096153846153844 0.03485576923076923 0.09615384615384616
0 0.9747596153846154 0.35336538461538464 0.042067307692307696 0.10216346153846154
0 0.01201923076923077 0.3545673076923077 0.018028846153846152 0.06850961538461539
0 0.030048076923076924 0.35697115384615385 0.018028846153846152 0.06850961538461539
0 0.046875 0.35697115384615385 0.016826923076923076 0.06490384615384616
0 0.06129807692307692 0.3701923076923077 0.01201923076923077 0.057692307692307696
0 0.07451923076923077 0.375 0.015625 0.055288461538461536
0 0.09375 0.36899038461538464 0.021634615384615384 0.06850961538461539
0 0.11658653846153846 0.37740384615384615 0.021634615384615384 0.06610576923076923
0 0.140625 0.390625 0.016826923076923076 0.04447115384615385
0 0.16105769230769232 0.38100961538461536 0.02403846153846154 0.06850961538461539
0 0.18629807692307693 0.3858173076923077 0.02403846153846154 0.06610576923076923
0 0.21634615384615385 0.39783653846153844 0.03485576923076923 0.05889423076923077
0 0.2512019230769231 0.4014423076923077 0.03485576923076923 0.057692307692307696
0 0.28966346153846156 0.41346153846153844 0.03485576923076923 0.018028846153846152
0 0.2860576923076923 0.42908653846153844 0.030048076923076924 0.010817307692307692
0 0.3173076923076923 0.41225961538461536 0.021634615384615384 0.016826923076923076
0 0.34375 0.4170673076923077 0.03245192307692308 0.019230769230769232
0 0.36778846153846156 0.4110576923076923 0.016826923076923076 0.016826923076923076
0 0.38341346153846156 0.4098557692307692 0.016826923076923076 0.016826923076923076
0 0.3137019230769231 0.42908653846153844 0.019230769230769232 0.01201923076923077
0 0.33774038461538464 0.4326923076923077 0.026442307692307692 0.01201923076923077
0 0.36658653846153844 0.4375 0.03245192307692308 0.020432692307692308
0 0.39783653846153844 0.4411057692307692 0.025240384615384616 0.020432692307692308
0 0.421875 0.41225961538461536 0.021634615384615384 0.078125
0 0.44711538461538464 0.41586538461538464 0.025240384615384616 0.08173076923076923
0 0.46634615384615385 0.41466346153846156 0.014423076923076924 0.08413461538461539
0 0.5060096153846154 0.421875 0.03245192307692308 0.08533653846153846
0 0.8653846153846154 0.3425480769230769 0.046875 0.10697115384615384
0 0.5360576923076923 0.43028846153846156 0.03125 0.08533653846153846
0 0.8185096153846154 0.33653846153846156 0.04326923076923077 0.10697115384615384
0 0.7463942307692307 0.3329326923076923 0.030048076923076924 0.0985576923076923
0 0.09975961538461539 0.27524038461538464 0.018028846153846152 0.07692307692307693
0 0.12259615384615384 0.27524038461538464 0.02403846153846154 0.08173076923076923
0 0.14903846153846154 0.2800480769230769 0.021634615384615384 0.08052884615384616
0 0.16947115384615385 0.2824519230769231 0.015625 0.07932692307692307
0 0.18509615384615385 0.2848557692307692 0.014423076923076924 0.07572115384615384
0 0.20072115384615385 0.2824519230769231 0.015625 0.08173076923076923
0 0.01201923076923077 0.28365384615384615 0.015625 0.046875
0 0.24759615384615385 0.2848557692307692 0.028846153846153848 0.08774038461538461
0 0.26802884615384615 0.2848557692307692 0.01201923076923077 0.08533653846153846
0 0.2848557692307692 0.2860576923076923 0.019230769230769232 0.0889423076923077
0 0.3016826923076923 0.28725961538461536 0.014423076923076924 0.08413461538461539
0 0.3173076923076923 0.28966346153846156 0.016826923076923076 0.09014423076923077
0 0.35216346153846156 0.2824519230769231 0.042067307692307696 0.055288461538461536
0 0.35096153846153844 0.328125 0.03365384615384615 0.020432692307692308
0 0.38221153846153844 0.3269230769230769 0.02403846153846154 0.028846153846153848
0 0.39663461538461536 0.3004807692307692 0.028846153846153848 0.02403846153846154
0 0.4050480769230769 0.3269230769230769 0.020432692307692308 0.027644230769230768
0 0.4254807692307692 0.296875 0.030048076923076924 0.09375
0 0.453125 0.2980769230769231 0.02403846153846154 0.09495192307692307
0 0.47596153846153844 0.29927884615384615 0.020432692307692308 0.09495192307692307
0 0.4963942307692308 0.3016826923076923 0.020432692307692308 0.09735576923076923
0 0.5180288461538461 0.30288461538461536 0.021634615384615384 0.09975961538461539
0 0.5408653846153846 0.30528846153846156 0.021634615384615384 0.09975961538461539
0 0.5745192307692307 0.3245192307692308 0.042067307692307696 0.055288461538461536
0 0.6009615384615384 0.31971153846153844 0.013221153846153846 0.046875
0 0.6237980769230769 0.32572115384615385 0.028846153846153848 0.07932692307692307
0 0.6538461538461539 0.3269230769230769 0.028846153846153848 0.08533653846153846
0 0.6802884615384616 0.3389423076923077 0.02403846153846154 0.07091346153846154
0 0.7115384615384616 0.33052884615384615 0.037259615384615384 0.09254807692307693
0 0.7788461538461539 0.3449519230769231 0.036057692307692304 0.08173076923076923
0 0.03365384615384615 0.2704326923076923 0.027644230769230768 0.0733173076923077
0 0.5661057692307693 0.4338942307692308 0.028846153846153848 0.0889423076923077
0 0.6225961538461539 0.43990384615384615 0.028846153846153848 0.08774038461538461
0 0.8161057692307693 0.19230769230769232 0.03485576923076923 0.09975961538461539
0 0.7824519230769231 0.19110576923076922 0.028846153846153848 0.0985576923076923
0 0.75 0.18990384615384615 0.030048076923076924 0.0985576923076923
0 0.7163461538461539 0.18629807692307693 0.03365384615384615 0.09975961538461539
0 0.6850961538461539 0.17908653846153846 0.025240384615384616 0.109375
0 0.6598557692307693 0.18028846153846154 0.02283653846153846 0.109375
0 0.6334134615384616 0.17427884615384615 0.027644230769230768 0.11658653846153846
0 0.6069711538461539 0.1778846153846154 0.02403846153846154 0.10817307692307693
0 0.5697115384615384 0.17307692307692307 0.036057692307692304 0.11899038461538461
0 0.5276442307692307 0.17668269230769232 0.03485576923076923 0.11057692307692307
0 0.49038461538461536 0.171875 0.027644230769230768 0.11658653846153846
0 0.4651442307692308 0.17307692307692307 0.018028846153846152 0.11057692307692307
0 0.4483173076923077 0.18389423076923078 0.01201923076923077 0.09014423076923077
0 0.43509615384615385 0.1814903846153846 0.01201923076923077 0.09495192307692307
0 0.4170673076923077 0.1778846153846154 0.021634615384615384 0.09615384615384616
0 0.3942307692307692 0.1778846153846154 0.021634615384615384 0.09375
0 0.3737980769230769 0.1778846153846154 0.016826923076923076 0.09134615384615384
0 0.35216346153846156 0.17908653846153846 0.020432692307692308 0.0889423076923077
0 0.3317307692307692 0.17908653846153846 0.018028846153846152 0.09014423076923077
0 0.3161057692307692 0.18028846153846154 0.015625 0.08413461538461539
0 0.2956730769230769 0.1778846153846154 0.02283653846153846 0.08653846153846154
0 0.27403846153846156 0.17668269230769232 0.019230769230769232 0.08413461538461539
0 0.2536057692307692 0.17668269230769232 0.019230769230769232 0.08413461538461539
0 0.23557692307692307 0.17548076923076922 0.019230769230769232 0.08413461538461539
0 0.21514423076923078 0.17908653846153846 0.015625 0.07451923076923077
0 0.19110576923076922 0.1778846153846154 0.015625 0.07451923076923077
0 0.171875 0.1778846153846154 0.019230769230769232 0.07932692307692307
0 0.15264423076923078 0.17668269230769232 0.016826923076923076 0.07932692307692307
0 0.13581730769230768 0.17548076923076922 0.013221153846153846 0.07572115384615384
0 0.8521634615384616 0.18269230769230768 0.036057692307692304 0.11658653846153846
0 0.5949519230769231 0.4375 0.028846153846153848 0.08774038461538461
0 0.890625 0.18389423076923078 0.039663461538461536 0.12139423076923077
0 0.9579326923076923 0.1935096153846154 0.03125 0.10697115384615384
0 0.6706730769230769 0.4483173076923077 0.04326923076923077 0.09495192307692307
0 0.7211538461538461 0.4579326923076923 0.046875 0.09495192307692307
0 0.7584134615384616 0.46274038461538464 0.03245192307692308 0.09975961538461539
0 0.7908653846153846 0.46634615384615385 0.03245192307692308 0.10096153846153846
0 0.8233173076923077 0.4735576923076923 0.03245192307692308 0.10216346153846154
0 0.8557692307692307 0.47716346153846156 0.03245192307692308 0.10216346153846154
0 0.8894230769230769 0.48197115384615385 0.03485576923076923 0.10096153846153846
0 0.9194711538461539 0.5012019230769231 0.027644230769230768 0.07572115384615384
0 0.010817307692307692 0.44711538461538464 0.01201923076923077 0.057692307692307696
0 0.026442307692307692 0.45072115384615385 0.015625 0.057692307692307696
0 0.040865384615384616 0.453125 0.015625 0.057692307692307696
0 0.056490384615384616 0.45072115384615385 0.015625 0.057692307692307696
0 0.07211538461538461 0.4519230769230769 0.013221153846153846 0.06490384615384616
0 0.08533653846153846 0.453125 0.010817307692307692 0.0673076923076923
0 0.09975961538461539 0.45552884615384615 0.013221153846153846 0.06850961538461539
0 0.11298076923076923 0.4579326923076923 0.013221153846153846 0.06971153846153846
0 0.12740384615384615 0.46153846153846156 0.013221153846153846 0.06971153846153846
0 0.13822115384615385 0.4639423076923077 0.010817307692307692 0.07091346153846154
0 0.15384615384615385 0.47475961538461536 0.016826923076923076 0.0625
0 0.171875 0.47836538461538464 0.016826923076923076 0.0625
0 0.1935096153846154 0.48197115384615385 0.018028846153846152 0.057692307692307696
0 0.21634615384615385 0.49278846153846156 0.013221153846153846 0.042067307692307696
0 0.22956730769230768 0.4879807692307692 0.015625 0.054086538461538464
0 0.2536057692307692 0.5 0.028846153846153848 0.056490384615384616
0 0.27884615384615385 0.5036057692307693 0.021634615384615384 0.052884615384615384
0 0.30288461538461536 0.5060096153846154 0.02403846153846154 0.051682692307692304
0 0.3245192307692308 0.5048076923076923 0.018028846153846152 0.04807692307692308
0 0.34375 0.5012019230769231 0.016826923076923076 0.051682692307692304
0 0.9867788461538461 0.19230769230769232 0.021634615384615384 0.11057692307692307
0 0.9254807692307693 0.1935096153846154 0.030048076923076924 0.1045673076923077
0 0.9639423076923077 0.5096153846153846 0.05889423076923077 0.07451923076923077