0 0.054086538461538464 0.25 0.05889423076923077 0.03485576923076923
0 0.32091346153846156 0.5805288461538461 0.055288461538461536 0.07211538461538461
0 0.17307692307692307 0.59375 0.17067307692307693 0.038461538461538464
0 0.171875 0.5552884615384616 0.17307692307692307 0.036057692307692304
0 0.040865384615384616 0.5925480769230769 0.07692307692307693 0.036057692307692304
0 0.039663461538461536 0.5552884615384616 0.07572115384615384 0.037259615384615384
0 0.9038461538461539 0.48677884615384615 0.13581730769230768 0.06129807692307692
0 0.7980769230769231 0.5 0.0673076923076923 0.028846153846153848
0 0.7175480769230769 0.5 0.06490384615384616 0.030048076923076924
0 0.6490384615384616 0.4987980769230769 0.06009615384615385 0.028846153846153848
0 0.7824519230769231 0.47716346153846156 0.07211538461538461 0.015625
0 0.7524038461538461 0.46033653846153844 0.06490384615384616 0.013221153846153846
0 0.7115384615384616 0.47596153846153844 0.0625 0.015625
0 0.6466346153846154 0.4735576923076923 0.05889423076923077 0.018028846153846152
0 0.4266826923076923 0.484375 0.07572115384615384 0.046875
0 0.34975961538461536 0.4831730769230769 0.06971153846153846 0.04326923076923077
0 0.3870192307692308 0.5913461538461539 0.06490384615384616 0.051682692307692304
0 0.46153846153846156 0.5901442307692307 0.06610576923076923 0.04807692307692308
0 0.28365384615384615 0.6622596153846154 0.039663461538461536 0.04447115384615385
0 0.2932692307692308 0.7295673076923077 0.04807692307692308 0.06971153846153846
0 0.039663461538461536 0.6538461538461539 0.07572115384615384 0.038461538461538464
0 0.9795673076923077 0.59375 0.038461538461538464 0.05889423076923077
0 0.9254807692307693 0.5841346153846154 0.07211538461538461 0.08533653846153846
0 0.8461538461538461 0.6081730769230769 0.08052884615384616 0.037259615384615384
0 0.8401442307692307 0.5661057692307693 0.06971153846153846 0.037259615384615384
0 0.7680288461538461 0.5841346153846154 0.057692307692307696 0.07692307692307693
0 0.6887019230769231 0.6033653846153846 0.078125 0.039663461538461536
0 0.41947115384615385 0.43990384615384615 0.0733173076923077 0.040865384615384616
0 0.6899038461538461 0.5612980769230769 0.0889423076923077 0.040865384615384616
0 0.5745192307692307 0.5721153846153846 0.12379807692307693 0.027644230769230768
0 0.578125 0.5432692307692307 0.1141826923076923 0.027644230769230768
0 0.2860576923076923 0.9447115384615384 0.051682692307692304 0.056490384615384616
0 0.28966346153846156 0.8786057692307693 0.06850961538461539 0.06850961538461539
0 0.32572115384615385 0.7980769230769231 0.020432692307692308 0.052884615384615384
0 0.28725961538461536 0.8040865384615384 0.05048076923076923 0.06610576923076923
0 0.33052884615384615 0.7283653846153846 0.021634615384615384 0.054086538461538464
0 0.5709134615384616 0.6045673076923077 0.11899038461538461 0.03245192307692308
0 0.3557692307692308 0.44350961538461536 0.04567307692307692 0.03485576923076923
0 0.2644230769230769 0.4855769230769231 0.06971153846153846 0.038461538461538464
0 0.9795673076923077 0.23677884615384615 0.038461538461538464 0.037259615384615384
0 0.039663461538461536 0.44471153846153844 0.07451923076923077 0.038461538461538464
0 0.984375 0.3870192307692308 0.030048076923076924 0.04447115384615385
0 0.984375 0.33774038461538464 0.030048076923076924 0.046875
0 0.9038461538461539 0.3894230769230769 0.12379807692307693 0.040865384615384616
0 0.9026442307692307 0.34975961538461536 0.1201923076923077 0.036057692307692304
0 0.7704326923076923 0.3894230769230769 0.12259615384615384 0.037259615384615384
0 0.7704326923076923 0.3485576923076923 0.12740384615384615 0.03485576923076923
0 0.9170673076923077 0.23557692307692307 0.07692307692307693 0.03485576923076923
0 0.6574519230769231 0.38461538461538464 0.0889423076923077 0.039663461538461536
0 0.5564903846153846 0.38341346153846156 0.0889423076923077 0.036057692307692304
0 0.5588942307692307 0.34134615384615385 0.09014423076923077 0.042067307692307696
0 0.42427884615384615 0.37740384615384615 0.0733173076923077 0.042067307692307696
0 0.4230769230769231 0.34375 0.06971153846153846 0.026442307692307692
0 0.359375 0.3762019230769231 0.039663461538461536 0.038461538461538464
0 0.35697115384615385 0.33653846153846156 0.036057692307692304 0.03485576923076923
0 0.9795673076923077 0.28125 0.038461538461538464 0.038461538461538464
0 0.6526442307692307 0.34375 0.08052884615384616 0.037259615384615384
0 0.040865384615384616 0.6959134615384616 0.07692307692307693 0.04807692307692308
0 0.8353365384615384 0.27403846153846156 0.07451923076923077 0.036057692307692304
0 0.8425480769230769 0.23317307692307693 0.06971153846153846 0.03485576923076923
0 0.13822115384615385 0.21394230769230768 0.08413461538461539 0.039663461538461536
0 0.13341346153846154 0.2536057692307692 0.0829326923076923 0.036057692307692304
0 0.3425480769230769 0.21754807692307693 0.05048076923076923 0.04326923076923077
0 0.34615384615384615 0.2608173076923077 0.039663461538461536 0.037259615384615384
0 0.4110576923076923 0.2283653846153846 0.0733173076923077 0.042067307692307696
0 0.25 0.44711538461538464 0.055288461538461536 0.03245192307692308
0 0.1502403846153846 0.4855769230769231 0.14783653846153846 0.036057692307692304
0 0.7548076923076923 0.2704326923076923 0.07932692307692307 0.037259615384615384
0 0.037259615384615384 0.48197115384615385 0.06971153846153846 0.03365384615384615
0 0.4855769230769231 0.22596153846153846 0.06009615384615385 0.040865384615384616
0 0.4831730769230769 0.265625 0.06850961538461539 0.037259615384615384
0 0.5709134615384616 0.22355769230769232 0.09615384615384616 0.037259615384615384
0 0.5685096153846154 0.2644230769230769 0.08653846153846154 0.040865384615384616
0 0.6646634615384616 0.22355769230769232 0.09254807692307693 0.042067307692307696
0 0.6646634615384616 0.2692307692307692 0.09134615384615384 0.040865384615384616
0 0.7596153846153846 0.23317307692307693 0.07932692307692307 0.037259615384615384
0 0.4074519230769231 0.2644230769230769 0.07451923076923077 0.030048076923076924
0 0.13221153846153846 0.6610576923076923 0.09495192307692307 0.039663461538461536
0 0.9146634615384616 0.27283653846153844 0.07572115384615384 0.037259615384615384
0 0.12740384615384615 0.6346153846153846 0.0889423076923077 0.010817307692307692
0 0.125 0.1310096153846154 0.0829326923076923 0.039663461538461536
0 0.04567307692307692 0.13221153846153846 0.07572115384615384 0.037259615384615384
0 0.052884615384615384 0.2127403846153846 0.06129807692307692 0.03365384615384615
0 0.2283653846153846 0.3798076923076923 0.036057692307692304 0.040865384615384616
0 0.17067307692307693 0.3786057692307692 0.0733173076923077 0.03485576923076923
0 0.1310096153846154 0.7019230769230769 0.09495192307692307 0.037259615384615384
0 0.16947115384615385 0.3389423076923077 0.07692307692307693 0.039663461538461536
0 0.07572115384615384 0.3762019230769231 0.0985576923076923 0.039663461538461536
0 0.07932692307692307 0.33413461538461536 0.08774038461538461 0.03485576923076923
0 0.875 0.8954326923076923 0.09975961538461539 0.03485576923076923
0 0.8677884615384616 0.8665865384615384 0.09975961538461539 0.018028846153846152
0 0.7524038461538461 0.8725961538461539 0.10216346153846154 0.016826923076923076
0 0.7644230769230769 0.9014423076923077 0.09134615384615384 0.037259615384615384
0 0.6598557692307693 0.9266826923076923 0.10336538461538461 0.038461538461538464
0 0.5492788461538461 0.9242788461538461 0.109375 0.036057692307692304
0 0.203125 0.12980769230769232 0.06490384615384616 0.038461538461538464
0 0.33774038461538464 0.13341346153846154 0.0625 0.040865384615384616
0 0.41947115384615385 0.13942307692307693 0.078125 0.03485576923076923
0 0.5 0.13822115384615385 0.0625 0.04807692307692308
0 0.22596153846153846 0.19951923076923078 0.028846153846153848 0.051682692307692304
0 0.23317307692307693 0.25240384615384615 0.030048076923076924 0.04447115384615385
0 0.23918269230769232 0.3016826923076923 0.03245192307692308 0.05048076923076923
0 0.2548076923076923 0.3942307692307692 0.020432692307692308 0.06009615384615385
0 0.3088942307692308 0.4266826923076923 0.04447115384615385 0.046875
0 0.3137019230769231 0.3786057692307692 0.04567307692307692 0.04447115384615385
0 0.31009615384615385 0.3329326923076923 0.05889423076923077 0.046875
0 0.6526442307692307 0.8834134615384616 0.09735576923076923 0.039663461538461536
0 0.2956730769230769 0.2824519230769231 0.06129807692307692 0.05048076923076923
0 0.27524038461538464 0.16947115384615385 0.056490384615384616 0.07451923076923077
0 0.9807692307692307 0.15625 0.037259615384615384 0.042067307692307696
0 0.9242788461538461 0.15264423076923078 0.0733173076923077 0.036057692307692304
0 0.8461538461538461 0.15144230769230768 0.0829326923076923 0.039663461538461536
0 0.7644230769230769 0.15144230769230768 0.08533653846153846 0.038461538461538464
0 0.6766826923076923 0.1466346153846154 0.0889423076923077 0.04567307692307692
0 0.5757211538461539 0.14182692307692307 0.09375 0.038461538461538464
0 0.2848557692307692 0.23076923076923078 0.05889423076923077 0.04567307692307692
0 0.5492788461538461 0.8870192307692307 0.09975961538461539 0.039663461538461536
0 0.24158653846153846 0.3449519230769231 0.0625 0.03245192307692308
0 0.7632211538461539 0.8209134615384616 0.12259615384615384 0.04447115384615385
0 0.8762019230769231 0.7728365384615384 0.11177884615384616 0.040865384615384616
0 0.8930288461538461 0.8197115384615384 0.1141826923076923 0.04326923076923077
0 0.6490384615384616 0.8173076923076923 0.10096153846153846 0.04447115384615385
0 0.5480769230769231 0.8149038461538461 0.10336538461538461 0.046875
0 0.6502403846153846 0.7716346153846154 0.10096153846153846 0.040865384615384616
0 0.5444711538461539 0.7692307692307693 0.10096153846153846 0.039663461538461536
0 0.45072115384615385 0.7872596153846154 0.07451923076923077 0.0889423076923077
0 0.3798076923076923 0.7860576923076923 0.06850961538461539 0.08173076923076923
0 0.3641826923076923 0.9158653846153846 0.07211538461538461 0.05048076923076923
0 0.9471153846153846 0.6778846153846154 0.1045673076923077 0.021634615384615384
0 0.9483173076923077 0.7115384615384616 0.10216346153846154 0.04326923076923077
0 0.18028846153846154 0.9134615384615384 0.08653846153846154 0.04326923076923077
0 0.1814903846153846 0.8713942307692307 0.0829326923076923 0.037259615384615384
0 0.06610576923076923 0.9170673076923077 0.10216346153846154 0.04807692307692308
0 0.06971153846153846 0.8725961538461539 0.11298076923076923 0.040865384615384616
0 0.9759615384615384 0.8088942307692307 0.04326923076923077 0.06971153846153846
0 0.0625 0.8076923076923077 0.11778846153846154 0.051682692307692304
0 0.7596153846153846 0.7824519230769231 0.1141826923076923 0.026442307692307692
0 0.18269230769230768 0.7764423076923077 0.11778846153846154 0.036057692307692304
0 0.44711538461538464 0.9122596153846154 0.07451923076923077 0.06129807692307692
0 0.5841346153846154 0.6574519230769231 0.11298076923076923 0.018028846153846152
0 0.21995192307692307 0.640625 0.07572115384615384 0.018028846153846152
0 0.2247596153846154 0.6658653846153846 0.06850961538461539 0.03245192307692308
0 0.22235576923076922 0.7007211538461539 0.05889423076923077 0.03485576923076923
0 0.34134615384615385 0.6790865384615384 0.036057692307692304 0.04447115384615385
0 0.4110576923076923 0.6646634615384616 0.08653846153846154 0.030048076923076924
0 0.4891826923076923 0.6634615384615384 0.06610576923076923 0.030048076923076924
0 0.4074519230769231 0.7055288461538461 0.06490384615384616 0.046875
0 0.4795673076923077 0.703125 0.07211538461538461 0.042067307692307696
0 0.1875 0.8173076923076923 0.10817307692307693 0.037259615384615384
0 0.5817307692307693 0.7043269230769231 0.12259615384615384 0.040865384615384616
0 0.8353365384615384 0.7139423076923077 0.11778846153846154 0.04447115384615385
0 0.8401442307692307 0.6778846153846154 0.109375 0.020432692307692308
0 0.7091346153846154 0.7091346153846154 0.12740384615384615 0.040865384615384616
0 0.7151442307692307 0.6778846153846154 0.12620192307692307 0.016826923076923076
0 0.7055288461538461 0.6550480769230769 0.11658653846153846 0.021634615384615384
0 0.5853365384615384 0.6742788461538461 0.11057692307692307 0.014423076923076924