0 0.5288461538461539 0.5576923076923077 0.020432692307692308 0.038461538461538464
0 0.35697115384615385 0.5625 0.020432692307692308 0.040865384615384616
0 0.38100961538461536 0.5625 0.025240384615384616 0.039663461538461536
0 0.40625 0.5612980769230769 0.02283653846153846 0.042067307692307696
0 0.42908653846153844 0.5612980769230769 0.02283653846153846 0.042067307692307696
0 0.4543269230769231 0.5600961538461539 0.019230769230769232 0.039663461538461536
0 0.47836538461538464 0.5600961538461539 0.02283653846153846 0.039663461538461536
0 0.5036057692307693 0.5600961538461539 0.026442307692307692 0.038461538461538464
0 0.5721153846153846 0.5552884615384616 0.026442307692307692 0.037259615384615384
0 0.5973557692307693 0.5588942307692307 0.02283653846153846 0.037259615384615384
0 0.6466346153846154 0.5576923076923077 0.026442307692307692 0.040865384615384616
0 0.6730769230769231 0.5540865384615384 0.021634615384615384 0.04326923076923077
0 0.6959134615384616 0.5552884615384616 0.02403846153846154 0.040865384615384616
0 0.7175480769230769 0.5552884615384616 0.020432692307692308 0.039663461538461536
0 0.7620192307692307 0.5420673076923077 0.06129807692307692 0.0673076923076923
0 0.8257211538461539 0.5408653846153846 0.056490384615384616 0.0625
0 0.8774038461538461 0.5516826923076923 0.037259615384615384 0.04326923076923077
0 0.04447115384615385 0.6862980769230769 0.04326923076923077 0.10817307692307693
0 0.33413461538461536 0.5625 0.02403846153846154 0.039663461538461536
0 0.6225961538461539 0.5588942307692307 0.02283653846153846 0.039663461538461536
0 0.31009615384615385 0.5637019230769231 0.02403846153846154 0.038461538461538464
0 0.7764423076923077 0.4675480769230769 0.025240384615384616 0.04447115384615385
0 0.2403846153846154 0.5901442307692307 0.04927884615384615 0.042067307692307696
0 0.38341346153846156 0.45913461538461536 0.03485576923076923 0.06850961538461539
0 0.4266826923076923 0.45913461538461536 0.04326923076923077 0.06129807692307692
0 0.4675480769230769 0.45913461538461536 0.040865384615384616 0.06370192307692307
0 0.5144230769230769 0.45913461538461536 0.04326923076923077 0.0673076923076923
0 0.5637019230769231 0.4567307692307692 0.042067307692307696 0.0673076923076923
0 0.6177884615384616 0.4543269230769231 0.046875 0.0673076923076923
0 0.6622596153846154 0.4567307692307692 0.042067307692307696 0.0625
0 0.6995192307692307 0.4699519230769231 0.025240384615384616 0.042067307692307696
0 0.2848557692307692 0.5637019230769231 0.026442307692307692 0.037259615384615384
0 0.7271634615384616 0.46875 0.02403846153846154 0.042067307692307696
0 0.11658653846153846 0.6887019230769231 0.0889423076923077 0.11177884615384616
0 0.8028846153846154 0.46875 0.020432692307692308 0.039663461538461536
0 0.8245192307692307 0.46634615384615385 0.025240384615384616 0.04447115384615385
0 0.8701923076923077 0.453125 0.052884615384615384 0.06850961538461539
0 0.078125 0.5793269230769231 0.06610576923076923 0.06370192307692307
0 0.16346153846153846 0.5733173076923077 0.09975961538461539 0.014423076923076924
0 0.16346153846153846 0.5901442307692307 0.09375 0.013221153846153846
0 0.1658653846153846 0.6045673076923077 0.0985576923076923 0.015625
0 0.7524038461538461 0.4699519230769231 0.02283653846153846 0.040865384615384616
0 0.22115384615384615 0.6826923076923077 0.1045673076923077 0.12259615384615384
0 0.7007211538461539 0.6358173076923077 0.03485576923076923 0.0625
0 0.34615384615384615 0.6382211538461539 0.037259615384615384 0.07091346153846154
0 0.15384615384615385 0.8064903846153846 0.08533653846153846 0.109375
0 0.2439903846153846 0.8040865384615384 0.08052884615384616 0.11538461538461539
0 0.4074519230769231 0.8557692307692307 0.03245192307692308 0.0889423076923077
0 0.4423076923076923 0.859375 0.037259615384615384 0.0733173076923077
0 0.48197115384615385 0.8581730769230769 0.03365384615384615 0.07091346153846154
0 0.5168269230769231 0.8473557692307693 0.028846153846153848 0.08774038461538461
0 0.546875 0.8485576923076923 0.03125 0.09014423076923077
0 0.5805288461538461 0.8461538461538461 0.030048076923076924 0.0889423076923077
0 0.057692307692307696 0.8365384615384616 0.07211538461538461 0.10576923076923077
0 0.6081730769230769 0.8473557692307693 0.026442307692307692 0.09495192307692307
0 0.6670673076923077 0.8425480769230769 0.026442307692307692 0.09134615384615384
0 0.6959134615384616 0.828125 0.02403846153846154 0.08653846153846154
0 0.7247596153846154 0.8389423076923077 0.028846153846153848 0.09615384615384616
0 0.7560096153846154 0.8377403846153846 0.03245192307692308 0.09375
0 0.7884615384615384 0.8401442307692307 0.027644230769230768 0.09134615384615384
0 0.8149038461538461 0.8329326923076923 0.021634615384615384 0.09615384615384616
0 0.8449519230769231 0.8341346153846154 0.027644230769230768 0.0985576923076923
0 0.875 0.8377403846153846 0.030048076923076924 0.09735576923076923
0 0.6382211538461539 0.8449519230769231 0.030048076923076924 0.08774038461538461
0 0.8425480769230769 0.71875 0.04326923076923077 0.04447115384615385
0 0.7908653846153846 0.7199519230769231 0.04326923076923077 0.042067307692307696
0 0.7307692307692307 0.7163461538461539 0.07451923076923077 0.052884615384615384
0 0.3894230769230769 0.6430288461538461 0.036057692307692304 0.06370192307692307
0 0.4326923076923077 0.6430288461538461 0.04326923076923077 0.06370192307692307
0 0.4795673076923077 0.6478365384615384 0.03485576923076923 0.054086538461538464
0 0.5180288461538461 0.6418269230769231 0.03125 0.06009615384615385
0 0.5673076923076923 0.6418269230769231 0.040865384615384616 0.06490384615384616
0 0.6117788461538461 0.640625 0.04326923076923077 0.0673076923076923
0 0.65625 0.6382211538461539 0.037259615384615384 0.06370192307692307
0 0.3329326923076923 0.4639423076923077 0.04927884615384615 0.06009615384615385
0 0.7463942307692307 0.6346153846153846 0.042067307692307696 0.06610576923076923
0 0.8509615384615384 0.6382211538461539 0.052884615384615384 0.052884615384615384
0 0.8966346153846154 0.6286057692307693 0.03125 0.0733173076923077
0 0.3076923076923077 0.7271634615384616 0.040865384615384616 0.056490384615384616
0 0.3581730769230769 0.7283653846153846 0.02283653846153846 0.057692307692307696
0 0.3894230769230769 0.7259615384615384 0.03125 0.06370192307692307
0 0.4338942307692308 0.7259615384615384 0.04326923076923077 0.06129807692307692
0 0.4963942307692308 0.7235576923076923 0.03125 0.06009615384615385
0 0.5504807692307693 0.7283653846153846 0.04447115384615385 0.04567307692307692
0 0.5985576923076923 0.7235576923076923 0.04807692307692308 0.04326923076923077
0 0.6574519230769231 0.7199519230769231 0.06129807692307692 0.051682692307692304
0 0.30408653846153844 0.6418269230769231 0.038461538461538464 0.06490384615384616
0 0.9026442307692307 0.3629807692307692 0.03365384615384615 0.07091346153846154
0 0.5552884615384616 0.3798076923076923 0.04326923076923077 0.04326923076923077
0 0.8040865384615384 0.36177884615384615 0.07572115384615384 0.0733173076923077
0 0.21153846153846154 0.2608173076923077 0.04567307692307692 0.13341346153846154
0 0.16105769230769232 0.26322115384615385 0.055288461538461536 0.12860576923076922
0 0.06490384615384616 0.28365384615384615 0.1201923076923077 0.09014423076923077
0 0.9002403846153846 0.09735576923076923 0.0673076923076923 0.1201923076923077
0 0.8317307692307693 0.10697115384615384 0.04326923076923077 0.09975961538461539
0 0.7860576923076923 0.10096153846153846 0.026442307692307692 0.11538461538461539
0 0.7524038461538461 0.09975961538461539 0.038461538461538464 0.11658653846153846
0 0.7079326923076923 0.1045673076923077 0.040865384615384616 0.11658653846153846
0 0.6514423076923077 0.10216346153846154 0.057692307692307696 0.1201923076923077
0 0.5853365384615384 0.1045673076923077 0.06129807692307692 0.11538461538461539
0 0.4423076923076923 0.10697115384615384 0.06009615384615385 0.10096153846153846
0 0.38221153846153844 0.10336538461538461 0.05889423076923077 0.11538461538461539
0 0.3125 0.11778846153846154 0.06009615384615385 0.09254807692307693
0 0.2548076923076923 0.109375 0.046875 0.109375
0 0.19951923076923078 0.11177884615384616 0.05048076923076923 0.1141826923076923
0 0.140625 0.09735576923076923 0.04927884615384615 0.1346153846153846
0 0.08052884615384616 0.09975961538461539 0.056490384615384616 0.1310096153846154
0 0.027644230769230768 0.11899038461538461 0.036057692307692304 0.0985576923076923
0 0.8653846153846154 0.3629807692307692 0.037259615384615384 0.06971153846153846
0 0.2704326923076923 0.25961538461538464 0.03365384615384615 0.06971153846153846
0 0.31490384615384615 0.2608173076923077 0.04326923076923077 0.0673076923076923
0 0.515625 0.09975961538461539 0.0673076923076923 0.11778846153846154
0 0.4026442307692308 0.2608173076923077 0.038461538461538464 0.06370192307692307
0 0.7235576923076923 0.36177884615384615 0.078125 0.07692307692307693
0 0.3605769230769231 0.2608173076923077 0.040865384615384616 0.0673076923076923
0 0.6514423076923077 0.3762019230769231 0.04807692307692308 0.039663461538461536
0 0.6045673076923077 0.3737980769230769 0.038461538461538464 0.038461538461538464
0 0.484375 0.3641826923076923 0.08173076923076923 0.06971153846153846
0 0.4026442307692308 0.36658653846153844 0.08413461538461539 0.06971153846153846
0 0.28846153846153844 0.36538461538461536 0.04567307692307692 0.07211538461538461
0 0.23197115384615385 0.43509615384615385 0.0673076923076923 0.11538461538461539
0 0.15384615384615385 0.4423076923076923 0.08173076923076923 0.11658653846153846
0 0.06850961538461539 0.4423076923076923 0.07451923076923077 0.10697115384615384
0 0.33413461538461536 0.36538461538461536 0.04567307692307692 0.0733173076923077
0 0.8413461538461539 0.2548076923076923 0.040865384615384616 0.0625
0 0.7956730769230769 0.25721153846153844 0.038461538461538464 0.06009615384615385
0 0.7560096153846154 0.2536057692307692 0.036057692307692304 0.06490384615384616
0 0.7151442307692307 0.25600961538461536 0.039663461538461536 0.06610576923076923
0 0.44471153846153844 0.25721153846153844 0.03365384615384615 0.06850961538461539
0 0.6478365384615384 0.23918269230769232 0.09014423076923077 0.09014423076923077
0 0.5528846153846154 0.24158653846153846 0.09735576923076923 0.09615384615384616
0 0.8798076923076923 0.2536057692307692 0.037259615384615384 0.06610576923076923
0 0.484375 0.25721153846153844 0.036057692307692304 0.06610576923076923