0 0.5637019230769231 0.8293269230769231 0.02403846153846154 0.11298076923076923
0 0.6382211538461539 0.8329326923076923 0.021634615384615384 0.09014423076923077
0 0.6153846153846154 0.8269230769230769 0.021634615384615384 0.11298076923076923
0 0.8016826923076923 0.6622596153846154 0.027644230769230768 0.09134615384615384
0 0.8317307692307693 0.6586538461538461 0.028846153846153848 0.08533653846153846
0 0.8629807692307693 0.6550480769230769 0.030048076923076924 0.09134615384615384
0 0.8918269230769231 0.6526442307692307 0.02403846153846154 0.09014423076923077
0 0.9194711538461539 0.6526442307692307 0.030048076923076924 0.09375
0 0.9495192307692307 0.6526442307692307 0.02403846153846154 0.09735576923076923
0 0.9759615384615384 0.8185096153846154 0.025240384615384616 0.09134615384615384
0 0.9483173076923077 0.8209134615384616 0.021634615384615384 0.08173076923076923
0 0.9230769230769231 0.8197115384615384 0.02403846153846154 0.08653846153846154
0 0.890625 0.8185096153846154 0.027644230769230768 0.09615384615384616
0 0.859375 0.8197115384615384 0.030048076923076924 0.0985576923076923
0 0.8245192307692307 0.8209134615384616 0.03125 0.09615384615384616
0 0.7908653846153846 0.8245192307692307 0.03365384615384615 0.10096153846153846
0 0.7548076923076923 0.8245192307692307 0.03245192307692308 0.09375
0 0.7223557692307693 0.8305288461538461 0.03125 0.09014423076923077
0 0.6923076923076923 0.828125 0.027644230769230768 0.09735576923076923
0 0.6634615384615384 0.8221153846153846 0.02283653846153846 0.10336538461538461
0 0.5901442307692307 0.828125 0.025240384615384616 0.109375
0 0.9771634615384616 0.6514423076923077 0.02403846153846154 0.09615384615384616
0 0.5432692307692307 0.1045673076923077 0.037259615384615384 0.14903846153846154
0 0.7379807692307693 0.10697115384615384 0.03485576923076923 0.14302884615384615
0 0.7740384615384616 0.6586538461538461 0.02403846153846154 0.09375
0 0.23076923076923078 0.28725961538461536 0.046875 0.13822115384615385
0 0.1875 0.2860576923076923 0.038461538461538464 0.13341346153846154
0 0.14182692307692307 0.29447115384615385 0.04447115384615385 0.13581730769230768
0 0.09375 0.28966346153846156 0.04567307692307692 0.13581730769230768
0 0.04326923076923077 0.2920673076923077 0.051682692307692304 0.13701923076923078
0 0.021634615384615384 0.08774038461538461 0.04326923076923077 0.15144230769230768
0 0.06850961538461539 0.08774038461538461 0.05048076923076923 0.1502403846153846
0 0.12139423076923077 0.09014423076923077 0.052884615384615384 0.15264423076923078
0 0.17307692307692307 0.09014423076923077 0.037259615384615384 0.140625
0 0.21875 0.09375 0.04807692307692308 0.14423076923076922
0 0.2668269230769231 0.09254807692307693 0.046875 0.140625
0 0.31490384615384615 0.09375 0.04447115384615385 0.14182692307692307
0 0.3641826923076923 0.09975961538461539 0.04447115384615385 0.14783653846153846
0 0.4110576923076923 0.09975961538461539 0.04567307692307692 0.1502403846153846
0 0.4579326923076923 0.10096153846153846 0.04447115384615385 0.14423076923076922
0 0.5024038461538461 0.10216346153846154 0.037259615384615384 0.14182692307692307
0 0.5817307692307693 0.10697115384615384 0.038461538461538464 0.14302884615384615
0 0.6213942307692307 0.1045673076923077 0.036057692307692304 0.13822115384615385
0 0.6622596153846154 0.10817307692307693 0.037259615384615384 0.13581730769230768
0 0.6983173076923077 0.109375 0.03365384615384615 0.14423076923076922
0 0.7788461538461539 0.11177884615384616 0.036057692307692304 0.1346153846153846
0 0.7451923076923077 0.6574519230769231 0.028846153846153848 0.09495192307692307
0 0.22596153846153846 0.5 0.040865384615384616 0.1310096153846154
0 0.6850961538461539 0.6598557692307693 0.02403846153846154 0.08774038461538461
0 0.6009615384615384 0.3016826923076923 0.030048076923076924 0.12860576923076922
0 0.6334134615384616 0.29927884615384615 0.03365384615384615 0.125
0 0.671875 0.29927884615384615 0.03485576923076923 0.125
0 0.7067307692307693 0.30288461538461536 0.03125 0.11538461538461539
0 0.7415865384615384 0.30528846153846156 0.03365384615384615 0.1201923076923077
0 0.7740384615384616 0.30408653846153844 0.03245192307692308 0.12740384615384615
0 0.8076923076923077 0.30288461538461536 0.03245192307692308 0.12259615384615384
0 0.8401442307692307 0.30288461538461536 0.03125 0.12139423076923077
0 0.8689903846153846 0.30408653846153844 0.025240384615384616 0.1201923076923077
0 0.921875 0.2860576923076923 0.06009615384615385 0.11778846153846154
0 0.9723557692307693 0.3088942307692308 0.036057692307692304 0.10576923076923077
0 0.9759615384615384 0.4855769230769231 0.03245192307692308 0.11658653846153846
0 0.9423076923076923 0.47716346153846156 0.026442307692307692 0.11298076923076923
0 0.9134615384615384 0.484375 0.03125 0.11057692307692307
0 0.8822115384615384 0.484375 0.030048076923076924 0.11658653846153846
0 0.8509615384615384 0.48677884615384615 0.030048076923076924 0.11177884615384616
0 0.8161057692307693 0.4855769230769231 0.03365384615384615 0.11899038461538461
0 0.5649038461538461 0.29927884615384615 0.03365384615384615 0.125
0 0.53125 0.3004807692307692 0.03125 0.12980769230769232
0 0.4963942307692308 0.29927884615384615 0.03485576923076923 0.125
0 0.4567307692307692 0.2980769230769231 0.042067307692307696 0.12620192307692307
0 0.02283653846153846 0.8605769230769231 0.039663461538461536 0.09375
0 0.0625 0.859375 0.03485576923076923 0.09375
0 0.09735576923076923 0.8533653846153846 0.028846153846153848 0.09615384615384616
0 0.13221153846153846 0.8497596153846154 0.03485576923076923 0.09375
0 0.16826923076923078 0.8509615384615384 0.03485576923076923 0.09495192307692307
0 0.20552884615384615 0.8497596153846154 0.037259615384615384 0.09375
0 0.2439903846153846 0.8473557692307693 0.03485576923076923 0.08413461538461539
0 0.28125 0.859375 0.038461538461538464 0.08653846153846154
0 0.7824519230769231 0.48677884615384615 0.030048076923076924 0.1201923076923077
0 0.3161057692307692 0.8533653846153846 0.03125 0.08774038461538461
0 0.3894230769230769 0.8473557692307693 0.03125 0.10096153846153846
0 0.4230769230769231 0.8389423076923077 0.03245192307692308 0.10096153846153846
0 0.48677884615384615 0.8245192307692307 0.02403846153846154 0.10576923076923077
0 0.5120192307692307 0.8293269230769231 0.02403846153846154 0.12139423076923077
0 0.5384615384615384 0.8305288461538461 0.026442307692307692 0.1141826923076923
0 0.27884615384615385 0.2980769230769231 0.04807692307692308 0.12740384615384615
0 0.36899038461538464 0.2956730769230769 0.04567307692307692 0.13701923076923078
0 0.41346153846153844 0.2980769230769231 0.040865384615384616 0.13221153846153846
0 0.35336538461538464 0.8509615384615384 0.038461538461538464 0.09375
0 0.7475961538461539 0.49278846153846156 0.03245192307692308 0.12379807692307693
0 0.7163461538461539 0.49038461538461536 0.02283653846153846 0.11658653846153846
0 0.6850961538461539 0.4879807692307692 0.03125 0.11899038461538461
0 0.1141826923076923 0.6694711538461539 0.036057692307692304 0.10216346153846154
0 0.15625 0.6826923076923077 0.037259615384615384 0.09254807692307693
0 0.19591346153846154 0.6814903846153846 0.036057692307692304 0.10216346153846154
0 0.234375 0.671875 0.037259615384615384 0.11177884615384616
0 0.27283653846153844 0.6682692307692307 0.039663461538461536 0.109375
0 0.3137019230769231 0.6682692307692307 0.038461538461538464 0.11899038461538461
0 0.35216346153846156 0.6646634615384616 0.037259615384615384 0.10697115384615384
0 0.3858173076923077 0.671875 0.028846153846153848 0.08653846153846154
0 0.078125 0.6550480769230769 0.03125 0.11298076923076923
0 0.4170673076923077 0.6634615384615384 0.03245192307692308 0.0985576923076923
0 0.4795673076923077 0.6634615384615384 0.03125 0.10216346153846154
0 0.8161057692307693 0.11538461538461539 0.03365384615384615 0.13341346153846154
0 0.5096153846153846 0.6694711538461539 0.028846153846153848 0.0829326923076923
0 0.5384615384615384 0.6730769230769231 0.027644230769230768 0.09014423076923077
0 0.5685096153846154 0.6610576923076923 0.03125 0.0985576923076923
0 0.5985576923076923 0.6598557692307693 0.026442307692307692 0.0985576923076923
0 0.6274038461538461 0.6586538461538461 0.026442307692307692 0.09615384615384616
0 0.65625 0.6586538461538461 0.028846153846153848 0.09134615384615384
0 0.4495192307692308 0.6670673076923077 0.027644230769230768 0.09975961538461539
0 0.7139423076923077 0.6586538461538461 0.03125 0.09254807692307693
0 0.038461538461538464 0.6706730769230769 0.040865384615384616 0.1141826923076923
0 0.056490384615384616 0.49399038461538464 0.038461538461538464 0.11658653846153846
0 0.6502403846153846 0.4879807692307692 0.03245192307692308 0.12139423076923077
0 0.6165865384615384 0.5012019230769231 0.030048076923076924 0.0985576923076923
0 0.5841346153846154 0.49759615384615385 0.03125 0.11778846153846154
0 0.5456730769230769 0.48677884615384615 0.037259615384615384 0.12379807692307693
0 0.4963942307692308 0.49399038461538464 0.03125 0.109375
0 0.4651442307692308 0.4963942307692308 0.028846153846153848 0.11658653846153846
0 0.4326923076923077 0.484375 0.03245192307692308 0.13701923076923078
0 0.3954326923076923 0.4891826923076923 0.038461538461538464 0.1201923076923077
0 0.016826923076923076 0.49158653846153844 0.03365384615384615 0.12860576923076922
0 0.3545673076923077 0.49399038461538464 0.037259615384615384 0.11899038461538461
0 0.27163461538461536 0.4987980769230769 0.04447115384615385 0.12860576923076922
0 0.9735576923076923 0.1201923076923077 0.03125 0.13221153846153846
0 0.9375 0.11538461538461539 0.038461538461538464 0.13942307692307693
0 0.8461538461538461 0.1141826923076923 0.020432692307692308 0.1346153846153846
0 0.8786057692307693 0.16346153846153846 0.030048076923076924 0.07932692307692307
0 0.18389423076923078 0.5 0.04326923076923077 0.12860576923076922
0 0.140625 0.4963942307692308 0.040865384615384616 0.12740384615384615
0 0.0985576923076923 0.5060096153846154 0.040865384615384616 0.09735576923076923
0 0.3137019230769231 0.4951923076923077 0.038461538461538464 0.12259615384615384
0 0.4579326923076923 0.8401442307692307 0.03245192307692308 0.09495192307692307