0 0.9471153846153846 0.8365384615384616 0.026442307692307692 0.08173076923076923
0 0.9158653846153846 0.8401442307692307 0.030048076923076924 0.07932692307692307
0 0.9783653846153846 0.7175480769230769 0.040865384615384616 0.08653846153846154
0 0.9314903846153846 0.7259615384615384 0.036057692307692304 0.07211538461538461
0 0.9831730769230769 0.3629807692307692 0.028846153846153848 0.052884615384615384
0 0.6454326923076923 0.6274038461538461 0.04326923076923077 0.020432692307692308
0 0.9663461538461539 0.49399038461538464 0.04447115384615385 0.054086538461538464
0 0.8930288461538461 0.6237980769230769 0.052884615384615384 0.021634615384615384
0 0.8257211538461539 0.625 0.057692307692307696 0.019230769230769232
0 0.765625 0.6274038461538461 0.046875 0.020432692307692308
0 0.703125 0.6262019230769231 0.04927884615384615 0.019230769230769232
0 0.9759615384615384 0.8317307692307693 0.027644230769230768 0.08173076923076923
0 0.96875 0.5997596153846154 0.06129807692307692 0.0829326923076923
0 0.027644230769230768 0.6670673076923077 0.055288461538461536 0.0889423076923077
0 0.6189903846153846 0.7043269230769231 0.04807692307692308 0.10697115384615384
0 0.2127403846153846 0.7259615384615384 0.040865384615384616 0.07572115384615384
0 0.26322115384615385 0.7463942307692307 0.05048076923076923 0.052884615384615384
0 0.3713942307692308 0.7548076923076923 0.06610576923076923 0.03125
0 0.3557692307692308 0.7043269230769231 0.04447115384615385 0.05889423076923077
0 0.41346153846153844 0.7067307692307693 0.04447115384615385 0.06370192307692307
0 0.5649038461538461 0.7091346153846154 0.04927884615384615 0.11057692307692307
0 0.828125 0.7151442307692307 0.11899038461538461 0.10697115384615384
0 0.040865384615384616 0.7704326923076923 0.06129807692307692 0.07932692307692307
0 0.1201923076923077 0.7692307692307693 0.06850961538461539 0.09014423076923077
0 0.03245192307692308 0.8762019230769231 0.04807692307692308 0.07932692307692307
0 0.09495192307692307 0.8774038461538461 0.056490384615384616 0.078125
0 0.15745192307692307 0.875 0.052884615384615384 0.07572115384615384
0 0.5877403846153846 0.6286057692307693 0.046875 0.02403846153846154
0 0.11538461538461539 0.6646634615384616 0.10096153846153846 0.08052884615384616
0 0.8918269230769231 0.6021634615384616 0.04567307692307692 0.014423076923076924
0 0.23918269230769232 0.10697115384615384 0.057692307692307696 0.10817307692307693
0 0.765625 0.6045673076923077 0.05048076923076923 0.020432692307692308
0 0.32211538461538464 0.29086538461538464 0.04927884615384615 0.09735576923076923
0 0.4098557692307692 0.2956730769230769 0.06009615384615385 0.09014423076923077
0 0.4675480769230769 0.2956730769230769 0.046875 0.08774038461538461
0 0.5228365384615384 0.296875 0.05048076923076923 0.0829326923076923
0 0.5829326923076923 0.21995192307692307 0.06850961538461539 0.040865384615384616
0 0.5913461538461539 0.2668269230769231 0.07451923076923077 0.04447115384615385
0 0.265625 0.2932692307692308 0.054086538461538464 0.09254807692307693
0 0.5961538461538461 0.3161057692307692 0.07932692307692307 0.04927884615384615
0 0.7079326923076923 0.2920673076923077 0.05048076923076923 0.09375
0 0.7776442307692307 0.29927884615384615 0.055288461538461536 0.07692307692307693
0 0.8569711538461539 0.28966346153846156 0.05889423076923077 0.08774038461538461
0 0.9134615384615384 0.29447115384615385 0.052884615384615384 0.07451923076923077
0 0.04447115384615385 0.42427884615384615 0.051682692307692304 0.10576923076923077
0 0.08774038461538461 0.4338942307692308 0.02403846153846154 0.08533653846153846
0 0.6586538461538461 0.29447115384615385 0.042067307692307696 0.08653846153846154
0 0.12379807692307693 0.44471153846153844 0.038461538461538464 0.0673076923076923
0 0.22716346153846154 0.2247596153846154 0.0673076923076923 0.039663461538461536
0 0.18990384615384615 0.3137019230769231 0.08653846153846154 0.05048076923076923
0 0.026442307692307692 0.12379807692307693 0.036057692307692304 0.11778846153846154
0 0.1466346153846154 0.08774038461538461 0.09495192307692307 0.042067307692307696
0 0.15384615384615385 0.04326923076923077 0.08774038461538461 0.042067307692307696
0 0.1502403846153846 0.13221153846153846 0.0889423076923077 0.04326923076923077
0 0.2247596153846154 0.8413461538461539 0.06490384615384616 0.06850961538461539
0 0.29927884615384615 0.10697115384615384 0.06009615384615385 0.10096153846153846
0 0.20192307692307693 0.2668269230769231 0.04807692307692308 0.037259615384615384
0 0.3581730769230769 0.10697115384615384 0.04927884615384615 0.10336538461538461
0 0.4795673076923077 0.11177884615384616 0.06129807692307692 0.10216346153846154
0 0.5396634615384616 0.11177884615384616 0.055288461538461536 0.0985576923076923
0 0.5961538461538461 0.11298076923076923 0.055288461538461536 0.0985576923076923
0 0.7872596153846154 0.09375 0.06490384615384616 0.12379807692307693
0 0.03125 0.27283653846153844 0.0625 0.14182692307692307
0 0.10096153846153846 0.2704326923076923 0.0673076923076923 0.1310096153846154
0 0.4170673076923077 0.1141826923076923 0.052884615384615384 0.08653846153846154
0 0.18269230769230768 0.44471153846153844 0.06009615384615385 0.11057692307692307
0 0.23918269230769232 0.44471153846153844 0.05048076923076923 0.1141826923076923
0 0.296875 0.44711538461538464 0.055288461538461536 0.10817307692307693
0 0.8978365384615384 0.5576923076923077 0.054086538461538464 0.026442307692307692
0 0.5913461538461539 0.5600961538461539 0.054086538461538464 0.018028846153846152
0 0.6550480769230769 0.5588942307692307 0.04927884615384615 0.016826923076923076
0 0.7139423076923077 0.5612980769230769 0.04567307692307692 0.021634615384615384
0 0.7776442307692307 0.5625 0.05048076923076923 0.020432692307692308
0 0.5949519230769231 0.5805288461538461 0.051682692307692304 0.02283653846153846
0 0.8389423076923077 0.5564903846153846 0.054086538461538464 0.026442307692307692
0 0.6574519230769231 0.5793269230769231 0.05048076923076923 0.018028846153846152
0 0.7752403846153846 0.5817307692307693 0.040865384615384616 0.015625
0 0.8329326923076923 0.5817307692307693 0.04326923076923077 0.019230769230769232
0 0.8918269230769231 0.5817307692307693 0.05048076923076923 0.016826923076923076
0 0.5877403846153846 0.6045673076923077 0.055288461538461536 0.021634615384615384
0 0.6478365384615384 0.6045673076923077 0.052884615384615384 0.020432692307692308
0 0.7067307692307693 0.6057692307692307 0.04807692307692308 0.020432692307692308
0 0.7199519230769231 0.5817307692307693 0.04807692307692308 0.019230769230769232
0 0.7740384615384616 0.5360576923076923 0.054086538461538464 0.026442307692307692
0 0.7127403846153846 0.5324519230769231 0.055288461538461536 0.026442307692307692
0 0.6502403846153846 0.5336538461538461 0.054086538461538464 0.026442307692307692
0 0.3557692307692308 0.44711538461538464 0.055288461538461536 0.109375
0 0.41466346153846156 0.44350961538461536 0.055288461538461536 0.11538461538461539
0 0.6694711538461539 0.44711538461538464 0.051682692307692304 0.109375
0 0.7247596153846154 0.44591346153846156 0.05048076923076923 0.10817307692307693
0 0.7776442307692307 0.44591346153846156 0.04927884615384615 0.10576923076923077
0 0.8353365384615384 0.4423076923076923 0.056490384615384616 0.10817307692307693
0 0.8954326923076923 0.44711538461538464 0.054086538461538464 0.10336538461538461
0 0.052884615384615384 0.5516826923076923 0.06370192307692307 0.10697115384615384
0 0.1201923076923077 0.5528846153846154 0.056490384615384616 0.11177884615384616
0 0.19831730769230768 0.5841346153846154 0.04927884615384615 0.09495192307692307
0 0.2608173076923077 0.5853365384615384 0.06009615384615385 0.09615384615384616
0 0.33533653846153844 0.5841346153846154 0.05048076923076923 0.0889423076923077
0 0.39903846153846156 0.578125 0.046875 0.08774038461538461
0 0.4675480769230769 0.5757211538461539 0.046875 0.09615384615384616
0 0.5841346153846154 0.5360576923076923 0.055288461538461536 0.026442307692307692
0 0.8269230769230769 0.6009615384615384 0.046875 0.020432692307692308
0 0.28846153846153844 0.8389423076923077 0.055288461538461536 0.06490384615384616
0 0.7103365384615384 0.7247596153846154 0.09495192307692307 0.0889423076923077
0 0.5240384615384616 0.8245192307692307 0.04567307692307692 0.04567307692307692
0 0.5168269230769231 0.8617788461538461 0.042067307692307696 0.027644230769230768
0 0.45913461538461536 0.8425480769230769 0.037259615384615384 0.06129807692307692
0 0.39903846153846156 0.8293269230769231 0.046875 0.038461538461538464
0 0.578125 0.8557692307692307 0.046875 0.04927884615384615
0 0.5168269230769231 0.8942307692307693 0.055288461538461536 0.02403846153846154
0 0.2860576923076923 0.8882211538461539 0.03485576923076923 0.019230769230769232
0 0.22716346153846154 0.8882211538461539 0.05048076923076923 0.01201923076923077
0 0.27884615384615385 0.9038461538461539 0.040865384615384616 0.014423076923076924
0 0.33653846153846156 0.875 0.03245192307692308 0.06971153846153846
0 0.8173076923076923 0.8605769230769231 0.13341346153846154 0.07692307692307693
0 0.6754807692307693 0.8569711538461539 0.13701923076923078 0.08052884615384616
0 0.5745192307692307 0.8978365384615384 0.051682692307692304 0.025240384615384616
0 0.22596153846153846 0.9050480769230769 0.039663461538461536 0.015625
0 0.39903846153846156 0.8665865384615384 0.08173076923076923 0.025240384615384616