0 0.6682692307692307 0.3088942307692308 0.08653846153846154 0.046875
0 0.8100961538461539 0.3557692307692308 0.06490384615384616 0.040865384615384616
0 0.7463942307692307 0.31009615384615385 0.06610576923076923 0.04807692307692308
0 0.8149038461538461 0.31009615384615385 0.06490384615384616 0.04807692307692308
0 0.6754807692307693 0.3545673076923077 0.08052884615384616 0.03485576923076923
0 0.7475961538461539 0.3545673076923077 0.057692307692307696 0.038461538461538464
0 0.15865384615384615 0.4483173076923077 0.15985576923076922 0.06370192307692307
0 0.27163461538461536 0.3473557692307692 0.07451923076923077 0.037259615384615384
0 0.6526442307692307 0.90625 0.10576923076923077 0.037259615384615384
0 0.7668269230769231 0.8701923076923077 0.10336538461538461 0.046875
0 0.7692307692307693 0.9122596153846154 0.109375 0.03125
0 0.9591346153846154 0.6021634615384616 0.07932692307692307 0.1201923076923077
0 0.9603365384615384 0.48677884615384615 0.07451923076923077 0.10817307692307693
0 0.9663461538461539 0.3581730769230769 0.06490384615384616 0.14423076923076922
0 0.038461538461538464 0.44350961538461536 0.07572115384615384 0.06009615384615385
0 0.054086538461538464 0.10817307692307693 0.07091346153846154 0.018028846153846152
0 0.421875 0.4182692307692308 0.1201923076923077 0.04326923076923077
0 0.3016826923076923 0.41947115384615385 0.11899038461538461 0.051682692307692304
0 0.5925480769230769 0.35216346153846156 0.08052884615384616 0.038461538461538464
0 0.5060096153846154 0.35216346153846156 0.0829326923076923 0.03365384615384615
0 0.4254807692307692 0.35216346153846156 0.07211538461538461 0.03365384615384615
0 0.34975961538461536 0.35096153846153844 0.07572115384615384 0.03245192307692308
0 0.5420673076923077 0.46153846153846156 0.11298076923076923 0.040865384615384616
0 0.5360576923076923 0.4182692307692308 0.10096153846153846 0.040865384615384616
0 0.0625 0.2920673076923077 0.10817307692307693 0.056490384615384616
0 0.49759615384615385 0.3088942307692308 0.0829326923076923 0.05048076923076923
0 0.21153846153846154 0.22355769230769232 0.0625 0.037259615384615384
0 0.5384615384615384 0.8966346153846154 0.11057692307692307 0.04447115384615385
0 0.21514423076923078 0.18028846153846154 0.0625 0.04567307692307692
0 0.15264423076923078 0.1778846153846154 0.06009615384615385 0.055288461538461536
0 0.06370192307692307 0.21995192307692307 0.06971153846153846 0.038461538461538464
0 0.06490384615384616 0.17427884615384615 0.07451923076923077 0.052884615384615384
0 0.7644230769230769 0.12379807692307693 0.0625 0.03245192307692308
0 0.8413461538461539 0.12620192307692307 0.06009615384615385 0.038461538461538464
0 0.8125 0.08052884615384616 0.055288461538461536 0.05048076923076923
0 0.7512019230769231 0.08052884615384616 0.05889423076923077 0.051682692307692304
0 0.6838942307692307 0.125 0.0625 0.030048076923076924
0 0.6153846153846154 0.125 0.0625 0.025240384615384616
0 0.6838942307692307 0.08413461538461539 0.06490384615384616 0.046875
0 0.6177884615384616 0.08533653846153846 0.06009615384615385 0.04927884615384615
0 0.5504807692307693 0.12379807692307693 0.06009615384615385 0.026442307692307692
0 0.13822115384615385 0.22355769230769232 0.07211538461538461 0.036057692307692304
0 0.5829326923076923 0.3076923076923077 0.08413461538461539 0.04807692307692308
0 0.2860576923076923 0.1814903846153846 0.07091346153846154 0.04567307692307692
0 0.3629807692307692 0.18389423076923078 0.07451923076923077 0.04927884615384615
0 0.4170673076923077 0.3088942307692308 0.078125 0.04927884615384615
0 0.34134615384615385 0.30649038461538464 0.0733173076923077 0.04326923076923077
0 0.2668269230769231 0.30528846153846156 0.07572115384615384 0.04807692307692308
0 0.17067307692307693 0.34615384615384615 0.10096153846153846 0.040865384615384616
0 0.17067307692307693 0.2932692307692308 0.10096153846153846 0.05889423076923077
0 0.05889423076923077 0.34375 0.10576923076923077 0.04567307692307692
0 0.7463942307692307 0.23798076923076922 0.0985576923076923 0.03125
0 0.8365384615384616 0.24759615384615385 0.06370192307692307 0.04927884615384615
0 0.7463942307692307 0.19471153846153846 0.10576923076923077 0.051682692307692304
0 0.640625 0.24158653846153846 0.10817307692307693 0.02403846153846154
0 0.5276442307692307 0.23918269230769232 0.10576923076923077 0.02283653846153846
0 0.5552884615384616 0.21634615384615385 0.11899038461538461 0.02283653846153846
0 0.4338942307692308 0.22956730769230768 0.06971153846153846 0.042067307692307696
0 0.43990384615384615 0.18269230769230768 0.07451923076923077 0.046875
0 0.3605769230769231 0.23076923076923078 0.06610576923076923 0.039663461538461536
0 0.28725961538461536 0.22596153846153846 0.078125 0.040865384615384616
0 0.421875 0.9014423076923077 0.11658653846153846 0.04927884615384615
0 0.1045673076923077 0.9266826923076923 0.07692307692307693 0.038461538461538464
0 0.1935096153846154 0.9266826923076923 0.09254807692307693 0.038461538461538464
0 0.19951923076923078 0.5673076923076923 0.09254807692307693 0.03485576923076923
0 0.203125 0.5324519230769231 0.08774038461538461 0.02403846153846154
0 0.10576923076923077 0.5360576923076923 0.09975961538461539 0.02283653846153846
0 0.7992788461538461 0.4651442307692308 0.0829326923076923 0.03485576923076923
0 0.7896634615384616 0.4230769230769231 0.07572115384615384 0.03485576923076923
0 0.7103365384615384 0.46033653846153844 0.08653846153846154 0.04447115384615385
0 0.109375 0.5685096153846154 0.0829326923076923 0.03485576923076923
0 0.6322115384615384 0.46153846153846156 0.0625 0.040865384615384616
0 0.4266826923076923 0.46153846153846156 0.11778846153846154 0.038461538461538464
0 0.5384615384615384 0.09495192307692307 0.06009615384615385 0.027644230769230768
0 0.4855769230769231 0.1201923076923077 0.05889423076923077 0.02403846153846154
0 0.4807692307692308 0.09254807692307693 0.054086538461538464 0.028846153846153848
0 0.421875 0.11778846153846154 0.06009615384615385 0.026442307692307692
0 0.4206730769230769 0.09014423076923077 0.05889423076923077 0.026442307692307692
0 0.30528846153846156 0.4639423076923077 0.1201923076923077 0.038461538461538464
0 0.025240384615384616 0.53125 0.05048076923076923 0.028846153846153848
0 0.030048076923076924 0.5697115384615384 0.06009615384615385 0.037259615384615384
0 0.3125 0.5612980769230769 0.125 0.052884615384615384
0 0.35216346153846156 0.6382211538461539 0.1778846153846154 0.036057692307692304
0 0.22956730769230768 0.640625 0.05889423076923077 0.04447115384615385
0 0.15865384615384615 0.6394230769230769 0.07932692307692307 0.042067307692307696
0 0.08052884615384616 0.6382211538461539 0.078125 0.042067307692307696
0 0.018028846153846152 0.6778846153846154 0.036057692307692304 0.04326923076923077
0 0.018028846153846152 0.6310096153846154 0.03485576923076923 0.04326923076923077
0 0.7872596153846154 0.5685096153846154 0.06971153846153846 0.03245192307692308
0 0.7836538461538461 0.53125 0.07091346153846154 0.037259615384615384
0 0.7163461538461539 0.5673076923076923 0.0625 0.038461538461538464
0 0.5396634615384616 0.5745192307692307 0.08052884615384616 0.028846153846153848
0 0.6310096153846154 0.5757211538461539 0.09975961538461539 0.026442307692307692
0 0.6358173076923077 0.5408653846153846 0.09495192307692307 0.039663461538461536
0 0.5480769230769231 0.5384615384615384 0.07451923076923077 0.038461538461538464
0 0.4326923076923077 0.5709134615384616 0.11057692307692307 0.03365384615384615
0 0.3112980769230769 0.8918269230769231 0.10216346153846154 0.054086538461538464
0 0.3557692307692308 0.1141826923076923 0.06610576923076923 0.027644230769230768
0 0.35697115384615385 0.08653846153846154 0.06490384615384616 0.027644230769230768
0 0.44350961538461536 0.5336538461538461 0.11538461538461539 0.038461538461538464
0 0.22115384615384615 0.1045673076923077 0.06850961538461539 0.046875
0 0.47836538461538464 0.7391826923076923 0.078125 0.037259615384615384
0 0.47836538461538464 0.7848557692307693 0.0625 0.055288461538461536
0 0.5625 0.7355769230769231 0.0829326923076923 0.036057692307692304
0 0.5649038461538461 0.7848557692307693 0.08173076923076923 0.046875
0 0.6634615384615384 0.7451923076923077 0.0985576923076923 0.051682692307692304
0 0.7620192307692307 0.7427884615384616 0.09735576923076923 0.046875
0 0.6670673076923077 0.7896634615384616 0.09735576923076923 0.03365384615384615
0 0.9555288461538461 0.7295673076923077 0.06490384615384616 0.10216346153846154
0 0.9266826923076923 0.8377403846153846 0.07692307692307693 0.11057692307692307
0 0.9146634615384616 0.9326923076923077 0.0829326923076923 0.0733173076923077
0 0.030048076923076924 0.8822115384615384 0.051682692307692304 0.05048076923076923
0 0.030048076923076924 0.9314903846153846 0.056490384615384616 0.046875
0 0.10216346153846154 0.8822115384615384 0.07692307692307693 0.04567307692307692
0 0.19471153846153846 0.8810096153846154 0.08653846153846154 0.042067307692307696
0 0.29086538461538464 0.11298076923076923 0.0625 0.03245192307692308
0 0.38461538461538464 0.7992788461538461 0.11177884615384616 0.028846153846153848
0 0.2932692307692308 0.7992788461538461 0.06971153846153846 0.03125
0 0.7692307692307693 0.7872596153846154 0.10336538461538461 0.037259615384615384
0 0.21875 0.7944711538461539 0.0673076923076923 0.040865384615384616
0 0.1466346153846154 0.10216346153846154 0.0733173076923077 0.042067307692307696
0 0.29447115384615385 0.7668269230769231 0.08774038461538461 0.03245192307692308
0 0.34375 0.6754807692307693 0.1658653846153846 0.030048076923076924
0 0.078125 0.6778846153846154 0.07451923076923077 0.038461538461538464
0 0.15625 0.6802884615384616 0.07572115384615384 0.03485576923076923
0 0.22716346153846154 0.6802884615384616 0.06009615384615385 0.03245192307692308
0 0.5661057692307693 0.6694711538461539 0.078125 0.04567307692307692
0 0.6442307692307693 0.6574519230769231 0.06850961538461539 0.06610576923076923
0 0.48677884615384615 0.671875 0.0829326923076923 0.040865384615384616
0 0.7848557692307693 0.65625 0.0673076923076923 0.0625
0 0.8725961538461539 0.6033653846153846 0.09014423076923077 0.23317307692307693
0 0.046875 0.7632211538461539 0.08533653846153846 0.03245192307692308
0 0.04927884615384615 0.7992788461538461 0.0889423076923077 0.037259615384615384
0 0.13822115384615385 0.7956730769230769 0.08173076923076923 0.037259615384615384
0 0.13581730769230768 0.7560096153846154 0.057692307692307696 0.02403846153846154
0 0.7163461538461539 0.6574519230769231 0.07091346153846154 0.06370192307692307