0 0.9122596153846154 0.7151442307692307 0.025240384615384616 0.056490384615384616
0 0.9651442307692307 0.4411057692307692 0.016826923076923076 0.06850961538461539
0 0.875 0.7115384615384616 0.04807692307692308 0.07572115384615384
0 0.8209134615384616 0.7163461538461539 0.051682692307692304 0.07451923076923077
0 0.7680288461538461 0.7007211538461539 0.03485576923076923 0.03485576923076923
0 0.765625 0.7427884615384616 0.038461538461538464 0.036057692307692304
0 0.7223557692307693 0.7451923076923077 0.03485576923076923 0.036057692307692304
0 0.7247596153846154 0.7055288461538461 0.039663461538461536 0.028846153846153848
0 0.7932692307692307 0.4206730769230769 0.030048076923076924 0.08413461538461539
0 0.828125 0.42427884615384615 0.026442307692307692 0.09014423076923077
0 0.9399038461538461 0.4375 0.02283653846153846 0.05889423076923077
0 0.8762019230769231 0.4266826923076923 0.02283653846153846 0.09375
0 0.9146634615384616 0.4266826923076923 0.028846153846153848 0.07572115384615384
0 0.49038461538461536 0.16466346153846154 0.042067307692307696 0.11057692307692307
0 0.6766826923076923 0.7115384615384616 0.04326923076923077 0.03365384615384615
0 0.03245192307692308 0.5661057692307693 0.05048076923076923 0.06850961538461539
0 0.9915865384615384 0.43990384615384615 0.015625 0.05889423076923077
0 0.3473557692307692 0.140625 0.039663461538461536 0.11298076923076923
0 0.39302884615384615 0.14423076923076922 0.05048076923076923 0.1201923076923077
0 0.4423076923076923 0.14783653846153846 0.04807692307692308 0.10096153846153846
0 0.8545673076923077 0.421875 0.020432692307692308 0.07932692307692307
0 0.6754807692307693 0.7536057692307693 0.038461538461538464 0.038461538461538464
0 0.33413461538461536 0.7512019230769231 0.037259615384615384 0.038461538461538464
0 0.6274038461538461 0.7175480769230769 0.040865384615384616 0.040865384615384616
0 0.16826923076923078 0.7608173076923077 0.054086538461538464 0.030048076923076924
0 0.23197115384615385 0.7872596153846154 0.054086538461538464 0.025240384615384616
0 0.234375 0.8185096153846154 0.05048076923076923 0.025240384615384616
0 0.2848557692307692 0.8100961538461539 0.03365384615384615 0.03245192307692308
0 0.2860576923076923 0.7800480769230769 0.051682692307692304 0.02403846153846154
0 0.2848557692307692 0.7487980769230769 0.052884615384615384 0.025240384615384616
0 0.44350961538461536 0.2860576923076923 0.027644230769230768 0.09375
0 0.40024038461538464 0.28365384615384615 0.039663461538461536 0.12259615384615384
0 0.35697115384615385 0.27524038461538464 0.04807692307692308 0.10576923076923077
0 0.6274038461538461 0.7584134615384616 0.040865384615384616 0.036057692307692304
0 0.31490384615384615 0.2776442307692308 0.03125 0.1201923076923077
0 0.09975961538461539 0.5516826923076923 0.06129807692307692 0.02403846153846154
0 0.3317307692307692 0.7956730769230769 0.037259615384615384 0.037259615384615384
0 0.3798076923076923 0.7908653846153846 0.03365384615384615 0.038461538461538464
0 0.38100961538461536 0.7463942307692307 0.038461538461538464 0.039663461538461536
0 0.4266826923076923 0.7427884615384616 0.03365384615384615 0.04447115384615385
0 0.42427884615384615 0.7872596153846154 0.042067307692307696 0.03365384615384615
0 0.4723557692307692 0.7608173076923077 0.054086538461538464 0.08653846153846154
0 0.5252403846153846 0.7560096153846154 0.05048076923076923 0.07692307692307693
0 0.5793269230769231 0.7415865384615384 0.04807692307692308 0.08653846153846154
0 0.2668269230769231 0.2692307692307692 0.042067307692307696 0.11177884615384616
0 0.10336538461538461 0.5841346153846154 0.0625 0.03485576923076923
0 0.18269230769230768 0.1201923076923077 0.04447115384615385 0.1201923076923077
0 0.9627403846153846 0.7079326923076923 0.020432692307692308 0.04807692307692308
0 0.2824519230769231 0.5709134615384616 0.038461538461538464 0.052884615384615384
0 0.23076923076923078 0.5817307692307693 0.06610576923076923 0.036057692307692304
0 0.16105769230769232 0.5841346153846154 0.06009615384615385 0.027644230769230768
0 0.07451923076923077 0.5168269230769231 0.06610576923076923 0.018028846153846152
0 0.16346153846153846 0.5192307692307693 0.055288461538461536 0.03125
0 0.9831730769230769 0.8040865384615384 0.03245192307692308 0.09375
0 0.9435096153846154 0.8004807692307693 0.03245192307692308 0.07692307692307693
0 0.90625 0.8185096153846154 0.036057692307692304 0.06971153846153846
0 0.8509615384615384 0.8161057692307693 0.039663461538461536 0.078125
0 0.2800480769230769 0.5204326923076923 0.052884615384615384 0.042067307692307696
0 0.7956730769230769 0.8413461538461539 0.052884615384615384 0.078125
0 0.6814903846153846 0.8569711538461539 0.055288461538461536 0.0733173076923077
0 0.625 0.8713942307692307 0.042067307692307696 0.08533653846153846
0 0.5697115384615384 0.8725961538461539 0.046875 0.078125
0 0.4266826923076923 0.9014423076923077 0.08653846153846154 0.0985576923076923
0 0.30528846153846156 0.9242788461538461 0.0829326923076923 0.09375
0 0.24278846153846154 0.12740384615384615 0.056490384615384616 0.1045673076923077
0 0.30288461538461536 0.13581730769230768 0.039663461538461536 0.12379807692307693
0 0.16346153846153846 0.546875 0.054086538461538464 0.018028846153846152
0 0.22716346153846154 0.5420673076923077 0.06370192307692307 0.025240384615384616
0 0.7439903846153846 0.84375 0.036057692307692304 0.07451923076923077
0 0.33533653846153844 0.5240384615384616 0.038461538461538464 0.040865384615384616
0 0.33052884615384615 0.5697115384615384 0.036057692307692304 0.04567307692307692
0 0.3737980769230769 0.5685096153846154 0.020432692307692308 0.03485576923076923
0 0.9891826923076923 0.7043269230769231 0.020432692307692308 0.054086538461538464
0 0.06370192307692307 0.9086538461538461 0.04447115384615385 0.039663461538461536
0 0.12259615384615384 0.9038461538461539 0.05048076923076923 0.04567307692307692
0 0.078125 0.9579326923076923 0.055288461538461536 0.030048076923076924
0 0.015625 0.09735576923076923 0.03125 0.13581730769230768
0 0.0733173076923077 0.109375 0.057692307692307696 0.125
0 0.12980769230769232 0.11658653846153846 0.055288461538461536 0.11057692307692307
0 0.16947115384615385 0.7944711538461539 0.051682692307692304 0.025240384615384616
0 0.7283653846153846 0.5612980769230769 0.03365384615384615 0.021634615384615384
0 0.7283653846153846 0.5372596153846154 0.03365384615384615 0.02403846153846154
0 0.6887019230769231 0.5637019230769231 0.042067307692307696 0.025240384615384616
0 0.6911057692307693 0.5384615384615384 0.03245192307692308 0.021634615384615384
0 0.6490384615384616 0.5396634615384616 0.030048076923076924 0.026442307692307692
0 0.6502403846153846 0.5673076923076923 0.03245192307692308 0.02403846153846154
0 0.609375 0.5661057692307693 0.040865384615384616 0.02283653846153846
0 0.609375 0.5420673076923077 0.04326923076923077 0.025240384615384616
0 0.5588942307692307 0.5420673076923077 0.04807692307692308 0.07211538461538461
0 0.5108173076923077 0.5444711538461539 0.046875 0.07932692307692307
0 0.46274038461538464 0.5228365384615384 0.04927884615384615 0.030048076923076924
0 0.4543269230769231 0.5661057692307693 0.042067307692307696 0.040865384615384616
0 0.40865384615384615 0.5685096153846154 0.030048076923076924 0.038461538461538464
0 0.9423076923076923 0.7139423076923077 0.016826923076923076 0.052884615384615384
0 0.17067307692307693 0.8245192307692307 0.05048076923076923 0.037259615384615384
0 0.8329326923076923 0.6262019230769231 0.055288461538461536 0.07932692307692307
0 0.11177884615384616 0.8028846153846154 0.055288461538461536 0.02403846153846154
0 0.7259615384615384 0.31009615384615385 0.036057692307692304 0.09615384615384616
0 0.6887019230769231 0.30408653846153844 0.042067307692307696 0.09254807692307693
0 0.6430288461538461 0.3004807692307692 0.037259615384615384 0.10576923076923077
0 0.5973557692307693 0.296875 0.038461538461538464 0.09615384615384616
0 0.5649038461538461 0.2980769230769231 0.027644230769230768 0.09495192307692307
0 0.5324519230769231 0.28966346153846156 0.03485576923076923 0.0985576923076923
0 0.4879807692307692 0.2932692307692308 0.03485576923076923 0.10697115384615384
0 0.2091346153846154 0.9483173076923077 0.08533653846153846 0.09134615384615384
0 0.12860576923076922 0.9495192307692307 0.02403846153846154 0.027644230769230768
0 0.7560096153846154 0.3125 0.015625 0.08653846153846154
0 0.5396634615384616 0.171875 0.039663461538461536 0.11298076923076923
0 0.6213942307692307 0.18389423076923078 0.026442307692307692 0.09735576923076923
0 0.6598557692307693 0.18269230769230768 0.027644230769230768 0.09254807692307693
0 0.6899038461538461 0.19471153846153846 0.03125 0.10697115384615384
0 0.7223557692307693 0.19591346153846154 0.036057692307692304 0.09014423076923077
0 0.7536057692307693 0.19831730769230768 0.02403846153846154 0.09735576923076923
0 0.7860576923076923 0.20673076923076922 0.038461538461538464 0.0673076923076923
0 0.8293269230769231 0.21153846153846154 0.038461538461538464 0.0889423076923077
0 0.8677884615384616 0.21153846153846154 0.020432692307692308 0.07692307692307693
0 0.9014423076923077 0.21875 0.027644230769230768 0.07932692307692307
0 0.5853365384615384 0.16826923076923078 0.04447115384615385 0.11177884615384616
0 0.7848557692307693 0.31490384615384615 0.027644230769230768 0.08653846153846154
0 0.8245192307692307 0.32211538461538464 0.037259615384615384 0.07572115384615384
0 0.8533653846153846 0.32211538461538464 0.016826923076923076 0.07572115384615384
0 0.5072115384615384 0.4098557692307692 0.039663461538461536 0.10576923076923077
0 0.5504807692307693 0.41225961538461536 0.03245192307692308 0.09975961538461539
0 0.5877403846153846 0.41225961538461536 0.027644230769230768 0.09975961538461539
0 0.6153846153846154 0.4206730769230769 0.025240384615384616 0.09975961538461539
0 0.6574519230769231 0.41466346153846156 0.03125 0.10817307692307693
0 0.6899038461538461 0.42427884615384615 0.016826923076923076 0.08774038461538461
0 0.7223557692307693 0.43149038461538464 0.03485576923076923 0.09495192307692307
0 0.7572115384615384 0.42427884615384615 0.027644230769230768 0.08413461538461539
0 0.47115384615384615 0.4098557692307692 0.036057692307692304 0.11177884615384616
0 0.4182692307692308 0.4074519230769231 0.0625 0.109375
0 0.36899038461538464 0.4026442307692308 0.03245192307692308 0.1201923076923077
0 0.328125 0.4026442307692308 0.057692307692307696 0.12139423076923077
0 0.2764423076923077 0.41225961538461536 0.04447115384615385 0.11177884615384616
0 0.234375 0.4050480769230769 0.039663461538461536 0.10697115384615384
0 0.1875 0.40024038461538464 0.03365384615384615 0.11057692307692307
0 0.13221153846153846 0.39783653846153844 0.06610576923076923 0.12259615384615384
0 0.06971153846153846 0.4014423076923077 0.046875 0.12860576923076922
0 0.019230769230769232 0.4014423076923077 0.036057692307692304 0.1045673076923077
0 0.9627403846153846 0.33774038461538464 0.057692307692307696 0.06370192307692307
0 0.9158653846153846 0.33533653846153844 0.025240384615384616 0.06370192307692307
0 0.8846153846153846 0.3269230769230769 0.03485576923076923 0.06610576923076923
0 0.9302884615384616 0.22355769230769232 0.030048076923076924 0.07692307692307693
0 0.109375 0.8353365384615384 0.055288461538461536 0.027644230769230768
0 0.9591346153846154 0.22716346153846154 0.02283653846153846 0.07091346153846154
0 0.109375 0.25841346153846156 0.046875 0.11298076923076923
0 0.5300480769230769 0.6466346153846154 0.04447115384615385 0.08413461538461539
0 0.5829326923076923 0.6418269230769231 0.04447115384615385 0.06971153846153846
0 0.6262019230769231 0.6586538461538461 0.027644230769230768 0.03485576923076923
0 0.6274038461538461 0.6225961538461539 0.027644230769230768 0.038461538461538464
0 0.6634615384615384 0.6177884615384616 0.027644230769230768 0.03485576923076923
0 0.6658653846153846 0.6574519230769231 0.03125 0.03125
0 0.7007211538461539 0.6069711538461539 0.03245192307692308 0.02403846153846154
0 0.703125 0.6346153846153846 0.03365384615384615 0.019230769230769232
0 0.7043269230769231 0.6598557692307693 0.03245192307692308 0.021634615384615384
0 0.7415865384615384 0.65625 0.028846153846153848 0.019230769230769232
0 0.7415865384615384 0.6322115384615384 0.03125 0.019230769230769232
0 0.7427884615384616 0.6069711538461539 0.03125 0.019230769230769232
0 0.7800480769230769 0.6069711538461539 0.04447115384615385 0.039663461538461536
0 0.7800480769230769 0.6478365384615384 0.038461538461538464 0.036057692307692304
0 0.8858173076923077 0.6201923076923077 0.04447115384615385 0.06850961538461539
0 0.9350961538461539 0.6153846153846154 0.039663461538461536 0.0733173076923077
0 0.9747596153846154 0.6165865384615384 0.025240384615384616 0.06129807692307692
0 0.040865384615384616 0.7788461538461539 0.06370192307692307 0.021634615384615384
0 0.039663461538461536 0.8088942307692307 0.07091346153846154 0.02403846153846154
0 0.04447115384615385 0.8425480769230769 0.06370192307692307 0.026442307692307692
0 0.10697115384615384 0.7680288461538461 0.06009615384615385 0.021634615384615384
0 0.05889423076923077 0.24879807692307693 0.05048076923076923 0.11057692307692307
0 0.4807692307692308 0.6706730769230769 0.03365384615384615 0.036057692307692304
0 0.4831730769230769 0.6286057692307693 0.028846153846153848 0.037259615384615384
0 0.44350961538461536 0.6310096153846154 0.03365384615384615 0.037259615384615384
0 0.16947115384615385 0.25841346153846156 0.057692307692307696 0.109375
0 0.22235576923076922 0.2644230769230769 0.04447115384615385 0.11899038461538461
0 0.7716346153846154 0.5120192307692307 0.04326923076923077 0.036057692307692304
0 0.8112980769230769 0.515625 0.03245192307692308 0.03365384615384615
0 0.8689903846153846 0.53125 0.051682692307692304 0.06490384615384616
0 0.9206730769230769 0.53125 0.04807692307692308 0.07211538461538461
0 0.9615384615384616 0.5384615384615384 0.019230769230769232 0.057692307692307696
0 0.9855769230769231 0.5360576923076923 0.02403846153846154 0.057692307692307696
0 0.7740384615384616 0.5552884615384616 0.046875 0.036057692307692304
0 0.44471153846153844 0.671875 0.03485576923076923 0.037259615384615384
0 0.8161057692307693 0.5540865384615384 0.037259615384615384 0.037259615384615384
0 0.13701923076923078 0.4879807692307692 0.05048076923076923 0.021634615384615384
0 0.09375 0.6610576923076923 0.06850961538461539 0.039663461538461536
0 0.16826923076923078 0.6514423076923077 0.055288461538461536 0.037259615384615384
0 0.09615384615384616 0.7055288461538461 0.06971153846153846 0.037259615384615384
0 0.16466346153846154 0.7019230769230769 0.056490384615384616 0.042067307692307696
0 0.2283653846153846 0.6778846153846154 0.04807692307692308 0.07451923076923077
0 0.2860576923076923 0.6694711538461539 0.051682692307692304 0.078125
0 0.34615384615384615 0.6670673076923077 0.052884615384615384 0.07451923076923077
0 0.39302884615384615 0.6622596153846154 0.04447115384615385 0.08173076923076923
0 0.07572115384615384 0.4879807692307692 0.06129807692307692 0.02403846153846154