0 0.375 0.6081730769230769 0.07211538461538461 0.055288461538461536
0 0.2764423076923077 0.6129807692307693 0.052884615384615384 0.039663461538461536
0 0.23197115384615385 0.5913461538461539 0.03485576923076923 0.0829326923076923
0 0.8449519230769231 0.09254807692307693 0.125 0.06850961538461539
0 0.11538461538461539 0.21754807692307693 0.10817307692307693 0.10576923076923077
0 0.02283653846153846 0.375 0.04326923076923077 0.08774038461538461
0 0.08413461538461539 0.3762019230769231 0.078125 0.0829326923076923
0 0.15504807692307693 0.3737980769230769 0.06370192307692307 0.07692307692307693
0 0.3233173076923077 0.5913461538461539 0.03365384615384615 0.08533653846153846
0 0.5396634615384616 0.46875 0.037259615384615384 0.07091346153846154
0 0.109375 0.7403846153846154 0.03365384615384615 0.08173076923076923
0 0.39302884615384615 0.0673076923076923 0.054086538461538464 0.04326923076923077
0 0.328125 0.12620192307692307 0.051682692307692304 0.04326923076923077
0 0.3942307692307692 0.12259615384615384 0.06490384615384616 0.04326923076923077
0 0.21875 0.12740384615384615 0.056490384615384616 0.038461538461538464
0 0.2764423076923077 0.125 0.05048076923076923 0.04326923076923077
0 0.21033653846153846 0.171875 0.05889423076923077 0.04447115384615385
0 0.27163461538461536 0.17067307692307693 0.06009615384615385 0.046875
0 0.056490384615384616 0.6334134615384616 0.109375 0.06129807692307692
0 0.15745192307692307 0.6334134615384616 0.09014423076923077 0.0625
0 0.4987980769230769 0.5913461538461539 0.078125 0.037259615384615384
0 0.5024038461538461 0.6201923076923077 0.07451923076923077 0.016826923076923076
0 0.5637019230769231 0.6129807692307693 0.039663461538461536 0.03485576923076923
0 0.6069711538461539 0.5817307692307693 0.04326923076923077 0.03365384615384615
0 0.3317307692307692 0.06370192307692307 0.0625 0.04567307692307692
0 0.6105769230769231 0.6141826923076923 0.046875 0.025240384615384616
0 0.21033653846153846 0.21754807692307693 0.055288461538461536 0.038461538461538464
0 0.265625 0.21634615384615385 0.057692307692307696 0.042067307692307696
0 0.328125 0.21514423076923078 0.06129807692307692 0.037259615384615384
0 0.4543269230769231 0.19471153846153846 0.17668269230769232 0.0889423076923077
0 0.6382211538461539 0.19110576923076922 0.17908653846153846 0.08774038461538461
0 0.6923076923076923 0.7151442307692307 0.06129807692307692 0.056490384615384616
0 0.8485576923076923 0.7055288461538461 0.0829326923076923 0.08052884615384616
0 0.953125 0.7259615384615384 0.046875 0.09375
0 0.013221153846153846 0.8581730769230769 0.026442307692307692 0.0889423076923077
0 0.054086538461538464 0.8581730769230769 0.052884615384615384 0.08774038461538461
0 0.11298076923076923 0.8485576923076923 0.054086538461538464 0.08173076923076923
0 0.1622596153846154 0.8533653846153846 0.04326923076923077 0.0733173076923077
0 0.2127403846153846 0.8581730769230769 0.052884615384615384 0.08653846153846154
0 0.33052884615384615 0.16826923076923078 0.052884615384615384 0.042067307692307696
0 0.27283653846153844 0.06610576923076923 0.054086538461538464 0.037259615384615384
0 0.20793269230769232 0.055288461538461536 0.06009615384615385 0.0673076923076923
0 0.12259615384615384 0.09254807692307693 0.055288461538461536 0.055288461538461536
0 0.21754807692307693 0.34975961538461536 0.05889423076923077 0.06370192307692307
0 0.2668269230769231 0.328125 0.040865384615384616 0.10576923076923077
0 0.30649038461538464 0.3269230769230769 0.03125 0.10336538461538461
0 0.33774038461538464 0.3401442307692308 0.03125 0.078125
0 0.38461538461538464 0.33653846153846156 0.046875 0.036057692307692304
0 0.3858173076923077 0.36778846153846156 0.04927884615384615 0.02403846153846154
0 0.43149038461538464 0.3449519230769231 0.039663461538461536 0.06971153846153846
0 0.48197115384615385 0.3293269230769231 0.0625 0.03485576923076923
0 0.4855769230769231 0.36177884615384615 0.0625 0.03365384615384615
0 0.5576923076923077 0.33774038461538464 0.0829326923076923 0.08173076923076923
0 0.6358173076923077 0.3329326923076923 0.07572115384615384 0.07692307692307693
0 0.7151442307692307 0.3329326923076923 0.08173076923076923 0.07692307692307693
0 0.7932692307692307 0.3317307692307692 0.07451923076923077 0.0733173076923077
0 0.8689903846153846 0.33533653846153844 0.07451923076923077 0.0625
0 0.8040865384615384 0.28365384615384615 0.10817307692307693 0.020432692307692308
0 0.9651442307692307 0.35336538461538464 0.056490384615384616 0.038461538461538464
0 0.5072115384615384 0.484375 0.020432692307692308 0.04326923076923077
0 0.7043269230769231 0.2824519230769231 0.08173076923076923 0.018028846153846152
0 0.030048076923076924 0.4891826923076923 0.046875 0.11057692307692307
0 0.07451923076923077 0.49158653846153844 0.04326923076923077 0.10697115384615384
0 0.15985576923076922 0.5240384615384616 0.078125 0.046875
0 0.2283653846153846 0.46153846153846156 0.042067307692307696 0.10216346153846154
0 0.26802884615384615 0.4795673076923077 0.03485576923076923 0.07211538461538461
0 0.30408653846153844 0.4855769230769231 0.03485576923076923 0.0625
0 0.3425480769230769 0.47836538461538464 0.038461538461538464 0.06370192307692307
0 0.3786057692307692 0.4831730769230769 0.03485576923076923 0.054086538461538464
0 0.41586538461538464 0.4831730769230769 0.038461538461538464 0.054086538461538464
0 0.4519230769230769 0.4735576923076923 0.03485576923076923 0.07211538461538461
0 0.9651442307692307 0.48197115384615385 0.06490384615384616 0.06009615384615385
0 0.31009615384615385 0.8449519230769231 0.04567307692307692 0.10216346153846154
0 0.35697115384615385 0.8389423076923077 0.05048076923076923 0.11658653846153846
0 0.43149038461538464 0.8774038461538461 0.0673076923076923 0.038461538461538464
0 0.45072115384615385 0.7091346153846154 0.037259615384615384 0.07692307692307693
0 0.8137019230769231 0.46153846153846156 0.038461538461538464 0.08533653846153846
0 0.6358173076923077 0.49399038461538464 0.052884615384615384 0.02283653846153846
0 0.4891826923076923 0.8365384615384616 0.04447115384615385 0.1201923076923077
0 0.5793269230769231 0.46634615384615385 0.04326923076923077 0.0733173076923077
0 0.84375 0.8293269230769231 0.06971153846153846 0.11057692307692307
0 0.8221153846153846 0.1875 0.18870192307692307 0.08413461538461539
0 0.5480769230769231 0.0985576923076923 0.23918269230769232 0.06490384615384616
0 0.7259615384615384 0.09495192307692307 0.1141826923076923 0.07211538461538461
0 0.8689903846153846 0.4495192307692308 0.04326923076923077 0.09735576923076923
0 0.6274038461538461 0.7043269230769231 0.07091346153846154 0.07572115384615384
0 0.5685096153846154 0.7055288461538461 0.04326923076923077 0.0733173076923077
0 0.5108173076923077 0.7091346153846154 0.06850961538461539 0.06610576923076923
0 0.7596153846153846 0.49278846153846156 0.06971153846153846 0.02403846153846154
0 0.3894230769230769 0.7103365384615384 0.0829326923076923 0.0733173076923077
0 0.32572115384615385 0.7139423076923077 0.046875 0.08052884615384616
0 0.6935096153846154 0.49278846153846156 0.0625 0.02403846153846154
0 0.19471153846153846 0.7584134615384616 0.055288461538461536 0.046875
0 0.1466346153846154 0.7415865384615384 0.042067307692307696 0.08173076923076923
0 0.4855769230769231 0.484375 0.02403846153846154 0.04326923076923077
0 0.06490384615384616 0.7355769230769231 0.056490384615384616 0.09254807692307693
0 0.9723557692307693 0.5961538461538461 0.051682692307692304 0.08052884615384616
0 0.9314903846153846 0.59375 0.030048076923076924 0.08533653846153846
0 0.5564903846153846 0.8689903846153846 0.07091346153846154 0.051682692307692304
0 0.6286057692307693 0.8677884615384616 0.07091346153846154 0.056490384615384616
0 0.7055288461538461 0.859375 0.08533653846153846 0.056490384615384616
0 0.7800480769230769 0.8305288461538461 0.057692307692307696 0.1141826923076923
0 0.26802884615384615 0.7139423076923077 0.06971153846153846 0.0829326923076923
0 0.84375 0.6021634615384616 0.08173076923076923 0.042067307692307696
0 0.7596153846153846 0.5925480769230769 0.08052884615384616 0.057692307692307696
0 0.7055288461538461 0.5865384615384616 0.028846153846153848 0.07091346153846154
0 0.6598557692307693 0.6045673076923077 0.054086538461538464 0.04567307692307692