0 0.8665865384615384 0.4362980769230769 0.036057692307692304 0.054086538461538464
0 0.7175480769230769 0.4326923076923077 0.04326923076923077 0.06009615384615385
0 0.8137019230769231 0.43149038461538464 0.04567307692307692 0.06610576923076923
0 0.7632211538461539 0.4338942307692308 0.038461538461538464 0.06610576923076923
0 0.671875 0.4326923076923077 0.036057692307692304 0.05889423076923077
0 0.6911057692307693 0.7932692307692307 0.038461538461538464 0.025240384615384616
0 0.5853365384615384 0.43028846153846156 0.046875 0.0673076923076923
0 0.5288461538461539 0.42908653846153844 0.05048076923076923 0.06370192307692307
0 0.6334134615384616 0.8197115384615384 0.04567307692307692 0.026442307692307692
0 0.6225961538461539 0.7776442307692307 0.042067307692307696 0.025240384615384616
0 0.9050480769230769 0.42908653846153844 0.027644230769230768 0.07091346153846154
0 0.7367788461538461 0.7956730769230769 0.04807692307692308 0.02403846153846154
0 0.6346153846153846 0.43149038461538464 0.03245192307692308 0.056490384615384616
0 0.9447115384615384 0.4375 0.03125 0.057692307692307696
0 0.3125 0.5264423076923077 0.03245192307692308 0.056490384615384616
0 0.10817307692307693 0.5324519230769231 0.0733173076923077 0.038461538461538464
0 0.16826923076923078 0.5288461538461539 0.028846153846153848 0.05048076923076923
0 0.21153846153846154 0.5204326923076923 0.04567307692307692 0.06129807692307692
0 0.2620192307692308 0.5228365384615384 0.040865384615384616 0.06610576923076923
0 0.578125 0.8197115384615384 0.04567307692307692 0.02403846153846154
0 0.5252403846153846 0.8197115384615384 0.04447115384615385 0.02283653846153846
0 0.5264423076923077 0.7944711538461539 0.042067307692307696 0.02403846153846154
0 0.35336538461538464 0.5228365384615384 0.030048076923076924 0.056490384615384616
0 0.39302884615384615 0.5252403846153846 0.03365384615384615 0.06129807692307692
0 0.4326923076923077 0.5264423076923077 0.039663461538461536 0.05889423076923077
0 0.4735576923076923 0.5276442307692307 0.030048076923076924 0.056490384615384616
0 0.7908653846153846 0.796875 0.04807692307692308 0.021634615384615384
0 0.515625 0.5276442307692307 0.04567307692307692 0.06129807692307692
0 0.9819711538461539 0.44350961538461536 0.03485576923076923 0.04326923076923077
0 0.6899038461538461 0.8221153846153846 0.042067307692307696 0.025240384615384616
0 0.8774038461538461 0.3329326923076923 0.026442307692307692 0.06490384615384616
0 0.7896634615384616 0.8209134615384616 0.04927884615384615 0.021634615384615384
0 0.10817307692307693 0.28846153846153844 0.09375 0.040865384615384616
0 0.10216346153846154 0.33653846153846156 0.09495192307692307 0.040865384615384616
0 0.17908653846153846 0.3233173076923077 0.04326923076923077 0.06610576923076923
0 0.22716346153846154 0.3245192307692308 0.039663461538461536 0.0673076923076923
0 0.2764423076923077 0.3269230769230769 0.039663461538461536 0.06370192307692307
0 0.32211538461538464 0.3269230769230769 0.036057692307692304 0.06009615384615385
0 0.3713942307692308 0.32572115384615385 0.04807692307692308 0.06009615384615385
0 0.4206730769230769 0.328125 0.03125 0.05889423076923077
0 0.46274038461538464 0.3269230769230769 0.04807692307692308 0.06009615384615385
0 0.5144230769230769 0.3293269230769231 0.04326923076923077 0.05889423076923077
0 0.5600961538461539 0.3293269230769231 0.038461538461538464 0.06009615384615385
0 0.609375 0.3293269230769231 0.04807692307692308 0.06009615384615385
0 0.6550480769230769 0.33052884615384615 0.03365384615384615 0.06009615384615385
0 0.7043269230769231 0.3269230769230769 0.04326923076923077 0.06971153846153846
0 0.7391826923076923 0.8221153846153846 0.04447115384615385 0.021634615384615384
0 0.7524038461538461 0.328125 0.039663461538461536 0.06971153846153846
0 0.8353365384615384 0.3317307692307692 0.04447115384615385 0.06129807692307692
0 0.5697115384615384 0.5276442307692307 0.04447115384615385 0.054086538461538464
0 0.9206730769230769 0.3317307692307692 0.042067307692307696 0.06009615384615385
0 0.056490384615384616 0.4254807692307692 0.04326923076923077 0.0625
0 0.12259615384615384 0.4266826923076923 0.054086538461538464 0.05889423076923077
0 0.17427884615384615 0.4266826923076923 0.04326923076923077 0.06129807692307692
0 0.23197115384615385 0.42908653846153844 0.04807692307692308 0.056490384615384616
0 0.28725961538461536 0.42908653846153844 0.042067307692307696 0.06009615384615385
0 0.3293269230769231 0.43028846153846156 0.038461538461538464 0.06129807692307692
0 0.3762019230769231 0.43509615384615385 0.036057692307692304 0.054086538461538464
0 0.9423076923076923 0.8028846153846154 0.036057692307692304 0.04567307692307692
0 0.8966346153846154 0.8257211538461539 0.04447115384615385 0.020432692307692308
0 0.8485576923076923 0.8221153846153846 0.046875 0.02403846153846154
0 0.8473557692307693 0.796875 0.04447115384615385 0.02283653846153846
0 0.7932692307692307 0.33052884615384615 0.03485576923076923 0.0673076923076923
0 0.6262019230769231 0.53125 0.04927884615384615 0.051682692307692304
0 0.34975961538461536 0.8088942307692307 0.027644230769230768 0.052884615384615384
0 0.7367788461538461 0.53125 0.051682692307692304 0.052884615384615384
0 0.042067307692307696 0.5420673076923077 0.038461538461538464 0.019230769230769232
0 0.04447115384615385 0.5168269230769231 0.037259615384615384 0.019230769230769232
0 0.05048076923076923 0.49038461538461536 0.038461538461538464 0.018028846153846152
0 0.19110576923076922 0.6081730769230769 0.046875 0.07091346153846154
0 0.22956730769230768 0.609375 0.019230769230769232 0.06850961538461539
0 0.2620192307692308 0.6069711538461539 0.03365384615384615 0.0673076923076923
0 0.30288461538461536 0.6105769230769231 0.036057692307692304 0.07091346153846154
0 0.3473557692307692 0.6153846153846154 0.04807692307692308 0.06370192307692307
0 0.39903846153846156 0.6177884615384616 0.038461538461538464 0.05889423076923077
0 0.4483173076923077 0.6153846153846154 0.039663461538461536 0.06009615384615385
0 0.4891826923076923 0.6177884615384616 0.03365384615384615 0.06009615384615385
0 0.5360576923076923 0.6033653846153846 0.04567307692307692 0.027644230769230768
0 0.5336538461538461 0.6322115384615384 0.04807692307692308 0.02283653846153846
0 0.4110576923076923 0.7043269230769231 0.028846153846153848 0.05889423076923077
0 0.04447115384615385 0.5685096153846154 0.04326923076923077 0.020432692307692308
0 0.3737980769230769 0.7019230769230769 0.03485576923076923 0.054086538461538464
0 0.22235576923076922 0.703125 0.038461538461538464 0.05889423076923077
0 0.17067307692307693 0.703125 0.039663461538461536 0.06370192307692307
0 0.12740384615384615 0.7043269230769231 0.040865384615384616 0.06129807692307692
0 0.078125 0.703125 0.04326923076923077 0.0625
0 0.9459134615384616 0.6358173076923077 0.05048076923076923 0.028846153846153848
0 0.9266826923076923 0.6045673076923077 0.052884615384615384 0.026442307692307692
0 0.8930288461538461 0.6358173076923077 0.037259615384615384 0.025240384615384616
0 0.8497596153846154 0.6370192307692307 0.042067307692307696 0.025240384615384616
0 0.8413461538461539 0.5985576923076923 0.042067307692307696 0.026442307692307692
0 0.7740384615384616 0.6237980769230769 0.03245192307692308 0.05048076923076923
0 0.734375 0.6201923076923077 0.038461538461538464 0.04807692307692308
0 0.6790865384615384 0.6358173076923077 0.052884615384615384 0.021634615384615384
0 0.5817307692307693 0.6117788461538461 0.04447115384615385 0.07211538461538461
0 0.6274038461538461 0.6213942307692307 0.03485576923076923 0.05048076923076923
0 0.265625 0.703125 0.040865384615384616 0.057692307692307696
0 0.6838942307692307 0.5348557692307693 0.046875 0.051682692307692304
0 0.4483173076923077 0.703125 0.039663461538461536 0.057692307692307696
0 0.5576923076923077 0.7163461538461539 0.07932692307692307 0.037259615384615384
0 0.7992788461538461 0.53125 0.04567307692307692 0.054086538461538464
0 0.8545673076923077 0.5324519230769231 0.04807692307692308 0.04927884615384615
0 0.9026442307692307 0.53125 0.038461538461538464 0.06370192307692307
0 0.03365384615384615 0.6346153846153846 0.04567307692307692 0.013221153846153846
0 0.021634615384615384 0.6550480769230769 0.036057692307692304 0.01201923076923077
0 0.04807692307692308 0.6105769230769231 0.03245192307692308 0.013221153846153846
0 0.08173076923076923 0.6201923076923077 0.025240384615384616 0.04807692307692308
0 0.11658653846153846 0.6201923076923077 0.037259615384615384 0.04807692307692308
0 0.046875 0.5901442307692307 0.04807692307692308 0.010817307692307692
0 0.46033653846153844 0.7932692307692307 0.036057692307692304 0.056490384615384616
0 0.41586538461538464 0.8052884615384616 0.03485576923076923 0.056490384615384616
0 0.3798076923076923 0.8088942307692307 0.028846153846153848 0.052884615384615384
0 0.3112980769230769 0.8064903846153846 0.025240384615384616 0.052884615384615384
0 0.27884615384615385 0.8076923076923077 0.03365384615384615 0.051682692307692304
0 0.49158653846153844 0.7055288461538461 0.038461538461538464 0.057692307692307696
0 0.2403846153846154 0.8016826923076923 0.03245192307692308 0.0673076923076923
0 0.17548076923076922 0.8016826923076923 0.02283653846153846 0.056490384615384616
0 0.1466346153846154 0.8004807692307693 0.02403846153846154 0.05889423076923077
0 0.10697115384615384 0.8016826923076923 0.037259615384615384 0.06009615384615385
0 0.05889423076923077 0.8040865384615384 0.042067307692307696 0.06009615384615385
0 0.9675480769230769 0.7247596153846154 0.06370192307692307 0.027644230769230768
0 0.9038461538461539 0.7139423076923077 0.037259615384615384 0.038461538461538464
0 0.859375 0.7067307692307693 0.02403846153846154 0.04567307692307692
0 0.8016826923076923 0.6814903846153846 0.08413461538461539 0.025240384615384616
0 0.8016826923076923 0.7163461538461539 0.07572115384615384 0.03485576923076923
0 0.7391826923076923 0.7139423076923077 0.02283653846153846 0.04567307692307692
0 0.7163461538461539 0.7163461538461539 0.018028846153846152 0.042067307692307696
0 0.6634615384615384 0.7019230769230769 0.051682692307692304 0.0673076923076923
0 0.6189903846153846 0.703125 0.030048076923076924 0.06370192307692307
0 0.5552884615384616 0.6814903846153846 0.07932692307692307 0.030048076923076924
0 0.20552884615384615 0.7980769230769231 0.030048076923076924 0.078125
0 0.671875 0.6057692307692307 0.05048076923076923 0.028846153846153848
0 0.42427884615384615 0.4230769230769231 0.046875 0.07692307692307693
0 0.47836538461538464 0.42908653846153844 0.04326923076923077 0.06129807692307692