0 0.7536057692307693 0.15264423076923078 0.03485576923076923 0.10096153846153846
0 0.7896634615384616 0.15985576923076922 0.027644230769230768 0.09014423076923077
0 0.8293269230769231 0.1658653846153846 0.04447115384615385 0.078125
0 0.8786057692307693 0.1622596153846154 0.04447115384615385 0.10576923076923077
0 0.8653846153846154 0.2920673076923077 0.04447115384615385 0.037259615384615384
0 0.7295673076923077 0.2860576923076923 0.05048076923076923 0.036057692307692304
0 0.7740384615384616 0.2692307692307692 0.03125 0.07091346153846154
0 0.6346153846153846 0.27884615384615385 0.055288461538461536 0.037259615384615384
0 0.5709134615384616 0.27403846153846156 0.05048076923076923 0.04927884615384615
0 0.7211538461538461 0.14543269230769232 0.026442307692307692 0.11658653846153846
0 0.5192307692307693 0.2776442307692308 0.05048076923076923 0.036057692307692304
0 0.8185096153846154 0.2920673076923077 0.039663461538461536 0.03485576923076923
0 0.6850961538461539 0.14543269230769232 0.038461538461538464 0.109375
0 0.30528846153846156 0.1658653846153846 0.06129807692307692 0.04567307692307692
0 0.5709134615384616 0.14903846153846154 0.03245192307692308 0.09615384615384616
0 0.5348557692307693 0.13221153846153846 0.03365384615384615 0.12379807692307693
0 0.49278846153846156 0.140625 0.04927884615384615 0.10096153846153846
0 0.44350961538461536 0.13701923076923078 0.04326923076923077 0.10576923076923077
0 0.40024038461538464 0.13581730769230768 0.03245192307692308 0.10817307692307693
0 0.36177884615384615 0.14543269230769232 0.037259615384615384 0.08653846153846154
0 0.24879807692307693 0.14423076923076922 0.042067307692307696 0.0733173076923077
0 0.203125 0.13581730769230768 0.046875 0.078125
0 0.15865384615384615 0.11778846153846154 0.03365384615384615 0.11057692307692307
0 0.11778846153846154 0.11538461538461539 0.042067307692307696 0.11298076923076923
0 0.07211538461538461 0.0985576923076923 0.037259615384615384 0.11057692307692307
0 0.4651442307692308 0.2764423076923077 0.04567307692307692 0.037259615384615384
0 0.6466346153846154 0.15144230769230768 0.028846153846153848 0.09735576923076923
0 0.41586538461538464 0.27403846153846156 0.04807692307692308 0.036057692307692304
0 0.5432692307692307 0.6586538461538461 0.03125 0.03365384615384615
0 0.30528846153846156 0.2704326923076923 0.02403846153846154 0.03365384615384615
0 0.4423076923076923 0.7319711538461539 0.052884615384615384 0.028846153846153848
0 0.3894230769230769 0.7223557692307693 0.04807692307692308 0.021634615384615384
0 0.3317307692307692 0.7235576923076923 0.055288461538461536 0.026442307692307692
0 0.5829326923076923 0.7704326923076923 0.040865384615384616 0.03365384615384615
0 0.6370192307692307 0.765625 0.055288461538461536 0.04326923076923077
0 0.6971153846153846 0.7692307692307693 0.054086538461538464 0.040865384615384616
0 0.7584134615384616 0.7680288461538461 0.057692307692307696 0.042067307692307696
0 0.8185096153846154 0.7572115384615384 0.05048076923076923 0.07692307692307693
0 0.3641826923076923 0.2704326923076923 0.04927884615384615 0.04447115384615385
0 0.9819711538461539 0.7367788461538461 0.03485576923076923 0.013221153846153846
0 0.9819711538461539 0.7211538461538461 0.03365384615384615 0.016826923076923076
0 0.9447115384615384 0.7776442307692307 0.028846153846153848 0.038461538461538464
0 0.9122596153846154 0.7776442307692307 0.028846153846153848 0.036057692307692304
0 0.9110576923076923 0.7403846153846154 0.03125 0.037259615384615384
0 0.9459134615384616 0.7379807692307693 0.036057692307692304 0.03485576923076923
0 0.9795673076923077 0.7800480769230769 0.026442307692307692 0.028846153846153848
0 0.9783653846153846 0.6382211538461539 0.040865384615384616 0.027644230769230768
0 0.9747596153846154 0.6069711538461539 0.04927884615384615 0.02283653846153846
0 0.9266826923076923 0.6069711538461539 0.04326923076923077 0.025240384615384616
0 0.9314903846153846 0.6382211538461539 0.046875 0.025240384615384616
0 0.8233173076923077 0.6634615384615384 0.052884615384615384 0.026442307692307692
0 0.7704326923076923 0.6394230769230769 0.051682692307692304 0.025240384615384616
0 0.7692307692307693 0.6670673076923077 0.05048076923076923 0.021634615384615384
0 0.7271634615384616 0.6526442307692307 0.026442307692307692 0.046875
0 0.6971153846153846 0.6514423076923077 0.021634615384615384 0.046875
0 0.6694711538461539 0.6490384615384616 0.025240384615384616 0.05048076923076923
0 0.6225961538461539 0.6670673076923077 0.06009615384615385 0.019230769230769232
0 0.5456730769230769 0.75 0.030048076923076924 0.078125
0 0.6225961538461539 0.640625 0.057692307692307696 0.02283653846153846
0 0.5012019230769231 0.7752403846153846 0.052884615384615384 0.027644230769230768
0 0.3918269230769231 0.7740384615384616 0.054086538461538464 0.027644230769230768
0 0.9831730769230769 0.9266826923076923 0.03125 0.030048076923076924
0 0.9447115384615384 0.9266826923076923 0.04326923076923077 0.03125
0 0.8966346153846154 0.9254807692307693 0.04447115384615385 0.03245192307692308
0 0.9002403846153846 0.890625 0.04447115384615385 0.03485576923076923
0 0.9471153846153846 0.8918269230769231 0.042067307692307696 0.03365384615384615
0 0.9074519230769231 0.8521634615384616 0.04326923076923077 0.03365384615384615
0 0.7920673076923077 0.8810096153846154 0.03365384615384615 0.10216346153846154
0 0.75 0.8762019230769231 0.04567307692307692 0.10576923076923077
0 0.7079326923076923 0.8774038461538461 0.03245192307692308 0.10576923076923077
0 0.6634615384615384 0.8918269230769231 0.036057692307692304 0.08052884615384616
0 0.6153846153846154 0.8822115384615384 0.04927884615384615 0.10576923076923077
0 0.5685096153846154 0.8918269230769231 0.038461538461538464 0.08774038461538461
0 0.5216346153846154 0.8882211538461539 0.04567307692307692 0.09735576923076923
0 0.4651442307692308 0.8834134615384616 0.057692307692307696 0.0985576923076923
0 0.41225961538461536 0.8870192307692307 0.04447115384615385 0.09375
0 0.3161057692307692 0.8990384615384616 0.039663461538461536 0.0829326923076923
0 0.2692307692307692 0.9002403846153846 0.04447115384615385 0.078125
0 0.22355769230769232 0.8870192307692307 0.038461538461538464 0.09495192307692307
0 0.13942307692307693 0.9170673076923077 0.1201923076923077 0.04567307692307692
0 0.13581730769230768 0.8701923076923077 0.1310096153846154 0.04567307692307692
0 0.027644230769230768 0.90625 0.054086538461538464 0.07572115384615384
0 0.21995192307692307 0.765625 0.020432692307692308 0.04447115384615385
0 0.1971153846153846 0.765625 0.020432692307692308 0.04567307692307692
0 0.14543269230769232 0.7776442307692307 0.07572115384615384 0.020432692307692308
0 0.1466346153846154 0.7512019230769231 0.06971153846153846 0.028846153846153848
0 0.2668269230769231 0.7716346153846154 0.07091346153846154 0.03365384615384615
0 0.33533653846153844 0.7740384615384616 0.051682692307692304 0.026442307692307692
0 0.44591346153846156 0.7752403846153846 0.055288461538461536 0.030048076923076924
0 0.6153846153846154 0.6105769230769231 0.06610576923076923 0.02283653846153846
0 0.9819711538461539 0.7536057692307693 0.03365384615384615 0.018028846153846152
0 0.22956730769230768 0.36658653846153844 0.04326923076923077 0.09375
0 0.5384615384615384 0.5372596153846154 0.06971153846153846 0.037259615384615384
0 0.6081730769230769 0.5408653846153846 0.06370192307692307 0.03125
0 0.6622596153846154 0.5240384615384616 0.037259615384615384 0.06971153846153846
0 0.7139423076923077 0.5252403846153846 0.06610576923076923 0.06850961538461539
0 0.7680288461538461 0.5288461538461539 0.03485576923076923 0.06610576923076923
0 0.8293269230769231 0.5420673076923077 0.07692307692307693 0.042067307692307696
0 0.9591346153846154 0.4891826923076923 0.054086538461538464 0.030048076923076924
0 0.96875 0.42788461538461536 0.051682692307692304 0.03485576923076923
0 0.8173076923076923 0.40625 0.07572115384615384 0.051682692307692304
0 0.7487980769230769 0.4014423076923077 0.055288461538461536 0.06009615384615385
0 0.6742788461538461 0.4014423076923077 0.0829326923076923 0.04807692307692308
0 0.5901442307692307 0.40024038461538464 0.078125 0.05048076923076923
0 0.47475961538461536 0.4951923076923077 0.051682692307692304 0.026442307692307692
0 0.515625 0.3954326923076923 0.06490384615384616 0.052884615384615384
0 0.3894230769230769 0.3858173076923077 0.0625 0.06370192307692307
0 0.32211538461538464 0.3858173076923077 0.05889423076923077 0.06129807692307692
0 0.27163461538461536 0.36899038461538464 0.03365384615384615 0.09375
0 0.5757211538461539 0.6574519230769231 0.027644230769230768 0.03485576923076923
0 0.17067307692307693 0.37259615384615385 0.07211538461538461 0.06971153846153846
0 0.1141826923076923 0.3581730769230769 0.042067307692307696 0.09495192307692307
0 0.07572115384615384 0.35697115384615385 0.030048076923076924 0.08052884615384616
0 0.03125 0.21394230769230768 0.04807692307692308 0.1141826923076923
0 0.07692307692307693 0.25961538461538464 0.026442307692307692 0.09495192307692307
0 0.12259615384615384 0.25841346153846156 0.051682692307692304 0.04447115384615385
0 0.1814903846153846 0.2608173076923077 0.054086538461538464 0.042067307692307696
0 0.24639423076923078 0.2620192307692308 0.06129807692307692 0.051682692307692304
0 0.45552884615384615 0.39302884615384615 0.056490384615384616 0.06009615384615385
0 0.4206730769230769 0.49038461538461536 0.05048076923076923 0.025240384615384616
0 0.9615384615384616 0.45913461538461536 0.057692307692307696 0.02403846153846154
0 0.4735576923076923 0.5240384615384616 0.051682692307692304 0.020432692307692308
0 0.5408653846153846 0.6237980769230769 0.028846153846153848 0.03245192307692308
0 0.5096153846153846 0.6262019230769231 0.027644230769230768 0.026442307692307692
0 0.5084134615384616 0.6586538461538461 0.03245192307692308 0.028846153846153848
0 0.44350961538461536 0.6646634615384616 0.09014423076923077 0.018028846153846152
0 0.4170673076923077 0.515625 0.05048076923076923 0.025240384615384616
0 0.35216346153846156 0.6622596153846154 0.08653846153846154 0.020432692307692308
0 0.3545673076923077 0.640625 0.08533653846153846 0.019230769230769232
0 0.2920673076923077 0.6502403846153846 0.03125 0.042067307692307696
0 0.25721153846153844 0.6418269230769231 0.028846153846153848 0.056490384615384616
0 0.21754807692307693 0.6262019230769231 0.042067307692307696 0.02403846153846154
0 0.21754807692307693 0.6550480769230769 0.04326923076923077 0.030048076923076924
0 0.17668269230769232 0.6550480769230769 0.03485576923076923 0.03125
0 0.17668269230769232 0.6225961538461539 0.03125 0.03245192307692308
0 0.125 0.6490384615384616 0.055288461538461536 0.039663461538461536
0 0.44591346153846156 0.6454326923076923 0.09375 0.020432692307692308
0 0.019230769230769232 0.6862980769230769 0.038461538461538464 0.0889423076923077
0 0.021634615384615384 0.7920673076923077 0.04326923076923077 0.078125
0 0.4699519230769231 0.5456730769230769 0.051682692307692304 0.021634615384615384
0 0.41466346153846156 0.5444711538461539 0.054086538461538464 0.021634615384615384
0 0.3449519230769231 0.515625 0.014423076923076924 0.025240384615384616
0 0.31490384615384615 0.49278846153846156 0.05889423076923077 0.01201923076923077
0 0.2776442307692308 0.515625 0.07091346153846154 0.027644230769230768
0 0.34975961538461536 0.5408653846153846 0.0673076923076923 0.02283653846153846
0 0.20552884615384615 0.49399038461538464 0.055288461538461536 0.10697115384615384
0 0.14543269230769232 0.49399038461538464 0.05889423076923077 0.10576923076923077
0 0.02403846153846154 0.45552884615384615 0.046875 0.08052884615384616
0 0.019230769230769232 0.578125 0.037259615384615384 0.08413461538461539
0 0.27283653846153844 0.5408653846153846 0.07451923076923077 0.020432692307692308