0 0.8774038461538461 0.1658653846153846 0.03485576923076923 0.09254807692307693
0 0.171875 0.28725961538461536 0.051682692307692304 0.07932692307692307
0 0.08052884615384616 0.28365384615384615 0.046875 0.10336538461538461
0 0.027644230769230768 0.2848557692307692 0.051682692307692304 0.09375
0 0.03245192307692308 0.41586538461538464 0.06370192307692307 0.10817307692307693
0 0.10336538461538461 0.4170673076923077 0.06490384615384616 0.1045673076923077
0 0.16346153846153846 0.4338942307692308 0.04567307692307692 0.08533653846153846
0 0.6310096153846154 0.5721153846153846 0.052884615384615384 0.08173076923076923
0 0.21634615384615385 0.4362980769230769 0.054086538461538464 0.08052884615384616
0 0.26802884615384615 0.4362980769230769 0.04567307692307692 0.08533653846153846
0 0.32091346153846156 0.43990384615384615 0.04807692307692308 0.08413461538461539
0 0.37259615384615385 0.4411057692307692 0.046875 0.07932692307692307
0 0.42427884615384615 0.4411057692307692 0.04567307692307692 0.078125
0 0.47475961538461536 0.4423076923076923 0.05048076923076923 0.08173076923076923
0 0.22596153846153846 0.28966346153846156 0.052884615384615384 0.07932692307692307
0 0.5276442307692307 0.44471153846153844 0.05048076923076923 0.0829326923076923
0 0.6286057692307693 0.44471153846153844 0.056490384615384616 0.07932692307692307
0 0.6862980769230769 0.44591346153846156 0.056490384615384616 0.078125
0 0.7427884615384616 0.44711538461538464 0.04927884615384615 0.07932692307692307
0 0.7920673076923077 0.4483173076923077 0.04927884615384615 0.078125
0 0.8461538461538461 0.4495192307692308 0.04567307692307692 0.07932692307692307
0 0.5745192307692307 0.5745192307692307 0.04927884615384615 0.07451923076923077
0 0.9507211538461539 0.4543269230769231 0.051682692307692304 0.07572115384615384
0 0.5228365384615384 0.5745192307692307 0.05048076923076923 0.0733173076923077
0 0.4699519230769231 0.5733173076923077 0.04927884615384615 0.08052884615384616
0 0.4182692307692308 0.5757211538461539 0.04927884615384615 0.07451923076923077
0 0.36658653846153844 0.5757211538461539 0.052884615384615384 0.07451923076923077
0 0.31490384615384615 0.5733173076923077 0.04927884615384615 0.07932692307692307
0 0.26322115384615385 0.5709134615384616 0.052884615384615384 0.078125
0 0.578125 0.44471153846153844 0.046875 0.078125
0 0.6862980769230769 0.5745192307692307 0.04807692307692308 0.078125
0 0.7415865384615384 0.5757211538461539 0.05048076923076923 0.07932692307692307
0 0.7956730769230769 0.5853365384615384 0.051682692307692304 0.0625
0 0.8341346153846154 0.17427884615384615 0.042067307692307696 0.07451923076923077
0 0.7908653846153846 0.17067307692307693 0.036057692307692304 0.07572115384615384
0 0.7512019230769231 0.16826923076923078 0.037259615384615384 0.07572115384615384
0 0.7055288461538461 0.1658653846153846 0.042067307692307696 0.08052884615384616
0 0.5793269230769231 0.15865384615384615 0.042067307692307696 0.08052884615384616
0 0.5360576923076923 0.15985576923076922 0.038461538461538464 0.07692307692307693
0 0.49399038461538464 0.15745192307692307 0.036057692307692304 0.07572115384615384
0 0.4519230769230769 0.15504807692307693 0.039663461538461536 0.08173076923076923
0 0.40625 0.14543269230769232 0.03365384615384615 0.10096153846153846
0 0.9519230769230769 0.5805288461538461 0.046875 0.08052884615384616
0 0.9014423076923077 0.5805288461538461 0.05048076923076923 0.0733173076923077
0 0.21033653846153846 0.5709134615384616 0.051682692307692304 0.07692307692307693
0 0.953125 0.16947115384615385 0.03245192307692308 0.09375
0 0.9855769230769231 0.17067307692307693 0.027644230769230768 0.09495192307692307
0 0.9759615384615384 0.30408653846153844 0.046875 0.09014423076923077
0 0.921875 0.31009615384615385 0.051682692307692304 0.0733173076923077
0 0.8689903846153846 0.30528846153846156 0.04567307692307692 0.07572115384615384
0 0.8161057692307693 0.30649038461538464 0.05048076923076923 0.07451923076923077
0 0.7632211538461539 0.30408653846153844 0.04807692307692308 0.07451923076923077
0 0.7115384615384616 0.3004807692307692 0.051682692307692304 0.07932692307692307
0 0.6586538461538461 0.29927884615384615 0.054086538461538464 0.08533653846153846
0 0.6033653846153846 0.29447115384615385 0.055288461538461536 0.08653846153846154
0 0.5492788461538461 0.29447115384615385 0.04927884615384615 0.08533653846153846
0 0.49399038461538464 0.2932692307692308 0.057692307692307696 0.08653846153846154
0 0.43990384615384615 0.296875 0.04927884615384615 0.07932692307692307
0 0.38822115384615385 0.29447115384615385 0.055288461538461536 0.078125
0 0.3329326923076923 0.2932692307692308 0.052884615384615384 0.078125
0 0.2800480769230769 0.29086538461538464 0.052884615384615384 0.07572115384615384
0 0.8485576923076923 0.5853365384615384 0.04927884615384615 0.06850961538461539
0 0.9170673076923077 0.16947115384615385 0.03125 0.09495192307692307
0 0.15504807692307693 0.5709134615384616 0.05048076923076923 0.078125
0 0.4170673076923077 0.7043269230769231 0.04326923076923077 0.07572115384615384
0 0.0889423076923077 0.5552884615384616 0.06370192307692307 0.0985576923076923
0 0.06850961538461539 0.9242788461538461 0.10336538461538461 0.14423076923076922
0 0.09615384615384616 0.7872596153846154 0.055288461538461536 0.0889423076923077
0 0.15144230769230768 0.8305288461538461 0.052884615384615384 0.08774038461538461
0 0.203125 0.8305288461538461 0.05048076923076923 0.08774038461538461
0 0.2548076923076923 0.8305288461538461 0.05048076923076923 0.0829326923076923
0 0.30528846153846156 0.8293269230769231 0.051682692307692304 0.08173076923076923
0 0.028846153846153848 0.5540865384615384 0.057692307692307696 0.10697115384615384
0 0.4074519230769231 0.8293269230769231 0.046875 0.08173076923076923
0 0.4567307692307692 0.8293269230769231 0.04807692307692308 0.08173076923076923
0 0.5084134615384616 0.8305288461538461 0.05048076923076923 0.0829326923076923
0 0.5588942307692307 0.8317307692307693 0.046875 0.07451923076923077
0 0.609375 0.8329326923076923 0.051682692307692304 0.07091346153846154
0 0.6622596153846154 0.8353365384615384 0.042067307692307696 0.06490384615384616
0 0.7067307692307693 0.828125 0.039663461538461536 0.06971153846153846
0 0.7548076923076923 0.8305288461538461 0.046875 0.07211538461538461
0 0.8088942307692307 0.8293269230769231 0.04807692307692308 0.07692307692307693
0 0.8569711538461539 0.8245192307692307 0.038461538461538464 0.078125
0 0.9086538461538461 0.8329326923076923 0.046875 0.07572115384615384
0 0.9579326923076923 0.828125 0.046875 0.07572115384615384
0 0.9338942307692307 0.703125 0.054086538461538464 0.0829326923076923
0 0.8822115384615384 0.7055288461538461 0.04567307692307692 0.07932692307692307
0 0.8329326923076923 0.7043269230769231 0.04807692307692308 0.0829326923076923
0 0.7788461538461539 0.7019230769230769 0.04927884615384615 0.08533653846153846
0 0.7271634615384616 0.6983173076923077 0.04807692307692308 0.09254807692307693
0 0.6754807692307693 0.6983173076923077 0.04326923076923077 0.0829326923076923
0 0.6213942307692307 0.6971153846153846 0.04447115384615385 0.0829326923076923
0 0.5721153846153846 0.6971153846153846 0.04326923076923077 0.0829326923076923
0 0.5168269230769231 0.7007211538461539 0.04326923076923077 0.08413461538461539
0 0.46875 0.7007211538461539 0.046875 0.07932692307692307
0 0.15144230769230768 0.9543269230769231 0.054086538461538464 0.08413461538461539
0 0.203125 0.9555288461538461 0.046875 0.08533653846153846
0 0.3581730769230769 0.828125 0.05048076923076923 0.08173076923076923
0 0.3088942307692308 0.9543269230769231 0.04447115384615385 0.0829326923076923
0 0.03245192307692308 0.6742788461538461 0.0625 0.09014423076923077
0 0.09735576923076923 0.6766826923076923 0.06009615384615385 0.09495192307692307
0 0.36177884615384615 0.15264423076923078 0.038461538461538464 0.08052884615384616
0 0.3161057692307692 0.140625 0.03485576923076923 0.10096153846153846
0 0.2764423076923077 0.13822115384615385 0.036057692307692304 0.09735576923076923
0 0.23677884615384615 0.13701923076923078 0.036057692307692304 0.10336538461538461
0 0.19831730769230768 0.13581730769230768 0.037259615384615384 0.0985576923076923
0 0.36778846153846156 0.703125 0.04807692307692308 0.07692307692307693
0 0.15504807692307693 0.13341346153846154 0.039663461538461536 0.10216346153846154
0 0.10096153846153846 0.14182692307692307 0.05889423076923077 0.10096153846153846
0 0.027644230769230768 0.15865384615384615 0.03365384615384615 0.0625
0 0.25721153846153844 0.9543269230769231 0.052884615384615384 0.08653846153846154
0 0.15865384615384615 0.6995192307692307 0.04567307692307692 0.08653846153846154
0 0.20793269230769232 0.7019230769230769 0.051682692307692304 0.08653846153846154
0 0.8966346153846154 0.4387019230769231 0.04447115384615385 0.09495192307692307
0 0.31490384615384615 0.7043269230769231 0.052884615384615384 0.07572115384615384
0 0.35697115384615385 0.953125 0.04447115384615385 0.08774038461538461
0 0.4074519230769231 0.953125 0.046875 0.0889423076923077
0 0.45913461538461536 0.9519230769230769 0.04567307692307692 0.0829326923076923
0 0.5072115384615384 0.9483173076923077 0.04567307692307692 0.08533653846153846
0 0.5588942307692307 0.9519230769230769 0.04927884615384615 0.08173076923076923
0 0.26322115384615385 0.703125 0.046875 0.08653846153846154
0 0.65625 0.9507211538461539 0.04447115384615385 0.08173076923076923
0 0.703125 0.9519230769230769 0.046875 0.0733173076923077
0 0.7463942307692307 0.9459134615384616 0.037259615384615384 0.08052884615384616
0 0.8040865384615384 0.9591346153846154 0.056490384615384616 0.06610576923076923
0 0.6081730769230769 0.9507211538461539 0.04447115384615385 0.0829326923076923
0 0.8521634615384616 0.9507211538461539 0.036057692307692304 0.07692307692307693
0 0.8942307692307693 0.9483173076923077 0.039663461538461536 0.07692307692307693
0 0.9507211538461539 0.9447115384615384 0.038461538461538464 0.08173076923076923