0 0.3737980769230769 0.24519230769230768 0.057692307692307696 0.12860576923076922
0 0.5600961538461539 0.6598557692307693 0.03245192307692308 0.12379807692307693
0 0.5264423076923077 0.6658653846153846 0.03365384615384615 0.11899038461538461
0 0.49278846153846156 0.6790865384615384 0.036057692307692304 0.12740384615384615
0 0.18990384615384615 0.22355769230769232 0.057692307692307696 0.1466346153846154
0 0.45072115384615385 0.6887019230769231 0.042067307692307696 0.11778846153846154
0 0.4074519230769231 0.7067307692307693 0.04447115384615385 0.140625
0 0.36177884615384615 0.7211538461538461 0.04567307692307692 0.12139423076923077
0 0.3076923076923077 0.7475961538461539 0.054086538461538464 0.15865384615384615
0 0.2512019230769231 0.765625 0.054086538461538464 0.1310096153846154
0 0.421875 0.24519230769230768 0.03245192307692308 0.12980769230769232
0 0.1201923076923077 0.8052884615384616 0.078125 0.14182692307692307
0 0.6682692307692307 0.5060096153846154 0.04567307692307692 0.10096153846153846
0 0.5877403846153846 0.6490384615384616 0.025240384615384616 0.11778846153846154
0 0.6189903846153846 0.6478365384615384 0.027644230769230768 0.11538461538461539
0 0.5889423076923077 0.7548076923076923 0.07932692307692307 0.056490384615384616
0 0.5829326923076923 0.8269230769230769 0.08774038461538461 0.07211538461538461
0 0.3918269230769231 0.43149038461538464 0.054086538461538464 0.07692307692307693
0 0.3545673076923077 0.5697115384615384 0.03125 0.15384615384615385
0 0.29927884615384615 0.5769230769230769 0.08173076923076923 0.140625
0 0.2091346153846154 0.5865384615384616 0.0673076923076923 0.11538461538461539
0 0.14423076923076922 0.609375 0.06129807692307692 0.14783653846153846
0 0.078125 0.6189903846153846 0.06971153846153846 0.15264423076923078
0 0.02283653846153846 0.6129807692307693 0.04326923076923077 0.1622596153846154
0 0.6298076923076923 0.5036057692307693 0.027644230769230768 0.078125
0 0.039663461538461536 0.8353365384615384 0.07692307692307693 0.15625
0 0.7644230769230769 0.7800480769230769 0.07091346153846154 0.0673076923076923
0 0.765625 0.7139423076923077 0.0673076923076923 0.06610576923076923
0 0.6742788461538461 0.7860576923076923 0.08173076923076923 0.07211538461538461
0 0.6826923076923077 0.7139423076923077 0.0889423076923077 0.06370192307692307
0 0.6526442307692307 0.6262019230769231 0.036057692307692304 0.09615384615384616
0 0.46033653846153844 0.9014423076923077 0.08653846153846154 0.10576923076923077
0 0.5889423076923077 0.9242788461538461 0.09975961538461539 0.09014423076923077
0 0.6742788461538461 0.8689903846153846 0.0733173076923077 0.0673076923076923
0 0.5793269230769231 0.5288461538461539 0.03125 0.1045673076923077
0 0.19230769230769232 0.7872596153846154 0.06490384615384616 0.16826923076923078
0 0.5072115384615384 0.5408653846153846 0.03365384615384615 0.11778846153846154
0 0.5841346153846154 0.4026442307692308 0.028846153846153848 0.11177884615384616
0 0.5540865384615384 0.4026442307692308 0.03365384615384615 0.12259615384615384
0 0.515625 0.4014423076923077 0.04447115384615385 0.11899038461538461
0 0.47475961538461536 0.4014423076923077 0.036057692307692304 0.1201923076923077
0 0.3317307692307692 0.41466346153846156 0.05889423076923077 0.15144230769230768
0 0.2127403846153846 0.41466346153846156 0.07692307692307693 0.15144230769230768
0 0.09495192307692307 0.42908653846153844 0.07932692307692307 0.17307692307692307
0 0.5444711538461539 0.53125 0.038461538461538464 0.11177884615384616
0 0.027644230769230768 0.4230769230769231 0.054086538461538464 0.18509615384615385
0 0.6358173076923077 0.27403846153846156 0.028846153846153848 0.109375
0 0.6069711538461539 0.2692307692307692 0.030048076923076924 0.11899038461538461
0 0.578125 0.25841346153846156 0.027644230769230768 0.11778846153846154
0 0.5432692307692307 0.25961538461538464 0.04447115384615385 0.11658653846153846
0 0.5 0.25841346153846156 0.038461538461538464 0.11778846153846154
0 0.45913461538461536 0.25841346153846156 0.042067307692307696 0.10817307692307693
0 0.3269230769230769 0.24158653846153846 0.038461538461538464 0.13341346153846154
0 0.6634615384615384 0.2692307692307692 0.02403846153846154 0.10336538461538461
0 0.6382211538461539 0.39663461538461536 0.026442307692307692 0.10576923076923077
0 0.6117788461538461 0.39783653846153844 0.026442307692307692 0.10697115384615384
0 0.25240384615384615 0.23197115384615385 0.06129807692307692 0.12379807692307693
0 0.47475961538461536 0.5396634615384616 0.038461538461538464 0.1201923076923077
0 0.12860576923076922 0.21995192307692307 0.06129807692307692 0.1346153846153846
0 0.0625 0.21634615384615385 0.06971153846153846 0.14182692307692307
0 0.6610576923076923 0.3942307692307692 0.020432692307692308 0.10576923076923077