0 0.6935096153846154 0.17427884615384615 0.036057692307692304 0.08413461538461539
0 0.984375 0.3076923076923077 0.030048076923076924 0.07572115384615384
0 0.9819711538461539 0.16706730769230768 0.03125 0.11298076923076923
0 0.9411057692307693 0.17548076923076922 0.038461538461538464 0.0829326923076923
0 0.8822115384615384 0.1875 0.07091346153846154 0.06009615384615385
0 0.828125 0.17307692307692307 0.03125 0.07932692307692307
0 0.7884615384615384 0.17548076923076922 0.039663461538461536 0.07932692307692307
0 0.7379807692307693 0.15985576923076922 0.04447115384615385 0.11538461538461539
0 0.6514423076923077 0.15865384615384615 0.04927884615384615 0.11658653846153846
0 0.10576923076923077 0.6105769230769231 0.054086538461538464 0.0733173076923077
0 0.5048076923076923 0.16466346153846154 0.05048076923076923 0.10576923076923077
0 0.4411057692307692 0.15745192307692307 0.054086538461538464 0.11538461538461539
0 0.34134615384615385 0.15745192307692307 0.04927884615384615 0.11658653846153846
0 0.28725961538461536 0.1658653846153846 0.054086538461538464 0.10817307692307693
0 0.23798076923076922 0.171875 0.038461538461538464 0.09254807692307693
0 0.1875 0.16105769230769232 0.051682692307692304 0.11177884615384616
0 0.14302884615384615 0.171875 0.028846153846153848 0.07692307692307693
0 0.0673076923076923 0.18389423076923078 0.08653846153846154 0.0733173076923077
0 0.9507211538461539 0.31490384615384615 0.037259615384615384 0.07091346153846154
0 0.5649038461538461 0.15384615384615385 0.052884615384615384 0.12860576923076922
0 0.9110576923076923 0.3233173076923077 0.037259615384615384 0.04447115384615385
0 0.9026442307692307 0.5528846153846154 0.02403846153846154 0.04807692307692308
0 0.8257211538461539 0.3137019230769231 0.055288461538461536 0.05889423076923077
0 0.8221153846153846 0.6610576923076923 0.019230769230769232 0.027644230769230768
0 0.8028846153846154 0.6574519230769231 0.019230769230769232 0.03485576923076923
0 0.8713942307692307 0.7524038461538461 0.13341346153846154 0.020432692307692308
0 0.8774038461538461 0.7247596153846154 0.13942307692307693 0.02283653846153846
0 0.8894230769230769 0.7019230769230769 0.140625 0.027644230769230768
0 0.7608173076923077 0.7091346153846154 0.055288461538461536 0.11778846153846154
0 0.8725961538461539 0.31009615384615385 0.030048076923076924 0.07091346153846154
0 0.6610576923076923 0.7043269230769231 0.03125 0.109375
0 0.5865384615384616 0.7079326923076923 0.0985576923076923 0.12620192307692307
0 0.5012019230769231 0.7235576923076923 0.04567307692307692 0.07211538461538461
0 0.4483173076923077 0.7091346153846154 0.046875 0.11538461538461539
0 0.8473557692307693 0.6610576923076923 0.019230769230769232 0.026442307692307692
0 0.4026442307692308 0.7067307692307693 0.03485576923076923 0.10576923076923077
0 0.3293269230769231 0.7055288461538461 0.03245192307692308 0.11057692307692307
0 0.28966346153846156 0.703125 0.03485576923076923 0.11057692307692307
0 0.24158653846153846 0.703125 0.06009615384615385 0.09975961538461539
0 0.17908653846153846 0.7019230769230769 0.06370192307692307 0.11057692307692307
0 0.11658653846153846 0.7055288461538461 0.054086538461538464 0.0889423076923077
0 0.054086538461538464 0.7139423076923077 0.0625 0.08653846153846154
0 0.009615384615384616 0.7091346153846154 0.018028846153846152 0.08653846153846154
0 0.056490384615384616 0.6262019230769231 0.04326923076923077 0.04807692307692308
0 0.016826923076923076 0.6274038461538461 0.030048076923076924 0.04326923076923077
0 0.01201923076923077 0.5252403846153846 0.02403846153846154 0.06490384615384616
0 0.054086538461538464 0.5348557692307693 0.05048076923076923 0.06129807692307692
0 0.3629807692307692 0.7079326923076923 0.030048076923076924 0.109375
0 0.11658653846153846 0.5168269230769231 0.03245192307692308 0.046875
0 0.8930288461538461 0.6550480769230769 0.03365384615384615 0.04326923076923077
0 0.9855769230769231 0.6634615384615384 0.02403846153846154 0.02403846153846154
0 0.9903846153846154 0.5048076923076923 0.014423076923076924 0.028846153846153848
0 0.9723557692307693 0.5036057692307693 0.016826923076923076 0.026442307692307692
0 0.9507211538461539 0.5036057692307693 0.02403846153846154 0.030048076923076924
0 0.9206730769230769 0.5048076923076923 0.021634615384615384 0.03245192307692308
0 0.8930288461538461 0.5048076923076923 0.018028846153846152 0.027644230769230768
0 0.875 0.5024038461538461 0.014423076923076924 0.027644230769230768
0 0.8533653846153846 0.5048076923076923 0.021634615384615384 0.03125
0 0.8257211538461539 0.5012019230769231 0.020432692307692308 0.030048076923076924
0 0.8040865384615384 0.5048076923076923 0.013221153846153846 0.025240384615384616
0 0.9651442307692307 0.8569711538461539 0.06850961538461539 0.09254807692307693
0 0.8774038461538461 0.8545673076923077 0.07932692307692307 0.08774038461538461
0 0.9254807692307693 0.6538461538461539 0.028846153846153848 0.04326923076923077
0 0.6814903846153846 0.8509615384615384 0.06370192307692307 0.10216346153846154
0 0.5456730769230769 0.8533653846153846 0.06129807692307692 0.09254807692307693
0 0.47596153846153844 0.8497596153846154 0.0625 0.09254807692307693
0 0.40865384615384615 0.8497596153846154 0.056490384615384616 0.0985576923076923
0 0.3449519230769231 0.8449519230769231 0.056490384615384616 0.0985576923076923
0 0.27884615384615385 0.8485576923076923 0.06370192307692307 0.10096153846153846
0 0.22716346153846154 0.8329326923076923 0.038461538461538464 0.1045673076923077
0 0.18028846153846154 0.8293269230769231 0.040865384615384616 0.09615384615384616
0 0.12620192307692307 0.8485576923076923 0.040865384615384616 0.10096153846153846
0 0.08533653846153846 0.8461538461538461 0.03365384615384615 0.09975961538461539
0 0.03365384615384615 0.84375 0.05048076923076923 0.0985576923076923
0 0.9759615384615384 0.7439903846153846 0.04326923076923077 0.040865384615384616
0 0.6129807692307693 0.8509615384615384 0.05889423076923077 0.09735576923076923
0 0.16947115384615385 0.5769230769230769 0.06370192307692307 0.1045673076923077
0 0.6983173076923077 0.6995192307692307 0.04807692307692308 0.1045673076923077
0 0.3076923076923077 0.5721153846153846 0.057692307692307696 0.10697115384615384
0 0.6959134615384616 0.4387019230769231 0.042067307692307696 0.109375
0 0.640625 0.4362980769230769 0.04326923076923077 0.09615384615384616
0 0.59375 0.4411057692307692 0.04567307692307692 0.1045673076923077
0 0.5432692307692307 0.4375 0.04326923076923077 0.09615384615384616
0 0.4855769230769231 0.4326923076923077 0.040865384615384616 0.10216346153846154
0 0.43990384615384615 0.45072115384615385 0.036057692307692304 0.078125
0 0.39302884615384615 0.4411057692307692 0.04447115384615385 0.09014423076923077
0 0.33653846153846156 0.4362980769230769 0.04326923076923077 0.09615384615384616
0 0.2668269230769231 0.4411057692307692 0.07091346153846154 0.10697115384615384
0 0.18629807692307693 0.4387019230769231 0.07211538461538461 0.09735576923076923
0 0.11658653846153846 0.4387019230769231 0.06129807692307692 0.018028846153846152
0 0.10817307692307693 0.4014423076923077 0.052884615384615384 0.037259615384615384
0 0.04447115384615385 0.41346153846153844 0.06971153846153846 0.07451923076923077
0 0.021634615384615384 0.3137019230769231 0.04326923076923077 0.07451923076923077
0 0.7367788461538461 0.4495192307692308 0.036057692307692304 0.07572115384615384
0 0.07932692307692307 0.3137019230769231 0.06370192307692307 0.07091346153846154
0 0.18990384615384615 0.3076923076923077 0.03365384615384615 0.09615384615384616
0 0.22716346153846154 0.3088942307692308 0.038461538461538464 0.09735576923076923
0 0.2668269230769231 0.3137019230769231 0.037259615384615384 0.09615384615384616
0 0.30649038461538464 0.3269230769230769 0.027644230769230768 0.057692307692307696
0 0.3389423076923077 0.3293269230769231 0.03245192307692308 0.06009615384615385
0 0.3713942307692308 0.32572115384615385 0.03365384615384615 0.057692307692307696
0 0.4074519230769231 0.3269230769230769 0.030048076923076924 0.055288461538461536
0 0.23918269230769232 0.5733173076923077 0.0625 0.10576923076923077
0 0.515625 0.31850961538461536 0.06129807692307692 0.08413461538461539
0 0.5721153846153846 0.3125 0.037259615384615384 0.09014423076923077
0 0.6213942307692307 0.32091346153846156 0.04927884615384615 0.07692307692307693
0 0.6706730769230769 0.3137019230769231 0.042067307692307696 0.08653846153846154
0 0.7223557692307693 0.2980769230769231 0.046875 0.10817307692307693
0 0.7776442307692307 0.3004807692307692 0.042067307692307696 0.11298076923076923
0 0.15504807692307693 0.3088942307692308 0.03245192307692308 0.09375
0 0.7800480769230769 0.4543269230769231 0.03125 0.07451923076923077
0 0.4495192307692308 0.2956730769230769 0.051682692307692304 0.125
0 0.84375 0.4182692307692308 0.03485576923076923 0.09254807692307693
0 0.8161057692307693 0.41586538461538464 0.028846153846153848 0.10216346153846154
0 0.3701923076923077 0.5745192307692307 0.057692307692307696 0.10817307692307693
0 0.4411057692307692 0.5733173076923077 0.054086538461538464 0.10576923076923077
0 0.5144230769230769 0.5757211538461539 0.06009615384615385 0.11057692307692307
0 0.5769230769230769 0.5769230769230769 0.051682692307692304 0.10216346153846154
0 0.6358173076923077 0.5817307692307693 0.056490384615384616 0.1045673076923077
0 0.7548076923076923 0.5757211538461539 0.056490384615384616 0.10576923076923077
0 0.8052884615384616 0.5697115384615384 0.030048076923076924 0.08052884615384616
0 0.8305288461538461 0.5552884615384616 0.019230769230769232 0.040865384615384616
0 0.8485576923076923 0.5480769230769231 0.016826923076923076 0.040865384615384616
0 0.8725961538461539 0.5492788461538461 0.02283653846153846 0.04447115384615385
0 0.9254807692307693 0.5480769230769231 0.016826923076923076 0.05048076923076923
0 0.6935096153846154 0.578125 0.05048076923076923 0.1045673076923077
0 0.9110576923076923 0.41586538461538464 0.021634615384615384 0.09735576923076923
0 0.9483173076923077 0.43990384615384615 0.03365384615384615 0.06610576923076923
0 0.9759615384615384 0.5528846153846154 0.019230769230769232 0.05889423076923077
0 0.9507211538461539 0.5504807692307693 0.019230769230769232 0.05048076923076923
0 0.8834134615384616 0.41346153846153844 0.03125 0.10697115384615384