0 0.29927884615384615 0.19591346153846154 0.019230769230769232 0.10576923076923077
0 0.3233173076923077 0.19230769230769232 0.027644230769230768 0.10096153846153846
0 0.3485576923076923 0.19230769230769232 0.021634615384615384 0.10336538461538461
0 0.3713942307692308 0.19230769230769232 0.02283653846153846 0.10817307692307693
0 0.3942307692307692 0.19110576923076922 0.02283653846153846 0.11177884615384616
0 0.4182692307692308 0.19230769230769232 0.021634615384615384 0.11538461538461539
0 0.3088942307692308 0.30408653846153844 0.02403846153846154 0.09615384615384616
0 0.2860576923076923 0.30528846153846156 0.021634615384615384 0.09375
0 0.3317307692307692 0.30408653846153844 0.02403846153846154 0.09735576923076923
0 0.359375 0.30408653846153844 0.025240384615384616 0.0985576923076923
0 0.38100961538461536 0.30408653846153844 0.020432692307692308 0.09735576923076923
0 0.2776442307692308 0.1971153846153846 0.021634615384615384 0.1045673076923077
0 0.265625 0.30528846153846156 0.021634615384615384 0.09375
0 0.40384615384615385 0.3004807692307692 0.020432692307692308 0.09615384615384616
0 0.025240384615384616 0.4639423076923077 0.021634615384615384 0.10697115384615384
0 0.14783653846153846 0.4639423076923077 0.026442307692307692 0.1141826923076923
0 0.14543269230769232 0.20552884615384615 0.036057692307692304 0.12980769230769232
0 0.009615384615384616 0.3485576923076923 0.019230769230769232 0.12379807692307693
0 0.03125 0.3449519230769231 0.020432692307692308 0.11899038461538461
0 0.055288461538461536 0.3449519230769231 0.026442307692307692 0.12259615384615384
0 0.08413461538461539 0.34375 0.026442307692307692 0.125
0 0.11177884615384616 0.3425480769230769 0.030048076923076924 0.12139423076923077
0 0.2536057692307692 0.1971153846153846 0.02403846153846154 0.10336538461538461
0 0.13701923076923078 0.3425480769230769 0.019230769230769232 0.125
0 0.007211538461538462 0.4651442307692308 0.014423076923076924 0.11298076923076923
0 0.4254807692307692 0.2980769230769231 0.020432692307692308 0.09375
0 0.04807692307692308 0.4639423076923077 0.02283653846153846 0.10817307692307693
0 0.07211538461538461 0.46274038461538464 0.026442307692307692 0.10697115384615384
0 0.09735576923076923 0.46274038461538464 0.02403846153846154 0.10817307692307693
0 0.12139423076923077 0.4651442307692308 0.02403846153846154 0.11177884615384616
0 0.15985576923076922 0.33052884615384615 0.026442307692307692 0.10336538461538461
0 0.17668269230769232 0.46274038461538464 0.03125 0.11538461538461539
0 0.02283653846153846 0.5721153846153846 0.025240384615384616 0.09495192307692307
0 0.23197115384615385 0.4567307692307692 0.025240384615384616 0.11538461538461539
0 0.09975961538461539 0.7884615384615384 0.020432692307692308 0.09735576923076923
0 0.078125 0.7848557692307693 0.021634615384615384 0.09254807692307693
0 0.055288461538461536 0.78125 0.025240384615384616 0.09375
0 0.20192307692307693 0.6887019230769231 0.027644230769230768 0.0985576923076923
0 0.17668269230769232 0.6862980769230769 0.021634615384615384 0.09615384615384616
0 0.15384615384615385 0.6899038461538461 0.020432692307692308 0.10216346153846154
0 0.12980769230769232 0.6826923076923077 0.025240384615384616 0.10697115384615384
0 0.10216346153846154 0.6802884615384616 0.021634615384615384 0.08774038461538461
0 0.08173076923076923 0.6802884615384616 0.019230769230769232 0.08774038461538461
0 0.06129807692307692 0.6766826923076923 0.020432692307692308 0.09375
0 0.036057692307692304 0.6778846153846154 0.02403846153846154 0.10096153846153846
0 0.40625 0.5757211538461539 0.026442307692307692 0.1045673076923077
0 0.3786057692307692 0.5745192307692307 0.02403846153846154 0.10216346153846154
0 0.3545673076923077 0.5745192307692307 0.025240384615384616 0.10096153846153846
0 0.20673076923076922 0.45913461538461536 0.02283653846153846 0.11298076923076923
0 0.33052884615384615 0.5757211538461539 0.02403846153846154 0.1045673076923077
0 0.25 0.5757211538461539 0.02283653846153846 0.1045673076923077
0 0.22355769230769232 0.5769230769230769 0.026442307692307692 0.10216346153846154
0 0.19110576923076922 0.5817307692307693 0.028846153846153848 0.10576923076923077
0 0.16466346153846154 0.578125 0.02403846153846154 0.1045673076923077
0 0.140625 0.578125 0.02403846153846154 0.09735576923076923
0 0.1141826923076923 0.5745192307692307 0.026442307692307692 0.0985576923076923
0 0.09014423076923077 0.5733173076923077 0.02403846153846154 0.10817307692307693
0 0.06850961538461539 0.5769230769230769 0.018028846153846152 0.09735576923076923
0 0.04927884615384615 0.5757211538461539 0.02283653846153846 0.10336538461538461
0 0.40384615384615385 0.4579326923076923 0.03365384615384615 0.11658653846153846
0 0.37259615384615385 0.45913461538461536 0.027644230769230768 0.11658653846153846
0 0.3449519230769231 0.45913461538461536 0.026442307692307692 0.11177884615384616
0 0.31971153846153844 0.4567307692307692 0.025240384615384616 0.11899038461538461
0 0.25961538461538464 0.45913461538461536 0.026442307692307692 0.11658653846153846
0 0.3004807692307692 0.5793269230769231 0.025240384615384616 0.10576923076923077
0 0.27524038461538464 0.5769230769230769 0.027644230769230768 0.10697115384615384
0 0.28966346153846156 0.45913461538461536 0.03245192307692308 0.11177884615384616
0 0.12259615384615384 0.7896634615384616 0.026442307692307692 0.09254807692307693
0 0.8076923076923077 0.6850961538461539 0.056490384615384616 0.0625
0 0.8677884615384616 0.6887019230769231 0.05889423076923077 0.0625
0 0.8605769230769231 0.7524038461538461 0.054086538461538464 0.05889423076923077
0 0.8028846153846154 0.7475961538461539 0.052884615384615384 0.06009615384615385
0 0.7463942307692307 0.7439903846153846 0.052884615384615384 0.0625
0 0.6911057692307693 0.7439903846153846 0.055288461538461536 0.057692307692307696
0 0.6887019230769231 0.8028846153846154 0.052884615384615384 0.052884615384615384
0 0.7439903846153846 0.8040865384615384 0.056490384615384616 0.04807692307692308
0 0.8004807692307693 0.8052884615384616 0.052884615384615384 0.05889423076923077
0 0.7487980769230769 0.6814903846153846 0.05889423076923077 0.05889423076923077
0 0.8569711538461539 0.8088942307692307 0.056490384615384616 0.051682692307692304
0 0.7980769230769231 0.8653846153846154 0.054086538461538464 0.055288461538461536
0 0.7427884615384616 0.8605769230769231 0.052884615384615384 0.05889423076923077
0 0.6899038461538461 0.8581730769230769 0.052884615384615384 0.055288461538461536
0 0.6346153846153846 0.6790865384615384 0.052884615384615384 0.05889423076923077
0 0.6346153846153846 0.7391826923076923 0.052884615384615384 0.06009615384615385
0 0.6358173076923077 0.796875 0.05048076923076923 0.056490384615384616
0 0.6358173076923077 0.8545673076923077 0.05048076923076923 0.057692307692307696
0 0.5841346153846154 0.8509615384615384 0.052884615384615384 0.06009615384615385
0 0.5817307692307693 0.7944711538461539 0.04927884615384615 0.052884615384615384
0 0.8545673076923077 0.8677884615384616 0.055288461538461536 0.054086538461538464
0 0.5793269230769231 0.7355769230769231 0.052884615384615384 0.05889423076923077
0 0.6923076923076923 0.6802884615384616 0.054086538461538464 0.0673076923076923
0 0.8076923076923077 0.6201923076923077 0.054086538461538464 0.06610576923076923
0 0.48677884615384615 0.3293269230769231 0.04567307692307692 0.057692307692307696
0 0.53125 0.3293269230769231 0.04447115384615385 0.06129807692307692
0 0.5793269230769231 0.32572115384615385 0.04927884615384615 0.056490384615384616
0 0.6790865384615384 0.32091346153846156 0.14903846153846154 0.0673076923076923
0 0.6778846153846154 0.38221153846153844 0.14302884615384615 0.054086538461538464
0 0.5805288461538461 0.38221153846153844 0.046875 0.054086538461538464
0 0.5348557692307693 0.3858173076923077 0.042067307692307696 0.04927884615384615
0 0.4891826923076923 0.38461538461538464 0.046875 0.051682692307692304
0 0.49278846153846156 0.4423076923076923 0.04447115384615385 0.052884615384615384
0 0.8653846153846154 0.6225961538461539 0.05889423076923077 0.06850961538461539
0 0.5372596153846154 0.43990384615384615 0.04447115384615385 0.052884615384615384
0 0.6826923076923077 0.4375 0.14423076923076922 0.054086538461538464
0 0.6778846153846154 0.49278846153846156 0.13942307692307693 0.056490384615384616
0 0.5396634615384616 0.49399038461538464 0.13341346153846154 0.05048076923076923
0 0.49399038461538464 0.5516826923076923 0.042067307692307696 0.04807692307692308
0 0.5360576923076923 0.5480769230769231 0.038461538461538464 0.051682692307692304
0 0.578125 0.6129807692307693 0.052884615384615384 0.05889423076923077
0 0.6358173076923077 0.6165865384615384 0.055288461538461536 0.06129807692307692
0 0.6790865384615384 0.5504807692307693 0.042067307692307696 0.051682692307692304
0 0.7247596153846154 0.5480769230769231 0.04567307692307692 0.051682692307692304
0 0.5841346153846154 0.4411057692307692 0.04447115384615385 0.056490384615384616
0 0.5769230769230769 0.6766826923076923 0.04807692307692308 0.05889423076923077
0 0.5240384615384616 0.6766826923076923 0.051682692307692304 0.06009615384615385
0 0.5264423076923077 0.7331730769230769 0.04567307692307692 0.051682692307692304
0 0.4182692307692308 0.8016826923076923 0.028846153846153848 0.0985576923076923
0 0.390625 0.7980769230769231 0.025240384615384616 0.10096153846153846
0 0.36658653846153844 0.7992788461538461 0.02403846153846154 0.0985576923076923
0 0.3425480769230769 0.8004807692307693 0.021634615384615384 0.0985576923076923
0 0.33413461538461536 0.6923076923076923 0.021634615384615384 0.09735576923076923
0 0.3581730769230769 0.6887019230769231 0.02403846153846154 0.10576923076923077
0 0.38341346153846156 0.6862980769230769 0.02283653846153846 0.10216346153846154
0 0.4074519230769231 0.6875 0.025240384615384616 0.09735576923076923
0 0.3076923076923077 0.6935096153846154 0.025240384615384616 0.1045673076923077
0 0.9278846153846154 0.6201923076923077 0.055288461538461536 0.056490384615384616
0 0.2800480769230769 0.6887019230769231 0.026442307692307692 0.11057692307692307
0 0.23317307692307693 0.6875 0.025240384615384616 0.0985576923076923
0 0.2439903846153846 0.7920673076923077 0.026442307692307692 0.09134615384615384
0 0.3161057692307692 0.7980769230769231 0.027644230769230768 0.09615384615384616
0 0.29086538461538464 0.7956730769230769 0.02403846153846154 0.10096153846153846
0 0.26802884615384615 0.7944711538461539 0.020432692307692308 0.09495192307692307
0 0.21394230769230768 0.7920673076923077 0.025240384615384616 0.0889423076923077
0 0.19230769230769232 0.7932692307692307 0.018028846153846152 0.0985576923076923
0 0.171875 0.7920673076923077 0.018028846153846152 0.09254807692307693
0 0.1502403846153846 0.7920673076923077 0.02283653846153846 0.08653846153846154
0 0.25600961538461536 0.6875 0.020432692307692308 0.10697115384615384
0 0.9290865384615384 0.6875 0.051682692307692304 0.06129807692307692
0 0.9206730769230769 0.7524038461538461 0.056490384615384616 0.05889423076923077
0 0.9158653846153846 0.8088942307692307 0.052884615384615384 0.05048076923076923
0 0.5300480769230769 0.7884615384615384 0.05048076923076923 0.055288461538461536
0 0.5324519230769231 0.8485576923076923 0.04447115384615385 0.0625
0 0.48197115384615385 0.8485576923076923 0.04927884615384615 0.054086538461538464
0 0.4807692307692308 0.7920673076923077 0.04326923076923077 0.054086538461538464
0 0.47596153846153844 0.7355769230769231 0.051682692307692304 0.054086538461538464
0 0.4735576923076923 0.6754807692307693 0.040865384615384616 0.06009615384615385
0 0.7836538461538461 0.3173076923076923 0.05048076923076923 0.06009615384615385
0 0.8377403846153846 0.3173076923076923 0.052884615384615384 0.05889423076923077
0 0.8918269230769231 0.31490384615384615 0.054086538461538464 0.057692307692307696
0 0.8894230769230769 0.3737980769230769 0.057692307692307696 0.05889423076923077
0 0.8846153846153846 0.4362980769230769 0.04807692307692308 0.06129807692307692
0 0.8317307692307693 0.43509615384615385 0.055288461538461536 0.057692307692307696
0 0.8341346153846154 0.37740384615384615 0.051682692307692304 0.055288461538461536
0 0.7824519230769231 0.3786057692307692 0.04326923076923077 0.055288461538461536
0 0.78125 0.43509615384615385 0.042067307692307696 0.054086538461538464
0 0.8305288461538461 0.4963942307692308 0.15264423076923078 0.055288461538461536
0 0.5480769230769231 0.25600961538461536 0.12259615384615384 0.04447115384615385
0 0.6754807692307693 0.25 0.12860576923076922 0.057692307692307696
0 0.7752403846153846 0.24278846153846154 0.0673076923076923 0.04447115384615385
0 0.8449519230769231 0.2403846153846154 0.06610576923076923 0.051682692307692304
0 0.9098557692307693 0.8689903846153846 0.05048076923076923 0.06009615384615385
0 0.11658653846153846 0.20552884615384615 0.021634615384615384 0.12740384615384615
0 0.09134615384615384 0.20673076923076922 0.026442307692307692 0.125
0 0.10216346153846154 0.06610576923076923 0.030048076923076924 0.13221153846153846
0 0.038461538461538464 0.21394230769230768 0.03365384615384615 0.13221153846153846
0 0.019230769230769232 0.08533653846153846 0.03125 0.11778846153846154
0 0.04447115384615385 0.07932692307692307 0.02403846153846154 0.11538461538461539
0 0.06850961538461539 0.08173076923076923 0.025240384615384616 0.109375
0 0.13341346153846154 0.06971153846153846 0.03245192307692308 0.12980769230769232
0 0.24278846153846154 0.08173076923076923 0.02283653846153846 0.11778846153846154
0 0.2668269230769231 0.08173076923076923 0.02283653846153846 0.11899038461538461
0 0.0673076923076923 0.2091346153846154 0.02283653846153846 0.12259615384615384
0 0.3125 0.08052884615384616 0.026442307692307692 0.11778846153846154
0 0.33774038461538464 0.07692307692307693 0.02403846153846154 0.11538461538461539
0 0.3629807692307692 0.07572115384615384 0.020432692307692308 0.125
0 0.28846153846153844 0.08413461538461539 0.020432692307692308 0.12740384615384615
0 0.3858173076923077 0.07451923076923077 0.021634615384615384 0.12379807692307693
0 0.41225961538461536 0.06850961538461539 0.027644230769230768 0.11899038461538461
0 0.010817307692307692 0.21514423076923078 0.021634615384615384 0.13221153846153846