0 0.7367788461538461 0.7235576923076923 0.09615384615384616 0.03485576923076923
0 0.07091346153846154 0.05048076923076923 0.11778846153846154 0.09014423076923077
0 0.8882211538461539 0.24278846153846154 0.08653846153846154 0.03485576923076923
0 0.8894230769230769 0.28125 0.09375 0.03365384615384615
0 0.765625 0.23798076923076922 0.11177884615384616 0.036057692307692304
0 0.6322115384615384 0.23557692307692307 0.14543269230769232 0.036057692307692304
0 0.6310096153846154 0.27283653846153844 0.14182692307692307 0.037259615384615384
0 0.4230769230769231 0.22956730769230768 0.11899038461538461 0.036057692307692304
0 0.42427884615384615 0.2668269230769231 0.1201923076923077 0.039663461538461536
0 0.33653846153846156 0.21634615384615385 0.04927884615384615 0.12860576923076922
0 0.28846153846153844 0.21514423076923078 0.04567307692307692 0.13221153846153846
0 0.22716346153846154 0.2091346153846154 0.07572115384615384 0.1346153846153846
0 0.14182692307692307 0.20552884615384615 0.09254807692307693 0.140625
0 0.04807692307692308 0.20673076923076922 0.06129807692307692 0.12860576923076922
0 0.8894230769230769 0.3737980769230769 0.02283653846153846 0.10697115384615384
0 0.8485576923076923 0.3293269230769231 0.06009615384615385 0.020432692307692308
0 0.8413461538461539 0.35697115384615385 0.052884615384615384 0.02403846153846154
0 0.8401442307692307 0.38221153846153844 0.054086538461538464 0.026442307692307692
0 0.8377403846153846 0.4074519230769231 0.04927884615384615 0.02403846153846154
0 0.7836538461538461 0.4110576923076923 0.052884615384615384 0.025240384615384616
0 0.7836538461538461 0.38221153846153844 0.055288461538461536 0.030048076923076924
0 0.7860576923076923 0.35216346153846156 0.051682692307692304 0.030048076923076924
0 0.7271634615384616 0.3737980769230769 0.04807692307692308 0.109375
0 0.6802884615384616 0.41466346153846156 0.02283653846153846 0.025240384615384616
0 0.7379807692307693 0.7608173076923077 0.09495192307692307 0.03125
0 0.15865384615384615 0.051682692307692304 0.055288461538461536 0.08774038461538461
0 0.9194711538461539 0.37259615384615385 0.036057692307692304 0.109375
0 0.21514423076923078 0.056490384615384616 0.055288461538461536 0.0889423076923077
0 0.8353365384615384 0.7463942307692307 0.09615384615384616 0.03365384615384615
0 0.2692307692307692 0.06009615384615385 0.052884615384615384 0.09615384615384616
0 0.32091346153846156 0.056490384615384616 0.051682692307692304 0.10216346153846154
0 0.3762019230769231 0.056490384615384616 0.04447115384615385 0.10817307692307693
0 0.46274038461538464 0.09254807692307693 0.11899038461538461 0.04326923076923077
0 0.46274038461538464 0.054086538461538464 0.12379807692307693 0.03365384615384615
0 0.5853365384615384 0.10096153846153846 0.11658653846153846 0.040865384615384616
0 0.5865384615384616 0.05889423076923077 0.11778846153846154 0.039663461538461536
0 0.6959134615384616 0.1045673076923077 0.09735576923076923 0.039663461538461536
0 0.8149038461538461 0.11057692307692307 0.125 0.04567307692307692
0 0.8161057692307693 0.07211538461538461 0.12379807692307693 0.03485576923076923
0 0.9362980769230769 0.11778846153846154 0.10697115384615384 0.038461538461538464
0 0.9387019230769231 0.078125 0.11538461538461539 0.037259615384615384
0 0.484375 0.6334134615384616 0.11778846153846154 0.028846153846153848
0 0.4891826923076923 0.6009615384615384 0.1045673076923077 0.028846153846153848
0 0.37259615384615385 0.6730769230769231 0.10576923076923077 0.03125
0 0.37259615384615385 0.6358173076923077 0.09615384615384616 0.03125
0 0.27163461538461536 0.5949519230769231 0.10697115384615384 0.026442307692307692
0 0.25240384615384615 0.6370192307692307 0.12139423076923077 0.036057692307692304
0 0.2512019230769231 0.6742788461538461 0.1201923076923077 0.037259615384615384
0 0.12620192307692307 0.6754807692307693 0.125 0.025240384615384616
0 0.13581730769230768 0.6286057692307693 0.09615384615384616 0.040865384615384616
0 0.9278846153846154 0.7704326923076923 0.0829326923076923 0.025240384615384616
0 0.9326923076923077 0.7439903846153846 0.09134615384615384 0.025240384615384616
0 0.9350961538461539 0.7163461538461539 0.08413461538461539 0.028846153846153848
0 0.8329326923076923 0.7776442307692307 0.09134615384615384 0.028846153846153848
0 0.734375 0.7860576923076923 0.08774038461538461 0.018028846153846152
0 0.23317307692307693 0.4987980769230769 0.09134615384615384 0.030048076923076924
0 0.30528846153846156 0.41225961538461536 0.0733173076923077 0.03125
0 0.5973557692307693 0.37259615384615385 0.03125 0.10336538461538461
0 0.6057692307692307 0.5372596153846154 0.10216346153846154 0.028846153846153848
0 0.6057692307692307 0.5060096153846154 0.10336538461538461 0.030048076923076924
0 0.6057692307692307 0.4723557692307692 0.09975961538461539 0.03365384615384615
0 0.5048076923076923 0.5372596153846154 0.09254807692307693 0.026442307692307692
0 0.5036057692307693 0.5060096153846154 0.09735576923076923 0.026442307692307692
0 0.4951923076923077 0.46274038461538464 0.08653846153846154 0.015625
0 0.4110576923076923 0.49278846153846156 0.08173076923076923 0.03125
0 0.41346153846153844 0.5348557692307693 0.08052884615384616 0.036057692307692304
0 0.32572115384615385 0.5360576923076923 0.0889423076923077 0.03365384615384615
0 0.3245192307692308 0.4987980769230769 0.08413461538461539 0.030048076923076924
0 0.32211538461538464 0.4675480769230769 0.08653846153846154 0.02403846153846154
0 0.4855769230769231 0.6682692307692307 0.10697115384615384 0.026442307692307692
0 0.5949519230769231 0.6081730769230769 0.09375 0.028846153846153848
0 0.5949519230769231 0.6370192307692307 0.09735576923076923 0.028846153846153848
0 0.5925480769230769 0.6658653846153846 0.09254807692307693 0.02403846153846154
0 0.6959134615384616 0.625 0.1045673076923077 0.03245192307692308
0 0.6959134615384616 0.6586538461538461 0.10336538461538461 0.03365384615384615
0 0.8016826923076923 0.6454326923076923 0.09495192307692307 0.056490384615384616
0 0.8052884615384616 0.5973557692307693 0.10096153846153846 0.03485576923076923
0 0.9086538461538461 0.5949519230769231 0.09495192307692307 0.040865384615384616
0 0.9026442307692307 0.6418269230769231 0.08533653846153846 0.051682692307692304
0 0.12139423076923077 0.5336538461538461 0.12259615384615384 0.03485576923076923
0 0.11778846153846154 0.49759615384615385 0.12980769230769232 0.03365384615384615
0 0.1141826923076923 0.4639423076923077 0.12740384615384615 0.030048076923076924
0 0.23076923076923078 0.4651442307692308 0.0889423076923077 0.028846153846153848
0 0.7115384615384616 0.4951923076923077 0.10336538461538461 0.040865384615384616
0 0.6514423076923077 0.41466346153846156 0.03245192307692308 0.026442307692307692
0 0.7127403846153846 0.53125 0.1045673076923077 0.03365384615384615
0 0.6382211538461539 0.7884615384615384 0.0985576923076923 0.02283653846153846
0 0.48677884615384615 0.41586538461538464 0.04927884615384615 0.028846153846153848
0 0.44350961538461536 0.37259615384615385 0.021634615384615384 0.11057692307692307
0 0.4170673076923077 0.3713942307692308 0.028846153846153848 0.11057692307692307
0 0.3870192307692308 0.3701923076923077 0.03125 0.1141826923076923
0 0.6526442307692307 0.38822115384615385 0.026442307692307692 0.025240384615384616
0 0.6802884615384616 0.38822115384615385 0.027644230769230768 0.025240384615384616
0 0.6838942307692307 0.3605769230769231 0.02283653846153846 0.03125
0 0.65625 0.359375 0.03125 0.028846153846153848
0 0.65625 0.3317307692307692 0.026442307692307692 0.02403846153846154
0 0.6875 0.3317307692307692 0.030048076923076924 0.02403846153846154
0 0.6237980769230769 0.37259615384615385 0.019230769230769232 0.10216346153846154
0 0.35697115384615385 0.3701923076923077 0.028846153846153848 0.11538461538461539
0 0.23317307692307693 0.5360576923076923 0.09134615384615384 0.03365384615384615
0 0.30408653846153844 0.3798076923076923 0.06971153846153846 0.03245192307692308
0 0.30408653846153844 0.3485576923076923 0.06971153846153846 0.027644230769230768
0 0.30288461538461536 0.32091346153846156 0.06971153846153846 0.02403846153846154
0 0.24879807692307693 0.36778846153846156 0.03365384615384615 0.11658653846153846
0 0.21394230769230768 0.36658653846153844 0.036057692307692304 0.11778846153846154
0 0.18028846153846154 0.36538461538461536 0.027644230769230768 0.11538461538461539
0 0.1466346153846154 0.3629807692307692 0.042067307692307696 0.11899038461538461
0 0.11057692307692307 0.3629807692307692 0.028846153846153848 0.11538461538461539
0 0.07572115384615384 0.3629807692307692 0.038461538461538464 0.11658653846153846
0 0.9290865384615384 0.5360576923076923 0.09254807692307693 0.03125
0 0.9326923076923077 0.5048076923076923 0.10216346153846154 0.027644230769230768
0 0.8233173076923077 0.5324519230769231 0.10336538461538461 0.03125
0 0.8257211538461539 0.49759615384615385 0.109375 0.037259615384615384
0 0.6394230769230769 0.7608173076923077 0.09735576923076923 0.030048076923076924
0 0.6995192307692307 0.06610576923076923 0.10576923076923077 0.03245192307692308
0 0.5432692307692307 0.7956730769230769 0.08533653846153846 0.020432692307692308
0 0.9290865384615384 0.8569711538461539 0.07932692307692307 0.02403846153846154
0 0.9314903846153846 0.8329326923076923 0.0733173076923077 0.02283653846153846
0 0.8425480769230769 0.8377403846153846 0.09254807692307693 0.02403846153846154
0 0.8401442307692307 0.8605769230769231 0.09014423076923077 0.021634615384615384
0 0.8389423076923077 0.8834134615384616 0.09375 0.026442307692307692
0 0.7451923076923077 0.8942307692307693 0.08533653846153846 0.021634615384615384
0 0.7487980769230769 0.8689903846153846 0.09134615384615384 0.028846153846153848
0 0.7512019230769231 0.84375 0.08774038461538461 0.02283653846153846
0 0.6550480769230769 0.8966346153846154 0.0889423076923077 0.019230769230769232
0 0.6550480769230769 0.8725961538461539 0.09134615384615384 0.02403846153846154
0 0.6586538461538461 0.8449519230769231 0.08774038461538461 0.03125
0 0.5625 0.9014423076923077 0.0829326923076923 0.019230769230769232
0 0.5649038461538461 0.8798076923076923 0.08774038461538461 0.025240384615384616
0 0.5649038461538461 0.8497596153846154 0.08774038461538461 0.03365384615384615
0 0.4699519230769231 0.8786057692307693 0.09375 0.02403846153846154
0 0.46875 0.8521634615384616 0.0985576923076923 0.027644230769230768
0 0.37259615384615385 0.9098557692307693 0.09615384615384616 0.02283653846153846
0 0.3701923076923077 0.8798076923076923 0.09495192307692307 0.03485576923076923
0 0.3713942307692308 0.8533653846153846 0.09254807692307693 0.018028846153846152
0 0.9759615384615384 0.6502403846153846 0.046875 0.039663461538461536
0 0.9771634615384616 0.6213942307692307 0.040865384615384616 0.021634615384615384
0 0.9783653846153846 0.59375 0.040865384615384616 0.03245192307692308
0 0.6346153846153846 0.7199519230769231 0.08413461538461539 0.027644230769230768
0 0.9254807692307693 0.8774038461538461 0.07211538461538461 0.019230769230769232
0 0.09014423076923077 0.8052884615384616 0.018028846153846152 0.02283653846153846
0 0.47115384615384615 0.9026442307692307 0.09615384615384616 0.021634615384615384
0 0.359375 0.7247596153846154 0.09375 0.009615384615384616
0 0.5444711538461539 0.7716346153846154 0.0889423076923077 0.02403846153846154
0 0.10817307692307693 0.8064903846153846 0.018028846153846152 0.026442307692307692
0 0.453125 0.7692307692307693 0.0889423076923077 0.03365384615384615
0 0.453125 0.7271634615384616 0.08413461538461539 0.03125
0 0.359375 0.8016826923076923 0.09375 0.021634615384615384
0 0.3605769230769231 0.7752403846153846 0.09495192307692307 0.027644230769230768
0 0.359375 0.7475961538461539 0.09375 0.026442307692307692
0 0.26322115384615385 0.8052884615384616 0.09735576923076923 0.02403846153846154
0 0.26322115384615385 0.7800480769230769 0.09735576923076923 0.027644230769230768
0 0.2608173076923077 0.75 0.10216346153846154 0.03245192307692308
0 0.4519230769230769 0.7980769230769231 0.08774038461538461 0.021634615384615384
0 0.1658653846153846 0.8052884615384616 0.09615384615384616 0.02283653846153846
0 0.16466346153846154 0.7752403846153846 0.09615384615384616 0.02403846153846154
0 0.15865384615384615 0.7427884615384616 0.10216346153846154 0.028846153846153848
0 0.0829326923076923 0.7644230769230769 0.027644230769230768 0.02403846153846154
0 0.546875 0.7439903846153846 0.08533653846153846 0.028846153846153848