0 0.08533653846153846 0.07692307692307693 0.038461538461538464 0.10336538461538461
0 0.14423076923076922 0.09254807692307693 0.042067307692307696 0.09134615384615384
0 0.18870192307692307 0.1045673076923077 0.03125 0.0829326923076923
0 0.2247596153846154 0.10336538461538461 0.037259615384615384 0.08533653846153846
0 0.2764423076923077 0.11778846153846154 0.03365384615384615 0.07211538461538461
0 0.16346153846153846 0.8052884615384616 0.04567307692307692 0.0673076923076923
0 0.3858173076923077 0.12259615384615384 0.03125 0.078125
0 0.41346153846153844 0.125 0.02283653846153846 0.0733173076923077
0 0.2644230769230769 0.2668269230769231 0.037259615384615384 0.09615384615384616
0 0.3269230769230769 0.27163461538461536 0.03485576923076923 0.09375
0 0.3545673076923077 0.11899038461538461 0.026442307692307692 0.07572115384615384
0 0.31850961538461536 0.11778846153846154 0.039663461538461536 0.07692307692307693
0 0.9759615384615384 0.6069711538461539 0.016826923076923076 0.03365384615384615
0 0.9591346153846154 0.609375 0.014423076923076924 0.025240384615384616
0 0.9423076923076923 0.6153846153846154 0.015625 0.027644230769230768
0 0.921875 0.6189903846153846 0.021634615384615384 0.028846153846153848
0 0.9735576923076923 0.5733173076923077 0.02403846153846154 0.027644230769230768
0 0.3605769230769231 0.27163461538461536 0.025240384615384616 0.09254807692307693
0 0.9206730769230769 0.5889423076923077 0.021634615384615384 0.030048076923076924
0 0.328125 0.7295673076923077 0.036057692307692304 0.03125
0 0.07451923076923077 0.8377403846153846 0.036057692307692304 0.07091346153846154
0 0.1141826923076923 0.8221153846153846 0.039663461538461536 0.0673076923076923
0 0.6574519230769231 0.6682692307692307 0.030048076923076924 0.06850961538461539
0 0.5300480769230769 0.6983173076923077 0.037259615384615384 0.07091346153846154
0 0.22235576923076922 0.7872596153846154 0.054086538461538464 0.0985576923076923
0 0.3918269230769231 0.2704326923076923 0.036057692307692304 0.09014423076923077
0 0.4362980769230769 0.12980769230769232 0.02283653846153846 0.0733173076923077
0 0.45552884615384615 0.27283653846153844 0.03245192307692308 0.08774038461538461
0 0.2776442307692308 0.40384615384615385 0.07091346153846154 0.09975961538461539
0 0.1935096153846154 0.40625 0.08413461538461539 0.09735576923076923
0 0.1141826923076923 0.3942307692307692 0.020432692307692308 0.06610576923076923
0 0.08052884615384616 0.39663461538461536 0.036057692307692304 0.0673076923076923
0 0.040865384615384616 0.4014423076923077 0.03245192307692308 0.06610576923076923
0 0.96875 0.29927884615384615 0.028846153846153848 0.036057692307692304
0 0.4230769230769231 0.40024038461538464 0.06490384615384616 0.09134615384615384
0 0.9290865384615384 0.28125 0.040865384615384616 0.06490384615384616
0 0.8353365384615384 0.2800480769230769 0.051682692307692304 0.07572115384615384
0 0.7740384615384616 0.27884615384615385 0.0625 0.07211538461538461
0 0.5612980769230769 0.27403846153846156 0.026442307692307692 0.08413461538461539
0 0.5348557692307693 0.2764423076923077 0.020432692307692308 0.08052884615384616
0 0.5096153846153846 0.27524038461538464 0.025240384615384616 0.08774038461538461
0 0.4855769230769231 0.27403846153846156 0.02283653846153846 0.0889423076923077
0 0.8858173076923077 0.28125 0.04567307692307692 0.07211538461538461
0 0.4879807692307692 0.39783653846153844 0.03125 0.07932692307692307
0 0.4639423076923077 0.4014423076923077 0.015625 0.0829326923076923
0 0.5180288461538461 0.3942307692307692 0.02283653846153846 0.07932692307692307
0 0.6971153846153846 0.6586538461538461 0.028846153846153848 0.07091346153846154
0 0.45913461538461536 0.13341346153846154 0.020432692307692308 0.07091346153846154
0 0.4807692307692308 0.13701923076923078 0.014423076923076924 0.06610576923076923
0 0.5060096153846154 0.13701923076923078 0.03245192307692308 0.06850961538461539
0 0.53125 0.14182692307692307 0.018028846153846152 0.06610576923076923
0 0.5528846153846154 0.14423076923076922 0.02283653846153846 0.07091346153846154
0 0.5757211538461539 0.15264423076923078 0.021634615384615384 0.056490384615384616
0 0.5997596153846154 0.15625 0.019230769230769232 0.056490384615384616
0 0.7403846153846154 0.375 0.026442307692307692 0.07451923076923077
0 0.703125 0.3713942307692308 0.039663461538461536 0.0889423076923077
0 0.6550480769230769 0.3798076923076923 0.028846153846153848 0.078125
0 0.6153846153846154 0.3870192307692308 0.02283653846153846 0.07211538461538461
0 0.5901442307692307 0.390625 0.021634615384615384 0.07451923076923077
0 0.5384615384615384 0.39302884615384615 0.015625 0.07572115384615384
0 0.5612980769230769 0.390625 0.026442307692307692 0.07572115384615384
0 0.42427884615384615 0.27283653846153844 0.02403846153846154 0.0889423076923077
0 0.7283653846153846 0.6550480769230769 0.026442307692307692 0.07692307692307693
0 0.9459134615384616 0.5817307692307693 0.020432692307692308 0.030048076923076924
0 0.4326923076923077 0.7127403846153846 0.040865384615384616 0.04807692307692308
0 0.7800480769230769 0.47836538461538464 0.0733173076923077 0.04447115384615385
0 0.7872596153846154 0.4375 0.07451923076923077 0.03245192307692308
0 0.5516826923076923 0.4987980769230769 0.04567307692307692 0.08533653846153846
0 0.5048076923076923 0.5072115384615384 0.028846153846153848 0.078125
0 0.47836538461538464 0.5144230769230769 0.020432692307692308 0.078125
0 0.4519230769230769 0.5180288461538461 0.020432692307692308 0.0829326923076923
0 0.4266826923076923 0.5216346153846154 0.025240384615384616 0.08052884615384616
0 0.39663461538461536 0.5252403846153846 0.025240384615384616 0.08173076923076923
0 0.36899038461538464 0.53125 0.028846153846153848 0.08413461538461539
0 0.33413461538461536 0.5336538461538461 0.026442307692307692 0.07932692307692307
0 0.8293269230769231 0.4807692307692308 0.01201923076923077 0.039663461538461536
0 0.30288461538461536 0.5372596153846154 0.03485576923076923 0.08774038461538461
0 0.16105769230769232 0.26322115384615385 0.03485576923076923 0.10216346153846154
0 0.27163461538461536 0.5408653846153846 0.025240384615384616 0.0889423076923077
0 0.2403846153846154 0.5480769230769231 0.030048076923076924 0.0889423076923077
0 0.20432692307692307 0.5528846153846154 0.03365384615384615 0.09375
0 0.1658653846153846 0.5576923076923077 0.036057692307692304 0.09615384615384616
0 0.10336538461538461 0.6117788461538461 0.046875 0.09014423076923077
0 0.030048076923076924 0.625 0.04567307692307692 0.09254807692307693
0 0.11057692307692307 0.49399038461538464 0.04447115384615385 0.09014423076923077
0 0.056490384615384616 0.5012019230769231 0.056490384615384616 0.10336538461538461
0 0.9675480769230769 0.37259615384615385 0.040865384615384616 0.04567307692307692
0 0.7560096153846154 0.6346153846153846 0.02283653846153846 0.051682692307692304
0 0.8401442307692307 0.4807692307692308 0.009615384615384616 0.037259615384615384
0 0.8533653846153846 0.47475961538461536 0.009615384615384616 0.039663461538461536
0 0.8725961538461539 0.4723557692307692 0.019230769230769232 0.037259615384615384
0 0.027644230769230768 0.23557692307692307 0.04807692307692308 0.11298076923076923
0 0.03245192307692308 0.8581730769230769 0.04807692307692308 0.08052884615384616
0 0.7932692307692307 0.5504807692307693 0.013221153846153846 0.06850961538461539
0 0.7728365384615384 0.5564903846153846 0.013221153846153846 0.0733173076923077
0 0.9074519230769231 0.5276442307692307 0.018028846153846152 0.06610576923076923
0 0.8822115384615384 0.5324519230769231 0.02403846153846154 0.06850961538461539
0 0.8569711538461539 0.5336538461538461 0.021634615384615384 0.0673076923076923
0 0.8269230769230769 0.546875 0.025240384615384616 0.07091346153846154
0 0.7524038461538461 0.5564903846153846 0.026442307692307692 0.06971153846153846
0 0.7223557692307693 0.5612980769230769 0.021634615384615384 0.0673076923076923
0 0.6995192307692307 0.5709134615384616 0.02283653846153846 0.06610576923076923
0 0.6598557692307693 0.5721153846153846 0.027644230769230768 0.07692307692307693
0 0.6213942307692307 0.5805288461538461 0.025240384615384616 0.06971153846153846
0 0.5132211538461539 0.6141826923076923 0.038461538461538464 0.078125
0 0.4326923076923077 0.6237980769230769 0.039663461538461536 0.07211538461538461
0 0.35336538461538464 0.6322115384615384 0.0889423076923077 0.05889423076923077
0 0.21033653846153846 0.6790865384615384 0.09254807692307693 0.07211538461538461
0 0.02403846153846154 0.7307692307692307 0.040865384615384616 0.07211538461538461
0 0.07091346153846154 0.7235576923076923 0.046875 0.07692307692307693
0 0.1201923076923077 0.7151442307692307 0.04927884615384615 0.08173076923076923
0 0.9915865384615384 0.45072115384615385 0.015625 0.04807692307692308
0 0.9675480769230769 0.4519230769230769 0.026442307692307692 0.046875
0 0.9362980769230769 0.45913461538461536 0.03125 0.04567307692307692
0 0.9074519230769231 0.36899038461538464 0.04447115384615385 0.07091346153846154
0 0.1935096153846154 0.2668269230769231 0.03125 0.10216346153846154
0 0.10216346153846154 0.25240384615384615 0.08052884615384616 0.07932692307692307
0 0.9867788461538461 0.19110576923076922 0.021634615384615384 0.08413461538461539
0 0.48677884615384615 0.6947115384615384 0.03485576923076923 0.046875
0 0.6189903846153846 0.6634615384615384 0.03125 0.04326923076923077
0 0.3858173076923077 0.71875 0.038461538461538464 0.040865384615384616
0 0.28846153846153844 0.7439903846153846 0.038461538461538464 0.038461538461538464
0 0.6598557692307693 0.15264423076923078 0.039663461538461536 0.0829326923076923
0 0.7163461538461539 0.171875 0.02403846153846154 0.06370192307692307
0 0.7680288461538461 0.17427884615384615 0.027644230769230768 0.06490384615384616
0 0.8088942307692307 0.17427884615384615 0.028846153846153848 0.06971153846153846
0 0.8401442307692307 0.17548076923076922 0.030048076923076924 0.07451923076923077
0 0.8665865384615384 0.17908653846153846 0.02283653846153846 0.07091346153846154
0 0.8978365384615384 0.17908653846153846 0.036057692307692304 0.07692307692307693
0 0.2283653846153846 0.2644230769230769 0.03485576923076923 0.09735576923076923
0 0.9290865384615384 0.18269230769230768 0.027644230769230768 0.0829326923076923
0 0.7427884615384616 0.17307692307692307 0.020432692307692308 0.06490384615384616
0 0.9639423076923077 0.18990384615384615 0.02283653846153846 0.08533653846153846
0 0.038461538461538464 0.07211538461538461 0.055288461538461536 0.1045673076923077