0 0.4206730769230769 0.5384615384615384 0.030048076923076924 0.09615384615384616
0 0.8245192307692307 0.6610576923076923 0.04567307692307692 0.08533653846153846
0 0.8737980769230769 0.6622596153846154 0.038461538461538464 0.078125
0 0.703125 0.5456730769230769 0.037259615384615384 0.0985576923076923
0 0.6634615384615384 0.5456730769230769 0.037259615384615384 0.0985576923076923
0 0.6225961538461539 0.546875 0.037259615384615384 0.0985576923076923
0 0.5829326923076923 0.546875 0.037259615384615384 0.0985576923076923
0 0.5408653846153846 0.5444711538461539 0.037259615384615384 0.0985576923076923
0 0.5024038461538461 0.5432692307692307 0.030048076923076924 0.09615384615384616
0 0.46033653846153844 0.5408653846153846 0.030048076923076924 0.09615384615384616
0 0.7752403846153846 0.6586538461538461 0.037259615384615384 0.08533653846153846
0 0.9134615384615384 0.6598557692307693 0.036057692307692304 0.07211538461538461
0 0.7307692307692307 0.6586538461538461 0.04567307692307692 0.08533653846153846
0 0.6225961538461539 0.6586538461538461 0.040865384615384616 0.08413461538461539
0 0.7439903846153846 0.5480769230769231 0.037259615384615384 0.0985576923076923
0 0.3701923076923077 0.6514423076923077 0.037259615384615384 0.09735576923076923
0 0.016826923076923076 0.75 0.03125 0.09615384615384616
0 0.05048076923076923 0.7524038461538461 0.030048076923076924 0.09014423076923077
0 0.08413461538461539 0.7560096153846154 0.03365384615384615 0.10216346153846154
0 0.11778846153846154 0.7536057692307693 0.03125 0.0985576923076923
0 0.15625 0.7620192307692307 0.03365384615384615 0.09975961538461539
0 0.19591346153846154 0.765625 0.03365384615384615 0.09975961538461539
0 0.23798076923076922 0.7596153846153846 0.03365384615384615 0.09975961538461539
0 0.27884615384615385 0.765625 0.03365384615384615 0.09975961538461539
0 0.32091346153846156 0.7644230769230769 0.03365384615384615 0.09975961538461539
0 0.36658653846153844 0.7620192307692307 0.04326923076923077 0.10336538461538461
0 0.5 0.7644230769230769 0.20673076923076922 0.0985576923076923
0 0.6682692307692307 0.7788461538461539 0.12259615384615384 0.06610576923076923
0 0.6766826923076923 0.6598557692307693 0.051682692307692304 0.078125
0 0.7596153846153846 0.7824519230769231 0.042067307692307696 0.07572115384615384
0 0.8100961538461539 0.7992788461538461 0.054086538461538464 0.009615384615384616
0 0.8149038461538461 0.8161057692307693 0.06370192307692307 0.016826923076923076
0 0.8786057692307693 0.7932692307692307 0.057692307692307696 0.057692307692307696
0 0.8665865384615384 0.7391826923076923 0.055288461538461536 0.037259615384615384
0 0.921875 0.7620192307692307 0.026442307692307692 0.09375
0 0.9651442307692307 0.7632211538461539 0.04326923076923077 0.09735576923076923
0 0.9747596153846154 0.6682692307692307 0.04807692307692308 0.07451923076923077
0 0.41586538461538464 0.6502403846153846 0.04326923076923077 0.09254807692307693
0 0.46033653846153844 0.6490384615384616 0.039663461538461536 0.08774038461538461
0 0.06009615384615385 0.21394230769230768 0.0625 0.06370192307692307
0 0.12740384615384615 0.21514423076923078 0.055288461538461536 0.06370192307692307
0 0.515625 0.6478365384615384 0.04807692307692308 0.09975961538461539
0 0.5685096153846154 0.6526442307692307 0.046875 0.08173076923076923
0 0.8076923076923077 0.7704326923076923 0.052884615384615384 0.04567307692307692
0 0.7872596153846154 0.546875 0.037259615384615384 0.0985576923076923
0 0.46033653846153844 0.4230769230769231 0.03365384615384615 0.0985576923076923
0 0.875 0.5516826923076923 0.037259615384615384 0.0985576923076923
0 0.7151442307692307 0.33413461538461536 0.02283653846153846 0.05889423076923077
0 0.7524038461538461 0.3161057692307692 0.039663461538461536 0.09495192307692307
0 0.7944711538461539 0.3161057692307692 0.036057692307692304 0.09014423076923077
0 0.8353365384615384 0.31850961538461536 0.039663461538461536 0.09254807692307693
0 0.8701923076923077 0.31850961538461536 0.027644230769230768 0.08774038461538461
0 0.9122596153846154 0.3317307692307692 0.030048076923076924 0.07211538461538461
0 0.9447115384615384 0.33413461538461536 0.02403846153846154 0.06971153846153846
0 0.9819711538461539 0.32091346153846156 0.03485576923076923 0.09615384615384616
0 0.4254807692307692 0.19591346153846154 0.039663461538461536 0.10697115384615384
0 0.6838942307692307 0.32211538461538464 0.028846153846153848 0.07932692307692307
0 0.4723557692307692 0.20552884615384615 0.03485576923076923 0.08413461538461539
0 0.5661057692307693 0.19831730769230768 0.039663461538461536 0.10216346153846154
0 0.6105769230769231 0.20432692307692307 0.042067307692307696 0.09615384615384616
0 0.6610576923076923 0.20192307692307693 0.046875 0.10216346153846154
0 0.7115384615384616 0.20552884615384615 0.04567307692307692 0.10096153846153846
0 0.7560096153846154 0.21153846153846154 0.03485576923076923 0.09375
0 0.7992788461538461 0.21033653846153846 0.04567307692307692 0.0985576923076923
0 0.8521634615384616 0.20793269230769232 0.052884615384615384 0.10817307692307693
0 0.9098557692307693 0.20793269230769232 0.054086538461538464 0.10576923076923077
0 0.9627403846153846 0.22596153846153846 0.037259615384615384 0.0829326923076923
0 0.5216346153846154 0.19591346153846154 0.040865384615384616 0.11658653846153846
0 0.6430288461538461 0.3137019230769231 0.04447115384615385 0.09615384615384616
0 0.5925480769230769 0.3004807692307692 0.03125 0.0733173076923077
0 0.5552884615384616 0.3233173076923077 0.030048076923076924 0.06971153846153846
0 0.9098557692307693 0.5685096153846154 0.021634615384615384 0.052884615384615384
0 0.9447115384615384 0.5528846153846154 0.040865384615384616 0.08774038461538461
0 0.9879807692307693 0.5528846153846154 0.021634615384615384 0.09615384615384616
0 0.4206730769230769 0.42788461538461536 0.03485576923076923 0.09615384615384616
0 0.3293269230769231 0.6454326923076923 0.03365384615384615 0.10096153846153846
0 0.5048076923076923 0.4230769230769231 0.038461538461538464 0.0985576923076923
0 0.59375 0.43149038461538464 0.04326923076923077 0.09615384615384616
0 0.6346153846153846 0.44591346153846156 0.02403846153846154 0.06850961538461539
0 0.6646634615384616 0.44711538461538464 0.01201923076923077 0.06610576923076923
0 0.7067307692307693 0.4170673076923077 0.06490384615384616 0.08413461538461539
0 0.7536057692307693 0.46153846153846156 0.025240384615384616 0.042067307692307696
0 0.7848557692307693 0.4375 0.027644230769230768 0.08413461538461539
0 0.8245192307692307 0.4423076923076923 0.03245192307692308 0.0889423076923077
0 0.8569711538461539 0.4387019230769231 0.025240384615384616 0.08533653846153846
0 0.8894230769230769 0.4387019230769231 0.025240384615384616 0.09134615384615384
0 0.9182692307692307 0.4387019230769231 0.030048076923076924 0.0889423076923077
0 0.9579326923076923 0.4495192307692308 0.04567307692307692 0.07692307692307693
0 0.4951923076923077 0.2932692307692308 0.051682692307692304 0.06971153846153846
0 0.43028846153846156 0.3076923076923077 0.04927884615384615 0.09254807692307693
0 0.47475961538461536 0.3425480769230769 0.03365384615384615 0.028846153846153848
0 0.5120192307692307 0.3449519230769231 0.037259615384615384 0.02283653846153846
0 0.8305288461538461 0.5492788461538461 0.037259615384615384 0.0985576923076923
0 0.296875 0.6430288461538461 0.027644230769230768 0.09615384615384616
0 0.28966346153846156 0.5612980769230769 0.037259615384615384 0.04807692307692308
0 0.22355769230769232 0.6490384615384616 0.03245192307692308 0.09615384615384616
0 0.3701923076923077 0.21995192307692307 0.04927884615384615 0.0625
0 0.055288461538461536 0.296875 0.06009615384615385 0.06490384615384616
0 0.11778846153846154 0.3004807692307692 0.056490384615384616 0.06971153846153846
0 0.18028846153846154 0.30528846153846156 0.05889423076923077 0.06129807692307692
0 0.24519230769230768 0.29927884615384615 0.05889423076923077 0.052884615384615384
0 0.3088942307692308 0.3088942307692308 0.06009615384615385 0.06490384615384616
0 0.3713942307692308 0.3125 0.056490384615384616 0.0673076923076923
0 0.026442307692307692 0.38822115384615385 0.052884615384615384 0.055288461538461536
0 0.015625 0.5540865384615384 0.021634615384615384 0.054086538461538464
0 0.37259615384615385 0.4699519230769231 0.03485576923076923 0.056490384615384616
0 0.3245192307692308 0.46274038461538464 0.04567307692307692 0.052884615384615384
0 0.27283653846153844 0.46634615384615385 0.04326923076923077 0.056490384615384616
0 0.2283653846153846 0.4651442307692308 0.038461538461538464 0.056490384615384616
0 0.18389423076923078 0.46274038461538464 0.036057692307692304 0.055288461538461536
0 0.1346153846153846 0.46274038461538464 0.04447115384615385 0.06009615384615385
0 0.08413461538461539 0.46634615384615385 0.04447115384615385 0.06009615384615385
0 0.038461538461538464 0.46274038461538464 0.038461538461538464 0.06009615384615385
0 0.375 0.39783653846153844 0.04447115384615385 0.06129807692307692
0 0.3245192307692308 0.3954326923076923 0.04567307692307692 0.055288461538461536
0 0.2620192307692308 0.6490384615384616 0.028846153846153848 0.09615384615384616
0 0.22355769230769232 0.3954326923076923 0.05889423076923077 0.055288461538461536
0 0.15985576923076922 0.390625 0.06490384615384616 0.055288461538461536
0 0.09014423076923077 0.390625 0.07091346153846154 0.06009615384615385
0 0.31490384615384615 0.22115384615384615 0.054086538461538464 0.05889423076923077
0 0.2536057692307692 0.21995192307692307 0.05889423076923077 0.06490384615384616
0 0.27884615384615385 0.3954326923076923 0.037259615384615384 0.054086538461538464
0 0.04567307692307692 0.5612980769230769 0.03245192307692308 0.042067307692307696
0 0.19230769230769232 0.21514423076923078 0.057692307692307696 0.06490384615384616
0 0.18509615384615385 0.6502403846153846 0.03245192307692308 0.09254807692307693
0 0.14302884615384615 0.6502403846153846 0.038461538461538464 0.09134615384615384
0 0.10216346153846154 0.6526442307692307 0.03245192307692308 0.08774038461538461
0 0.06490384615384616 0.6478365384615384 0.03245192307692308 0.09014423076923077
0 0.021634615384615384 0.6466346153846154 0.040865384615384616 0.09254807692307693
0 0.3762019230769231 0.5612980769230769 0.04567307692307692 0.054086538461538464
0 0.3293269230769231 0.5697115384615384 0.038461538461538464 0.03485576923076923
0 0.24879807692307693 0.5637019230769231 0.036057692307692304 0.04447115384615385
0 0.16466346153846154 0.5625 0.03485576923076923 0.04807692307692308
0 0.12620192307692307 0.5637019230769231 0.039663461538461536 0.04326923076923077
0 0.0889423076923077 0.5552884615384616 0.03245192307692308 0.06129807692307692
0 0.20793269230769232 0.5625 0.039663461538461536 0.04326923076923077