0 0.125 0.15144230769230768 0.0889423076923077 0.04567307692307692
0 0.5480769230769231 0.25961538461538464 0.06610576923076923 0.06610576923076923
0 0.6947115384615384 0.3004807692307692 0.07211538461538461 0.03485576923076923
0 0.8533653846153846 0.2620192307692308 0.06971153846153846 0.03245192307692308
0 0.7728365384615384 0.25961538461538464 0.06850961538461539 0.038461538461538464
0 0.6959134615384616 0.25961538461538464 0.07211538461538461 0.037259615384615384
0 0.6177884615384616 0.328125 0.06610576923076923 0.06009615384615385
0 0.6189903846153846 0.2608173076923077 0.06850961538461539 0.06610576923076923
0 0.5456730769230769 0.32572115384615385 0.0625 0.05889423076923077
0 0.12620192307692307 0.1045673076923077 0.09014423076923077 0.04567307692307692
0 0.21754807692307693 0.10697115384615384 0.0889423076923077 0.04807692307692308
0 0.3954326923076923 0.328125 0.07211538461538461 0.05889423076923077
0 0.3076923076923077 0.11177884615384616 0.08173076923076923 0.046875
0 0.21634615384615385 0.15384615384615385 0.08774038461538461 0.04326923076923077
0 0.3076923076923077 0.15865384615384615 0.08413461538461539 0.04326923076923077
0 0.390625 0.14423076923076922 0.06971153846153846 0.07451923076923077
0 0.46274038461538464 0.1466346153846154 0.06610576923076923 0.07451923076923077
0 0.39302884615384615 0.08052884615384616 0.06971153846153846 0.04567307692307692
0 0.4651442307692308 0.08533653846153846 0.0673076923076923 0.04326923076923077
0 0.5432692307692307 0.07091346153846154 0.07451923076923077 0.07211538461538461
0 0.5384615384615384 0.14783653846153846 0.0673076923076923 0.0733173076923077
0 0.6153846153846154 0.15144230769230768 0.06850961538461539 0.07091346153846154
0 0.6983173076923077 0.078125 0.078125 0.04807692307692308
0 0.7800480769230769 0.08052884615384616 0.07932692307692307 0.04807692307692308
0 0.6983173076923077 0.12379807692307693 0.07692307692307693 0.038461538461538464
0 0.7800480769230769 0.12740384615384615 0.07572115384615384 0.039663461538461536
0 0.6959134615384616 0.16706730769230768 0.07932692307692307 0.042067307692307696
0 0.7752403846153846 0.16947115384615385 0.07451923076923077 0.04326923076923077
0 0.8545673076923077 0.17067307692307693 0.0733173076923077 0.042067307692307696
0 0.39302884615384615 0.25961538461538464 0.07572115384615384 0.06971153846153846
0 0.3125 0.3293269230769231 0.08173076923076923 0.06490384615384616
0 0.23076923076923078 0.3269230769230769 0.07572115384615384 0.057692307692307696
0 0.1466346153846154 0.3269230769230769 0.08533653846153846 0.0625
0 0.05889423076923077 0.3269230769230769 0.07932692307692307 0.0625
0 0.31490384615384615 0.2608173076923077 0.0733173076923077 0.06610576923076923
0 0.4735576923076923 0.328125 0.07211538461538461 0.0625
0 0.2247596153846154 0.2620192307692308 0.08413461538461539 0.06610576923076923
0 0.052884615384615384 0.25961538461538464 0.08173076923076923 0.06610576923076923
0 0.9350961538461539 0.171875 0.07091346153846154 0.039663461538461536
0 0.9338942307692307 0.12980769230769232 0.06850961538461539 0.039663461538461536
0 0.9350961538461539 0.08653846153846154 0.0733173076923077 0.039663461538461536
0 0.8569711538461539 0.0829326923076923 0.06971153846153846 0.04326923076923077
0 0.8581730769230769 0.12740384615384615 0.07451923076923077 0.042067307692307696
0 0.140625 0.25961538461538464 0.0829326923076923 0.06850961538461539
0 0.47115384615384615 0.25841346153846156 0.07091346153846154 0.06971153846153846
0 0.2247596153846154 0.6141826923076923 0.06971153846153846 0.03245192307692308
0 0.84375 0.3004807692307692 0.06490384615384616 0.03485576923076923
0 0.8317307692307693 0.6370192307692307 0.06490384615384616 0.02403846153846154
0 0.7608173076923077 0.6382211538461539 0.0625 0.02403846153846154
0 0.6935096153846154 0.6442307692307693 0.0625 0.020432692307692308
0 0.6923076923076923 0.6706730769230769 0.0673076923076923 0.027644230769230768
0 0.6923076923076923 0.6995192307692307 0.05889423076923077 0.02283653846153846
0 0.625 0.7019230769230769 0.06129807692307692 0.025240384615384616
0 0.6262019230769231 0.6730769230769231 0.06370192307692307 0.02283653846153846
0 0.6274038461538461 0.6466346153846154 0.05889423076923077 0.018028846153846152
0 0.5625 0.65625 0.06129807692307692 0.02403846153846154
0 0.5 0.6574519230769231 0.056490384615384616 0.026442307692307692
0 0.5637019230769231 0.6850961538461539 0.06009615384615385 0.027644230769230768
0 0.5012019230769231 0.6875 0.057692307692307696 0.026442307692307692
0 0.5600961538461539 0.7139423076923077 0.06009615384615385 0.025240384615384616
0 0.765625 0.6670673076923077 0.06129807692307692 0.025240384615384616
0 0.4987980769230769 0.7175480769230769 0.057692307692307696 0.026442307692307692
0 0.4375 0.6899038461538461 0.057692307692307696 0.028846153846153848
0 0.4375 0.6598557692307693 0.057692307692307696 0.025240384615384616
0 0.3701923076923077 0.6646634615384616 0.06370192307692307 0.028846153846153848
0 0.3737980769230769 0.6959134615384616 0.05889423076923077 0.028846153846153848
0 0.37259615384615385 0.7259615384615384 0.06009615384615385 0.025240384615384616
0 0.30649038461538464 0.7295673076923077 0.06610576923076923 0.025240384615384616
0 0.234375 0.7331730769230769 0.06370192307692307 0.025240384615384616
0 0.25841346153846156 0.6706730769230769 0.07091346153846154 0.027644230769230768
0 0.30408653846153844 0.6983173076923077 0.0673076923076923 0.026442307692307692
0 0.23197115384615385 0.7043269230769231 0.07091346153846154 0.02283653846153846
0 0.15865384615384615 0.7415865384615384 0.07211538461538461 0.025240384615384616
0 0.08413461538461539 0.7427884615384616 0.06490384615384616 0.026442307692307692
0 0.15745192307692307 0.7115384615384616 0.07211538461538461 0.021634615384615384
0 0.4362980769230769 0.7211538461538461 0.05889423076923077 0.026442307692307692
0 0.08173076923076923 0.7115384615384616 0.06610576923076923 0.025240384615384616
0 0.8317307692307693 0.6646634615384616 0.06370192307692307 0.02403846153846154
0 0.828125 0.6947115384615384 0.06009615384615385 0.025240384615384616
0 0.039663461538461536 0.15144230769230768 0.07932692307692307 0.04326923076923077
0 0.4338942307692308 0.3954326923076923 0.06370192307692307 0.025240384615384616
0 0.39663461538461536 0.43509615384615385 0.038461538461538464 0.040865384615384616
0 0.8317307692307693 0.7980769230769231 0.054086538461538464 0.025240384615384616
0 0.7680288461538461 0.8028846153846154 0.06009615384615385 0.021634615384615384
0 0.8365384615384616 0.7740384615384616 0.05889423076923077 0.02283653846153846
0 0.7716346153846154 0.7764423076923077 0.06370192307692307 0.02403846153846154
0 0.7079326923076923 0.78125 0.055288461538461536 0.027644230769230768
0 0.7067307692307693 0.8076923076923077 0.056490384615384616 0.020432692307692308
0 0.6430288461538461 0.8112980769230769 0.06129807692307692 0.02283653846153846
0 0.6466346153846154 0.7860576923076923 0.06009615384615385 0.02283653846153846
0 0.5829326923076923 0.8173076923076923 0.057692307692307696 0.02403846153846154
0 0.5817307692307693 0.7860576923076923 0.05889423076923077 0.026442307692307692
0 0.7596153846153846 0.6971153846153846 0.0625 0.025240384615384616
0 0.5180288461538461 0.8221153846153846 0.06129807692307692 0.028846153846153848
0 0.4519230769230769 0.7932692307692307 0.06370192307692307 0.025240384615384616
0 0.45552884615384615 0.8245192307692307 0.056490384615384616 0.02283653846153846
0 0.3894230769230769 0.8293269230769231 0.06009615384615385 0.026442307692307692
0 0.38341346153846156 0.7992788461538461 0.05889423076923077 0.026442307692307692
0 0.32211538461538464 0.8377403846153846 0.06129807692307692 0.028846153846153848
0 0.31490384615384615 0.8052884615384616 0.06490384615384616 0.02403846153846154
0 0.24278846153846154 0.8088942307692307 0.06490384615384616 0.026442307692307692
0 0.25240384615384615 0.8461538461538461 0.07091346153846154 0.026442307692307692
0 0.1875 0.8401442307692307 0.052884615384615384 0.030048076923076924
0 0.0889423076923077 0.8100961538461539 0.0673076923076923 0.018028846153846152
0 0.12860576923076922 0.8413461538461539 0.05048076923076923 0.02283653846153846
0 0.07211538461538461 0.8485576923076923 0.055288461538461536 0.025240384615384616
0 0.018028846153846152 0.8617788461538461 0.036057692307692304 0.030048076923076924
0 0.5192307692307693 0.7920673076923077 0.05889423076923077 0.025240384615384616
0 0.7692307692307693 0.29927884615384615 0.06850961538461539 0.03485576923076923
0 0.15264423076923078 0.6790865384615384 0.07572115384615384 0.025240384615384616
0 0.8521634615384616 0.5228365384615384 0.07091346153846154 0.026442307692307692
0 0.8257211538461539 0.39663461538461536 0.06610576923076923 0.030048076923076924
0 0.7560096153846154 0.39903846153846156 0.0673076923076923 0.037259615384615384
0 0.6742788461538461 0.4735576923076923 0.07211538461538461 0.036057692307692304
0 0.6790865384615384 0.4375 0.06490384615384616 0.03125
0 0.6826923076923077 0.4014423076923077 0.07091346153846154 0.036057692307692304
0 0.6117788461538461 0.4074519230769231 0.057692307692307696 0.051682692307692304
0 0.6057692307692307 0.4639423076923077 0.06009615384615385 0.055288461538461536
0 0.5432692307692307 0.46274038461538464 0.057692307692307696 0.057692307692307696
0 0.5456730769230769 0.4074519230769231 0.06850961538461539 0.04927884615384615
0 0.47475961538461536 0.47836538461538464 0.06370192307692307 0.03365384615384615
0 0.47716346153846156 0.43990384615384615 0.06129807692307692 0.03485576923076923
0 0.4074519230769231 0.47836538461538464 0.06370192307692307 0.039663461538461536
0 0.33533653846153844 0.4170673076923077 0.078125 0.055288461538461536
0 0.7536057692307693 0.4362980769230769 0.0673076923076923 0.03125
0 0.33533653846153844 0.47115384615384615 0.0733173076923077 0.051682692307692304
0 0.25600961538461536 0.41586538461538464 0.07211538461538461 0.04927884615384615
0 0.17548076923076922 0.41586538461538464 0.07692307692307693 0.054086538461538464
0 0.1814903846153846 0.47475961538461536 0.0733173076923077 0.05889423076923077
0 0.10336538461538461 0.47716346153846156 0.07572115384615384 0.057692307692307696
0 0.09615384615384616 0.4170673076923077 0.0733173076923077 0.056490384615384616
0 0.030048076923076924 0.49158653846153844 0.06009615384615385 0.036057692307692304
0 0.028846153846153848 0.4519230769230769 0.057692307692307696 0.03485576923076923
0 0.026442307692307692 0.41346153846153844 0.052884615384615384 0.03365384615384615
0 0.9122596153846154 0.33533653846153844 0.06850961538461539 0.03485576923076923
0 0.8413461538461539 0.3389423076923077 0.06370192307692307 0.036057692307692304
0 0.765625 0.33774038461538464 0.07451923076923077 0.03365384615384615
0 0.6911057692307693 0.33774038461538464 0.0673076923076923 0.036057692307692304
0 0.9182692307692307 0.29927884615384615 0.06971153846153846 0.03245192307692308
0 0.25841346153846156 0.4723557692307692 0.07091346153846154 0.056490384615384616
0 0.0733173076923077 0.6802884615384616 0.07692307692307693 0.026442307692307692
0 0.75 0.4723557692307692 0.06850961538461539 0.03365384615384615
0 0.8942307692307693 0.4326923076923077 0.06490384615384616 0.030048076923076924
0 0.8509615384615384 0.5540865384615384 0.06129807692307692 0.030048076923076924
0 0.8449519230769231 0.5853365384615384 0.06129807692307692 0.027644230769230768
0 0.7824519230769231 0.5865384615384616 0.05889423076923077 0.026442307692307692
0 0.7848557692307693 0.5552884615384616 0.06370192307692307 0.025240384615384616
0 0.7860576923076923 0.5240384615384616 0.057692307692307696 0.02403846153846154
0 0.7163461538461539 0.5901442307692307 0.06370192307692307 0.027644230769230768
0 0.71875 0.5588942307692307 0.06370192307692307 0.025240384615384616
0 0.6490384615384616 0.59375 0.06370192307692307 0.028846153846153848
0 0.6490384615384616 0.5612980769230769 0.0625 0.027644230769230768
0 0.578125 0.5961538461538461 0.0625 0.028846153846153848
0 0.5108173076923077 0.5985576923076923 0.06490384615384616 0.028846153846153848
0 0.5829326923076923 0.5637019230769231 0.06129807692307692 0.028846153846153848
0 0.5144230769230769 0.5649038461538461 0.06370192307692307 0.030048076923076924
0 0.8245192307692307 0.43509615384615385 0.06610576923076923 0.030048076923076924
0 0.44350961538461536 0.6033653846153846 0.0625 0.028846153846153848
0 0.44471153846153844 0.5685096153846154 0.0673076923076923 0.03245192307692308
0 0.3737980769230769 0.5721153846153846 0.06610576923076923 0.030048076923076924
0 0.2980769230769231 0.6105769230769231 0.07091346153846154 0.03245192307692308
0 0.2980769230769231 0.5745192307692307 0.07932692307692307 0.03485576923076923
0 0.21995192307692307 0.5769230769230769 0.06971153846153846 0.036057692307692304
0 0.15144230769230768 0.6213942307692307 0.06610576923076923 0.036057692307692304
0 0.07572115384615384 0.6225961538461539 0.07211538461538461 0.03245192307692308
0 0.1466346153846154 0.5817307692307693 0.06971153846153846 0.03245192307692308
0 0.06971153846153846 0.5877403846153846 0.07091346153846154 0.03245192307692308
0 0.14903846153846154 0.5384615384615384 0.06610576923076923 0.03365384615384615
0 0.07211538461538461 0.5456730769230769 0.07091346153846154 0.03125
0 0.8918269230769231 0.4675480769230769 0.06610576923076923 0.03365384615384615
0 0.8245192307692307 0.47115384615384615 0.0625 0.030048076923076924
0 0.37259615384615385 0.6069711538461539 0.06850961538461539 0.028846153846153848
0 0.038461538461538464 0.10336538461538461 0.07572115384615384 0.04807692307692308