0 0.203125 0.640625 0.05048076923076923 0.12980769230769232
0 0.15384615384615385 0.6418269230769231 0.046875 0.12620192307692307
0 0.10336538461538461 0.6502403846153846 0.05048076923076923 0.14423076923076922
0 0.7247596153846154 0.5444711538461539 0.03125 0.05048076923076923
0 0.17067307692307693 0.9350961538461539 0.06370192307692307 0.12740384615384615
0 0.20793269230769232 0.30408653846153844 0.042067307692307696 0.13221153846153846
0 0.16105769230769232 0.29927884615384615 0.04927884615384615 0.14302884615384615
0 0.109375 0.29927884615384615 0.051682692307692304 0.14182692307692307
0 0.052884615384615384 0.29447115384615385 0.06009615384615385 0.15144230769230768
0 0.9675480769230769 0.14543269230769232 0.03245192307692308 0.054086538461538464
0 0.9423076923076923 0.14423076923076922 0.020432692307692308 0.046875
0 0.9170673076923077 0.13221153846153846 0.02403846153846154 0.06129807692307692
0 0.8882211538461539 0.12740384615384615 0.027644230769230768 0.055288461538461536
0 0.6862980769230769 0.6057692307692307 0.03365384615384615 0.05048076923076923
0 0.7199519230769231 0.6009615384615384 0.03245192307692308 0.046875
0 0.7584134615384616 0.5901442307692307 0.036057692307692304 0.0625
0 0.7980769230769231 0.5372596153846154 0.040865384615384616 0.051682692307692304
0 0.8329326923076923 0.5324519230769231 0.025240384615384616 0.051682692307692304
0 0.796875 0.5901442307692307 0.037259615384615384 0.051682692307692304
0 0.828125 0.5829326923076923 0.025240384615384616 0.04326923076923077
0 0.8665865384615384 0.5612980769230769 0.036057692307692304 0.057692307692307696
0 0.8786057692307693 0.5072115384615384 0.03485576923076923 0.04567307692307692
0 0.9098557692307693 0.5084134615384616 0.02403846153846154 0.04326923076923077
0 0.9086538461538461 0.5540865384615384 0.027644230769230768 0.04447115384615385
0 0.984375 0.48677884615384615 0.030048076923076924 0.04927884615384615
0 0.7415865384615384 0.7463942307692307 0.051682692307692304 0.07692307692307693
0 0.7692307692307693 0.6646634615384616 0.04326923076923077 0.052884615384615384
0 0.5612980769230769 0.3317307692307692 0.038461538461538464 0.12259615384615384
0 0.052884615384615384 0.4807692307692308 0.057692307692307696 0.14423076923076922
0 0.8185096153846154 0.65625 0.042067307692307696 0.052884615384615384
0 0.25240384615384615 0.30528846153846156 0.046875 0.125
0 0.8473557692307693 0.7151442307692307 0.04447115384615385 0.06971153846153846
0 0.296875 0.32091346153846156 0.028846153846153848 0.1346153846153846
0 0.390625 0.3293269230769231 0.04447115384615385 0.13221153846153846
0 0.6887019230769231 0.5504807692307693 0.037259615384615384 0.055288461538461536
0 0.9915865384615384 0.38221153846153844 0.015625 0.046875
0 0.9891826923076923 0.43028846153846156 0.020432692307692308 0.04447115384615385
0 0.9639423076923077 0.43028846153846156 0.02283653846153846 0.04567307692307692
0 0.9675480769230769 0.38341346153846156 0.025240384615384616 0.04927884615384615
0 0.9411057692307693 0.4326923076923077 0.019230769230769232 0.042067307692307696
0 0.9146634615384616 0.43509615384615385 0.030048076923076924 0.046875
0 0.8870192307692307 0.4326923076923077 0.02403846153846154 0.04807692307692308
0 0.9314903846153846 0.38100961538461536 0.042067307692307696 0.056490384615384616
0 0.8918269230769231 0.3786057692307692 0.030048076923076924 0.057692307692307696
0 0.8617788461538461 0.4375 0.02283653846153846 0.04447115384615385
0 0.8293269230769231 0.4362980769230769 0.037259615384615384 0.05048076923076923
0 0.8653846153846154 0.38221153846153844 0.021634615384615384 0.055288461538461536
0 0.7884615384615384 0.37740384615384615 0.038461538461538464 0.06971153846153846
0 0.7788461538461539 0.4411057692307692 0.019230769230769232 0.051682692307692304
0 0.7512019230769231 0.44591346153846156 0.03245192307692308 0.055288461538461536
0 0.7079326923076923 0.4026442307692308 0.051682692307692304 0.078125
0 0.7175480769230769 0.3112980769230769 0.054086538461538464 0.06971153846153846
0 0.7223557692307693 0.23197115384615385 0.04927884615384615 0.08173076923076923
0 0.9675480769230769 0.28846153846153844 0.04326923076923077 0.04927884615384615
0 0.9675480769230769 0.23918269230769232 0.04447115384615385 0.05048076923076923
0 0.9302884615384616 0.28966346153846156 0.02283653846153846 0.046875
0 0.5180288461538461 0.33413461538461536 0.04567307692307692 0.125
0 0.47475961538461536 0.3329326923076923 0.038461538461538464 0.12379807692307693
0 0.4338942307692308 0.3317307692307692 0.038461538461538464 0.12980769230769232
0 0.3389423076923077 0.32572115384615385 0.055288461538461536 0.13221153846153846
0 0.2247596153846154 0.9182692307692307 0.04326923076923077 0.11177884615384616
0 0.10576923076923077 0.48197115384615385 0.04807692307692308 0.14423076923076922
0 0.15504807692307693 0.47716346153846156 0.051682692307692304 0.13341346153846154
0 0.6081730769230769 0.7055288461538461 0.020432692307692308 0.07932692307692307
0 0.5853365384615384 0.7115384615384616 0.020432692307692308 0.0889423076923077
0 0.5637019230769231 0.7247596153846154 0.02283653846153846 0.08533653846153846
0 0.5372596153846154 0.7331730769230769 0.027644230769230768 0.09495192307692307
0 0.5012019230769231 0.7427884615384616 0.036057692307692304 0.09134615384615384
0 0.4675480769230769 0.7487980769230769 0.027644230769230768 0.09134615384615384
0 0.4387019230769231 0.7596153846153846 0.027644230769230768 0.09014423076923077
0 0.40625 0.7716346153846154 0.028846153846153848 0.10096153846153846
0 0.3401442307692308 0.7944711538461539 0.038461538461538464 0.1201923076923077
0 0.2980769230769231 0.8028846153846154 0.04326923076923077 0.10817307692307693
0 0.25 0.7788461538461539 0.038461538461538464 0.12259615384615384
0 0.2091346153846154 0.7884615384615384 0.037259615384615384 0.12379807692307693
0 0.1658653846153846 0.7932692307692307 0.04807692307692308 0.11538461538461539
0 0.11899038461538461 0.8125 0.04326923076923077 0.1310096153846154
0 0.07211538461538461 0.8233173076923077 0.04807692307692308 0.12139423076923077
0 0.6802884615384616 0.7019230769230769 0.02403846153846154 0.056490384615384616
0 0.8762019230769231 0.6286057692307693 0.02403846153846154 0.04326923076923077
0 0.9206730769230769 0.6286057692307693 0.04326923076923077 0.04927884615384615
0 0.9050480769230769 0.6790865384615384 0.037259615384615384 0.046875
0 0.9627403846153846 0.6177884615384616 0.030048076923076924 0.04567307692307692
0 0.9891826923076923 0.6177884615384616 0.018028846153846152 0.04326923076923077
0 0.02403846153846154 0.8401442307692307 0.046875 0.12379807692307693
0 0.2512019230769231 0.6322115384615384 0.04447115384615385 0.11298076923076923
0 0.9579326923076923 0.6622596153846154 0.026442307692307692 0.04326923076923077
0 0.984375 0.6586538461538461 0.018028846153846152 0.037259615384615384
0 0.6310096153846154 0.6971153846153846 0.027644230769230768 0.08653846153846154
0 0.6802884615384616 0.7836538461538461 0.028846153846153848 0.051682692307692304
0 0.8149038461538461 0.20793269230769232 0.052884615384615384 0.06971153846153846
0 0.8810096153846154 0.28125 0.04326923076923077 0.055288461538461536
0 0.20552884615384615 0.47716346153846156 0.04807692307692308 0.1310096153846154
0 0.2548076923076923 0.47475961538461536 0.04927884615384615 0.125
0 0.2980769230769231 0.47115384615384615 0.037259615384615384 0.14903846153846154
0 0.34615384615384615 0.46875 0.04447115384615385 0.14302884615384615
0 0.39302884615384615 0.4675480769230769 0.04447115384615385 0.13221153846153846
0 0.4411057692307692 0.46153846153846156 0.039663461538461536 0.12740384615384615
0 0.4831730769230769 0.46153846153846156 0.040865384615384616 0.12860576923076922
0 0.5252403846153846 0.4579326923076923 0.036057692307692304 0.11778846153846154
0 0.5625 0.4567307692307692 0.03365384615384615 0.125
0 0.6286057692307693 0.4182692307692308 0.039663461538461536 0.1814903846153846
0 0.04807692307692308 0.65625 0.05889423076923077 0.13221153846153846
0 0.8653846153846154 0.12379807692307693 0.018028846153846152 0.04326923076923077
0 0.8485576923076923 0.12139423076923077 0.016826923076923076 0.04447115384615385
0 0.8305288461538461 0.10336538461538461 0.019230769230769232 0.078125
0 0.8100961538461539 0.09735576923076923 0.02283653846153846 0.06850961538461539
0 0.78125 0.09254807692307693 0.03485576923076923 0.07572115384615384
0 0.7139423076923077 0.07451923076923077 0.028846153846153848 0.08052884615384616
0 0.40384615384615385 0.04567307692307692 0.051682692307692304 0.08173076923076923
0 0.4519230769230769 0.05048076923076923 0.04447115384615385 0.08774038461538461
0 0.4987980769230769 0.052884615384615384 0.038461538461538464 0.10576923076923077
0 0.5480769230769231 0.054086538461538464 0.052884615384615384 0.10817307692307693
0 0.5480769230769231 0.1971153846153846 0.040865384615384616 0.14423076923076922
0 0.5036057692307693 0.19110576923076922 0.038461538461538464 0.15144230769230768
0 0.46033653846153844 0.18629807692307693 0.039663461538461536 0.15865384615384615
0 0.9314903846153846 0.23798076923076922 0.02283653846153846 0.051682692307692304
0 0.8810096153846154 0.2127403846153846 0.051682692307692304 0.0673076923076923
0 0.37740384615384615 0.7800480769230769 0.03125 0.10096153846153846
0 0.8317307692307693 0.38100961538461536 0.04567307692307692 0.06129807692307692
0 0.5228365384615384 0.8461538461538461 0.026442307692307692 0.0889423076923077
0 0.49399038461538464 0.8617788461538461 0.025240384615384616 0.08653846153846154
0 0.046875 0.0985576923076923 0.057692307692307696 0.15625
0 0.10336538461538461 0.10697115384615384 0.055288461538461536 0.14302884615384615
0 0.6490384615384616 0.8064903846153846 0.02403846153846154 0.05048076923076923
0 0.6225961538461539 0.8064903846153846 0.021634615384615384 0.08052884615384616
0 0.5973557692307693 0.8161057692307693 0.02403846153846154 0.0829326923076923
0 0.5480769230769231 0.8377403846153846 0.02283653846153846 0.08173076923076923
0 0.28966346153846156 0.9375 0.038461538461538464 0.10817307692307693
0 0.3293269230769231 0.9290865384615384 0.03485576923076923 0.09375
0 0.5721153846153846 0.8269230769230769 0.026442307692307692 0.08052884615384616
0 0.20552884615384615 0.11778846153846154 0.054086538461538464 0.13701923076923078
0 0.4651442307692308 0.8677884615384616 0.030048076923076924 0.09134615384615384
0 0.15264423076923078 0.11538461538461539 0.039663461538461536 0.13341346153846154
0 0.40024038461538464 0.8990384615384616 0.037259615384615384 0.09735576923076923
0 0.3641826923076923 0.9158653846153846 0.03365384615384615 0.09375
0 0.4338942307692308 0.8870192307692307 0.03125 0.09375
0 0.3605769230769231 0.16947115384615385 0.046875 0.16346153846153846
0 0.31009615384615385 0.16466346153846154 0.046875 0.16826923076923078
0 0.25721153846153844 0.12860576923076922 0.05048076923076923 0.13822115384615385
0 0.41346153846153844 0.18028846153846154 0.04567307692307692 0.1658653846153846