0 0.9783653846153846 0.7355769230769231 0.040865384615384616 0.0889423076923077
0 0.6826923076923077 0.7223557692307693 0.04447115384615385 0.026442307692307692
0 0.6850961538461539 0.7487980769230769 0.04447115384615385 0.019230769230769232
0 0.7331730769230769 0.6935096153846154 0.046875 0.03125
0 0.7295673076923077 0.7247596153846154 0.04326923076923077 0.028846153846153848
0 0.734375 0.75 0.04567307692307692 0.018028846153846152
0 0.7824519230769231 0.6935096153846154 0.04567307692307692 0.03245192307692308
0 0.7800480769230769 0.7487980769230769 0.040865384615384616 0.019230769230769232
0 0.8617788461538461 0.7319711538461539 0.037259615384615384 0.08653846153846154
0 0.8990384615384616 0.7331730769230769 0.027644230769230768 0.0829326923076923
0 0.9338942307692307 0.7307692307692307 0.037259615384615384 0.09375
0 0.6838942307692307 0.6923076923076923 0.04807692307692308 0.030048076923076924
0 0.7788461538461539 0.7247596153846154 0.04447115384615385 0.027644230769230768
0 0.8233173076923077 0.734375 0.03125 0.0889423076923077
0 0.5384615384615384 0.7319711538461539 0.046875 0.02403846153846154
0 0.6346153846153846 0.7223557692307693 0.04447115384615385 0.027644230769230768
0 0.6346153846153846 0.6923076923076923 0.04567307692307692 0.030048076923076924
0 0.5913461538461539 0.7524038461538461 0.04807692307692308 0.010817307692307692
0 0.24639423076923078 0.7259615384615384 0.038461538461538464 0.06850961538461539
0 0.5865384615384616 0.6971153846153846 0.04807692307692308 0.042067307692307696
0 0.5408653846153846 0.7536057692307693 0.04807692307692308 0.019230769230769232
0 0.5372596153846154 0.7055288461538461 0.04927884615384615 0.027644230769230768
0 0.4879807692307692 0.7355769230769231 0.04927884615384615 0.025240384615384616
0 0.4855769230769231 0.7079326923076923 0.052884615384615384 0.027644230769230768
0 0.4326923076923077 0.7247596153846154 0.04447115384615385 0.0673076923076923
0 0.3858173076923077 0.7247596153846154 0.04326923076923077 0.0625
0 0.34375 0.7271634615384616 0.038461538461538464 0.06129807692307692
0 0.2980769230769231 0.7283653846153846 0.05048076923076923 0.06129807692307692
0 0.8485576923076923 0.5973557692307693 0.04567307692307692 0.11057692307692307
0 0.6394230769230769 0.7487980769230769 0.04447115384615385 0.019230769230769232
0 0.9038461538461539 0.5973557692307693 0.042067307692307696 0.10697115384615384
0 0.6442307692307693 0.8185096153846154 0.036057692307692304 0.021634615384615384
0 0.039663461538461536 0.8461538461538461 0.030048076923076924 0.07211538461538461
0 0.9747596153846154 0.8810096153846154 0.040865384615384616 0.030048076923076924
0 0.9771634615384616 0.8473557692307693 0.04326923076923077 0.03125
0 0.9314903846153846 0.8653846153846154 0.037259615384615384 0.06129807692307692
0 0.8858173076923077 0.8581730769230769 0.03485576923076923 0.0673076923076923
0 0.8341346153846154 0.8701923076923077 0.052884615384615384 0.05048076923076923
0 0.7860576923076923 0.8497596153846154 0.030048076923076924 0.057692307692307696
0 0.7223557692307693 0.8629807692307693 0.036057692307692304 0.018028846153846152
0 0.6826923076923077 0.8617788461538461 0.038461538461538464 0.015625
0 0.7211538461538461 0.8425480769230769 0.03365384615384615 0.016826923076923076
0 0.6838942307692307 0.8425480769230769 0.037259615384615384 0.018028846153846152
0 0.7235576923076923 0.8197115384615384 0.037259615384615384 0.025240384615384616
0 0.6826923076923077 0.8197115384615384 0.038461538461538464 0.025240384615384616
0 0.6430288461538461 0.8605769230769231 0.036057692307692304 0.020432692307692308
0 0.6454326923076923 0.8401442307692307 0.037259615384615384 0.018028846153846152
0 0.6045673076923077 0.859375 0.03245192307692308 0.020432692307692308
0 0.6057692307692307 0.8401442307692307 0.03485576923076923 0.018028846153846152
0 0.6069711538461539 0.8161057692307693 0.03485576923076923 0.025240384615384616
0 0.5673076923076923 0.8509615384615384 0.038461538461538464 0.06129807692307692
0 0.5264423076923077 0.8509615384615384 0.036057692307692304 0.052884615384615384
0 0.48197115384615385 0.8497596153846154 0.039663461538461536 0.057692307692307696
0 0.44350961538461536 0.8461538461538461 0.03245192307692308 0.06850961538461539
0 0.4026442307692308 0.8461538461538461 0.04326923076923077 0.06850961538461539
0 0.3557692307692308 0.8401442307692307 0.04567307692307692 0.08052884615384616
0 0.30408653846153844 0.84375 0.04567307692307692 0.07572115384615384
0 0.2548076923076923 0.8425480769230769 0.046875 0.07692307692307693
0 0.20432692307692307 0.8413461538461539 0.04447115384615385 0.07932692307692307
0 0.1622596153846154 0.8413461538461539 0.039663461538461536 0.07572115384615384
0 0.11899038461538461 0.84375 0.04447115384615385 0.07692307692307693
0 0.07572115384615384 0.84375 0.03245192307692308 0.07211538461538461
0 0.9639423076923077 0.6177884615384616 0.05048076923076923 0.0889423076923077
0 0.203125 0.7259615384615384 0.04447115384615385 0.0673076923076923
0 0.5877403846153846 0.7319711538461539 0.046875 0.025240384615384616
0 0.11298076923076923 0.7271634615384616 0.042067307692307696 0.06971153846153846
0 0.18028846153846154 0.3137019230769231 0.04326923076923077 0.0829326923076923
0 0.14423076923076922 0.31490384615384615 0.02283653846153846 0.08052884615384616
0 0.11298076923076923 0.3161057692307692 0.03485576923076923 0.08173076923076923
0 0.07451923076923077 0.3161057692307692 0.03485576923076923 0.0829326923076923
0 0.9122596153846154 0.18870192307692307 0.06610576923076923 0.0985576923076923
0 0.8064903846153846 0.16346153846153846 0.11298076923076923 0.10336538461538461
0 0.6802884615384616 0.16346153846153846 0.11778846153846154 0.09975961538461539
0 0.5564903846153846 0.16346153846153846 0.12139423076923077 0.10576923076923077
0 0.2283653846153846 0.3161057692307692 0.04927884615384615 0.08533653846153846
0 0.42427884615384615 0.16105769230769232 0.12259615384615384 0.10697115384615384
0 0.19831730769230768 0.16466346153846154 0.06370192307692307 0.10576923076923077
0 0.13341346153846154 0.1622596153846154 0.06009615384615385 0.09495192307692307
0 0.09254807692307693 0.17307692307692307 0.015625 0.07692307692307693
0 0.06610576923076923 0.17067307692307693 0.03365384615384615 0.08173076923076923
0 0.03125 0.17067307692307693 0.03365384615384615 0.0829326923076923
0 0.15625 0.7259615384615384 0.04326923076923077 0.06610576923076923
0 0.2512019230769231 0.4639423076923077 0.04567307692307692 0.07932692307692307
0 0.296875 0.4639423076923077 0.039663461538461536 0.07932692307692307
0 0.2956730769230769 0.16466346153846154 0.1201923076923077 0.1045673076923077
0 0.2764423076923077 0.3137019230769231 0.04807692307692308 0.0829326923076923
0 0.3269230769230769 0.31850961538461536 0.04807692307692308 0.08413461538461539
0 0.3798076923076923 0.29927884615384615 0.05048076923076923 0.030048076923076924
0 0.20552884615384615 0.4651442307692308 0.042067307692307696 0.078125
0 0.16706730769230768 0.4639423076923077 0.03365384615384615 0.08052884615384616
0 0.13341346153846154 0.4639423076923077 0.027644230769230768 0.07572115384615384
0 0.10216346153846154 0.46274038461538464 0.03245192307692308 0.07932692307692307
0 0.0673076923076923 0.4639423076923077 0.030048076923076924 0.08173076923076923
0 0.9615384615384616 0.33653846153846156 0.036057692307692304 0.0889423076923077
0 0.8810096153846154 0.32211538461538464 0.028846153846153848 0.09735576923076923
0 0.9182692307692307 0.3269230769230769 0.036057692307692304 0.10336538461538461
0 0.8076923076923077 0.3088942307692308 0.109375 0.0985576923076923
0 0.6947115384615384 0.3088942307692308 0.1045673076923077 0.09615384615384616
0 0.6069711538461539 0.3317307692307692 0.054086538461538464 0.03125
0 0.6081730769230769 0.2980769230769231 0.055288461538461536 0.03365384615384615
0 0.5504807692307693 0.3329326923076923 0.055288461538461536 0.030048076923076924
0 0.5516826923076923 0.29927884615384615 0.055288461538461536 0.03365384615384615
0 0.49399038461538464 0.3317307692307692 0.054086538461538464 0.03125
0 0.49278846153846156 0.29927884615384615 0.05889423076923077 0.030048076923076924
0 0.4362980769230769 0.33052884615384615 0.054086538461538464 0.028846153846153848
0 0.43509615384615385 0.2980769230769231 0.055288461538461536 0.03485576923076923
0 0.3798076923076923 0.3317307692307692 0.056490384615384616 0.03125
0 0.34134615384615385 0.46634615384615385 0.040865384615384616 0.0733173076923077
0 0.3918269230769231 0.44591346153846156 0.051682692307692304 0.03125
0 0.6862980769230769 0.5805288461538461 0.055288461538461536 0.027644230769230768
0 0.44591346153846156 0.44591346153846156 0.051682692307692304 0.03245192307692308
0 0.12980769230769232 0.6045673076923077 0.042067307692307696 0.06370192307692307
0 0.08173076923076923 0.6069711538461539 0.046875 0.06129807692307692
0 0.030048076923076924 0.6021634615384616 0.04447115384615385 0.078125
0 0.9639423076923077 0.4807692307692308 0.040865384615384616 0.0889423076923077
0 0.8701923076923077 0.48197115384615385 0.028846153846153848 0.09254807692307693
0 0.9122596153846154 0.47475961538461536 0.039663461538461536 0.09495192307692307
0 0.8004807692307693 0.46274038461538464 0.09975961538461539 0.08052884615384616
0 0.6959134615384616 0.4639423076923077 0.09735576923076923 0.07692307692307693
0 0.17427884615384615 0.6045673076923077 0.04807692307692308 0.06610576923076923
0 0.5120192307692307 0.4110576923076923 0.04807692307692308 0.03125
0 0.5625 0.4098557692307692 0.04927884615384615 0.027644230769230768
0 0.6105769230769231 0.44471153846153844 0.06009615384615385 0.03485576923076923
0 0.5552884615384616 0.44711538461538464 0.051682692307692304 0.030048076923076924
0 0.5552884615384616 0.47596153846153844 0.054086538461538464 0.026442307692307692
0 0.4483173076923077 0.47716346153846156 0.04927884615384615 0.025240384615384616
0 0.5012019230769231 0.47836538461538464 0.052884615384615384 0.028846153846153848
0 0.5012019230769231 0.44711538461538464 0.052884615384615384 0.03125
0 0.39302884615384615 0.4795673076923077 0.055288461538461536 0.030048076923076924
0 0.6129807692307693 0.40865384615384615 0.04927884615384615 0.026442307692307692
0 0.21634615384615385 0.6009615384615384 0.037259615384615384 0.0673076923076923
0 0.609375 0.4831730769230769 0.052884615384615384 0.036057692307692304
0 0.32572115384615385 0.5997596153846154 0.04807692307692308 0.07211538461538461
0 0.4483173076923077 0.41466346153846156 0.04807692307692308 0.028846153846153848
0 0.3942307692307692 0.41586538461538464 0.05048076923076923 0.026442307692307692
0 0.26322115384615385 0.5985576923076923 0.054086538461538464 0.07091346153846154
0 0.057692307692307696 0.7235576923076923 0.03245192307692308 0.0733173076923077
0 0.020432692307692308 0.7211538461538461 0.040865384615384616 0.08173076923076923
0 0.7872596153846154 0.6105769230769231 0.05048076923076923 0.026442307692307692
0 0.7884615384615384 0.5829326923076923 0.051682692307692304 0.026442307692307692
0 0.7367788461538461 0.609375 0.04807692307692308 0.027644230769230768
0 0.7379807692307693 0.5817307692307693 0.046875 0.026442307692307692
0 0.7355769230769231 0.5552884615384616 0.04927884615384615 0.021634615384615384
0 0.7920673076923077 0.5564903846153846 0.055288461538461536 0.026442307692307692
0 0.6850961538461539 0.6081730769230769 0.05048076923076923 0.025240384615384616
0 0.6346153846153846 0.6081730769230769 0.046875 0.027644230769230768
0 0.6274038461538461 0.5817307692307693 0.05048076923076923 0.021634615384615384
0 0.6298076923076923 0.5552884615384616 0.054086538461538464 0.026442307692307692
0 0.5829326923076923 0.6081730769230769 0.04927884615384615 0.03125
0 0.5300480769230769 0.6069711538461539 0.051682692307692304 0.03365384615384615
0 0.4807692307692308 0.6105769230769231 0.04567307692307692 0.046875
0 0.43028846153846156 0.5985576923076923 0.054086538461538464 0.07692307692307693
0 0.3762019230769231 0.5985576923076923 0.04927884615384615 0.0733173076923077