0 0.4375 0.421875 0.040865384615384616 0.08052884615384616
0 0.5769230769230769 0.23677884615384615 0.04326923076923077 0.03245192307692308
0 0.5324519230769231 0.23557692307692307 0.037259615384615384 0.03245192307692308
0 0.4879807692307692 0.2548076923076923 0.036057692307692304 0.08774038461538461
0 0.39663461538461536 0.5817307692307693 0.03365384615384615 0.06850961538461539
0 0.43509615384615385 0.5805288461538461 0.03485576923076923 0.0673076923076923
0 0.4735576923076923 0.5793269230769231 0.03485576923076923 0.0673076923076923
0 0.3581730769230769 0.5084134615384616 0.03485576923076923 0.07932692307692307
0 0.3954326923076923 0.5048076923076923 0.036057692307692304 0.07451923076923077
0 0.43990384615384615 0.3389423076923077 0.040865384615384616 0.07692307692307693
0 0.4807692307692308 0.3425480769230769 0.038461538461538464 0.07572115384615384
0 0.47836538461538464 0.4230769230769231 0.036057692307692304 0.07692307692307693
0 0.4338942307692308 0.5060096153846154 0.036057692307692304 0.07572115384615384
0 0.47475961538461536 0.5036057692307693 0.038461538461538464 0.07692307692307693
0 0.3581730769230769 0.4170673076923077 0.03245192307692308 0.0829326923076923
0 0.39663461538461536 0.4170673076923077 0.038461538461538464 0.08413461538461539
0 0.6237980769230769 0.23918269230769232 0.04447115384615385 0.03485576923076923
0 0.44591346153846156 0.2536057692307692 0.040865384615384616 0.09014423076923077
0 0.6706730769230769 0.23798076923076922 0.04567307692307692 0.03245192307692308
0 0.5264423076923077 0.3701923076923077 0.038461538461538464 0.027644230769230768
0 0.5769230769230769 0.27163461538461536 0.042067307692307696 0.028846153846153848
0 0.7103365384615384 0.33653846153846156 0.040865384615384616 0.03125
0 0.6634615384615384 0.3389423076923077 0.040865384615384616 0.030048076923076924
0 0.5733173076923077 0.33774038461538464 0.12860576923076922 0.028846153846153848
0 0.6670673076923077 0.30649038461538464 0.04447115384615385 0.027644230769230768
0 0.6189903846153846 0.30649038461538464 0.042067307692307696 0.027644230769230768
0 0.5745192307692307 0.30528846153846156 0.039663461538461536 0.030048076923076924
0 0.5288461538461539 0.30528846153846156 0.038461538461538464 0.030048076923076924
0 0.6694711538461539 0.27403846153846156 0.04567307692307692 0.03245192307692308
0 0.6129807692307693 0.3713942307692308 0.040865384615384616 0.030048076923076924
0 0.359375 0.5841346153846154 0.030048076923076924 0.06850961538461539
0 0.8112980769230769 0.5709134615384616 0.037259615384615384 0.02403846153846154
0 0.7692307692307693 0.5709134615384616 0.037259615384615384 0.02403846153846154
0 0.8161057692307693 0.5432692307692307 0.036057692307692304 0.026442307692307692
0 0.5697115384615384 0.3713942307692308 0.039663461538461536 0.030048076923076924
0 0.7680288461538461 0.5973557692307693 0.037259615384615384 0.02283653846153846
0 0.8088942307692307 0.5973557692307693 0.036057692307692304 0.02403846153846154
0 0.6225961538461539 0.27403846153846156 0.042067307692307696 0.03245192307692308
0 0.53125 0.2704326923076923 0.04326923076923077 0.03365384615384615
0 0.3173076923076923 0.5841346153846154 0.036057692307692304 0.07211538461538461
0 0.23677884615384615 0.5096153846153846 0.038461538461538464 0.07692307692307693
0 0.3137019230769231 0.5084134615384616 0.03485576923076923 0.07572115384615384
0 0.9591346153846154 0.39903846153846156 0.038461538461538464 0.026442307692307692
0 0.9170673076923077 0.40024038461538464 0.040865384615384616 0.028846153846153848
0 0.9627403846153846 0.36899038461538464 0.038461538461538464 0.027644230769230768
0 0.9194711538461539 0.3701923076923077 0.038461538461538464 0.030048076923076924
0 0.9675480769230769 0.33774038461538464 0.042067307692307696 0.030048076923076924
0 0.9242788461538461 0.33774038461538464 0.037259615384615384 0.03125
0 0.9747596153846154 0.30408653846153844 0.040865384615384616 0.027644230769230768
0 0.9314903846153846 0.30528846153846156 0.040865384615384616 0.030048076923076924
0 0.9783653846153846 0.27403846153846156 0.039663461538461536 0.030048076923076924
0 0.9362980769230769 0.27403846153846156 0.038461538461538464 0.030048076923076924
0 0.9807692307692307 0.2403846153846154 0.03365384615384615 0.03365384615384615
0 0.9411057692307693 0.23918269230769232 0.040865384615384616 0.03365384615384615
0 0.8509615384615384 0.5973557692307693 0.036057692307692304 0.025240384615384616
0 0.8521634615384616 0.5697115384615384 0.038461538461538464 0.02403846153846154
0 0.8569711538461539 0.5408653846153846 0.037259615384615384 0.025240384615384616
0 0.8569711538461539 0.515625 0.036057692307692304 0.02283653846153846
0 0.8617788461538461 0.4891826923076923 0.038461538461538464 0.025240384615384616
0 0.9086538461538461 0.43028846153846156 0.039663461538461536 0.027644230769230768
0 0.9519230769230769 0.42908653846153844 0.038461538461538464 0.026442307692307692
0 0.9074519230769231 0.45913461538461536 0.036057692307692304 0.025240384615384616
0 0.9507211538461539 0.4579326923076923 0.039663461538461536 0.026442307692307692
0 0.9891826923076923 0.40024038461538464 0.016826923076923076 0.03125
0 0.9855769230769231 0.43028846153846156 0.02403846153846154 0.028846153846153848
0 0.9855769230769231 0.4579326923076923 0.027644230769230768 0.026442307692307692
0 0.9831730769230769 0.48677884615384615 0.03245192307692308 0.026442307692307692
0 0.9795673076923077 0.5144230769230769 0.03125 0.026442307692307692
0 0.9759615384615384 0.5408653846153846 0.03125 0.02283653846153846
0 0.9747596153846154 0.5673076923076923 0.036057692307692304 0.02403846153846154
0 0.9735576923076923 0.5949519230769231 0.03485576923076923 0.026442307692307692
0 0.8641826923076923 0.45913461538461536 0.038461538461538464 0.026442307692307692
0 0.9314903846153846 0.5949519230769231 0.037259615384615384 0.02403846153846154
0 0.9338942307692307 0.5685096153846154 0.03485576923076923 0.025240384615384616
0 0.8918269230769231 0.5697115384615384 0.03485576923076923 0.02403846153846154
0 0.9350961538461539 0.5420673076923077 0.037259615384615384 0.02403846153846154
0 0.8966346153846154 0.5420673076923077 0.037259615384615384 0.025240384615384616
0 0.9399038461538461 0.515625 0.038461538461538464 0.025240384615384616
0 0.8966346153846154 0.515625 0.038461538461538464 0.026442307692307692
0 0.9423076923076923 0.48677884615384615 0.036057692307692304 0.028846153846153848
0 0.9038461538461539 0.48677884615384615 0.036057692307692304 0.027644230769230768
0 0.890625 0.5961538461538461 0.036057692307692304 0.025240384615384616
0 0.27884615384615385 0.5841346153846154 0.037259615384615384 0.0733173076923077
0 0.8677884615384616 0.43028846153846156 0.037259615384615384 0.027644230769230768
0 0.8762019230769231 0.3701923076923077 0.037259615384615384 0.030048076923076924
0 0.18629807692307693 0.42908653846153844 0.039663461538461536 0.07572115384615384
0 0.2283653846153846 0.43028846153846156 0.037259615384615384 0.078125
0 0.2692307692307692 0.42788461538461536 0.038461538461538464 0.07692307692307693
0 0.3112980769230769 0.4266826923076923 0.040865384615384616 0.07692307692307693
0 0.021634615384615384 0.5108173076923077 0.036057692307692304 0.07451923076923077
0 0.06610576923076923 0.5108173076923077 0.040865384615384616 0.07572115384615384
0 0.03365384615384615 0.5901442307692307 0.038461538461538464 0.07451923076923077
0 0.07451923076923077 0.5889423076923077 0.040865384615384616 0.0733173076923077
0 0.11057692307692307 0.5096153846153846 0.037259615384615384 0.078125
0 0.15264423076923078 0.5072115384615384 0.038461538461538464 0.0733173076923077
0 0.11778846153846154 0.5877403846153846 0.036057692307692304 0.07211538461538461
0 0.15865384615384615 0.5877403846153846 0.036057692307692304 0.07091346153846154
0 0.19951923076923078 0.5853365384615384 0.03485576923076923 0.0733173076923077
0 0.2403846153846154 0.5853365384615384 0.036057692307692304 0.06850961538461539
0 0.19471153846153846 0.5108173076923077 0.037259615384615384 0.07091346153846154
0 0.7740384615384616 0.5444711538461539 0.036057692307692304 0.025240384615384616
0 0.27524038461538464 0.5084134615384616 0.036057692307692304 0.07451923076923077
0 0.140625 0.42788461538461536 0.038461538461538464 0.07451923076923077
0 0.09975961538461539 0.4254807692307692 0.038461538461538464 0.07932692307692307
0 0.055288461538461536 0.42788461538461536 0.039663461538461536 0.08052884615384616
0 0.016826923076923076 0.43149038461538464 0.03365384615384615 0.07451923076923077
0 0.8798076923076923 0.3389423076923077 0.039663461538461536 0.027644230769230768
0 0.8846153846153846 0.30528846153846156 0.04326923076923077 0.03365384615384615
0 0.8930288461538461 0.27163461538461536 0.039663461538461536 0.03245192307692308
0 0.038461538461538464 0.25 0.038461538461538464 0.0889423076923077
0 0.08052884615384616 0.24759615384615385 0.039663461538461536 0.09495192307692307
0 0.12379807692307693 0.24759615384615385 0.037259615384615384 0.09375
0 0.17307692307692307 0.24879807692307693 0.040865384615384616 0.09014423076923077
0 0.21514423076923078 0.24879807692307693 0.038461538461538464 0.09254807692307693
0 0.8713942307692307 0.40024038461538464 0.042067307692307696 0.027644230769230768
0 0.2608173076923077 0.25240384615384615 0.038461538461538464 0.09014423076923077
0 0.010817307692307692 0.3401442307692308 0.021634615384615384 0.08653846153846154
0 0.046875 0.3401442307692308 0.040865384615384616 0.0829326923076923
0 0.0889423076923077 0.3401442307692308 0.039663461538461536 0.08413461538461539
0 0.13341346153846154 0.3401442307692308 0.04447115384615385 0.08413461538461539
0 0.18028846153846154 0.3425480769230769 0.040865384615384616 0.08653846153846154
0 0.22355769230769232 0.3425480769230769 0.037259615384615384 0.08413461538461539
0 0.26322115384615385 0.34375 0.040865384615384616 0.0829326923076923
0 0.3088942307692308 0.3425480769230769 0.04447115384615385 0.07932692307692307
0 0.30649038461538464 0.2512019230769231 0.04326923076923077 0.08774038461538461
0 0.8173076923076923 0.515625 0.036057692307692304 0.021634615384615384
0 0.5637019230769231 0.49038461538461536 0.040865384615384616 0.025240384615384616
0 0.8485576923076923 0.23798076923076922 0.042067307692307696 0.03245192307692308
0 0.6490384615384616 0.5192307692307693 0.038461538461538464 0.02403846153846154
0 0.6911057692307693 0.5168269230769231 0.03485576923076923 0.026442307692307692
0 0.5228365384615384 0.546875 0.039663461538461536 0.025240384615384616
0 0.5649038461538461 0.5480769230769231 0.038461538461538464 0.026442307692307692
0 0.6057692307692307 0.546875 0.038461538461538464 0.02403846153846154
0 0.6502403846153846 0.5456730769230769 0.037259615384615384 0.026442307692307692
0 0.6911057692307693 0.5444711538461539 0.038461538461538464 0.02403846153846154
0 0.5228365384615384 0.5733173076923077 0.038461538461538464 0.02283653846153846
0 0.7872596153846154 0.3701923076923077 0.039663461538461536 0.03125
0 0.8365384615384616 0.3389423076923077 0.042067307692307696 0.030048076923076924
0 0.7908653846153846 0.33774038461538464 0.042067307692307696 0.03125
0 0.8389423076923077 0.30528846153846156 0.038461538461538464 0.028846153846153848
0 0.796875 0.30528846153846156 0.039663461538461536 0.028846153846153848
0 0.8461538461538461 0.27283653846153844 0.040865384615384616 0.028846153846153848
0 0.8028846153846154 0.27403846153846156 0.040865384615384616 0.030048076923076924
0 0.5637019230769231 0.5733173076923077 0.036057692307692304 0.02283653846153846
0 0.8052884615384616 0.23918269230769232 0.039663461538461536 0.03365384615384615
0 0.7283653846153846 0.5985576923076923 0.03485576923076923 0.02403846153846154
0 0.7307692307692307 0.5733173076923077 0.03245192307692308 0.026442307692307692
0 0.7319711538461539 0.5456730769230769 0.03245192307692308 0.026442307692307692
0 0.7331730769230769 0.5180288461538461 0.03485576923076923 0.027644230769230768
0 0.734375 0.4879807692307692 0.03485576923076923 0.027644230769230768
0 0.7367788461538461 0.4579326923076923 0.03485576923076923 0.027644230769230768
0 0.6875 0.5997596153846154 0.036057692307692304 0.02403846153846154
0 0.6454326923076923 0.6009615384615384 0.03485576923076923 0.025240384615384616
0 0.6045673076923077 0.6021634615384616 0.036057692307692304 0.02403846153846154
0 0.5637019230769231 0.5997596153846154 0.037259615384615384 0.025240384615384616
0 0.5228365384615384 0.6009615384615384 0.038461538461538464 0.02403846153846154
0 0.6887019230769231 0.5721153846153846 0.037259615384615384 0.02403846153846154
0 0.8317307692307693 0.3701923076923077 0.042067307692307696 0.028846153846153848
0 0.6478365384615384 0.5745192307692307 0.03485576923076923 0.025240384615384616
0 0.7860576923076923 0.4014423076923077 0.038461538461538464 0.026442307692307692
0 0.78125 0.43149038461538464 0.038461538461538464 0.028846153846153848
0 0.6598557692307693 0.3701923076923077 0.040865384615384616 0.030048076923076924
0 0.7043269230769231 0.36899038461538464 0.039663461538461536 0.028846153846153848
0 0.5685096153846154 0.4026442307692308 0.1310096153846154 0.027644230769230768
0 0.6574519230769231 0.4014423076923077 0.038461538461538464 0.027644230769230768
0 0.7019230769230769 0.4014423076923077 0.040865384615384616 0.03125
0 0.5216346153846154 0.43149038461538464 0.039663461538461536 0.028846153846153848
0 0.5673076923076923 0.4326923076923077 0.040865384615384616 0.030048076923076924
0 0.6105769230769231 0.43149038461538464 0.036057692307692304 0.028846153846153848
0 0.6550480769230769 0.43149038461538464 0.040865384615384616 0.028846153846153848
0 0.6983173076923077 0.43149038461538464 0.040865384615384616 0.025240384615384616
0 0.5228365384615384 0.46153846153846156 0.042067307692307696 0.026442307692307692
0 0.5661057692307693 0.46153846153846156 0.038461538461538464 0.025240384615384616
0 0.609375 0.46153846153846156 0.038461538461538464 0.026442307692307692
0 0.6538461538461539 0.46274038461538464 0.042067307692307696 0.027644230769230768
0 0.6971153846153846 0.46033653846153844 0.037259615384615384 0.026442307692307692
0 0.5204326923076923 0.49158653846153844 0.039663461538461536 0.027644230769230768
0 0.6081730769230769 0.49158653846153844 0.037259615384615384 0.026442307692307692
0 0.6514423076923077 0.49158653846153844 0.038461538461538464 0.027644230769230768
0 0.6947115384615384 0.4891826923076923 0.036057692307692304 0.025240384615384616
0 0.5216346153846154 0.5204326923076923 0.038461538461538464 0.025240384615384616
0 0.5649038461538461 0.5192307692307693 0.038461538461538464 0.026442307692307692
0 0.6057692307692307 0.5192307692307693 0.038461538461538464 0.02403846153846154
0 0.7740384615384616 0.5168269230769231 0.039663461538461536 0.02403846153846154
0 0.8197115384615384 0.4879807692307692 0.03485576923076923 0.026442307692307692
0 0.7776442307692307 0.49038461538461536 0.037259615384615384 0.02403846153846154
0 0.8233173076923077 0.4579326923076923 0.038461538461538464 0.025240384615384616
0 0.7800480769230769 0.46153846153846156 0.038461538461538464 0.026442307692307692
0 0.8257211538461539 0.43028846153846156 0.039663461538461536 0.025240384615384616
0 0.8269230769230769 0.4014423076923077 0.039663461538461536 0.027644230769230768
0 0.6045673076923077 0.5745192307692307 0.036057692307692304 0.02403846153846154