0 0.3605769230769231 0.7379807692307693 0.08533653846153846 0.08173076923076923
0 0.20072115384615385 0.2668269230769231 0.04567307692307692 0.11899038461538461
0 0.4375 0.6586538461538461 0.046875 0.03125
0 0.4423076923076923 0.7127403846153846 0.07932692307692307 0.06490384615384616
0 0.5036057692307693 0.6971153846153846 0.04326923076923077 0.05889423076923077
0 0.5216346153846154 0.8004807692307693 0.02283653846153846 0.11057692307692307
0 0.5540865384615384 0.7908653846153846 0.037259615384615384 0.10817307692307693
0 0.359375 0.6814903846153846 0.07932692307692307 0.021634615384615384
0 0.5901442307692307 0.7752403846153846 0.030048076923076924 0.1045673076923077
0 0.03485576923076923 0.9459134615384616 0.06850961538461539 0.10697115384615384
0 0.2692307692307692 0.7680288461538461 0.09495192307692307 0.0889423076923077
0 0.16105769230769232 0.7956730769230769 0.11658653846153846 0.09975961538461539
0 0.06971153846153846 0.8088942307692307 0.06490384615384616 0.10576923076923077
0 0.018028846153846152 0.8341346153846154 0.036057692307692304 0.1045673076923077
0 0.14903846153846154 0.9459134615384616 0.10096153846153846 0.10336538461538461
0 0.2403846153846154 0.9326923076923077 0.08052884615384616 0.12860576923076922
0 0.29927884615384615 0.8978365384615384 0.03485576923076923 0.12860576923076922
0 0.34134615384615385 0.8810096153846154 0.04567307692307692 0.13221153846153846
0 0.3870192307692308 0.8509615384615384 0.037259615384615384 0.13341346153846154
0 0.4266826923076923 0.8305288461538461 0.042067307692307696 0.13822115384615385
0 0.47596153846153844 0.8173076923076923 0.057692307692307696 0.13701923076923078
0 0.6225961538461539 0.7644230769230769 0.02403846153846154 0.09134615384615384
0 0.6478365384615384 0.7524038461538461 0.019230769230769232 0.09735576923076923
0 0.10216346153846154 0.2548076923076923 0.05048076923076923 0.12620192307692307
0 0.7151442307692307 0.7319711538461539 0.027644230769230768 0.10576923076923077
0 0.06129807692307692 0.06129807692307692 0.06490384615384616 0.12139423076923077
0 0.11778846153846154 0.06971153846153846 0.04807692307692308 0.13822115384615385
0 0.1658653846153846 0.07091346153846154 0.04807692307692308 0.13942307692307693
0 0.22115384615384615 0.08052884615384616 0.0625 0.15985576923076922
0 0.2824519230769231 0.09254807692307693 0.054086538461538464 0.16105769230769232
0 0.3401442307692308 0.09615384615384616 0.057692307692307696 0.15504807692307693
0 0.3942307692307692 0.1141826923076923 0.04807692307692308 0.15264423076923078
0 0.43990384615384615 0.12980769230769232 0.038461538461538464 0.13341346153846154
0 0.4735576923076923 0.13822115384615385 0.027644230769230768 0.12980769230769232
0 0.5012019230769231 0.14302884615384615 0.025240384615384616 0.11778846153846154
0 0.5252403846153846 0.14903846153846154 0.021634615384615384 0.11658653846153846
0 0.5480769230769231 0.15384615384615385 0.021634615384615384 0.11177884615384616
0 0.5745192307692307 0.16466346153846154 0.026442307692307692 0.09375
0 0.5973557692307693 0.171875 0.021634615384615384 0.10216346153846154
0 0.6189903846153846 0.18269230769230768 0.021634615384615384 0.0733173076923077
0 0.6394230769230769 0.20673076923076922 0.020432692307692308 0.039663461538461536
0 0.04807692307692308 0.2512019230769231 0.056490384615384616 0.13221153846153846
0 0.4951923076923077 0.6478365384615384 0.036057692307692304 0.03365384615384615
0 0.7740384615384616 0.7067307692307693 0.010817307692307692 0.0733173076923077
0 0.7584134615384616 0.703125 0.015625 0.09254807692307693
0 0.7391826923076923 0.7151442307692307 0.021634615384615384 0.09254807692307693
0 0.6850961538461539 0.7463942307692307 0.021634615384615384 0.08173076923076923
0 0.5408653846153846 0.6694711538461539 0.027644230769230768 0.0985576923076923
0 0.15264423076923078 0.25841346153846156 0.04567307692307692 0.12259615384615384
0 0.6959134615384616 0.5336538461538461 0.020432692307692308 0.09615384615384616
0 0.10216346153846154 0.4567307692307692 0.046875 0.11177884615384616
0 0.046875 0.46033653846153844 0.06370192307692307 0.10216346153846154
0 0.054086538461538464 0.6490384615384616 0.09495192307692307 0.14783653846153846
0 0.13221153846153846 0.6346153846153846 0.052884615384615384 0.13581730769230768
0 0.21754807692307693 0.6213942307692307 0.0829326923076923 0.13341346153846154
0 0.29927884615384615 0.6117788461538461 0.07451923076923077 0.11298076923076923
0 0.35216346153846156 0.59375 0.03485576923076923 0.1310096153846154
0 0.4230769230769231 0.6009615384615384 0.02283653846153846 0.0733173076923077
0 0.44591346153846156 0.5973557692307693 0.021634615384615384 0.06610576923076923
0 0.47115384615384615 0.5901442307692307 0.025240384615384616 0.07091346153846154
0 0.5048076923076923 0.5901442307692307 0.028846153846153848 0.06490384615384616
0 0.5516826923076923 0.5528846153846154 0.037259615384615384 0.10817307692307693
0 0.5865384615384616 0.5540865384615384 0.028846153846153848 0.10817307692307693
0 0.13822115384615385 0.46634615384615385 0.02403846153846154 0.08653846153846154
0 0.6117788461538461 0.5504807692307693 0.018028846153846152 0.09975961538461539
0 0.6574519230769231 0.5420673076923077 0.020432692307692308 0.109375
0 0.6766826923076923 0.5372596153846154 0.015625 0.10216346153846154
0 0.7163461538461539 0.5336538461538461 0.019230769230769232 0.08774038461538461
0 0.7475961538461539 0.5252403846153846 0.027644230769230768 0.09615384615384616
0 0.7728365384615384 0.5216346153846154 0.021634615384615384 0.0889423076923077
0 0.7572115384615384 0.609375 0.016826923076923076 0.07211538461538461
0 0.7379807692307693 0.6129807692307693 0.019230769230769232 0.07692307692307693
0 0.7163461538461539 0.6189903846153846 0.019230769230769232 0.07932692307692307
0 0.6935096153846154 0.6286057692307693 0.02403846153846154 0.08413461538461539
0 0.6706730769230769 0.6370192307692307 0.019230769230769232 0.07692307692307693
0 0.6430288461538461 0.6394230769230769 0.03125 0.07932692307692307
0 0.59375 0.6538461538461539 0.019230769230769232 0.08173076923076923
0 0.5685096153846154 0.6598557692307693 0.026442307692307692 0.09254807692307693
0 0.6346153846153846 0.5456730769230769 0.025240384615384616 0.10576923076923077
0 0.17067307692307693 0.46875 0.025240384615384616 0.06850961538461539
0 0.390625 0.5853365384615384 0.040865384615384616 0.13221153846153846
0 0.27163461538461536 0.48677884615384615 0.021634615384615384 0.01201923076923077
0 0.24879807692307693 0.2704326923076923 0.04807692307692308 0.125
0 0.29447115384615385 0.28125 0.038461538461538464 0.11298076923076923
0 0.33774038461538464 0.2824519230769231 0.046875 0.09975961538461539
0 0.37259615384615385 0.29086538461538464 0.021634615384615384 0.08774038461538461
0 0.40865384615384615 0.28846153846153844 0.04567307692307692 0.09735576923076923
0 0.47716346153846156 0.28846153846153844 0.038461538461538464 0.09735576923076923
0 0.22235576923076922 0.4795673076923077 0.02403846153846154 0.042067307692307696
0 0.5805288461538461 0.29086538461538464 0.04447115384615385 0.12139423076923077
0 0.6490384615384616 0.3004807692307692 0.040865384615384616 0.10096153846153846
0 0.6586538461538461 0.2091346153846154 0.015625 0.040865384615384616
0 0.6850961538461539 0.3004807692307692 0.03365384615384615 0.10216346153846154
0 0.7127403846153846 0.3016826923076923 0.025240384615384616 0.1045673076923077
0 0.7367788461538461 0.30528846153846156 0.02403846153846154 0.09735576923076923
0 0.7391826923076923 0.41947115384615385 0.019230769230769232 0.09014423076923077
0 0.5240384615384616 0.29086538461538464 0.026442307692307692 0.09375
0 0.671875 0.4230769230769231 0.026442307692307692 0.09254807692307693
0 0.7175480769230769 0.4230769230769231 0.027644230769230768 0.08413461538461539
0 0.31009615384615385 0.484375 0.040865384615384616 0.013221153846153846
0 0.35336538461538464 0.48197115384615385 0.020432692307692308 0.019230769230769232
0 0.3798076923076923 0.45552884615384615 0.008413461538461538 0.06129807692307692
0 0.36538461538461536 0.3894230769230769 0.040865384615384616 0.0733173076923077
0 0.4495192307692308 0.43990384615384615 0.03485576923076923 0.09495192307692307
0 0.5072115384615384 0.40024038461538464 0.056490384615384616 0.1045673076923077
0 0.4098557692307692 0.44471153846153844 0.039663461538461536 0.08413461538461539
0 0.5516826923076923 0.42788461538461536 0.03125 0.10216346153846154
0 0.5853365384615384 0.4230769230769231 0.037259615384615384 0.109375
0 0.6201923076923077 0.4182692307692308 0.03245192307692308 0.10697115384615384
0 0.6478365384615384 0.4230769230769231 0.021634615384615384 0.09615384615384616
0 0.6971153846153846 0.4519230769230769 0.009615384615384616 0.025240384615384616