0 0.8930288461538461 0.7091346153846154 0.021634615384615384 0.04807692307692308
0 0.9591346153846154 0.7043269230769231 0.037259615384615384 0.055288461538461536
0 0.9206730769230769 0.7055288461538461 0.027644230769230768 0.056490384615384616
0 0.04927884615384615 0.84375 0.04807692307692308 0.07572115384615384
0 0.8197115384615384 0.7247596153846154 0.04447115384615385 0.051682692307692304
0 0.1045673076923077 0.8389423076923077 0.037259615384615384 0.078125
0 0.13942307692307693 0.8209134615384616 0.03245192307692308 0.06850961538461539
0 0.17668269230769232 0.8197115384615384 0.03245192307692308 0.07091346153846154
0 0.24879807692307693 0.8076923076923077 0.10336538461538461 0.04927884615384615
0 0.23557692307692307 0.8497596153846154 0.07572115384615384 0.03125
0 0.3473557692307692 0.8028846153846154 0.07211538461538461 0.05048076923076923
0 0.41225961538461536 0.7704326923076923 0.04807692307692308 0.06971153846153846
0 0.4831730769230769 0.7668269230769231 0.037259615384615384 0.054086538461538464
0 0.5204326923076923 0.7668269230769231 0.030048076923076924 0.056490384615384616
0 0.5552884615384616 0.7560096153846154 0.036057692307692304 0.06490384615384616
0 0.5877403846153846 0.7367788461538461 0.028846153846153848 0.054086538461538464
0 0.6382211538461539 0.7367788461538461 0.03245192307692308 0.07211538461538461
0 0.6814903846153846 0.7211538461538461 0.042067307692307696 0.025240384615384616
0 0.6995192307692307 0.7536057692307693 0.05889423076923077 0.03245192307692308
0 0.7512019230769231 0.7235576923076923 0.036057692307692304 0.06490384615384616
0 0.859375 0.7391826923076923 0.03125 0.019230769230769232
0 0.8605769230769231 0.7139423076923077 0.03485576923076923 0.027644230769230768
0 0.5540865384615384 0.5829326923076923 0.06009615384615385 0.03365384615384615
0 0.9086538461538461 0.11778846153846154 0.056490384615384616 0.055288461538461536
0 0.22355769230769232 0.5997596153846154 0.056490384615384616 0.06490384615384616
0 0.17908653846153846 0.6033653846153846 0.030048076923076924 0.07211538461538461
0 0.14302884615384615 0.6057692307692307 0.03365384615384615 0.0673076923076923
0 0.09495192307692307 0.6237980769230769 0.052884615384615384 0.021634615384615384
0 0.09134615384615384 0.5997596153846154 0.054086538461538464 0.021634615384615384
0 0.039663461538461536 0.6358173076923077 0.052884615384615384 0.03245192307692308
0 0.03125 0.6009615384615384 0.054086538461538464 0.02403846153846154
0 0.9831730769230769 0.44471153846153844 0.03125 0.056490384615384616
0 0.8413461538461539 0.44711538461538464 0.04567307692307692 0.0733173076923077
0 0.8004807692307693 0.44711538461538464 0.03245192307692308 0.07091346153846154
0 0.7608173076923077 0.4567307692307692 0.040865384615384616 0.06850961538461539
0 0.4074519230769231 0.2644230769230769 0.051682692307692304 0.037259615384615384
0 0.32572115384615385 0.2644230769230769 0.05889423076923077 0.036057692307692304
0 0.5144230769230769 0.2439903846153846 0.051682692307692304 0.08052884615384616
0 0.5829326923076923 0.23076923076923078 0.07572115384615384 0.03365384615384615
0 0.7007211538461539 0.4723557692307692 0.07451923076923077 0.04807692307692308
0 0.6225961538461539 0.47475961538461536 0.07572115384615384 0.05048076923076923
0 0.2824519230769231 0.5769230769230769 0.04807692307692308 0.02403846153846154
0 0.3016826923076923 0.6105769230769231 0.04927884615384615 0.038461538461538464
0 0.34975961538461536 0.6117788461538461 0.042067307692307696 0.028846153846153848
0 0.328125 0.5721153846153846 0.038461538461538464 0.027644230769230768
0 0.21394230769230768 0.21875 0.04807692307692308 0.04447115384615385
0 0.21634615384615385 0.2668269230769231 0.04567307692307692 0.042067307692307696
0 0.31850961538461536 0.2247596153846154 0.06129807692307692 0.038461538461538464
0 0.4182692307692308 0.22596153846153846 0.055288461538461536 0.036057692307692304
0 0.8461538461538461 0.5612980769230769 0.05889423076923077 0.020432692307692308
0 0.8449519230769231 0.5360576923076923 0.06610576923076923 0.025240384615384616
0 0.7752403846153846 0.5673076923076923 0.02403846153846154 0.020432692307692308
0 0.7740384615384616 0.546875 0.026442307692307692 0.014423076923076924
0 0.5516826923076923 0.4891826923076923 0.05889423076923077 0.027644230769230768
0 0.7427884615384616 0.5625 0.028846153846153848 0.039663461538461536
0 0.6682692307692307 0.5540865384615384 0.039663461538461536 0.05889423076923077
0 0.5637019230769231 0.5480769230769231 0.04927884615384615 0.02283653846153846
0 0.6117788461538461 0.5817307692307693 0.052884615384615384 0.030048076923076924
0 0.47115384615384615 0.5745192307692307 0.02283653846153846 0.05889423076923077
0 0.44711538461538464 0.5745192307692307 0.019230769230769232 0.0625
0 0.41225961538461536 0.6033653846153846 0.04567307692307692 0.020432692307692308
0 0.4110576923076923 0.5829326923076923 0.040865384615384616 0.021634615384615384
0 0.40865384615384615 0.5588942307692307 0.040865384615384616 0.02283653846153846
0 0.7091346153846154 0.5504807692307693 0.037259615384615384 0.06490384615384616
0 0.9651442307692307 0.6117788461538461 0.027644230769230768 0.05048076923076923
0 0.5504807692307693 0.4567307692307692 0.0625 0.03245192307692308
0 0.48197115384615385 0.49759615384615385 0.0673076923076923 0.026442307692307692
0 0.3076923076923077 0.38100961538461536 0.11298076923076923 0.06129807692307692
0 0.39302884615384615 0.3545673076923077 0.04807692307692308 0.0985576923076923
0 0.44350961538461536 0.3545673076923077 0.04567307692307692 0.0985576923076923
0 0.49759615384615385 0.3557692307692308 0.04807692307692308 0.08533653846153846
0 0.5432692307692307 0.3545673076923077 0.040865384615384616 0.08653846153846154
0 0.5853365384615384 0.3557692307692308 0.03365384615384615 0.08533653846153846
0 0.6225961538461539 0.3545673076923077 0.03365384615384615 0.08653846153846154
0 0.6742788461538461 0.33653846153846156 0.04567307692307692 0.03485576923076923
0 0.19230769230769232 0.38221153846153844 0.11538461538461539 0.06009615384615385
0 0.7295673076923077 0.33533653846153844 0.051682692307692304 0.036057692307692304
0 0.671875 0.375 0.04447115384615385 0.036057692307692304
0 0.7247596153846154 0.3737980769230769 0.051682692307692304 0.036057692307692304
0 0.7764423076923077 0.37259615384615385 0.04326923076923077 0.03485576923076923
0 0.8221153846153846 0.3485576923076923 0.028846153846153848 0.07451923076923077
0 0.8569711538461539 0.34975961538461536 0.030048076923076924 0.07572115384615384
0 0.8894230769230769 0.3485576923076923 0.027644230769230768 0.0733173076923077
0 0.96875 0.35096153846153844 0.026442307692307692 0.051682692307692304
0 0.038461538461538464 0.47115384615384615 0.051682692307692304 0.030048076923076924
0 0.7800480769230769 0.33413461538461536 0.040865384615384616 0.036057692307692304
0 0.15504807692307693 0.26322115384615385 0.055288461538461536 0.039663461538461536
0 0.038461538461538464 0.38822115384615385 0.06971153846153846 0.06009615384615385
0 0.8882211538461539 0.2668269230769231 0.046875 0.028846153846153848
0 0.4807692307692308 0.4699519230769231 0.07091346153846154 0.026442307692307692
0 0.4795673076923077 0.43990384615384615 0.06850961538461539 0.026442307692307692
0 0.4182692307692308 0.4963942307692308 0.052884615384615384 0.03245192307692308
0 0.3605769230769231 0.5036057692307693 0.051682692307692304 0.02403846153846154
0 0.30408653846153844 0.5072115384615384 0.055288461538461536 0.02403846153846154
0 0.3629807692307692 0.47596153846153844 0.04927884615384615 0.02403846153846154
0 0.31850961538461536 0.45072115384615385 0.09254807692307693 0.02403846153846154
0 0.30288461538461536 0.4795673076923077 0.06370192307692307 0.02403846153846154
0 0.9615384615384616 0.25721153846153844 0.07211538461538461 0.052884615384615384
0 0.13221153846153846 0.46033653846153844 0.06370192307692307 0.03485576923076923
0 0.14423076923076922 0.5108173076923077 0.04927884615384615 0.04927884615384615
0 0.6550480769230769 0.23076923076923078 0.051682692307692304 0.037259615384615384
0 0.7151442307692307 0.234375 0.057692307692307696 0.03125
0 0.7127403846153846 0.265625 0.06490384615384616 0.03125
0 0.7800480769230769 0.26802884615384615 0.046875 0.03245192307692308
0 0.8377403846153846 0.26802884615384615 0.04447115384615385 0.03245192307692308
0 0.8497596153846154 0.23317307692307693 0.040865384615384616 0.03245192307692308
0 0.8966346153846154 0.23557692307692307 0.04567307692307692 0.03365384615384615
0 0.1971153846153846 0.5060096153846154 0.04447115384615385 0.05048076923076923
0 0.08653846153846154 0.2620192307692308 0.06971153846153846 0.039663461538461536
0 0.02283653846153846 0.25961538461538464 0.04447115384615385 0.04326923076923077
0 0.8497596153846154 0.11658653846153846 0.052884615384615384 0.055288461538461536
0 0.046875 0.5168269230769231 0.05048076923076923 0.052884615384615384
0 0.9194711538461539 0.5420673076923077 0.03125 0.04807692307692308
0 0.9567307692307693 0.5288461538461539 0.036057692307692304 0.06610576923076923
0 0.9879807692307693 0.5264423076923077 0.019230769230769232 0.0673076923076923
0 0.051682692307692304 0.7319711538461539 0.09975961538461539 0.057692307692307696
0 0.16466346153846154 0.7091346153846154 0.11177884615384616 0.020432692307692308
0 0.17067307692307693 0.734375 0.10576923076923077 0.02283653846153846
0 0.2692307692307692 0.7115384615384616 0.08413461538461539 0.042067307692307696
0 0.25841346153846156 0.6694711538461539 0.08653846153846154 0.03125
0 0.34375 0.6947115384615384 0.056490384615384616 0.051682692307692304
0 0.4495192307692308 0.6826923076923077 0.03365384615384615 0.039663461538461536
0 0.4483173076923077 0.6538461538461539 0.039663461538461536 0.013221153846153846
0 0.48677884615384615 0.6706730769230769 0.02403846153846154 0.04927884615384615
0 0.5300480769230769 0.6430288461538461 0.04447115384615385 0.014423076923076924
0 0.5300480769230769 0.6610576923076923 0.04447115384615385 0.016826923076923076
0 0.5264423076923077 0.6790865384615384 0.04326923076923077 0.016826923076923076
0 0.5793269230769231 0.6622596153846154 0.038461538461538464 0.03485576923076923
0 0.5865384615384616 0.6334134615384616 0.046875 0.016826923076923076
0 0.6262019230769231 0.6514423076923077 0.04567307692307692 0.014423076923076924
0 0.625 0.6670673076923077 0.039663461538461536 0.016826923076923076
0 0.6634615384615384 0.6502403846153846 0.019230769230769232 0.04807692307692308
0 0.6899038461538461 0.6466346153846154 0.025240384615384616 0.054086538461538464
0 0.7223557692307693 0.6454326923076923 0.03245192307692308 0.04326923076923077
0 0.7740384615384616 0.640625 0.046875 0.052884615384615384
0 0.8221153846153846 0.6322115384615384 0.042067307692307696 0.052884615384615384
0 0.8653846153846154 0.6274038461538461 0.03365384615384615 0.039663461538461536
0 0.8990384615384616 0.6201923076923077 0.030048076923076924 0.055288461538461536
0 0.578125 0.2668269230769231 0.06009615384615385 0.03365384615384615
0 0.6442307692307693 0.26802884615384615 0.055288461538461536 0.03125
0 0.09735576923076923 0.5132211538461539 0.039663461538461536 0.052884615384615384
0 0.4519230769230769 0.08533653846153846 0.05889423076923077 0.027644230769230768
0 0.1310096153846154 0.08653846153846154 0.07091346153846154 0.04447115384615385
0 0.2247596153846154 0.09254807692307693 0.07091346153846154 0.04567307692307692
0 0.3269230769230769 0.0829326923076923 0.052884615384615384 0.07932692307692307
0 0.4543269230769231 0.055288461538461536 0.055288461538461536 0.027644230769230768
0 0.4519230769230769 0.11538461538461539 0.06009615384615385 0.027644230769230768
0 0.5168269230769231 0.08653846153846154 0.04927884615384615 0.08774038461538461
0 0.5661057692307693 0.0889423076923077 0.04447115384615385 0.08774038461538461
0 0.04927884615384615 0.08413461538461539 0.0889423076923077 0.04447115384615385
0 0.6129807692307693 0.09134615384615384 0.04326923076923077 0.0889423076923077
0 0.7307692307692307 0.09134615384615384 0.057692307692307696 0.10216346153846154
0 0.7896634615384616 0.09375 0.057692307692307696 0.09615384615384616
0 0.8497596153846154 0.057692307692307696 0.055288461538461536 0.05889423076923077
0 0.9134615384615384 0.05889423076923077 0.057692307692307696 0.05889423076923077
0 0.6646634615384616 0.09375 0.04567307692307692 0.08413461538461539
0 0.06971153846153846 0.040865384615384616 0.07692307692307693 0.038461538461538464