0 0.9891826923076923 0.5997596153846154 0.020432692307692308 0.04807692307692308
0 0.08413461538461539 0.7403846153846154 0.046875 0.030048076923076924
0 0.24278846153846154 0.3293269230769231 0.06850961538461539 0.04927884615384615
0 0.16826923076923078 0.3317307692307692 0.06971153846153846 0.052884615384615384
0 0.10096153846153846 0.3329326923076923 0.0625 0.04927884615384615
0 0.046875 0.33653846153846156 0.04326923076923077 0.042067307692307696
0 0.03365384615384615 0.41225961538461536 0.027644230769230768 0.03485576923076923
0 0.06129807692307692 0.41346153846153844 0.027644230769230768 0.03485576923076923
0 0.0889423076923077 0.4110576923076923 0.027644230769230768 0.039663461538461536
0 0.32211538461538464 0.7764423076923077 0.036057692307692304 0.06971153846153846
0 0.2848557692307692 0.7740384615384616 0.03485576923076923 0.07091346153846154
0 0.24759615384615385 0.7740384615384616 0.038461538461538464 0.06971153846153846
0 0.2127403846153846 0.7776442307692307 0.03245192307692308 0.06370192307692307
0 0.17548076923076922 0.4182692307692308 0.06971153846153846 0.04927884615384615
0 0.9158653846153846 0.5120192307692307 0.03485576923076923 0.04927884615384615
0 0.24759615384615385 0.41947115384615385 0.0673076923076923 0.054086538461538464
0 0.12620192307692307 0.7920673076923077 0.04807692307692308 0.03485576923076923
0 0.8846153846153846 0.5168269230769231 0.028846153846153848 0.039663461538461536
0 0.08173076923076923 0.7860576923076923 0.037259615384615384 0.04567307692307692
0 0.030048076923076924 0.7824519230769231 0.06009615384615385 0.04927884615384615
0 0.036057692307692304 0.6875 0.07091346153846154 0.038461538461538464
0 0.11298076923076923 0.6862980769230769 0.08052884615384616 0.042067307692307696
0 0.171875 0.6814903846153846 0.027644230769230768 0.051682692307692304
0 0.1971153846153846 0.6814903846153846 0.02403846153846154 0.051682692307692304
0 0.2247596153846154 0.6826923076923077 0.03125 0.04807692307692308
0 0.25721153846153844 0.6862980769230769 0.03125 0.04447115384615385
0 0.2848557692307692 0.6862980769230769 0.02403846153846154 0.040865384615384616
0 0.31490384615384615 0.6802884615384616 0.03365384615384615 0.051682692307692304
0 0.17548076923076922 0.7884615384615384 0.040865384615384616 0.04447115384615385
0 0.953125 0.515625 0.03485576923076923 0.042067307692307696
0 0.984375 0.5108173076923077 0.030048076923076924 0.051682692307692304
0 0.9759615384615384 0.43149038461538464 0.046875 0.036057692307692304
0 0.6899038461538461 0.7716346153846154 0.030048076923076924 0.07211538461538461
0 0.6550480769230769 0.7704326923076923 0.03485576923076923 0.07572115384615384
0 0.7223557692307693 0.7716346153846154 0.03485576923076923 0.07572115384615384
0 0.7584134615384616 0.7740384615384616 0.036057692307692304 0.07091346153846154
0 0.7932692307692307 0.7728365384615384 0.03485576923076923 0.07091346153846154
0 0.6189903846153846 0.7728365384615384 0.038461538461538464 0.07211538461538461
0 0.5817307692307693 0.7752403846153846 0.03485576923076923 0.06971153846153846
0 0.5456730769230769 0.7740384615384616 0.036057692307692304 0.06971153846153846
0 0.5096153846153846 0.7740384615384616 0.03245192307692308 0.07091346153846154
0 0.4735576923076923 0.7764423076923077 0.040865384615384616 0.06850961538461539
0 0.4326923076923077 0.7752403846153846 0.037259615384615384 0.06850961538461539
0 0.39663461538461536 0.7752403846153846 0.03485576923076923 0.06490384615384616
0 0.359375 0.7764423076923077 0.036057692307692304 0.06971153846153846
0 0.8293269230769231 0.7740384615384616 0.03485576923076923 0.0673076923076923
0 0.8701923076923077 0.7728365384615384 0.037259615384615384 0.06971153846153846
0 0.9074519230769231 0.7740384615384616 0.037259615384615384 0.06971153846153846
0 0.9038461538461539 0.4326923076923077 0.02403846153846154 0.03485576923076923
0 0.9723557692307693 0.3293269230769231 0.054086538461538464 0.055288461538461536
0 0.9146634615384616 0.328125 0.0625 0.055288461538461536
0 0.84375 0.328125 0.06971153846153846 0.054086538461538464
0 0.7692307692307693 0.3269230769230769 0.07091346153846154 0.05889423076923077
0 0.6370192307692307 0.3401442307692308 0.030048076923076924 0.036057692307692304
0 0.5132211538461539 0.328125 0.07091346153846154 0.05889423076923077
0 0.45072115384615385 0.3425480769230769 0.04807692307692308 0.028846153846153848
0 0.390625 0.3317307692307692 0.07091346153846154 0.052884615384615384
0 0.31850961538461536 0.3425480769230769 0.06971153846153846 0.03125
0 0.9338942307692307 0.43028846153846156 0.036057692307692304 0.03245192307692308
0 0.35096153846153844 0.6802884615384616 0.03365384615384615 0.05048076923076923
0 0.3870192307692308 0.6826923076923077 0.036057692307692304 0.04447115384615385
0 0.5865384615384616 0.33052884615384615 0.06610576923076923 0.055288461538461536
0 0.47115384615384615 0.6790865384615384 0.04447115384615385 0.05048076923076923
0 0.027644230769230768 0.5564903846153846 0.03485576923076923 0.037259615384615384
0 0.078125 0.47596153846153844 0.03485576923076923 0.040865384615384616
0 0.03485576923076923 0.47836538461538464 0.038461538461538464 0.037259615384615384
0 0.22115384615384615 0.5168269230769231 0.056490384615384616 0.040865384615384616
0 0.2776442307692308 0.5192307692307693 0.051682692307692304 0.03245192307692308
0 0.33052884615384615 0.5180288461538461 0.054086538461538464 0.03365384615384615
0 0.3870192307692308 0.5180288461538461 0.052884615384615384 0.03365384615384615
0 0.49399038461538464 0.5168269230769231 0.055288461538461536 0.036057692307692304
0 0.5372596153846154 0.5180288461538461 0.026442307692307692 0.03485576923076923
0 0.5769230769230769 0.5144230769230769 0.054086538461538464 0.038461538461538464
0 0.6754807692307693 0.5120192307692307 0.03245192307692308 0.04447115384615385
0 0.31850961538461536 0.43028846153846156 0.06610576923076923 0.03485576923076923
0 0.0673076923076923 0.5576923076923077 0.040865384615384616 0.038461538461538464
0 0.3870192307692308 0.43149038461538464 0.0673076923076923 0.03485576923076923
0 0.5889423076923077 0.4206730769230769 0.06971153846153846 0.054086538461538464
0 0.6598557692307693 0.41947115384615385 0.0673076923076923 0.054086538461538464
0 0.7199519230769231 0.43028846153846156 0.052884615384615384 0.03245192307692308
0 0.7824519230769231 0.4206730769230769 0.06850961538461539 0.055288461538461536
0 0.8521634615384616 0.41947115384615385 0.0673076923076923 0.055288461538461536
0 0.8521634615384616 0.5168269230769231 0.03365384615384615 0.038461538461538464
0 0.8173076923076923 0.5132211538461539 0.028846153846153848 0.04326923076923077
0 0.7680288461538461 0.5048076923076923 0.06971153846153846 0.056490384615384616
0 0.7067307692307693 0.5144230769230769 0.03125 0.04567307692307692
0 0.42788461538461536 0.6802884615384616 0.040865384615384616 0.04927884615384615
0 0.9795673076923077 0.7716346153846154 0.03485576923076923 0.0673076923076923
0 0.9447115384615384 0.7728365384615384 0.03365384615384615 0.0673076923076923
0 0.4519230769230769 0.43149038461538464 0.06490384615384616 0.036057692307692304
0 0.08533653846153846 0.6129807692307693 0.03245192307692308 0.03365384615384615
0 0.5192307692307693 0.43028846153846156 0.06850961538461539 0.036057692307692304
0 0.22596153846153846 0.6045673076923077 0.051682692307692304 0.03365384615384615
0 0.6165865384615384 0.6838942307692307 0.046875 0.04326923076923077
0 0.17668269230769232 0.5961538461538461 0.04447115384615385 0.051682692307692304
0 0.6586538461538461 0.6826923076923077 0.038461538461538464 0.04447115384615385
0 0.7007211538461539 0.6838942307692307 0.037259615384615384 0.04447115384615385
0 0.7379807692307693 0.6838942307692307 0.039663461538461536 0.046875
0 0.78125 0.6826923076923077 0.038461538461538464 0.04447115384615385
0 0.5216346153846154 0.6826923076923077 0.046875 0.04326923076923077
0 0.859375 0.6838942307692307 0.03365384615384615 0.046875
0 0.8990384615384616 0.6850961538461539 0.037259615384615384 0.04567307692307692
0 0.9375 0.6850961538461539 0.040865384615384616 0.04567307692307692
0 0.9759615384615384 0.6826923076923077 0.036057692307692304 0.05048076923076923
0 0.9567307692307693 0.6009615384615384 0.036057692307692304 0.040865384615384616
0 0.921875 0.5985576923076923 0.03245192307692308 0.05048076923076923
0 0.8209134615384616 0.6838942307692307 0.038461538461538464 0.04326923076923077
0 0.8473557692307693 0.6021634615384616 0.04447115384615385 0.038461538461538464
0 0.2800480769230769 0.6021634615384616 0.05048076923076923 0.036057692307692304
0 0.33413461538461536 0.6009615384615384 0.056490384615384616 0.03485576923076923
0 0.8882211538461539 0.5985576923076923 0.03485576923076923 0.04807692307692308
0 0.3858173076923077 0.6021634615384616 0.04567307692307692 0.036057692307692304
0 0.4375 0.6057692307692307 0.05048076923076923 0.03125
0 0.49038461538461536 0.6033653846153846 0.055288461538461536 0.030048076923076924
0 0.5685096153846154 0.6826923076923077 0.04447115384615385 0.04447115384615385
0 0.6009615384615384 0.6009615384615384 0.046875 0.037259615384615384
0 0.6478365384615384 0.6033653846153846 0.04807692307692308 0.030048076923076924
0 0.7007211538461539 0.5961538461538461 0.05048076923076923 0.04927884615384615
0 0.7524038461538461 0.5973557692307693 0.04927884615384615 0.04567307692307692
0 0.546875 0.6045673076923077 0.057692307692307696 0.028846153846153848
0 0.8016826923076923 0.6021634615384616 0.04567307692307692 0.039663461538461536