0 0.22596153846153846 0.41947115384615385 0.04447115384615385 0.09375
0 0.26322115384615385 0.8473557692307693 0.08413461538461539 0.054086538461538464
0 0.2776442307692308 0.4110576923076923 0.039663461538461536 0.11177884615384616
0 0.4987980769230769 0.8353365384615384 0.03125 0.08173076923076923
0 0.45913461538461536 0.8329326923076923 0.036057692307692304 0.08653846153846154
0 0.41947115384615385 0.8353365384615384 0.039663461538461536 0.07932692307692307
0 0.37740384615384615 0.8365384615384616 0.040865384615384616 0.08052884615384616
0 0.3269230769230769 0.8257211538461539 0.040865384615384616 0.09254807692307693
0 0.18028846153846154 0.8353365384615384 0.07211538461538461 0.07211538461538461
0 0.7764423076923077 0.30408653846153844 0.055288461538461536 0.06009615384615385
0 0.7175480769230769 0.23918269230769232 0.05889423076923077 0.06370192307692307
0 0.6586538461538461 0.27403846153846156 0.04807692307692308 0.11538461538461539
0 0.6177884615384616 0.28365384615384615 0.03125 0.09975961538461539
0 0.8293269230769231 0.28846153846153844 0.04447115384615385 0.09495192307692307
0 0.90625 0.2824519230769231 0.09375 0.06490384615384616
0 0.9086538461538461 0.32572115384615385 0.09134615384615384 0.021634615384615384
0 0.9783653846153846 0.2800480769230769 0.042067307692307696 0.046875
0 0.1658653846153846 0.43509615384615385 0.05889423076923077 0.05889423076923077
0 0.1045673076923077 0.4326923076923077 0.05889423076923077 0.06009615384615385
0 0.17307692307692307 0.38100961538461536 0.055288461538461536 0.039663461538461536
0 0.11177884615384616 0.3798076923076923 0.05889423076923077 0.04567307692307692
0 0.05048076923076923 0.41466346153846156 0.04567307692307692 0.09615384615384616
0 0.9783653846153846 0.32091346153846156 0.042067307692307696 0.03125
0 0.3245192307692308 0.421875 0.051682692307692304 0.09254807692307693
0 0.7139423076923077 0.30408653846153844 0.054086538461538464 0.05889423076923077
0 0.3786057692307692 0.4230769230769231 0.046875 0.08774038461538461
0 0.33774038461538464 0.6586538461538461 0.08653846153846154 0.055288461538461536
0 0.49158653846153844 0.43149038461538464 0.051682692307692304 0.07451923076923077
0 0.02283653846153846 0.8257211538461539 0.04567307692307692 0.0889423076923077
0 0.9314903846153846 0.7199519230769231 0.08173076923076923 0.06009615384615385
0 0.9014423076923077 0.6634615384615384 0.07572115384615384 0.03125
0 0.8365384615384616 0.7151442307692307 0.07451923076923077 0.06850961538461539
0 0.75 0.7211538461538461 0.08533653846153846 0.0625
0 0.7379807692307693 0.671875 0.07932692307692307 0.02403846153846154
0 0.7451923076923077 0.6466346153846154 0.08533653846153846 0.021634615384615384
0 0.6622596153846154 0.7019230769230769 0.0673076923076923 0.09615384615384616
0 0.5877403846153846 0.7175480769230769 0.07091346153846154 0.06490384615384616
0 0.7836538461538461 0.5540865384615384 0.04326923076923077 0.10216346153846154
0 0.5865384615384616 0.6538461538461539 0.07211538461538461 0.04567307692307692
0 0.41466346153846156 0.7211538461538461 0.07932692307692307 0.0625
0 0.3293269230769231 0.7211538461538461 0.07572115384615384 0.055288461538461536
0 0.828125 0.5625 0.042067307692307696 0.08653846153846154
0 0.24158653846153846 0.7163461538461539 0.08653846153846154 0.056490384615384616
0 0.1502403846153846 0.71875 0.07091346153846154 0.057692307692307696
0 0.08052884615384616 0.7199519230769231 0.056490384615384616 0.052884615384615384
0 0.07692307692307693 0.6670673076923077 0.05048076923076923 0.051682692307692304
0 0.020432692307692308 0.7043269230769231 0.040865384615384616 0.08653846153846154
0 0.9819711538461539 0.5588942307692307 0.03485576923076923 0.10096153846153846
0 0.5036057692307693 0.7175480769230769 0.08173076923076923 0.06009615384615385
0 0.0733173076923077 0.8269230769230769 0.04326923076923077 0.08653846153846154
0 0.6682692307692307 0.5721153846153846 0.08533653846153846 0.05889423076923077
0 0.7403846153846154 0.5528846153846154 0.039663461538461536 0.09495192307692307
0 0.5480769230769231 0.43028846153846156 0.052884615384615384 0.07451923076923077
0 0.6069711538461539 0.43028846153846156 0.057692307692307696 0.08052884615384616
0 0.6574519230769231 0.43028846153846156 0.038461538461538464 0.0829326923076923
0 0.7103365384615384 0.43149038461538464 0.054086538461538464 0.08533653846153846
0 0.7692307692307693 0.4362980769230769 0.051682692307692304 0.07572115384615384
0 0.8197115384615384 0.4254807692307692 0.04927884615384615 0.09615384615384616
0 0.8701923076923077 0.4254807692307692 0.052884615384615384 0.09735576923076923
0 0.9254807692307693 0.41947115384615385 0.04807692307692308 0.11057692307692307
0 0.9759615384615384 0.421875 0.046875 0.11057692307692307
0 0.5372596153846154 0.8353365384615384 0.03485576923076923 0.07932692307692307
0 0.025240384615384616 0.5697115384615384 0.05048076923076923 0.055288461538461536
0 0.08533653846153846 0.5709134615384616 0.055288461538461536 0.052884615384615384
0 0.14543269230769232 0.5673076923076923 0.055288461538461536 0.05889423076923077
0 0.19591346153846154 0.5697115384615384 0.042067307692307696 0.056490384615384616
0 0.2704326923076923 0.5625 0.08653846153846154 0.0673076923076923
0 0.34615384615384615 0.546875 0.04927884615384615 0.1045673076923077
0 0.4026442307692308 0.5552884615384616 0.052884615384615384 0.09014423076923077
0 0.5048076923076923 0.5528846153846154 0.05048076923076923 0.0889423076923077
0 0.5769230769230769 0.5685096153846154 0.08173076923076923 0.0625
0 0.671875 0.5240384615384616 0.0889423076923077 0.027644230769230768
0 0.11778846153846154 0.828125 0.038461538461538464 0.09975961538461539
0 0.43509615384615385 0.41586538461538464 0.054086538461538464 0.09975961538461539
0 0.5829326923076923 0.8269230769230769 0.046875 0.09975961538461539
0 0.8846153846153846 0.5661057692307693 0.046875 0.09014423076923077
0 0.6923076923076923 0.8269230769230769 0.06370192307692307 0.09975961538461539
0 0.6057692307692307 0.953125 0.04567307692307692 0.0889423076923077
0 0.5480769230769231 0.9519230769230769 0.05889423076923077 0.08653846153846154
0 0.47836538461538464 0.9639423076923077 0.07451923076923077 0.07091346153846154
0 0.39663461538461536 0.9627403846153846 0.08052884615384616 0.06971153846153846
0 0.3088942307692308 0.9663461538461539 0.08173076923076923 0.05889423076923077
0 0.2283653846153846 0.9675480769230769 0.06971153846153846 0.055288461538461536
0 0.140625 0.9699519230769231 0.078125 0.052884615384615384
0 0.06370192307692307 0.9543269230769231 0.06971153846153846 0.0829326923076923
0 0.9675480769230769 0.8713942307692307 0.06009615384615385 0.021634615384615384
0 0.9699519230769231 0.8293269230769231 0.055288461538461536 0.0625
0 0.9026442307692307 0.8701923076923077 0.057692307692307696 0.020432692307692308
0 0.9074519230769231 0.8377403846153846 0.05889423076923077 0.039663461538461536
0 0.8389423076923077 0.8629807692307693 0.06009615384615385 0.03245192307692308
0 0.6310096153846154 0.8257211538461539 0.046875 0.10336538461538461
0 0.5276442307692307 0.12620192307692307 0.04807692307692308 0.0889423076923077
0 0.47475961538461536 0.1141826923076923 0.046875 0.10817307692307693
0 0.578125 0.140625 0.03245192307692308 0.06971153846153846
0 0.4206730769230769 0.15144230769230768 0.04807692307692308 0.03245192307692308
0 0.2091346153846154 0.14543269230769232 0.055288461538461536 0.03485576923076923
0 0.030048076923076924 0.1141826923076923 0.055288461538461536 0.09014423076923077
0 0.10096153846153846 0.12259615384615384 0.078125 0.078125
0 0.16346153846153846 0.109375 0.038461538461538464 0.10697115384615384
0 0.21033653846153846 0.10697115384615384 0.057692307692307696 0.039663461538461536
0 0.9278846153846154 0.9543269230769231 0.05048076923076923 0.0889423076923077
0 0.8786057692307693 0.9555288461538461 0.04447115384615385 0.08533653846153846
0 0.6995192307692307 0.9783653846153846 0.054086538461538464 0.040865384615384616
0 0.8341346153846154 0.9555288461538461 0.04326923076923077 0.08413461538461539
0 0.7908653846153846 0.9519230769230769 0.04326923076923077 0.09134615384615384
0 0.7524038461538461 0.9543269230769231 0.037259615384615384 0.09014423076923077
0 0.703125 0.9350961538461539 0.055288461538461536 0.042067307692307696
0 0.6538461538461539 0.9519230769230769 0.037259615384615384 0.0889423076923077
0 0.265625 0.13341346153846154 0.04807692307692308 0.06129807692307692
0 0.32211538461538464 0.14182692307692307 0.054086538461538464 0.04567307692307692
0 0.37259615384615385 0.1141826923076923 0.04326923076923077 0.10336538461538461
0 0.4206730769230769 0.11778846153846154 0.04567307692307692 0.03245192307692308
0 0.6201923076923077 0.12139423076923077 0.04567307692307692 0.10096153846153846
0 0.765625 0.8401442307692307 0.07692307692307693 0.078125
0 0.7139423076923077 0.13341346153846154 0.046875 0.08413461538461539
0 0.6670673076923077 0.12379807692307693 0.042067307692307696 0.0985576923076923
0 0.9362980769230769 0.5673076923076923 0.04326923076923077 0.08533653846153846
0 0.5721153846153846 0.2776442307692308 0.03245192307692308 0.1045673076923077
0 0.4639423076923077 0.31490384615384615 0.04326923076923077 0.027644230769230768
0 0.46274038461538464 0.28365384615384615 0.04326923076923077 0.03125
0 0.4699519230769231 0.2512019230769231 0.04447115384615385 0.03365384615384615
0 0.4182692307692308 0.29086538461538464 0.03485576923076923 0.07692307692307693
0 0.3786057692307692 0.27884615384615385 0.038461538461538464 0.10216346153846154
0 0.33052884615384615 0.28125 0.056490384615384616 0.09375
0 0.5264423076923077 0.2956730769230769 0.057692307692307696 0.0733173076923077
0 0.1658653846153846 0.2932692307692308 0.05889423076923077 0.0625
0 0.7632211538461539 0.13581730769230768 0.046875 0.07932692307692307
0 0.24639423076923078 0.29447115384615385 0.09254807692307693 0.0625
0 0.8677884615384616 0.13822115384615385 0.04567307692307692 0.0829326923076923
0 0.9242788461538461 0.1201923076923077 0.05048076923076923 0.040865384615384616
0 0.8161057692307693 0.13581730769230768 0.04326923076923077 0.08413461538461539
0 0.9771634615384616 0.13822115384615385 0.04447115384615385 0.08413461538461539
0 0.037259615384615384 0.2932692307692308 0.056490384615384616 0.05889423076923077
0 0.10216346153846154 0.2932692307692308 0.056490384615384616 0.057692307692307696
0 0.9254807692307693 0.16346153846153846 0.052884615384615384 0.038461538461538464