0 0.17548076923076922 0.16706730769230768 0.15625 0.026442307692307692
0 0.17427884615384615 0.19471153846153846 0.15625 0.025240384615384616
0 0.17307692307692307 0.22235576923076922 0.15625 0.025240384615384616
0 0.8209134615384616 0.8161057692307693 0.12860576923076922 0.019230769230769232
0 0.33533653846153844 0.22596153846153846 0.15625 0.025240384615384616
0 0.8209134615384616 0.7932692307692307 0.12980769230769232 0.02403846153846154
0 0.5024038461538461 0.22956730769230768 0.1502403846153846 0.026442307692307692
0 0.9435096153846154 0.7956730769230769 0.11177884615384616 0.02283653846153846
0 0.3401442307692308 0.1971153846153846 0.15625 0.025240384615384616
0 0.8197115384615384 0.8377403846153846 0.12620192307692307 0.020432692307692308
0 0.9158653846153846 0.9362980769230769 0.12620192307692307 0.015625
0 0.9435096153846154 0.8389423076923077 0.11177884615384616 0.019230769230769232
0 0.27283653846153844 0.8930288461538461 0.12980769230769232 0.02283653846153846
0 0.27163461538461536 0.9146634615384616 0.12980769230769232 0.019230769230769232
0 0.2692307692307692 0.9362980769230769 0.12860576923076922 0.02283653846153846
0 0.2692307692307692 0.9591346153846154 0.12980769230769232 0.021634615384615384
0 0.13942307692307693 0.8918269230769231 0.12980769230769232 0.026442307692307692
0 0.13822115384615385 0.9182692307692307 0.13341346153846154 0.021634615384615384
0 0.4014423076923077 0.9603365384615384 0.1310096153846154 0.018028846153846152
0 0.13701923076923078 0.9399038461538461 0.1310096153846154 0.019230769230769232
0 0.036057692307692304 0.890625 0.07211538461538461 0.02403846153846154
0 0.03485576923076923 0.9146634615384616 0.06850961538461539 0.021634615384615384
0 0.03485576923076923 0.9362980769230769 0.06971153846153846 0.021634615384615384
0 0.03485576923076923 0.9579326923076923 0.06971153846153846 0.021634615384615384
0 0.6899038461538461 0.8341346153846154 0.1310096153846154 0.021634615384615384
0 0.3894230769230769 0.484375 0.14182692307692307 0.027644230769230768
0 0.13581730769230768 0.9603365384615384 0.13221153846153846 0.019230769230769232
0 0.40024038461538464 0.9411057692307693 0.12980769230769232 0.018028846153846152
0 0.4026442307692308 0.9230769230769231 0.12740384615384615 0.018028846153846152
0 0.40384615384615385 0.9002403846153846 0.12620192307692307 0.02403846153846154
0 0.9194711538461539 0.8966346153846154 0.13221153846153846 0.02283653846153846
0 0.9170673076923077 0.9182692307692307 0.12740384615384615 0.015625
0 0.9170673076923077 0.953125 0.12620192307692307 0.014423076923076924
0 0.7872596153846154 0.8978365384615384 0.12740384615384615 0.018028846153846152
0 0.7872596153846154 0.9182692307692307 0.12740384615384615 0.020432692307692308
0 0.7872596153846154 0.9362980769230769 0.12860576923076922 0.014423076923076924
0 0.7884615384615384 0.953125 0.12860576923076922 0.015625
0 0.6574519230769231 0.8978365384615384 0.12620192307692307 0.020432692307692308
0 0.6574519230769231 0.9182692307692307 0.12740384615384615 0.018028846153846152
0 0.65625 0.9375 0.125 0.018028846153846152
0 0.6574519230769231 0.9543269230769231 0.12980769230769232 0.015625
0 0.53125 0.8990384615384616 0.12139423076923077 0.021634615384615384
0 0.5300480769230769 0.9206730769230769 0.12379807692307693 0.019230769230769232
0 0.5288461538461539 0.9399038461538461 0.12379807692307693 0.016826923076923076
0 0.53125 0.9567307692307693 0.12259615384615384 0.015625
0 0.9435096153846154 0.8173076923076923 0.11177884615384616 0.020432692307692308
0 0.6899038461538461 0.8125 0.12980769230769232 0.020432692307692308
0 0.3894230769230769 0.5132211538461539 0.14182692307692307 0.027644230769230768
0 0.5588942307692307 0.8233173076923077 0.1201923076923077 0.021634615384615384
0 0.2247596153846154 0.609375 0.14903846153846154 0.027644230769230768
0 0.07091346153846154 0.6358173076923077 0.14182692307692307 0.026442307692307692
0 0.07451923076923077 0.6081730769230769 0.14903846153846154 0.028846153846153848
0 0.0889423076923077 0.5805288461538461 0.15985576923076922 0.025240384615384616
0 0.9483173076923077 0.5504807692307693 0.0985576923076923 0.028846153846153848
0 0.5 0.4206730769230769 0.10216346153846154 0.021634615384615384
0 0.4891826923076923 0.44591346153846156 0.12259615384615384 0.021634615384615384
0 0.39663461538461536 0.3894230769230769 0.10576923076923077 0.013221153846153846
0 0.375 0.4074519230769231 0.14423076923076922 0.020432692307692308
0 0.3786057692307692 0.4266826923076923 0.0985576923076923 0.013221153846153846
0 0.3581730769230769 0.44471153846153844 0.13341346153846154 0.019230769230769232
0 0.22355769230769232 0.4387019230769231 0.1310096153846154 0.02403846153846154
0 0.22235576923076922 0.6370192307692307 0.1502403846153846 0.026442307692307692
0 0.22355769230769232 0.41466346153846156 0.1346153846153846 0.021634615384615384
0 0.31009615384615385 0.3894230769230769 0.05048076923076923 0.015625
0 0.12860576923076922 0.4254807692307692 0.046875 0.0673076923076923
0 0.056490384615384616 0.43028846153846156 0.09375 0.02283653846153846
0 0.09735576923076923 0.5084134615384616 0.14423076923076922 0.030048076923076924
0 0.09495192307692307 0.5384615384615384 0.14302884615384615 0.026442307692307692
0 0.10336538461538461 0.484375 0.13341346153846154 0.015625
0 0.2439903846153846 0.5120192307692307 0.14423076923076922 0.025240384615384616
0 0.24278846153846154 0.5384615384615384 0.14302884615384615 0.02403846153846154
0 0.9495192307692307 0.5228365384615384 0.09975961538461539 0.025240384615384616
0 0.9495192307692307 0.4951923076923077 0.09975961538461539 0.028846153846153848
0 0.8233173076923077 0.5492788461538461 0.1466346153846154 0.026442307692307692
0 0.8245192307692307 0.5216346153846154 0.1466346153846154 0.02403846153846154
0 0.21875 0.390625 0.12620192307692307 0.02283653846153846
0 0.3798076923076923 0.5829326923076923 0.1502403846153846 0.030048076923076924
0 0.3762019230769231 0.6117788461538461 0.15144230769230768 0.02403846153846154
0 0.37259615384615385 0.6370192307692307 0.14423076923076922 0.026442307692307692
0 0.057692307692307696 0.3125 0.11538461538461539 0.028846153846153848
0 0.1935096153846154 0.2824519230769231 0.14783653846153846 0.026442307692307692
0 0.19230769230769232 0.3112980769230769 0.14423076923076922 0.028846153846153848
0 0.3545673076923077 0.3112980769230769 0.13822115384615385 0.021634615384615384
0 0.3545673076923077 0.33653846153846156 0.13822115384615385 0.02283653846153846
0 0.5012019230769231 0.28365384615384615 0.14783653846153846 0.03125
0 0.5024038461538461 0.33774038461538464 0.1502403846153846 0.02403846153846154
0 0.6887019230769231 0.7884615384615384 0.12860576923076922 0.02403846153846154
0 0.5012019230769231 0.3112980769230769 0.1502403846153846 0.02403846153846154
0 0.6538461538461539 0.28725961538461536 0.1502403846153846 0.027644230769230768
0 0.65625 0.3173076923076923 0.14543269230769232 0.025240384615384616
0 0.6538461538461539 0.3425480769230769 0.1466346153846154 0.02283653846153846
0 0.8040865384615384 0.2920673076923077 0.14783653846153846 0.026442307692307692
0 0.8028846153846154 0.3173076923076923 0.1466346153846154 0.02403846153846154
0 0.8028846153846154 0.34375 0.14783653846153846 0.02283653846153846
0 0.9399038461538461 0.3245192307692308 0.11899038461538461 0.02283653846153846
0 0.9399038461538461 0.30288461538461536 0.11899038461538461 0.016826923076923076
0 0.9387019230769231 0.34615384615384615 0.12139423076923077 0.020432692307692308
0 0.9326923076923077 0.3942307692307692 0.13341346153846154 0.028846153846153848
0 0.9290865384615384 0.421875 0.140625 0.02403846153846154
0 0.9290865384615384 0.4483173076923077 0.140625 0.02403846153846154
0 0.7848557692307693 0.4206730769230769 0.14543269230769232 0.026442307692307692
0 0.7836538461538461 0.4495192307692308 0.14903846153846154 0.028846153846153848
0 0.6430288461538461 0.41586538461538464 0.13221153846153846 0.028846153846153848
0 0.6298076923076923 0.44350961538461536 0.15384615384615385 0.02283653846153846
0 0.5264423076923077 0.6129807692307693 0.14543269230769232 0.027644230769230768
0 0.5276442307692307 0.5853365384615384 0.13701923076923078 0.027644230769230768
0 0.8233173076923077 0.4951923076923077 0.14543269230769232 0.026442307692307692
0 0.6730769230769231 0.5444711538461539 0.14182692307692307 0.026442307692307692
0 0.24519230769230768 0.4831730769230769 0.14423076923076922 0.028846153846153848
0 0.6778846153846154 0.49038461538461536 0.14182692307692307 0.027644230769230768
0 0.5096153846153846 0.6935096153846154 0.12860576923076922 0.020432692307692308
0 0.5096153846153846 0.7139423076923077 0.13221153846153846 0.019230769230769232
0 0.5096153846153846 0.734375 0.1310096153846154 0.019230769230769232
0 0.3701923076923077 0.6754807692307693 0.12860576923076922 0.019230769230769232
0 0.3701923076923077 0.6959134615384616 0.12860576923076922 0.018028846153846152
0 0.36899038461538464 0.7151442307692307 0.1310096153846154 0.018028846153846152
0 0.36899038461538464 0.734375 0.13221153846153846 0.019230769230769232
0 0.6766826923076923 0.5168269230769231 0.14182692307692307 0.025240384615384616
0 0.23677884615384615 0.7007211538461539 0.13341346153846154 0.019230769230769232
0 0.2548076923076923 0.7175480769230769 0.09375 0.01201923076923077
0 0.23557692307692307 0.734375 0.1310096153846154 0.019230769230769232
0 0.12740384615384615 0.6790865384615384 0.09254807692307693 0.013221153846153846
0 0.1045673076923077 0.6983173076923077 0.12620192307692307 0.021634615384615384
0 0.12259615384615384 0.7163461538461539 0.09615384615384616 0.01201923076923077
0 0.10216346153846154 0.7331730769230769 0.12860576923076922 0.020432692307692308
0 0.18870192307692307 0.8125 0.12139423076923077 0.019230769230769232
0 0.18629807692307693 0.8341346153846154 0.12379807692307693 0.019230769230769232
0 0.3112980769230769 0.8112980769230769 0.12139423076923077 0.021634615384615384
0 0.3112980769230769 0.8329326923076923 0.12139423076923077 0.018028846153846152
0 0.06370192307692307 0.7908653846153846 0.12620192307692307 0.021634615384615384
0 0.06129807692307692 0.8137019230769231 0.12259615384615384 0.020432692307692308
0 0.06129807692307692 0.8353365384615384 0.12139423076923077 0.018028846153846152
0 0.43509615384615385 0.7896634615384616 0.12259615384615384 0.021634615384615384
0 0.4362980769230769 0.8112980769230769 0.12139423076923077 0.018028846153846152
0 0.4375 0.8317307692307693 0.12139423076923077 0.018028846153846152
0 0.5588942307692307 0.7788461538461539 0.12139423076923077 0.026442307692307692
0 0.5588942307692307 0.8016826923076923 0.125 0.019230769230769232
0 0.6490384615384616 0.7415865384615384 0.12860576923076922 0.020432692307692308
0 0.6502403846153846 0.7199519230769231 0.12980769230769232 0.020432692307692308
0 0.25721153846153844 0.6802884615384616 0.09495192307692307 0.014423076923076924
0 0.7848557692307693 0.7427884615384616 0.1310096153846154 0.02403846153846154
0 0.5300480769230769 0.5408653846153846 0.14182692307692307 0.02403846153846154
0 0.5324519230769231 0.5144230769230769 0.14182692307692307 0.025240384615384616
0 0.38822115384615385 0.5396634615384616 0.14182692307692307 0.02403846153846154
0 0.6466346153846154 0.6959134615384616 0.13221153846153846 0.02403846153846154
0 0.04567307692307692 0.21754807692307693 0.09134615384615384 0.03125
0 0.9411057692307693 0.23798076923076922 0.11658653846153846 0.021634615384615384
0 0.9435096153846154 0.21033653846153846 0.11177884615384616 0.03245192307692308
0 0.8088942307692307 0.23317307692307693 0.1466346153846154 0.026442307692307692
0 0.6586538461538461 0.234375 0.1502403846153846 0.02283653846153846
0 0.6502403846153846 0.20673076923076922 0.14182692307692307 0.026442307692307692
0 0.5216346153846154 0.640625 0.1466346153846154 0.026442307692307692
0 0.6754807692307693 0.5889423076923077 0.14783653846153846 0.03125
0 0.052884615384615384 0.28365384615384615 0.1045673076923077 0.028846153846153848
0 0.671875 0.6454326923076923 0.1502403846153846 0.02403846153846154
0 0.8269230769230769 0.59375 0.15264423076923078 0.025240384615384616
0 0.828125 0.6201923076923077 0.15504807692307693 0.026442307692307692
0 0.8245192307692307 0.6478365384615384 0.15144230769230768 0.025240384615384616
0 0.9519230769230769 0.6514423076923077 0.09495192307692307 0.020432692307692308
0 0.953125 0.6045673076923077 0.09254807692307693 0.02283653846153846
0 0.9519230769230769 0.6286057692307693 0.09134615384615384 0.021634615384615384
0 0.9182692307692307 0.6983173076923077 0.13341346153846154 0.026442307692307692
0 0.6742788461538461 0.6189903846153846 0.14423076923076922 0.026442307692307692
0 0.9194711538461539 0.7235576923076923 0.13221153846153846 0.020432692307692308
0 0.9194711538461539 0.7451923076923077 0.13221153846153846 0.019230769230769232
0 0.7824519230769231 0.7175480769230769 0.1310096153846154 0.025240384615384616