0 0.296875 0.6502403846153846 0.040865384615384616 0.06490384615384616
0 0.12259615384615384 0.546875 0.056490384615384616 0.06610576923076923
0 0.39903846153846156 0.4519230769230769 0.036057692307692304 0.06009615384615385
0 0.35697115384615385 0.4519230769230769 0.046875 0.0625
0 0.2824519230769231 0.453125 0.03485576923076923 0.0625
0 0.07091346153846154 0.5480769230769231 0.046875 0.06610576923076923
0 0.23677884615384615 0.7319711538461539 0.07572115384615384 0.040865384615384616
0 0.08533653846153846 0.7463942307692307 0.0733173076923077 0.042067307692307696
0 0.23798076923076922 0.6862980769230769 0.0733173076923077 0.040865384615384616
0 0.16346153846153846 0.6947115384615384 0.07451923076923077 0.042067307692307696
0 0.08653846153846154 0.7019230769230769 0.07451923076923077 0.042067307692307696
0 0.23918269230769232 0.6442307692307693 0.07451923076923077 0.039663461538461536
0 0.15865384615384615 0.6502403846153846 0.07932692307692307 0.040865384615384616
0 0.4050480769230769 0.5384615384615384 0.021634615384615384 0.051682692307692304
0 0.3737980769230769 0.5432692307692307 0.039663461538461536 0.04326923076923077
0 0.33413461538461536 0.5444711538461539 0.039663461538461536 0.04326923076923077
0 0.28125 0.5384615384615384 0.039663461538461536 0.06370192307692307
0 0.23557692307692307 0.5396634615384616 0.05048076923076923 0.06610576923076923
0 0.1814903846153846 0.5432692307692307 0.055288461538461536 0.06610576923076923
0 0.16105769230769232 0.7391826923076923 0.07572115384615384 0.040865384615384616
0 0.08533653846153846 0.6574519230769231 0.06971153846153846 0.042067307692307696
0 0.8329326923076923 0.4026442307692308 0.018028846153846152 0.030048076923076924
0 0.33533653846153844 0.6430288461538461 0.036057692307692304 0.06490384615384616
0 0.24759615384615385 0.453125 0.03485576923076923 0.0625
0 0.8725961538461539 0.5216346153846154 0.04567307692307692 0.04326923076923077
0 0.8329326923076923 0.5204326923076923 0.026442307692307692 0.040865384615384616
0 0.8076923076923077 0.5216346153846154 0.014423076923076924 0.046875
0 0.7728365384615384 0.5240384615384616 0.019230769230769232 0.046875
0 0.8100961538461539 0.45552884615384615 0.013221153846153846 0.04807692307692308
0 0.7728365384615384 0.45552884615384615 0.02403846153846154 0.046875
0 0.8341346153846154 0.45552884615384615 0.03125 0.046875
0 0.859375 0.4567307692307692 0.019230769230769232 0.046875
0 0.8858173076923077 0.45552884615384615 0.025240384615384616 0.04567307692307692
0 0.890625 0.39663461538461536 0.03125 0.05048076923076923
0 0.8569711538461539 0.39903846153846156 0.02403846153846154 0.042067307692307696
0 0.796875 0.3918269230769231 0.04927884615384615 0.055288461538461536
0 0.7427884615384616 0.390625 0.02403846153846154 0.052884615384615384
0 0.71875 0.38822115384615385 0.025240384615384616 0.055288461538461536
0 0.6935096153846154 0.38822115384615385 0.02283653846153846 0.057692307692307696
0 0.6682692307692307 0.38822115384615385 0.02403846153846154 0.054086538461538464
0 0.6141826923076923 0.38822115384615385 0.014423076923076924 0.052884615384615384
0 0.59375 0.38822115384615385 0.026442307692307692 0.05048076923076923
0 0.5649038461538461 0.38822115384615385 0.027644230769230768 0.051682692307692304
0 0.5372596153846154 0.3870192307692308 0.027644230769230768 0.055288461538461536
0 0.49278846153846156 0.38461538461538464 0.05889423076923077 0.056490384615384616
0 0.45072115384615385 0.38461538461538464 0.025240384615384616 0.057692307692307696
0 0.4014423076923077 0.6418269230769231 0.030048076923076924 0.06009615384615385
0 0.4014423076923077 0.7007211538461539 0.028846153846153848 0.056490384615384616
0 0.36778846153846156 0.7007211538461539 0.03365384615384615 0.055288461538461536
0 0.3317307692307692 0.7079326923076923 0.03365384615384615 0.04927884615384615
0 0.2932692307692308 0.7163461538461539 0.036057692307692304 0.06490384615384616
0 0.20552884615384615 0.453125 0.046875 0.06129807692307692
0 0.6730769230769231 0.453125 0.03365384615384615 0.051682692307692304
0 0.10216346153846154 0.4543269230769231 0.042067307692307696 0.06370192307692307
0 0.6177884615384616 0.5300480769230769 0.054086538461538464 0.04326923076923077
0 0.5588942307692307 0.53125 0.06009615384615385 0.04567307692307692
0 0.4951923076923077 0.5360576923076923 0.06610576923076923 0.04326923076923077
0 0.4483173076923077 0.5336538461538461 0.025240384615384616 0.046875
0 0.46033653846153844 0.6153846153846154 0.052884615384615384 0.028846153846153848
0 0.15144230769230768 0.4543269230769231 0.054086538461538464 0.06370192307692307
0 0.46153846153846156 0.6778846153846154 0.052884615384615384 0.02403846153846154
0 0.46033653846153844 0.7043269230769231 0.052884615384615384 0.019230769230769232
0 0.5204326923076923 0.6129807692307693 0.06610576923076923 0.026442307692307692
0 0.5216346153846154 0.6430288461538461 0.06610576923076923 0.026442307692307692
0 0.5204326923076923 0.671875 0.057692307692307696 0.021634615384615384
0 0.5204326923076923 0.6971153846153846 0.06129807692307692 0.02403846153846154
0 0.5853365384615384 0.609375 0.054086538461538464 0.025240384615384616
0 0.6646634615384616 0.5276442307692307 0.037259615384615384 0.04447115384615385
0 0.5865384615384616 0.6382211538461539 0.056490384615384616 0.02283653846153846
0 0.5865384615384616 0.6911057692307693 0.056490384615384616 0.021634615384615384
0 0.6550480769230769 0.6045673076923077 0.04807692307692308 0.02403846153846154
0 0.6514423076923077 0.6322115384615384 0.04447115384615385 0.027644230769230768
0 0.6514423076923077 0.6622596153846154 0.05048076923076923 0.02283653846153846
0 0.6490384615384616 0.6875 0.04447115384615385 0.02283653846153846
0 0.7055288461538461 0.6370192307692307 0.04927884615384615 0.040865384615384616
0 0.7560096153846154 0.6286057692307693 0.04927884615384615 0.038461538461538464
0 0.7019230769230769 0.671875 0.04326923076923077 0.026442307692307692
0 0.7548076923076923 0.6682692307692307 0.04567307692307692 0.03365384615384615
0 0.6971153846153846 0.5865384615384616 0.038461538461538464 0.036057692307692304
0 0.7415865384615384 0.5841346153846154 0.04567307692307692 0.03365384615384615
0 0.8137019230769231 0.6117788461538461 0.03485576923076923 0.027644230769230768
0 0.8112980769230769 0.640625 0.028846153846153848 0.02283653846153846
0 0.5865384615384616 0.6646634615384616 0.056490384615384616 0.020432692307692308
0 0.703125 0.5264423076923077 0.036057692307692304 0.04567307692307692
0 0.46033653846153844 0.6478365384615384 0.052884615384615384 0.025240384615384616
0 0.7415865384615384 0.45552884615384615 0.030048076923076924 0.046875
0 0.19471153846153846 0.3713942307692308 0.013221153846153846 0.06490384615384616
0 0.22355769230769232 0.3713942307692308 0.040865384615384616 0.06370192307692307
0 0.2512019230769231 0.37259615384615385 0.013221153846153846 0.0625
0 0.2644230769230769 0.37259615384615385 0.013221153846153846 0.0625
0 0.27884615384615385 0.375 0.013221153846153846 0.0625
0 0.3088942307692308 0.3737980769230769 0.037259615384615384 0.06370192307692307
0 0.34615384615384615 0.375 0.028846153846153848 0.0625
0 0.7403846153846154 0.5252403846153846 0.03485576923076923 0.04567307692307692
0 0.38100961538461536 0.375 0.038461538461538464 0.06370192307692307
0 0.40865384615384615 0.38461538461538464 0.014423076923076924 0.04807692307692308
0 0.06370192307692307 0.4543269230769231 0.03365384615384615 0.06490384615384616
0 0.17307692307692307 0.3713942307692308 0.030048076923076924 0.06490384615384616
0 0.15144230769230768 0.3701923076923077 0.013221153846153846 0.0625
0 0.12980769230769232 0.36899038461538464 0.03125 0.06370192307692307
0 0.10817307692307693 0.3701923076923077 0.01201923076923077 0.0625
0 0.484375 0.4543269230769231 0.039663461538461536 0.05889423076923077
0 0.06129807692307692 0.37259615384615385 0.014423076923076924 0.0625
0 0.8088942307692307 0.6646634615384616 0.025240384615384616 0.021634615384615384
0 0.8509615384615384 0.640625 0.04326923076923077 0.025240384615384616
0 0.8449519230769231 0.6634615384615384 0.037259615384615384 0.016826923076923076
0 0.8942307692307693 0.6105769230769231 0.038461538461538464 0.018028846153846152
0 0.8930288461538461 0.6334134615384616 0.040865384615384616 0.02283653846153846
0 0.8954326923076923 0.65625 0.039663461538461536 0.021634615384615384
0 0.08533653846153846 0.36899038461538464 0.03125 0.06129807692307692
0 0.5276442307692307 0.4567307692307692 0.039663461538461536 0.054086538461538464
0 0.5673076923076923 0.4567307692307692 0.038461538461538464 0.054086538461538464
0 0.6033653846153846 0.45552884615384615 0.03125 0.052884615384615384
0 0.6454326923076923 0.45552884615384615 0.018028846153846152 0.05048076923076923
0 0.45072115384615385 0.4567307692307692 0.026442307692307692 0.056490384615384616
0 0.7079326923076923 0.45552884615384615 0.030048076923076924 0.05048076923076923