0 0.4014423076923077 0.5576923076923077 0.04807692307692308 0.11538461538461539
0 0.6502403846153846 0.5588942307692307 0.04447115384615385 0.1045673076923077
0 0.6057692307692307 0.5564903846153846 0.039663461538461536 0.11057692307692307
0 0.5576923076923077 0.5588942307692307 0.04927884615384615 0.11177884615384616
0 0.5036057692307693 0.5612980769230769 0.04807692307692308 0.10576923076923077
0 0.4543269230769231 0.5516826923076923 0.04447115384615385 0.11057692307692307
0 0.06971153846153846 0.5661057692307693 0.04807692307692308 0.10576923076923077
0 0.3004807692307692 0.5600961538461539 0.04326923076923077 0.11298076923076923
0 0.24879807692307693 0.5673076923076923 0.056490384615384616 0.09735576923076923
0 0.19230769230769232 0.5673076923076923 0.054086538461538464 0.0985576923076923
0 0.12860576923076922 0.5673076923076923 0.05889423076923077 0.0985576923076923
0 0.6959134615384616 0.5612980769230769 0.042067307692307696 0.10216346153846154
0 0.021634615384615384 0.5673076923076923 0.04326923076923077 0.10576923076923077
0 0.9663461538461539 0.4206730769230769 0.04567307692307692 0.10817307692307693
0 0.35096153846153844 0.5576923076923077 0.046875 0.11658653846153846
0 0.7451923076923077 0.5612980769230769 0.04567307692307692 0.10216346153846154
0 0.7824519230769231 0.5673076923076923 0.02403846153846154 0.06610576923076923
0 0.8774038461538461 0.5588942307692307 0.054086538461538464 0.10096153846153846
0 0.9795673076923077 0.8076923076923077 0.039663461538461536 0.1141826923076923
0 0.8918269230769231 0.8233173076923077 0.054086538461538464 0.08533653846153846
0 0.8377403846153846 0.8173076923076923 0.051682692307692304 0.10576923076923077
0 0.7800480769230769 0.8100961538461539 0.046875 0.10096153846153846
0 0.7319711538461539 0.8137019230769231 0.038461538461538464 0.10576923076923077
0 0.6899038461538461 0.8112980769230769 0.037259615384615384 0.1045673076923077
0 0.6502403846153846 0.8064903846153846 0.03485576923076923 0.10096153846153846
0 0.9170673076923077 0.4230769230769231 0.04567307692307692 0.10817307692307693
0 0.8689903846153846 0.4230769230769231 0.04447115384615385 0.10817307692307693
0 0.8233173076923077 0.41947115384615385 0.039663461538461536 0.1141826923076923
0 0.7764423076923077 0.421875 0.05048076923076923 0.11298076923076923
0 0.7259615384615384 0.421875 0.04447115384615385 0.11298076923076923
0 0.6778846153846154 0.4230769230769231 0.04447115384615385 0.1141826923076923
0 0.59375 0.4338942307692308 0.03245192307692308 0.09495192307692307
0 0.5336538461538461 0.4206730769230769 0.06971153846153846 0.11778846153846154
0 0.4699519230769231 0.41947115384615385 0.04807692307692308 0.11538461538461539
0 0.4206730769230769 0.4423076923076923 0.04447115384615385 0.08173076923076923
0 0.3798076923076923 0.43990384615384615 0.026442307692307692 0.078125
0 0.34134615384615385 0.4266826923076923 0.046875 0.10336538461538461
0 0.29447115384615385 0.4338942307692308 0.036057692307692304 0.09014423076923077
0 0.9338942307692307 0.5612980769230769 0.04927884615384615 0.09975961538461539
0 0.8221153846153846 0.5588942307692307 0.040865384615384616 0.09735576923076923
0 0.6322115384615384 0.4254807692307692 0.037259615384615384 0.10697115384615384
0 0.9290865384615384 0.29086538461538464 0.056490384615384616 0.11057692307692307
0 0.22716346153846154 0.43509615384615385 0.040865384615384616 0.0889423076923077
0 0.32091346153846156 0.6814903846153846 0.051682692307692304 0.11057692307692307
0 0.23918269230769232 0.6814903846153846 0.10576923076923077 0.11057692307692307
0 0.15625 0.6802884615384616 0.046875 0.10576923076923077
0 0.109375 0.6826923076923077 0.03365384615384615 0.10576923076923077
0 0.07211538461538461 0.6862980769230769 0.03485576923076923 0.10336538461538461
0 0.036057692307692304 0.6814903846153846 0.026442307692307692 0.0889423076923077
0 0.9795673076923077 0.5600961538461539 0.039663461538461536 0.11057692307692307
0 0.05889423076923077 0.15144230769230768 0.055288461538461536 0.10697115384615384
0 0.11538461538461539 0.14903846153846154 0.04807692307692308 0.11057692307692307
0 0.18389423076923078 0.16947115384615385 0.04567307692307692 0.078125
0 0.3762019230769231 0.6814903846153846 0.04567307692307692 0.10336538461538461
0 0.2548076923076923 0.15504807692307693 0.06370192307692307 0.109375
0 0.40625 0.14423076923076922 0.039663461538461536 0.12139423076923077
0 0.45072115384615385 0.14423076923076922 0.04567307692307692 0.12379807692307693
0 0.5 0.14543269230769232 0.042067307692307696 0.125
0 0.5901442307692307 0.7980769230769231 0.06490384615384616 0.04927884615384615
0 0.5228365384615384 0.8641826923076923 0.0673076923076923 0.015625
0 0.5552884615384616 0.1466346153846154 0.051682692307692304 0.1201923076923077
0 0.6117788461538461 0.14903846153846154 0.052884615384615384 0.1141826923076923
0 0.6634615384615384 0.14783653846153846 0.04326923076923077 0.11899038461538461
0 0.7103365384615384 0.1466346153846154 0.039663461538461536 0.11899038461538461
0 0.7596153846153846 0.1466346153846154 0.052884615384615384 0.1201923076923077
0 0.34975961538461536 0.1502403846153846 0.06370192307692307 0.11298076923076923
0 0.8125 0.15865384615384615 0.04567307692307692 0.09615384615384616
0 0.421875 0.6826923076923077 0.040865384615384616 0.10336538461538461
0 0.5108173076923077 0.6706730769230769 0.03245192307692308 0.0889423076923077
0 0.4579326923076923 0.8353365384615384 0.04567307692307692 0.08173076923076923
0 0.5060096153846154 0.7668269230769231 0.051682692307692304 0.039663461538461536
0 0.5180288461538461 0.8173076923076923 0.06009615384615385 0.03485576923076923
0 0.5204326923076923 0.8449519230769231 0.057692307692307696 0.013221153846153846
0 0.013221153846153846 0.15144230769230768 0.026442307692307692 0.10576923076923077
0 0.4014423076923077 0.8221153846153846 0.054086538461538464 0.10336538461538461
0 0.34615384615384615 0.8100961538461539 0.04927884615384615 0.10096153846153846
0 0.2848557692307692 0.8257211538461539 0.057692307692307696 0.10096153846153846
0 0.22115384615384615 0.828125 0.06370192307692307 0.09615384615384616
0 0.15384615384615385 0.8317307692307693 0.06129807692307692 0.09014423076923077
0 0.46875 0.6814903846153846 0.04927884615384615 0.1045673076923077
0 0.08653846153846154 0.8317307692307693 0.06129807692307692 0.09134615384615384
0 0.9759615384615384 0.6826923076923077 0.03125 0.08653846153846154
0 0.9399038461538461 0.6778846153846154 0.036057692307692304 0.10336538461538461
0 0.8966346153846154 0.6778846153846154 0.04326923076923077 0.09975961538461539
0 0.859375 0.6838942307692307 0.027644230769230768 0.08653846153846154
0 0.8221153846153846 0.6850961538461539 0.040865384615384616 0.0889423076923077
0 0.7620192307692307 0.6790865384615384 0.06971153846153846 0.09975961538461539
0 0.6971153846153846 0.6814903846153846 0.057692307692307696 0.10096153846153846
0 0.6466346153846154 0.6814903846153846 0.036057692307692304 0.09735576923076923
0 0.6009615384615384 0.6778846153846154 0.04927884615384615 0.10697115384615384
0 0.5540865384615384 0.6790865384615384 0.039663461538461536 0.10096153846153846
0 0.03365384615384615 0.8052884615384616 0.038461538461538464 0.0889423076923077
0 0.26322115384615385 0.46634615384615385 0.02283653846153846 0.025240384615384616
0 0.8569711538461539 0.15504807692307693 0.03365384615384615 0.10216346153846154
0 0.9699519230769231 0.1658653846153846 0.05889423076923077 0.0889423076923077
0 0.19110576923076922 0.47115384615384615 0.03245192307692308 0.02283653846153846
0 0.8918269230769231 0.16346153846153846 0.028846153846153848 0.0889423076923077
0 0.14543269230769232 0.47475961538461536 0.052884615384615384 0.016826923076923076
0 0.1466346153846154 0.4543269230769231 0.055288461538461536 0.013221153846153846
0 0.14903846153846154 0.4375 0.05889423076923077 0.01201923076923077
0 0.14903846153846154 0.41947115384615385 0.055288461538461536 0.019230769230769232
0 0.08653846153846154 0.43028846153846156 0.046875 0.10697115384615384
0 0.030048076923076924 0.4254807692307692 0.06009615384615385 0.1201923076923077
0 0.9795673076923077 0.28966346153846156 0.036057692307692304 0.11298076923076923
0 0.875 0.29447115384615385 0.04567307692307692 0.10336538461538461
0 0.8269230769230769 0.2920673076923077 0.039663461538461536 0.10817307692307693
0 0.7872596153846154 0.2920673076923077 0.03485576923076923 0.11057692307692307
0 0.5949519230769231 0.8485576923076923 0.06850961538461539 0.038461538461538464
0 0.6947115384615384 0.28846153846153844 0.06009615384615385 0.11177884615384616
0 0.7487980769230769 0.29086538461538464 0.038461538461538464 0.1141826923076923
0 0.04807692307692308 0.29447115384615385 0.040865384615384616 0.11298076923076923
0 0.13581730769230768 0.2920673076923077 0.054086538461538464 0.11177884615384616
0 0.19230769230769232 0.30408653846153844 0.040865384615384616 0.08774038461538461
0 0.24519230769230768 0.28966346153846156 0.05889423076923077 0.12379807692307693
0 0.08774038461538461 0.2932692307692308 0.036057692307692304 0.11057692307692307
0 0.37740384615384615 0.3076923076923077 0.0733173076923077 0.0829326923076923
0 0.4795673076923077 0.3389423076923077 0.028846153846153848 0.021634615384615384
0 0.546875 0.2920673076923077 0.04927884615384615 0.11538461538461539
0 0.6418269230769231 0.2980769230769231 0.03485576923076923 0.09495192307692307
0 0.5973557692307693 0.29086538461538464 0.046875 0.11658653846153846
0 0.30528846153846156 0.29927884615384615 0.052884615384615384 0.1045673076923077