0 0.18389423076923078 0.703125 0.037259615384615384 0.037259615384615384
0 0.49399038461538464 0.5048076923076923 0.018028846153846152 0.03485576923076923
0 0.4699519230769231 0.5108173076923077 0.026442307692307692 0.027644230769230768
0 0.18870192307692307 0.7728365384615384 0.042067307692307696 0.04807692307692308
0 0.44350961538461536 0.5096153846153846 0.026442307692307692 0.021634615384615384
0 0.4723557692307692 0.4639423076923077 0.018028846153846152 0.025240384615384616
0 0.4519230769230769 0.4651442307692308 0.021634615384615384 0.020432692307692308
0 0.140625 0.7728365384615384 0.042067307692307696 0.05048076923076923
0 0.41466346153846156 0.45913461538461536 0.04326923076923077 0.036057692307692304
0 0.09495192307692307 0.7728365384615384 0.051682692307692304 0.051682692307692304
0 0.609375 0.5108173076923077 0.025240384615384616 0.025240384615384616
0 0.039663461538461536 0.7752403846153846 0.051682692307692304 0.04927884615384615
0 0.027644230769230768 0.6838942307692307 0.03125 0.037259615384615384
0 0.07692307692307693 0.6935096153846154 0.030048076923076924 0.06971153846153846
0 0.11298076923076923 0.6862980769230769 0.030048076923076924 0.08173076923076923
0 0.14903846153846154 0.6947115384615384 0.02403846153846154 0.06009615384615385
0 0.6346153846153846 0.48677884615384615 0.026442307692307692 0.02283653846153846
0 0.27884615384615385 0.7091346153846154 0.027644230769230768 0.038461538461538464
0 0.6346153846153846 0.5108173076923077 0.026442307692307692 0.02283653846153846
0 0.4074519230769231 0.5012019230769231 0.042067307692307696 0.04326923076923077
0 0.9002403846153846 0.6995192307692307 0.08774038461538461 0.046875
0 0.640625 0.7043269230769231 0.08052884615384616 0.039663461538461536
0 0.234375 0.7055288461538461 0.052884615384615384 0.009615384615384616
0 0.9723557692307693 0.6983173076923077 0.054086538461538464 0.05048076923076923
0 0.9771634615384616 0.5913461538461539 0.040865384615384616 0.057692307692307696
0 0.9098557692307693 0.5853365384615384 0.0829326923076923 0.06009615384615385
0 0.7764423076923077 0.5913461538461539 0.056490384615384616 0.06610576923076923
0 0.7019230769230769 0.5925480769230769 0.08653846153846154 0.05889423076923077
0 0.6237980769230769 0.5925480769230769 0.06610576923076923 0.06009615384615385
0 0.5528846153846154 0.5877403846153846 0.0733173076923077 0.0733173076923077
0 0.47596153846153844 0.5817307692307693 0.07451923076923077 0.0829326923076923
0 0.5264423076923077 0.5072115384615384 0.04447115384615385 0.02403846153846154
0 0.7295673076923077 0.7055288461538461 0.0829326923076923 0.039663461538461536
0 0.23076923076923078 0.7716346153846154 0.042067307692307696 0.04807692307692308
0 0.5745192307692307 0.5012019230769231 0.04447115384615385 0.040865384615384616
0 0.5817307692307693 0.453125 0.016826923076923076 0.028846153846153848
0 0.8149038461538461 0.6947115384615384 0.0829326923076923 0.057692307692307696
0 0.5564903846153846 0.7079326923076923 0.08052884615384616 0.037259615384615384
0 0.47115384615384615 0.7115384615384616 0.08533653846153846 0.027644230769230768
0 0.3870192307692308 0.6887019230769231 0.06971153846153846 0.07211538461538461
0 0.3233173076923077 0.6983173076923077 0.054086538461538464 0.055288461538461536
0 0.23677884615384615 0.6862980769230769 0.057692307692307696 0.02403846153846154
0 0.5264423076923077 0.4735576923076923 0.04567307692307692 0.039663461538461536
0 0.27283653846153844 0.7776442307692307 0.04326923076923077 0.038461538461538464
0 0.7055288461538461 0.484375 0.015625 0.03485576923076923
0 0.35096153846153844 0.7764423076923077 0.03365384615384615 0.04807692307692308
0 0.9603365384615384 0.5084134615384616 0.02283653846153846 0.020432692307692308
0 0.9387019230769231 0.5096153846153846 0.015625 0.021634615384615384
0 0.36778846153846156 0.48677884615384615 0.039663461538461536 0.06971153846153846
0 0.30408653846153844 0.47115384615384615 0.08533653846153846 0.046875
0 0.3329326923076923 0.5084134615384616 0.013221153846153846 0.026442307692307692
0 0.6069711538461539 0.4855769230769231 0.02403846153846154 0.021634615384615384
0 0.15144230769230768 0.49278846153846156 0.039663461538461536 0.055288461538461536
0 0.028846153846153848 0.47716346153846156 0.057692307692307696 0.07091346153846154
0 0.08052884615384616 0.5048076923076923 0.03485576923076923 0.042067307692307696
0 0.08533653846153846 0.4651442307692308 0.03245192307692308 0.036057692307692304
0 0.1141826923076923 0.4987980769230769 0.02403846153846154 0.04927884615384615
0 0.04447115384615385 0.5877403846153846 0.06009615384615385 0.05889423076923077
0 0.15985576923076922 0.5889423076923077 0.07451923076923077 0.0625
0 0.2512019230769231 0.5853365384615384 0.10336538461538461 0.07451923076923077
0 0.3425480769230769 0.5685096153846154 0.06490384615384616 0.04927884615384615
0 0.20192307692307693 0.4963942307692308 0.054086538461538464 0.054086538461538464
0 0.24759615384615385 0.5036057692307693 0.03245192307692308 0.039663461538461536
0 0.3137019230769231 0.5096153846153846 0.021634615384615384 0.030048076923076924
0 0.2860576923076923 0.5096153846153846 0.03485576923076923 0.028846153846153848
0 0.9603365384615384 0.48677884615384615 0.020432692307692308 0.02403846153846154
0 0.7367788461538461 0.49759615384615385 0.036057692307692304 0.040865384615384616
0 0.0889423076923077 0.8521634615384616 0.10817307692307693 0.07692307692307693
0 0.20432692307692307 0.8569711538461539 0.07932692307692307 0.07572115384615384
0 0.3954326923076923 0.7788461538461539 0.040865384615384616 0.038461538461538464
0 0.4807692307692308 0.7608173076923077 0.10817307692307693 0.03485576923076923
0 0.48197115384615385 0.7884615384615384 0.10817307692307693 0.021634615384615384
0 0.6009615384615384 0.7487980769230769 0.109375 0.03485576923076923
0 0.5997596153846154 0.7848557692307693 0.11298076923076923 0.027644230769230768
0 0.7211538461538461 0.7788461538461539 0.12139423076923077 0.038461538461538464
0 0.8064903846153846 0.7680288461538461 0.03485576923076923 0.055288461538461536
0 0.8485576923076923 0.7680288461538461 0.038461538461538464 0.057692307692307696
0 0.8966346153846154 0.7680288461538461 0.051682692307692304 0.057692307692307696
0 0.31490384615384615 0.7776442307692307 0.03485576923076923 0.04807692307692308
0 0.9483173076923077 0.7668269230769231 0.04567307692307692 0.057692307692307696
0 0.9302884615384616 0.8545673076923077 0.1141826923076923 0.020432692307692308
0 0.9387019230769231 0.8798076923076923 0.12139423076923077 0.027644230769230768
0 0.8185096153846154 0.8521634615384616 0.10697115384615384 0.08173076923076923
0 0.7103365384615384 0.8533653846153846 0.10817307692307693 0.0829326923076923
0 0.6033653846153846 0.8545673076923077 0.09735576923076923 0.08052884615384616
0 0.5024038461538461 0.8557692307692307 0.09975961538461539 0.08173076923076923
0 0.3942307692307692 0.8533653846153846 0.1045673076923077 0.02283653846153846
0 0.3954326923076923 0.8774038461538461 0.10576923076923077 0.020432692307692308
0 0.2956730769230769 0.8557692307692307 0.0889423076923077 0.07572115384615384
0 0.6887019230769231 0.4855769230769231 0.018028846153846152 0.037259615384615384
0 0.5997596153846154 0.4567307692307692 0.018028846153846152 0.03485576923076923
0 0.23317307692307693 0.71875 0.04927884615384615 0.01201923076923077
0 0.34375 0.6129807692307693 0.08052884615384616 0.02403846153846154
0 0.46634615384615385 0.28966346153846156 0.042067307692307696 0.04807692307692308
0 0.42788461538461536 0.2920673076923077 0.037259615384615384 0.04567307692307692
0 0.39302884615384615 0.2956730769230769 0.028846153846153848 0.038461538461538464
0 0.35697115384615385 0.296875 0.04326923076923077 0.03485576923076923
0 0.31850961538461536 0.28365384615384615 0.036057692307692304 0.05889423076923077
0 0.27524038461538464 0.29086538461538464 0.040865384615384616 0.04927884615384615
0 0.23317307692307693 0.29086538461538464 0.040865384615384616 0.04927884615384615
0 0.18870192307692307 0.28966346153846156 0.042067307692307696 0.04807692307692308
0 0.14783653846153846 0.28966346153846156 0.039663461538461536 0.04927884615384615
0 0.11538461538461539 0.2956730769230769 0.025240384615384616 0.038461538461538464
0 0.08653846153846154 0.29447115384615385 0.03245192307692308 0.039663461538461536
0 0.046875 0.3004807692307692 0.04447115384615385 0.03125
0 0.5060096153846154 0.28966346153846156 0.039663461538461536 0.04807692307692308
0 0.054086538461538464 0.38461538461538464 0.09134615384615384 0.07692307692307693
0 0.35216346153846156 0.38100961538461536 0.09134615384615384 0.07572115384615384
0 0.4495192307692308 0.38221153846153844 0.10096153846153846 0.07692307692307693
0 0.5504807692307693 0.38100961538461536 0.09735576923076923 0.07451923076923077
0 0.6490384615384616 0.38100961538461536 0.09615384615384616 0.07211538461538461
0 0.7475961538461539 0.3786057692307692 0.10096153846153846 0.07451923076923077
0 0.8461538461538461 0.3786057692307692 0.09014423076923077 0.07692307692307693
0 0.9459134615384616 0.38100961538461536 0.10697115384615384 0.07091346153846154
0 0.8509615384615384 0.4831730769230769 0.05048076923076923 0.0673076923076923
0 0.9050480769230769 0.46875 0.052884615384615384 0.037259615384615384
0 0.90625 0.5036057692307693 0.051682692307692304 0.03245192307692308
0 0.8137019230769231 0.5024038461538461 0.020432692307692308 0.036057692307692304
0 0.9399038461538461 0.48677884615384615 0.016826923076923076 0.02403846153846154
0 0.15384615384615385 0.38341346153846156 0.09975961538461539 0.07692307692307693
0 0.5649038461538461 0.2824519230769231 0.07451923076923077 0.06009615384615385
0 0.2536057692307692 0.38221153846153844 0.09975961538461539 0.07572115384615384
0 0.6610576923076923 0.2920673076923077 0.030048076923076924 0.036057692307692304
0 0.6225961538461539 0.296875 0.038461538461538464 0.027644230769230768
0 0.05889423076923077 0.1622596153846154 0.056490384615384616 0.07451923076923077
0 0.11057692307692307 0.1658653846153846 0.042067307692307696 0.06971153846153846
0 0.15745192307692307 0.15144230769230768 0.04927884615384615 0.09615384615384616
0 0.21033653846153846 0.15384615384615385 0.057692307692307696 0.09254807692307693
0 0.27524038461538464 0.15264423076923078 0.06610576923076923 0.09254807692307693
0 0.4230769230769231 0.15264423076923078 0.042067307692307696 0.09134615384615384
0 0.46274038461538464 0.15144230769230768 0.042067307692307696 0.09495192307692307
0 0.5396634615384616 0.15625 0.1045673076923077 0.0829326923076923
0 0.6177884615384616 0.17307692307692307 0.040865384615384616 0.051682692307692304
0 0.6634615384615384 0.171875 0.04567307692307692 0.051682692307692304
0 0.7151442307692307 0.15985576923076922 0.04927884615384615 0.06971153846153846
0 0.3762019230769231 0.16105769230769232 0.04447115384615385 0.07211538461538461
0 0.8125 0.14543269230769232 0.04326923076923077 0.0985576923076923
0 0.6911057692307693 0.2932692307692308 0.02403846153846154 0.036057692307692304
0 0.7668269230769231 0.15865384615384615 0.04567307692307692 0.06971153846153846
0 0.7235576923076923 0.28725961538461536 0.040865384615384616 0.04807692307692308
0 0.7620192307692307 0.2860576923076923 0.036057692307692304 0.04447115384615385
0 0.796875 0.2860576923076923 0.03245192307692308 0.046875
0 0.8329326923076923 0.2848557692307692 0.03485576923076923 0.04807692307692308
0 0.4098557692307692 0.5829326923076923 0.05048076923076923 0.08533653846153846
0 0.8713942307692307 0.2860576923076923 0.042067307692307696 0.04807692307692308
0 0.9326923076923077 0.27884615384615385 0.07572115384615384 0.06009615384615385
0 0.9855769230769231 0.29086538461538464 0.025240384615384616 0.03245192307692308
0 0.9411057692307693 0.14903846153846154 0.11658653846153846 0.08774038461538461
0 0.8569711538461539 0.14543269230769232 0.040865384615384616 0.09615384615384616