0 0.6442307692307693 0.3557692307692308 0.02283653846153846 0.056490384615384616
0 0.5673076923076923 0.35096153846153844 0.030048076923076924 0.057692307692307696
0 0.5216346153846154 0.34975961538461536 0.038461538461538464 0.057692307692307696
0 0.48197115384615385 0.35096153846153844 0.027644230769230768 0.056490384615384616
0 0.44471153846153844 0.35096153846153844 0.036057692307692304 0.055288461538461536
0 0.40865384615384615 0.34975961538461536 0.021634615384615384 0.06370192307692307
0 0.375 0.3485576923076923 0.03245192307692308 0.057692307692307696
0 0.33774038461538464 0.34975961538461536 0.036057692307692304 0.06129807692307692
0 0.13942307692307693 0.6225961538461539 0.04927884615384615 0.03245192307692308
0 0.6754807692307693 0.359375 0.02283653846153846 0.055288461538461536
0 0.25721153846153844 0.3293269230769231 0.0985576923076923 0.019230769230769232
0 0.1502403846153846 0.34615384615384615 0.06490384615384616 0.04447115384615385
0 0.6935096153846154 0.6899038461538461 0.06009615384615385 0.037259615384615384
0 0.6298076923076923 0.6826923076923077 0.046875 0.027644230769230768
0 0.5661057692307693 0.6862980769230769 0.06490384615384616 0.039663461538461536
0 0.055288461538461536 0.35336538461538464 0.057692307692307696 0.042067307692307696
0 0.9603365384615384 0.41586538461538464 0.078125 0.016826923076923076
0 0.25240384615384615 0.36658653846153844 0.09375 0.019230769230769232
0 0.2512019230769231 0.34975961538461536 0.09735576923076923 0.01201923076923077
0 0.7127403846153846 0.36538461538461536 0.04447115384615385 0.037259615384615384
0 0.8209134615384616 0.3701923076923077 0.054086538461538464 0.03125
0 0.21995192307692307 0.625 0.08533653846153846 0.037259615384615384
0 0.3016826923076923 0.625 0.05048076923076923 0.037259615384615384
0 0.3485576923076923 0.6298076923076923 0.036057692307692304 0.04567307692307692
0 0.39903846153846156 0.6322115384615384 0.04927884615384615 0.037259615384615384
0 0.45072115384615385 0.6310096153846154 0.04326923076923077 0.038461538461538464
0 0.5216346153846154 0.6225961538461539 0.08533653846153846 0.036057692307692304
0 0.6105769230769231 0.6310096153846154 0.08653846153846154 0.04326923076923077
0 0.6947115384615384 0.6274038461538461 0.0733173076923077 0.026442307692307692
0 0.7680288461538461 0.6394230769230769 0.051682692307692304 0.036057692307692304
0 0.8389423076923077 0.6358173076923077 0.0733173076923077 0.03365384615384615
0 0.9230769230769231 0.6790865384615384 0.09134615384615384 0.07211538461538461
0 0.8293269230769231 0.6935096153846154 0.055288461538461536 0.036057692307692304
0 0.028846153846153848 0.6826923076923077 0.052884615384615384 0.036057692307692304
0 0.1201923076923077 0.6730769230769231 0.04326923076923077 0.019230769230769232
0 0.16346153846153846 0.6875 0.03365384615384615 0.028846153846153848
0 0.016826923076923076 0.43028846153846156 0.03245192307692308 0.03365384615384615
0 0.9627403846153846 0.39783653846153844 0.0733173076923077 0.014423076923076924
0 0.7584134615384616 0.3605769230769231 0.04447115384615385 0.046875
0 0.8786057692307693 0.37259615384615385 0.04927884615384615 0.03485576923076923
0 0.9663461538461539 0.3557692307692308 0.0625 0.02403846153846154
0 0.96875 0.33413461538461536 0.057692307692307696 0.02403846153846154
0 0.07211538461538461 0.5673076923076923 0.039663461538461536 0.03245192307692308
0 0.020432692307692308 0.5540865384615384 0.040865384615384616 0.02403846153846154
0 0.020432692307692308 0.5276442307692307 0.037259615384615384 0.02283653846153846
0 0.8581730769230769 0.5024038461538461 0.04447115384615385 0.04447115384615385
0 0.8100961538461539 0.5060096153846154 0.046875 0.05048076923076923
0 0.7584134615384616 0.5048076923076923 0.04807692307692308 0.04567307692307692
0 0.703125 0.5048076923076923 0.051682692307692304 0.04447115384615385
0 0.7367788461538461 0.15144230769230768 0.052884615384615384 0.052884615384615384
0 0.6670673076923077 0.14903846153846154 0.0673076923076923 0.051682692307692304
0 0.5588942307692307 0.13822115384615385 0.06129807692307692 0.06850961538461539
0 0.4831730769230769 0.13701923076923078 0.07451923076923077 0.06370192307692307
0 0.40384615384615385 0.13581730769230768 0.07211538461538461 0.06490384615384616
0 0.31971153846153844 0.1466346153846154 0.05048076923076923 0.07451923076923077
0 0.2620192307692308 0.1466346153846154 0.04447115384615385 0.08052884615384616
0 0.20673076923076922 0.14543269230769232 0.056490384615384616 0.07451923076923077
0 0.15384615384615385 0.14423076923076922 0.046875 0.078125
0 0.0985576923076923 0.14302884615384615 0.056490384615384616 0.07932692307692307
0 0.040865384615384616 0.13942307692307693 0.051682692307692304 0.078125
0 0.20793269230769232 0.6838942307692307 0.04567307692307692 0.03125
0 0.13701923076923078 0.5661057692307693 0.04447115384615385 0.039663461538461536
0 0.24879807692307693 0.5661057692307693 0.039663461538461536 0.042067307692307696
0 0.2956730769230769 0.5673076923076923 0.039663461538461536 0.040865384615384616
0 0.3389423076923077 0.5673076923076923 0.042067307692307696 0.040865384615384616
0 0.9759615384615384 0.25961538461538464 0.04567307692307692 0.037259615384615384
0 0.9278846153846154 0.2692307692307692 0.04447115384615385 0.078125
0 0.8737980769230769 0.2704326923076923 0.054086538461538464 0.07692307692307693
0 0.7680288461538461 0.2620192307692308 0.03125 0.08774038461538461
0 0.7127403846153846 0.25961538461538464 0.0673076923076923 0.08774038461538461
0 0.5829326923076923 0.25841346153846156 0.056490384615384616 0.08774038461538461
0 0.5264423076923077 0.25721153846153844 0.046875 0.08173076923076923
0 0.47115384615384615 0.2548076923076923 0.052884615384615384 0.08413461538461539
0 0.41586538461538464 0.2692307692307692 0.04567307692307692 0.05889423076923077
0 0.9651442307692307 0.38100961538461536 0.06490384615384616 0.021634615384615384
0 0.36778846153846156 0.2704326923076923 0.042067307692307696 0.055288461538461536
0 0.45552884615384615 0.6911057692307693 0.057692307692307696 0.030048076923076924
0 0.40384615384615385 0.6887019230769231 0.027644230769230768 0.042067307692307696
0 0.36778846153846156 0.6875 0.028846153846153848 0.03485576923076923
0 0.25721153846153844 0.2668269230769231 0.06850961538461539 0.057692307692307696
0 0.19471153846153846 0.25600961538461536 0.051682692307692304 0.06971153846153846
0 0.14302884615384615 0.25240384615384615 0.04567307692307692 0.06971153846153846
0 0.040865384615384616 0.2512019230769231 0.0625 0.08413461538461539
0 0.5276442307692307 0.5012019230769231 0.04567307692307692 0.05048076923076923
0 0.5745192307692307 0.5036057692307693 0.040865384615384616 0.04927884615384615
0 0.5108173076923077 0.6875 0.038461538461538464 0.037259615384615384
0 0.8161057692307693 0.26322115384615385 0.04927884615384615 0.08413461538461539
0 0.6947115384615384 0.6514423076923077 0.08173076923076923 0.021634615384615384
0 0.25600961538461536 0.6887019230769231 0.038461538461538464 0.038461538461538464
0 0.026442307692307692 0.6081730769230769 0.03245192307692308 0.04326923076923077
0 0.08533653846153846 0.6165865384615384 0.051682692307692304 0.03125
0 0.47716346153846156 0.5012019230769231 0.04326923076923077 0.042067307692307696
0 0.3329326923076923 0.6814903846153846 0.026442307692307692 0.03245192307692308
0 0.5588942307692307 0.43028846153846156 0.03365384615384615 0.046875
0 0.6105769230769231 0.4338942307692308 0.04927884615384615 0.051682692307692304
0 0.6706730769230769 0.43149038461538464 0.05048076923076923 0.046875
0 0.7211538461538461 0.43028846153846156 0.036057692307692304 0.04927884615384615
0 0.7644230769230769 0.43028846153846156 0.04567307692307692 0.052884615384615384
0 0.8064903846153846 0.42788461538461536 0.036057692307692304 0.04447115384615385
0 0.8425480769230769 0.42788461538461536 0.03485576923076923 0.04807692307692308
0 0.8798076923076923 0.43028846153846156 0.026442307692307692 0.046875
0 0.016826923076923076 0.4831730769230769 0.028846153846153848 0.036057692307692304
0 0.06490384615384616 0.49158653846153844 0.040865384615384616 0.04807692307692308
0 0.10817307692307693 0.4951923076923077 0.04447115384615385 0.051682692307692304
0 0.15384615384615385 0.49399038461538464 0.040865384615384616 0.04927884615384615
0 0.19831730769230768 0.49278846153846156 0.04326923076923077 0.05048076923076923
0 0.24879807692307693 0.49278846153846156 0.05048076923076923 0.052884615384615384
0 0.34615384615384615 0.5 0.042067307692307696 0.046875
0 0.9266826923076923 0.5961538461538461 0.07692307692307693 0.0673076923076923
0 0.390625 0.5 0.037259615384615384 0.04807692307692308
0 0.5120192307692307 0.4495192307692308 0.04447115384615385 0.009615384615384616
0 0.46875 0.4375 0.042067307692307696 0.010817307692307692
0 0.7896634615384616 0.5673076923076923 0.052884615384615384 0.04927884615384615
0 0.7271634615384616 0.5745192307692307 0.054086538461538464 0.04326923076923077
0 0.6670673076923077 0.5745192307692307 0.04807692307692308 0.03365384615384615
0 0.6165865384615384 0.5745192307692307 0.04567307692307692 0.04326923076923077
0 0.5600961538461539 0.5745192307692307 0.042067307692307696 0.040865384615384616
0 0.43509615384615385 0.5673076923076923 0.051682692307692304 0.040865384615384616
0 0.4675480769230769 0.4483173076923077 0.04326923076923077 0.007211538461538462
0 0.05889423076923077 0.4206730769230769 0.038461538461538464 0.04927884615384615
0 0.38100961538461536 0.5673076923076923 0.04326923076923077 0.04447115384615385
0 0.1502403846153846 0.42427884615384615 0.04447115384615385 0.04927884615384615
0 0.2512019230769231 0.4254807692307692 0.04326923076923077 0.04927884615384615
0 0.296875 0.42908653846153844 0.042067307692307696 0.05048076923076923
0 0.35216346153846156 0.42788461538461536 0.04326923076923077 0.04807692307692308
0 0.10096153846153846 0.4206730769230769 0.040865384615384616 0.04927884615384615
0 0.4338942307692308 0.5 0.038461538461538464 0.046875