0 0.7403846153846154 0.5576923076923077 0.05889423076923077 0.036057692307692304
0 0.7211538461538461 0.3004807692307692 0.05048076923076923 0.08774038461538461
0 0.7716346153846154 0.3016826923076923 0.040865384615384616 0.09014423076923077
0 0.8617788461538461 0.30288461538461536 0.04447115384615385 0.09014423076923077
0 0.6826923076923077 0.5432692307692307 0.046875 0.07572115384615384
0 0.5793269230769231 0.5420673076923077 0.04447115384615385 0.07692307692307693
0 0.7524038461538461 0.5144230769230769 0.040865384615384616 0.021634615384615384
0 0.8112980769230769 0.5600961538461539 0.052884615384615384 0.040865384615384616
0 0.8786057692307693 0.5420673076923077 0.06370192307692307 0.08413461538461539
0 0.9399038461538461 0.5576923076923077 0.05048076923076923 0.046875
0 0.984375 0.5564903846153846 0.030048076923076924 0.051682692307692304
0 0.9290865384615384 0.4423076923076923 0.09615384615384616 0.04807692307692308
0 0.9170673076923077 0.3954326923076923 0.0985576923076923 0.040865384615384616
0 0.8112980769230769 0.44471153846153844 0.12139423076923077 0.046875
0 0.6682692307692307 0.4495192307692308 0.12139423076923077 0.027644230769230768
0 0.65625 0.41947115384615385 0.0889423076923077 0.026442307692307692
0 0.6538461538461539 0.3894230769230769 0.0889423076923077 0.028846153846153848
0 0.8137019230769231 0.3016826923076923 0.04326923076923077 0.08774038461538461
0 0.5612980769230769 0.41346153846153844 0.04927884615384615 0.09375
0 0.46634615384615385 0.4338942307692308 0.04567307692307692 0.057692307692307696
0 0.41225961538461536 0.42788461538461536 0.052884615384615384 0.06971153846153846
0 0.36177884615384615 0.42908653846153844 0.040865384615384616 0.06850961538461539
0 0.36538461538461536 0.3737980769230769 0.04807692307692308 0.038461538461538464
0 0.2980769230769231 0.36658653846153844 0.07091346153846154 0.03125
0 0.2860576923076923 0.4182692307692308 0.06009615384615385 0.06850961538461539
0 0.20793269230769232 0.4170673076923077 0.06610576923076923 0.07091346153846154
0 0.13822115384615385 0.41346153846153844 0.06370192307692307 0.078125
0 0.06971153846153846 0.4050480769230769 0.055288461538461536 0.09134615384615384
0 0.016826923076923076 0.41225961538461536 0.028846153846153848 0.06610576923076923
0 0.9495192307692307 0.3173076923076923 0.03245192307692308 0.06370192307692307
0 0.9074519230769231 0.30408653846153844 0.040865384615384616 0.08774038461538461
0 0.5120192307692307 0.41586538461538464 0.03485576923076923 0.09134615384615384
0 0.6274038461538461 0.5408653846153846 0.040865384615384616 0.07692307692307693
0 0.7980769230769231 0.39663461538461536 0.12139423076923077 0.042067307692307696
0 0.41225961538461536 0.30288461538461536 0.04927884615384615 0.07451923076923077
0 0.38100961538461536 0.78125 0.11538461538461539 0.06129807692307692
0 0.27163461538461536 0.7560096153846154 0.037259615384615384 0.08413461538461539
0 0.22716346153846154 0.7560096153846154 0.036057692307692304 0.08774038461538461
0 0.18028846153846154 0.7572115384615384 0.046875 0.08653846153846154
0 0.11298076923076923 0.7584134615384616 0.07932692307692307 0.08413461538461539
0 0.984375 0.6550480769230769 0.025240384615384616 0.07211538461538461
0 0.9459134615384616 0.6454326923076923 0.040865384615384616 0.08533653846153846
0 0.8557692307692307 0.6514423076923077 0.05889423076923077 0.08173076923076923
0 0.7956730769230769 0.6502403846153846 0.04807692307692308 0.078125
0 0.671875 0.3004807692307692 0.036057692307692304 0.09014423076923077
0 0.49278846153846156 0.7884615384615384 0.10096153846153846 0.055288461538461536
0 0.6237980769230769 0.3076923076923077 0.04927884615384615 0.0673076923076923
0 0.5192307692307693 0.30288461538461536 0.054086538461538464 0.07692307692307693
0 0.46875 0.30408653846153844 0.04447115384615385 0.07692307692307693
0 0.3641826923076923 0.3016826923076923 0.039663461538461536 0.08052884615384616
0 0.28125 0.296875 0.07211538461538461 0.06610576923076923
0 0.20432692307692307 0.29447115384615385 0.06971153846153846 0.0673076923076923
0 0.13221153846153846 0.296875 0.07211538461538461 0.06129807692307692
0 0.056490384615384616 0.296875 0.07091346153846154 0.056490384615384616
0 0.9206730769230769 0.20793269230769232 0.06490384615384616 0.03485576923076923
0 0.9795673076923077 0.19110576923076922 0.039663461538461536 0.07211538461538461
0 0.9242788461538461 0.17427884615384615 0.056490384615384616 0.03365384615384615
0 0.5733173076923077 0.30649038461538464 0.040865384615384616 0.07572115384615384
0 0.5805288461538461 0.7247596153846154 0.09134615384615384 0.027644230769230768
0 0.5877403846153846 0.7548076923076923 0.08533653846153846 0.030048076923076924
0 0.6899038461538461 0.7259615384615384 0.09014423076923077 0.026442307692307692
0 0.9050480769230769 0.9074519230769231 0.0829326923076923 0.037259615384615384
0 0.9074519230769231 0.8689903846153846 0.0889423076923077 0.03485576923076923
0 0.9230769230769231 0.8449519230769231 0.109375 0.015625
0 0.8197115384615384 0.9002403846153846 0.03245192307692308 0.06129807692307692
0 0.7752403846153846 0.9026442307692307 0.03365384615384615 0.054086538461538464
0 0.7283653846153846 0.9074519230769231 0.039663461538461536 0.052884615384615384
0 0.6850961538461539 0.9098557692307693 0.036057692307692304 0.05889423076923077
0 0.6370192307692307 0.8882211538461539 0.037259615384615384 0.0889423076923077
0 0.5925480769230769 0.890625 0.03365384615384615 0.08774038461538461
0 0.5540865384615384 0.890625 0.039663461538461536 0.09014423076923077
0 0.5060096153846154 0.8990384615384616 0.046875 0.07451923076923077
0 0.4519230769230769 0.9002403846153846 0.052884615384615384 0.07451923076923077
0 0.38341346153846156 0.9050480769230769 0.078125 0.052884615384615384
0 0.37740384615384615 0.8569711538461539 0.0733173076923077 0.03485576923076923
0 0.3161057692307692 0.8870192307692307 0.042067307692307696 0.12980769230769232
0 0.25721153846153844 0.8942307692307693 0.056490384615384616 0.13221153846153846
0 0.21394230769230768 0.8918269230769231 0.030048076923076924 0.12740384615384615
0 0.17668269230769232 0.890625 0.03485576923076923 0.12740384615384615
0 0.13221153846153846 0.8894230769230769 0.04927884615384615 0.12379807692307693
0 0.0625 0.890625 0.0733173076923077 0.12139423076923077
0 0.9026442307692307 0.7704326923076923 0.12259615384615384 0.08052884615384616
0 0.7872596153846154 0.7740384615384616 0.09495192307692307 0.04807692307692308
0 0.6923076923076923 0.7536057692307693 0.09134615384615384 0.02283653846153846
0 0.8521634615384616 0.20793269230769232 0.056490384615384616 0.028846153846153848
0 0.7860576923076923 0.2091346153846154 0.06009615384615385 0.03125
0 0.36899038461538464 0.5528846153846154 0.055288461538461536 0.055288461538461536
0 0.171875 0.6598557692307693 0.03245192307692308 0.05889423076923077
0 0.5132211538461539 0.14182692307692307 0.06610576923076923 0.037259615384615384
0 0.5853365384615384 0.11899038461538461 0.06009615384615385 0.042067307692307696
0 0.5805288461538461 0.1622596153846154 0.056490384615384616 0.036057692307692304
0 0.5072115384615384 0.1971153846153846 0.07091346153846154 0.037259615384615384
0 0.578125 0.19951923076923078 0.06610576923076923 0.036057692307692304
0 0.6322115384615384 0.18389423076923078 0.03245192307692308 0.0733173076923077
0 0.6694711538461539 0.18629807692307693 0.036057692307692304 0.0673076923076923
0 0.7091346153846154 0.17908653846153846 0.038461538461538464 0.07692307692307693
0 0.5348557692307693 0.5408653846153846 0.042067307692307696 0.07932692307692307
0 0.22235576923076922 0.6478365384615384 0.05889423076923077 0.07932692307692307
0 0.796875 0.17307692307692307 0.06009615384615385 0.03365384615384615
0 0.13822115384615385 0.6610576923076923 0.037259615384615384 0.06009615384615385
0 0.09615384615384616 0.6586538461538461 0.03485576923076923 0.057692307692307696
0 0.038461538461538464 0.6658653846153846 0.06009615384615385 0.0625
0 0.038461538461538464 0.5396634615384616 0.07211538461538461 0.07211538461538461
0 0.15745192307692307 0.5360576923076923 0.04807692307692308 0.0733173076923077
0 0.10817307692307693 0.5348557692307693 0.04447115384615385 0.0733173076923077
0 0.21995192307692307 0.5252403846153846 0.06971153846153846 0.09495192307692307
0 0.29447115384615385 0.5240384615384616 0.06850961538461539 0.10096153846153846
0 0.42908653846153844 0.17668269230769232 0.04567307692307692 0.07572115384615384
0 0.43509615384615385 0.11658653846153846 0.0625 0.03125
0 0.375 0.17668269230769232 0.046875 0.07692307692307693
0 0.30408653846153844 0.20673076923076922 0.06610576923076923 0.037259615384615384
0 0.7379807692307693 0.6526442307692307 0.052884615384615384 0.07692307692307693
0 0.6382211538461539 0.6502403846153846 0.04567307692307692 0.08533653846153846
0 0.5901442307692307 0.6490384615384616 0.04326923076923077 0.0829326923076923
0 0.5372596153846154 0.6610576923076923 0.046875 0.06850961538461539
0 0.42427884615384615 0.5396634615384616 0.042067307692307696 0.06971153846153846
0 0.390625 0.6634615384615384 0.078125 0.04567307692307692
0 0.3954326923076923 0.6189903846153846 0.08173076923076923 0.038461538461538464
0 0.46875 0.65625 0.04447115384615385 0.0673076923076923
0 0.2800480769230769 0.6298076923076923 0.04807692307692308 0.07451923076923077
0 0.06971153846153846 0.18870192307692307 0.0829326923076923 0.06850961538461539
0 0.15384615384615385 0.19831730769230768 0.0673076923076923 0.04927884615384615
0 0.15625 0.15625 0.07932692307692307 0.025240384615384616
0 0.23557692307692307 0.17548076923076922 0.06850961538461539 0.046875
0 0.234375 0.21033653846153846 0.0673076923076923 0.02283653846153846
0 0.3088942307692308 0.16466346153846154 0.06009615384615385 0.04447115384615385
0 0.3293269230769231 0.6237980769230769 0.03365384615384615 0.05889423076923077
0 0.48677884615384615 0.5432692307692307 0.04567307692307692 0.07692307692307693