0 0.3894230769230769 0.7512019230769231 0.04567307692307692 0.1045673076923077
0 0.9002403846153846 0.34975961538461536 0.04567307692307692 0.11658653846153846
0 0.8569711538461539 0.3545673076923077 0.039663461538461536 0.12620192307692307
0 0.8173076923076923 0.35336538461538464 0.038461538461538464 0.1310096153846154
0 0.7776442307692307 0.3629807692307692 0.036057692307692304 0.11177884615384616
0 0.7427884615384616 0.3713942307692308 0.03125 0.08653846153846154
0 0.7055288461538461 0.3737980769230769 0.039663461538461536 0.0829326923076923
0 0.43509615384615385 0.7512019230769231 0.04326923076923077 0.109375
0 0.6370192307692307 0.3762019230769231 0.036057692307692304 0.08533653846153846
0 0.5685096153846154 0.37259615384615385 0.03365384615384615 0.10817307692307693
0 0.9471153846153846 0.3473557692307692 0.04567307692307692 0.12379807692307693
0 0.5276442307692307 0.3737980769230769 0.042067307692307696 0.11057692307692307
0 0.48677884615384615 0.37259615384615385 0.039663461538461536 0.10697115384615384
0 0.4495192307692308 0.3737980769230769 0.036057692307692304 0.10336538461538461
0 0.4110576923076923 0.3713942307692308 0.038461538461538464 0.09975961538461539
0 0.30649038461538464 0.37740384615384615 0.042067307692307696 0.10576923076923077
0 0.2620192307692308 0.3786057692307692 0.03485576923076923 0.10336538461538461
0 0.6021634615384616 0.3762019230769231 0.03245192307692308 0.08533653846153846
0 0.2692307692307692 0.5216346153846154 0.04567307692307692 0.10697115384615384
0 0.38461538461538464 0.5180288461538461 0.03365384615384615 0.09254807692307693
0 0.3485576923076923 0.515625 0.038461538461538464 0.09735576923076923
0 0.90625 0.49399038461538464 0.018028846153846152 0.11298076923076923
0 0.8822115384615384 0.49278846153846156 0.027644230769230768 0.11658653846153846
0 0.8605769230769231 0.4951923076923077 0.016826923076923076 0.1141826923076923
0 0.8377403846153846 0.4951923076923077 0.027644230769230768 0.11538461538461539
0 0.8076923076923077 0.5192307692307693 0.026442307692307692 0.0673076923076923
0 0.7824519230769231 0.5180288461538461 0.02403846153846154 0.06610576923076923
0 0.7560096153846154 0.5180288461538461 0.028846153846153848 0.0673076923076923
0 0.7307692307692307 0.5216346153846154 0.018028846153846152 0.06490384615384616
0 0.6778846153846154 0.5024038461538461 0.038461538461538464 0.09014423076923077
0 0.6334134615384616 0.515625 0.040865384615384616 0.08774038461538461
0 0.5985576923076923 0.5168269230769231 0.030048076923076924 0.09134615384615384
0 0.5649038461538461 0.5204326923076923 0.036057692307692304 0.0829326923076923
0 0.5192307692307693 0.4891826923076923 0.018028846153846152 0.08774038461538461
0 0.49158653846153844 0.5096153846153846 0.036057692307692304 0.11057692307692307
0 0.4543269230769231 0.5168269230769231 0.038461538461538464 0.09134615384615384
0 0.41947115384615385 0.5180288461538461 0.028846153846153848 0.0889423076923077
0 0.22235576923076922 0.41947115384615385 0.03485576923076923 0.07572115384615384
0 0.3088942307692308 0.5216346153846154 0.03485576923076923 0.109375
0 0.22355769230769232 0.3449519230769231 0.037259615384615384 0.07451923076923077
0 0.1502403846153846 0.4495192307692308 0.0733173076923077 0.06490384615384616
0 0.14182692307692307 0.36177884615384615 0.07692307692307693 0.08413461538461539
0 0.7199519230769231 0.057692307692307696 0.03125 0.11538461538461539
0 0.6899038461538461 0.05889423076923077 0.027644230769230768 0.11298076923076923
0 0.6598557692307693 0.06009615384615385 0.028846153846153848 0.11899038461538461
0 0.6298076923076923 0.06009615384615385 0.028846153846153848 0.11658653846153846
0 0.5985576923076923 0.06610576923076923 0.026442307692307692 0.10697115384615384
0 0.5745192307692307 0.06370192307692307 0.02403846153846154 0.11538461538461539
0 0.546875 0.06129807692307692 0.026442307692307692 0.12139423076923077
0 0.5204326923076923 0.06129807692307692 0.025240384615384616 0.1201923076923077
0 0.49158653846153844 0.0733173076923077 0.027644230769230768 0.0985576923076923
0 0.4639423076923077 0.07451923076923077 0.028846153846153848 0.0985576923076923
0 0.4338942307692308 0.07451923076923077 0.026442307692307692 0.09735576923076923
0 0.4074519230769231 0.07451923076923077 0.027644230769230768 0.09735576923076923
0 0.3786057692307692 0.08173076923076923 0.025240384615384616 0.08653846153846154
0 0.3545673076923077 0.08413461538461539 0.02283653846153846 0.0829326923076923
0 0.3293269230769231 0.08533653846153846 0.021634615384615384 0.08533653846153846
0 0.30649038461538464 0.08533653846153846 0.02403846153846154 0.08533653846153846
0 0.1778846153846154 0.14783653846153846 0.06971153846153846 0.07932692307692307
0 0.10576923076923077 0.1466346153846154 0.07211538461538461 0.08052884615384616
0 0.03125 0.1502403846153846 0.0625 0.09134615384615384
0 0.7728365384615384 0.05889423076923077 0.055288461538461536 0.1141826923076923
0 0.9495192307692307 0.5012019230769231 0.019230769230769232 0.09735576923076923
0 0.8209134615384616 0.06850961538461539 0.039663461538461536 0.09014423076923077
0 0.9146634615384616 0.06490384615384616 0.039663461538461536 0.09134615384615384
0 0.07692307692307693 0.44471153846153844 0.0673076923076923 0.08052884615384616
0 0.054086538461538464 0.37740384615384615 0.055288461538461536 0.046875
0 0.8617788461538461 0.1971153846153846 0.04927884615384615 0.12259615384615384
0 0.8125 0.19591346153846154 0.05048076923076923 0.125
0 0.7692307692307693 0.21033653846153846 0.036057692307692304 0.10576923076923077
0 0.7283653846153846 0.21634615384615385 0.04326923076923077 0.10336538461538461
0 0.6790865384615384 0.20432692307692307 0.04567307692307692 0.12860576923076922
0 0.6370192307692307 0.21875 0.037259615384615384 0.10096153846153846
0 0.5985576923076923 0.21995192307692307 0.039663461538461536 0.10697115384615384
0 0.5540865384615384 0.22115384615384615 0.042067307692307696 0.10216346153846154
0 0.5144230769230769 0.22235576923076922 0.037259615384615384 0.10336538461538461
0 0.47475961538461536 0.2283653846153846 0.040865384615384616 0.09254807692307693
0 0.4387019230769231 0.2283653846153846 0.03365384615384615 0.09254807692307693
0 0.4014423076923077 0.22716346153846154 0.039663461538461536 0.09495192307692307
0 0.36177884615384615 0.21995192307692307 0.038461538461538464 0.10817307692307693
0 0.31971153846153844 0.22235576923076922 0.042067307692307696 0.10336538461538461
0 0.27884615384615385 0.22355769230769232 0.03485576923076923 0.109375
0 0.23677884615384615 0.22596153846153846 0.042067307692307696 0.10576923076923077
0 0.9639423076923077 0.06009615384615385 0.05048076923076923 0.09975961538461539
0 0.8641826923076923 0.055288461538461536 0.04567307692307692 0.10697115384615384
0 0.9699519230769231 0.5024038461538461 0.02403846153846154 0.09495192307692307
0 0.671875 0.36778846153846156 0.027644230769230768 0.0733173076923077
0 0.030048076923076924 0.6322115384615384 0.06009615384615385 0.08774038461538461
0 0.5396634615384616 0.6298076923076923 0.030048076923076924 0.07211538461538461
0 0.5060096153846154 0.6189903846153846 0.026442307692307692 0.06971153846153846
0 0.47716346153846156 0.625 0.027644230769230768 0.08173076923076923
0 0.4519230769230769 0.625 0.02283653846153846 0.0829326923076923
0 0.41947115384615385 0.6334134615384616 0.030048076923076924 0.0733173076923077
0 0.38822115384615385 0.6382211538461539 0.03245192307692308 0.06490384615384616
0 0.3557692307692308 0.6418269230769231 0.027644230769230768 0.06850961538461539
0 0.32572115384615385 0.6418269230769231 0.03365384615384615 0.06850961538461539
0 0.578125 0.7512019230769231 0.051682692307692304 0.10096153846153846
0 0.6322115384615384 0.7524038461538461 0.051682692307692304 0.09735576923076923
0 0.6838942307692307 0.75 0.05048076923076923 0.10336538461538461
0 0.7415865384615384 0.7355769230769231 0.03245192307692308 0.1045673076923077
0 0.7752403846153846 0.734375 0.036057692307692304 0.1141826923076923
0 0.8076923076923077 0.734375 0.028846153846153848 0.1141826923076923
0 0.8365384615384616 0.7367788461538461 0.030048076923076924 0.109375
0 0.8737980769230769 0.7283653846153846 0.036057692307692304 0.109375
0 0.9098557692307693 0.7271634615384616 0.036057692307692304 0.109375
0 0.5805288461538461 0.6358173076923077 0.036057692307692304 0.06850961538461539
0 0.9495192307692307 0.7127403846153846 0.039663461538461536 0.078125
0 0.6165865384615384 0.6310096153846154 0.036057692307692304 0.06610576923076923
0 0.7331730769230769 0.6274038461538461 0.042067307692307696 0.06850961538461539
0 0.34615384615384615 0.7584134615384616 0.042067307692307696 0.11899038461538461
0 0.3004807692307692 0.7584134615384616 0.04567307692307692 0.11177884615384616
0 0.2536057692307692 0.7620192307692307 0.04326923076923077 0.11778846153846154
0 0.20793269230769232 0.7608173076923077 0.04326923076923077 0.11778846153846154
0 0.1658653846153846 0.7644230769230769 0.042067307692307696 0.11899038461538461
0 0.125 0.7379807692307693 0.038461538461538464 0.09495192307692307
0 0.0829326923076923 0.7415865384615384 0.046875 0.10096153846153846
0 0.025240384615384616 0.7860576923076923 0.05048076923076923 0.05048076923076923
0 0.025240384615384616 0.7283653846153846 0.04927884615384615 0.06850961538461539
0 0.9735576923076923 0.6117788461538461 0.051682692307692304 0.0673076923076923
0 0.4795673076923077 0.7584134615384616 0.04567307692307692 0.09975961538461539
0 0.5276442307692307 0.7536057692307693 0.04807692307692308 0.109375
0 0.9290865384615384 0.6021634615384616 0.03365384615384615 0.06971153846153846
0 0.8930288461538461 0.6346153846153846 0.039663461538461536 0.025240384615384616
0 0.8930288461538461 0.6057692307692307 0.039663461538461536 0.030048076923076924
0 0.8521634615384616 0.6177884615384616 0.039663461538461536 0.06850961538461539
0 0.7920673076923077 0.6262019230769231 0.07451923076923077 0.06129807692307692
0 0.6730769230769231 0.6310096153846154 0.07572115384615384 0.06370192307692307
0 0.9903846153846154 0.5024038461538461 0.016826923076923076 0.09254807692307693
0 0.9266826923076923 0.5 0.020432692307692308 0.09375
0 0.09495192307692307 0.6286057692307693 0.06971153846153846 0.0985576923076923
0 0.17427884615384615 0.5889423076923077 0.03365384615384615 0.08653846153846154
0 0.22115384615384615 0.6165865384615384 0.057692307692307696 0.0889423076923077
0 0.22596153846153846 0.5324519230769231 0.037259615384615384 0.046875
0 0.26802884615384615 0.6430288461538461 0.028846153846153848 0.07091346153846154
0 0.29447115384615385 0.6418269230769231 0.02403846153846154 0.07211538461538461