0 0.5997596153846154 0.6550480769230769 0.018028846153846152 0.08413461538461539
0 0.2956730769230769 0.671875 0.019230769230769232 0.07932692307692307
0 0.6189903846153846 0.6550480769230769 0.016826923076923076 0.08413461538461539
0 0.6370192307692307 0.6550480769230769 0.016826923076923076 0.08533653846153846
0 0.6538461538461539 0.6550480769230769 0.018028846153846152 0.07692307692307693
0 0.6646634615384616 0.5805288461538461 0.028846153846153848 0.036057692307692304
0 0.6935096153846154 0.5805288461538461 0.026442307692307692 0.03365384615384615
0 0.6274038461538461 0.5324519230769231 0.040865384615384616 0.042067307692307696
0 0.27524038461538464 0.6790865384615384 0.018028846153846152 0.06370192307692307
0 0.08413461538461539 0.23317307692307693 0.018028846153846152 0.055288461538461536
0 0.38100961538461536 0.6670673076923077 0.020432692307692308 0.07692307692307693
0 0.40024038461538464 0.6646634615384616 0.014423076923076924 0.0733173076923077
0 0.06370192307692307 0.23317307692307693 0.019230769230769232 0.056490384615384616
0 0.04326923076923077 0.23197115384615385 0.019230769230769232 0.05889423076923077
0 0.02403846153846154 0.23317307692307693 0.016826923076923076 0.05889423076923077
0 0.007211538461538462 0.23197115384615385 0.014423076923076924 0.05889423076923077
0 0.1045673076923077 0.23317307692307693 0.018028846153846152 0.056490384615384616
0 0.5805288461538461 0.65625 0.018028846153846152 0.08413461538461539
0 0.5612980769230769 0.6538461538461539 0.018028846153846152 0.078125
0 0.5432692307692307 0.6538461538461539 0.013221153846153846 0.078125
0 0.3581730769230769 0.6694711538461539 0.019230769230769232 0.078125
0 0.5264423076923077 0.6574519230769231 0.018028846153846152 0.08413461538461539
0 0.5108173076923077 0.5853365384615384 0.018028846153846152 0.04567307692307692
0 0.5120192307692307 0.5360576923076923 0.016826923076923076 0.05048076923076923
0 0.5384615384615384 0.5793269230769231 0.037259615384615384 0.04326923076923077
0 0.5372596153846154 0.5336538461538461 0.027644230769230768 0.04567307692307692
0 0.5805288461538461 0.53125 0.042067307692307696 0.039663461538461536
0 0.5793269230769231 0.5805288461538461 0.037259615384615384 0.046875
0 0.6262019230769231 0.5793269230769231 0.04326923076923077 0.04326923076923077
0 0.4182692307692308 0.6610576923076923 0.019230769230769232 0.08052884615384616
0 0.5084134615384616 0.6586538461538461 0.016826923076923076 0.08413461538461539
0 0.6730769230769231 0.6550480769230769 0.015625 0.078125
0 0.018028846153846152 0.6887019230769231 0.030048076923076924 0.036057692307692304
0 0.7079326923076923 0.6538461538461539 0.014423076923076924 0.0733173076923077
0 0.06850961538461539 0.6286057692307693 0.019230769230769232 0.038461538461538464
0 0.2800480769230769 0.6081730769230769 0.014423076923076924 0.02283653846153846
0 0.2644230769230769 0.6081730769230769 0.01201923076923077 0.02283653846153846
0 0.24879807692307693 0.6081730769230769 0.009615384615384616 0.02283653846153846
0 0.23557692307692307 0.6069711538461539 0.010817307692307692 0.025240384615384616
0 0.2824519230769231 0.5805288461538461 0.010817307692307692 0.02283653846153846
0 0.6670673076923077 0.5420673076923077 0.028846153846153848 0.03485576923076923
0 0.265625 0.5817307692307693 0.01201923076923077 0.02283653846153846
0 0.25 0.5805288461538461 0.009615384615384616 0.02283653846153846
0 0.23798076923076922 0.5733173076923077 0.010817307692307692 0.03365384615384615
0 0.27403846153846156 0.5516826923076923 0.013221153846153846 0.025240384615384616
0 0.25841346153846156 0.5540865384615384 0.013221153846153846 0.027644230769230768
0 0.25961538461538464 0.5264423076923077 0.013221153846153846 0.02403846153846154
0 0.27403846153846156 0.5228365384615384 0.013221153846153846 0.03245192307692308
0 0.4266826923076923 0.5817307692307693 0.016826923076923076 0.042067307692307696
0 0.09975961538461539 0.6274038461538461 0.016826923076923076 0.042067307692307696
0 0.11899038461538461 0.6286057692307693 0.016826923076923076 0.037259615384615384
0 0.13701923076923078 0.6262019230769231 0.014423076923076924 0.039663461538461536
0 0.15384615384615385 0.6274038461538461 0.016826923076923076 0.036057692307692304
0 0.17307692307692307 0.625 0.016826923076923076 0.037259615384615384
0 0.18990384615384615 0.625 0.016826923076923076 0.038461538461538464
0 0.2091346153846154 0.625 0.018028846153846152 0.038461538461538464
0 0.39903846153846156 0.5853365384615384 0.030048076923076924 0.039663461538461536
0 0.04807692307692308 0.6286057692307693 0.019230769230769232 0.04567307692307692
0 0.026442307692307692 0.6310096153846154 0.021634615384615384 0.038461538461538464
0 0.007211538461538462 0.625 0.01201923076923077 0.040865384615384616
0 0.20793269230769232 0.5600961538461539 0.02403846153846154 0.039663461538461536
0 0.24519230769230768 0.6778846153846154 0.036057692307692304 0.040865384615384616
0 0.203125 0.6802884615384616 0.036057692307692304 0.038461538461538464
0 0.1658653846153846 0.6838942307692307 0.037259615384615384 0.038461538461538464
0 0.12980769230769232 0.6850961538461539 0.03485576923076923 0.036057692307692304
0 0.09254807692307693 0.6887019230769231 0.036057692307692304 0.038461538461538464
0 0.054086538461538464 0.6899038461538461 0.036057692307692304 0.037259615384615384
0 0.7259615384615384 0.6526442307692307 0.018028846153846152 0.07692307692307693
0 0.23557692307692307 0.6334134615384616 0.01201923076923077 0.021634615384615384
0 0.25 0.6322115384615384 0.01201923076923077 0.020432692307692308
0 0.265625 0.6334134615384616 0.013221153846153846 0.02283653846153846
0 0.2800480769230769 0.6334134615384616 0.01201923076923077 0.02283653846153846
0 0.6911057692307693 0.6550480769230769 0.020432692307692308 0.07692307692307693
0 0.7439903846153846 0.6526442307692307 0.019230769230769232 0.07692307692307693
0 0.7788461538461539 0.6490384615384616 0.018028846153846152 0.078125
0 0.796875 0.6502403846153846 0.016826923076923076 0.07572115384615384
0 0.013221153846153846 0.5661057692307693 0.014423076923076924 0.040865384615384616
0 0.028846153846153848 0.5685096153846154 0.016826923076923076 0.04326923076923077
0 0.04447115384615385 0.5661057692307693 0.014423076923076924 0.042067307692307696
0 0.06610576923076923 0.5685096153846154 0.026442307692307692 0.04567307692307692
0 0.09014423076923077 0.5685096153846154 0.018028846153846152 0.042067307692307696
0 0.12860576923076922 0.5661057692307693 0.019230769230769232 0.040865384615384616
0 0.14783653846153846 0.5649038461538461 0.016826923076923076 0.040865384615384616
0 0.1658653846153846 0.5649038461538461 0.018028846153846152 0.040865384615384616
0 0.18509615384615385 0.5661057692307693 0.016826923076923076 0.042067307692307696
0 0.7632211538461539 0.6502403846153846 0.014423076923076924 0.078125
0 0.6959134615384616 0.5444711538461539 0.030048076923076924 0.03365384615384615
0 0.5793269230769231 0.2283653846153846 0.020432692307692308 0.09254807692307693
0 0.7259615384615384 0.5420673076923077 0.027644230769230768 0.037259615384615384
0 0.5060096153846154 0.23076923076923078 0.008413461538461538 0.07932692307692307
0 0.43028846153846156 0.23557692307692307 0.008413461538461538 0.06370192307692307
0 0.020432692307692308 0.38822115384615385 0.016826923076923076 0.040865384615384616
0 0.042067307692307696 0.38822115384615385 0.019230769230769232 0.038461538461538464
0 0.04567307692307692 0.36177884615384615 0.02403846153846154 0.01201923076923077
0 0.06370192307692307 0.38822115384615385 0.020432692307692308 0.037259615384615384
0 0.08774038461538461 0.3870192307692308 0.020432692307692308 0.038461538461538464
0 0.1045673076923077 0.3605769230769231 0.02403846153846154 0.010817307692307692
0 0.11057692307692307 0.3870192307692308 0.020432692307692308 0.038461538461538464
0 0.13581730769230768 0.38461538461538464 0.025240384615384616 0.04567307692307692
0 0.15264423076923078 0.5072115384615384 0.018028846153846152 0.038461538461538464
0 0.171875 0.5060096153846154 0.016826923076923076 0.039663461538461536
0 0.18990384615384615 0.5072115384615384 0.018028846153846152 0.038461538461538464
0 0.5180288461538461 0.23197115384615385 0.010817307692307692 0.07692307692307693
0 0.2091346153846154 0.5072115384615384 0.016826923076923076 0.038461538461538464
0 0.24519230769230768 0.5036057692307693 0.013221153846153846 0.04447115384615385
0 0.27403846153846156 0.44711538461538464 0.020432692307692308 0.10576923076923077
0 0.2980769230769231 0.44711538461538464 0.025240384615384616 0.10216346153846154
0 0.3269230769230769 0.44591346153846156 0.026442307692307692 0.10216346153846154
0 0.16105769230769232 0.38461538461538464 0.02403846153846154 0.04567307692307692
0 0.1875 0.3858173076923077 0.02403846153846154 0.042067307692307696
0 0.21394230769230768 0.3858173076923077 0.025240384615384616 0.04447115384615385
0 0.2403846153846154 0.3870192307692308 0.02403846153846154 0.039663461538461536
0 0.2692307692307692 0.3293269230769231 0.027644230769230768 0.10336538461538461
0 0.296875 0.3293269230769231 0.026442307692307692 0.10336538461538461
0 0.11298076923076923 0.5036057692307693 0.020432692307692308 0.038461538461538464
0 0.08533653846153846 0.5108173076923077 0.03365384615384615 0.036057692307692304
0 0.05889423076923077 0.5072115384615384 0.016826923076923076 0.04326923076923077
0 0.2283653846153846 0.5060096153846154 0.014423076923076924 0.038461538461538464
0 0.006009615384615385 0.3870192307692308 0.01201923076923077 0.04326923076923077
0 0.23317307692307693 0.31490384615384615 0.020432692307692308 0.057692307692307696
0 0.53125 0.23317307692307693 0.013221153846153846 0.07692307692307693
0 0.5528846153846154 0.12139423076923077 0.016826923076923076 0.08173076923076923
0 0.5733173076923077 0.125 0.019230769230769232 0.078125
0 0.6959134615384616 0.12740384615384615 0.021634615384615384 0.08173076923076923
0 0.7175480769230769 0.12860576923076922 0.016826923076923076 0.07572115384615384
0 0.7355769230769231 0.12860576923076922 0.019230769230769232 0.0829326923076923
0 0.5997596153846154 0.22596153846153846 0.019230769230769232 0.10216346153846154
0 0.6189903846153846 0.2247596153846154 0.019230769230769232 0.0985576923076923
0 0.6394230769230769 0.22596153846153846 0.016826923076923076 0.0985576923076923
0 0.6586538461538461 0.22716346153846154 0.020432692307692308 0.09735576923076923
0 0.6790865384615384 0.22596153846153846 0.020432692307692308 0.0985576923076923
0 0.7007211538461539 0.2283653846153846 0.021634615384615384 0.09615384615384616
0 0.7199519230769231 0.2283653846153846 0.014423076923076924 0.09495192307692307
0 0.7379807692307693 0.2283653846153846 0.020432692307692308 0.09254807692307693
0 0.7608173076923077 0.2283653846153846 0.020432692307692308 0.09495192307692307
0 0.7824519230769231 0.2283653846153846 0.021634615384615384 0.09254807692307693
0 0.8052884615384616 0.23076923076923078 0.021634615384615384 0.09254807692307693
0 0.05889423076923077 0.10817307692307693 0.015625 0.056490384615384616
0 0.036057692307692304 0.12259615384615384 0.02283653846153846 0.021634615384615384
0 0.019230769230769232 0.10697115384615384 0.010817307692307692 0.02403846153846154
0 0.016826923076923076 0.3125 0.014423076923076924 0.06009615384615385
0 0.03485576923076923 0.3112980769230769 0.016826923076923076 0.055288461538461536
0 0.056490384615384616 0.3112980769230769 0.019230769230769232 0.06129807692307692
0 0.07451923076923077 0.3112980769230769 0.018028846153846152 0.06129807692307692
0 0.09735576923076923 0.3125 0.014423076923076924 0.06009615384615385
0 0.11538461538461539 0.31490384615384615 0.018028846153846152 0.06129807692307692
0 0.13581730769230768 0.3137019230769231 0.016826923076923076 0.056490384615384616
0 0.15504807692307693 0.31490384615384615 0.016826923076923076 0.054086538461538464
0 0.17427884615384615 0.3173076923076923 0.018028846153846152 0.057692307692307696
0 0.19471153846153846 0.3161057692307692 0.016826923076923076 0.055288461538461536
0 0.04326923076923077 0.5072115384615384 0.014423076923076924 0.04326923076923077
0 0.027644230769230768 0.5072115384615384 0.013221153846153846 0.040865384615384616
0 0.010817307692307692 0.5084134615384616 0.013221153846153846 0.038461538461538464
0 0.24639423076923078 0.44591346153846156 0.013221153846153846 0.040865384615384616
0 0.3605769230769231 0.24278846153846154 0.015625 0.04326923076923077
0 0.34375 0.2403846153846154 0.014423076923076924 0.040865384615384616
0 0.32572115384615385 0.24278846153846154 0.014423076923076924 0.04447115384615385
0 0.3125 0.20673076923076922 0.013221153846153846 0.026442307692307692
0 0.31009615384615385 0.23918269230769232 0.014423076923076924 0.037259615384615384
0 0.5552884615384616 0.22716346153846154 0.02403846153846154 0.08774038461538461
0 0.39783653846153844 0.44591346153846156 0.025240384615384616 0.09975961538461539
0 0.42427884615384615 0.44711538461538464 0.02283653846153846 0.09735576923076923
0 0.5216346153846154 0.44711538461538464 0.027644230769230768 0.09014423076923077
0 0.6033653846153846 0.44591346153846156 0.019230769230769232 0.09014423076923077
0 0.6225961538461539 0.4483173076923077 0.019230769230769232 0.09735576923076923
0 0.6430288461538461 0.44591346153846156 0.016826923076923076 0.0985576923076923
0 0.2692307692307692 0.23677884615384615 0.028846153846153848 0.04447115384615385
0 0.2439903846153846 0.24278846153846154 0.015625 0.04927884615384615
0 0.2247596153846154 0.2403846153846154 0.020432692307692308 0.052884615384615384
0 0.20192307692307693 0.23798076923076922 0.018028846153846152 0.056490384615384616
0 0.18028846153846154 0.23677884615384615 0.016826923076923076 0.057692307692307696
0 0.16105769230769232 0.23677884615384615 0.020432692307692308 0.0625
0 0.14182692307692307 0.234375 0.015625 0.057692307692307696
0 0.125 0.23677884615384615 0.015625 0.054086538461538464
0 0.6598557692307693 0.44711538461538464 0.018028846153846152 0.09495192307692307
0 0.6826923076923077 0.44591346153846156 0.02403846153846154 0.09375
0 0.7067307692307693 0.44471153846153844 0.02403846153846154 0.09735576923076923
0 0.7259615384615384 0.44591346153846156 0.014423076923076924 0.0889423076923077
0 0.7487980769230769 0.44350961538461536 0.027644230769230768 0.09014423076923077
0 0.8016826923076923 0.45552884615384615 0.025240384615384616 0.07091346153846154
0 0.7788461538461539 0.453125 0.015625 0.06610576923076923
0 0.78125 0.5757211538461539 0.025240384615384616 0.037259615384615384
0 0.7524038461538461 0.578125 0.028846153846153848 0.036057692307692304
0 0.3762019230769231 0.23918269230769232 0.008413461538461538 0.05048076923076923
0 0.7223557692307693 0.5793269230769231 0.027644230769230768 0.03365384615384615
0 0.3858173076923077 0.23798076923076922 0.010817307692307692 0.05048076923076923
0 0.40625 0.23918269230769232 0.008413461538461538 0.052884615384615384
0 0.2283653846153846 0.44711538461538464 0.018028846153846152 0.039663461538461536
0 0.2091346153846154 0.4483173076923077 0.016826923076923076 0.038461538461538464
0 0.18990384615384615 0.44591346153846156 0.018028846153846152 0.040865384615384616
0 0.17307692307692307 0.44591346153846156 0.014423076923076924 0.040865384615384616
0 0.15384615384615385 0.44711538461538464 0.018028846153846152 0.038461538461538464
0 0.1141826923076923 0.44591346153846156 0.018028846153846152 0.037259615384615384
0 0.09254807692307693 0.44591346153846156 0.019230769230769232 0.039663461538461536
0 0.0733173076923077 0.4483173076923077 0.020432692307692308 0.039663461538461536
0 0.054086538461538464 0.44711538461538464 0.018028846153846152 0.042067307692307696
0 0.03365384615384615 0.44711538461538464 0.018028846153846152 0.040865384615384616
0 0.013221153846153846 0.44711538461538464 0.016826923076923076 0.040865384615384616
0 0.8064903846153846 0.3401442307692308 0.020432692307692308 0.09254807692307693
0 0.7848557692307693 0.3401442307692308 0.021634615384615384 0.09134615384615384
0 0.7620192307692307 0.3389423076923077 0.018028846153846152 0.09254807692307693
0 0.7403846153846154 0.33774038461538464 0.02283653846153846 0.09615384615384616
0 0.7163461538461539 0.33653846153846156 0.02403846153846154 0.09735576923076923
0 0.6923076923076923 0.33774038461538464 0.021634615384615384 0.09615384615384616
0 0.6670673076923077 0.33653846153846156 0.026442307692307692 0.09735576923076923
0 0.32572115384615385 0.33052884615384615 0.021634615384615384 0.09975961538461539
0 0.3473557692307692 0.3329326923076923 0.021634615384615384 0.09975961538461539
0 0.3701923076923077 0.3317307692307692 0.019230769230769232 0.09735576923076923
0 0.39302884615384615 0.3317307692307692 0.021634615384615384 0.10096153846153846
0 0.41466346153846156 0.33533653846153844 0.020432692307692308 0.0985576923076923
0 0.35336538461538464 0.44711538461538464 0.020432692307692308 0.09615384615384616
0 0.5180288461538461 0.33413461538461536 0.026442307692307692 0.10216346153846154
0 0.5432692307692307 0.33774038461538464 0.021634615384615384 0.09615384615384616
0 0.6418269230769231 0.33774038461538464 0.025240384615384616 0.09975961538461539
0 0.3737980769230769 0.44711538461538464 0.018028846153846152 0.09735576923076923
0 0.41947115384615385 0.234375 0.013221153846153846 0.06370192307692307
0 0.39663461538461536 0.2403846153846154 0.007211538461538462 0.052884615384615384
0 0.2127403846153846 0.3161057692307692 0.015625 0.055288461538461536
0 0.5901442307692307 0.3389423076923077 0.020432692307692308 0.09254807692307693
0 0.021634615384615384 0.7331730769230769 0.019230769230769232 0.03125
0 0.8473557692307693 0.3870192307692308 0.014423076923076924 0.06850961538461539
0 0.8617788461538461 0.3870192307692308 0.013221153846153846 0.0673076923076923
0 0.9038461538461539 0.38822115384615385 0.018028846153846152 0.07692307692307693
0 0.9206730769230769 0.38822115384615385 0.014423076923076924 0.07692307692307693
0 0.9375 0.38822115384615385 0.020432692307692308 0.07572115384615384
0 0.8461538461538461 0.5913461538461539 0.016826923076923076 0.0733173076923077
0 0.8641826923076923 0.5913461538461539 0.014423076923076924 0.07211538461538461
0 0.8653846153846154 0.4879807692307692 0.016826923076923076 0.07211538461538461
0 0.8846153846153846 0.49158653846153844 0.015625 0.07572115384615384
0 0.9014423076923077 0.48677884615384615 0.019230769230769232 0.07572115384615384
0 0.9302884615384616 0.49038461538461536 0.02403846153846154 0.08052884615384616
0 0.8882211538461539 0.5973557692307693 0.018028846153846152 0.07451923076923077
0 0.9146634615384616 0.5997596153846154 0.020432692307692308 0.0733173076923077
0 0.9375 0.7247596153846154 0.02403846153846154 0.06850961538461539
0 0.921875 0.28365384615384615 0.018028846153846152 0.07451923076923077
0 0.9170673076923077 0.7271634615384616 0.013221153846153846 0.07091346153846154
0 0.8774038461538461 0.7259615384615384 0.02403846153846154 0.07091346153846154
0 0.8305288461538461 0.7151442307692307 0.016826923076923076 0.07451923076923077
0 0.7848557692307693 0.7103365384615384 0.01201923076923077 0.02283653846153846
0 0.7716346153846154 0.7115384615384616 0.01201923076923077 0.018028846153846152
0 0.7920673076923077 0.7596153846153846 0.015625 0.027644230769230768
0 0.7764423076923077 0.7584134615384616 0.013221153846153846 0.036057692307692304
0 0.7560096153846154 0.7283653846153846 0.013221153846153846 0.04326923076923077
0 0.7403846153846154 0.7367788461538461 0.016826923076923076 0.056490384615384616
0 0.7271634615384616 0.7379807692307693 0.007211538461538462 0.054086538461538464
0 0.7139423076923077 0.7620192307692307 0.013221153846153846 0.02283653846153846
0 0.7139423076923077 0.7295673076923077 0.013221153846153846 0.036057692307692304
0 0.7007211538461539 0.7319711538461539 0.009615384615384616 0.03365384615384615
0 0.6850961538461539 0.7331730769230769 0.016826923076923076 0.03245192307692308
0 0.6850961538461539 0.7620192307692307 0.019230769230769232 0.026442307692307692
0 0.9002403846153846 0.7283653846153846 0.018028846153846152 0.0733173076923077
0 0.9050480769230769 0.28365384615384615 0.015625 0.07932692307692307
0 0.7007211538461539 0.7632211538461539 0.010817307692307692 0.02403846153846154
0 0.8725961538461539 0.2824519230769231 0.018028846153846152 0.07692307692307693
0 0.8894230769230769 0.28365384615384615 0.014423076923076924 0.07572115384615384
0 0.04447115384615385 0.7956730769230769 0.02283653846153846 0.04567307692307692
0 0.07091346153846154 0.7932692307692307 0.021634615384615384 0.046875
0 0.09375 0.7920673076923077 0.02283653846153846 0.04447115384615385
0 0.021634615384615384 0.7692307692307693 0.021634615384615384 0.038461538461538464
0 0.34134615384615385 0.6418269230769231 0.014423076923076924 0.04447115384615385
0 0.3233173076923077 0.6418269230769231 0.016826923076923076 0.046875
0 0.8509615384615384 0.2824519230769231 0.020432692307692308 0.078125
0 0.11899038461538461 0.7908653846153846 0.020432692307692308 0.04567307692307692
0 0.14302884615384615 0.7908653846153846 0.02283653846153846 0.04447115384615385
0 0.19471153846153846 0.7788461538461539 0.021634615384615384 0.06009615384615385
0 0.22235576923076922 0.7776442307692307 0.027644230769230768 0.06129807692307692
0 0.25721153846153844 0.7716346153846154 0.026442307692307692 0.06490384615384616
0 0.30528846153846156 0.7608173076923077 0.019230769230769232 0.078125
0 0.3269230769230769 0.7608173076923077 0.016826923076923076 0.078125
0 0.6141826923076923 0.33774038461538464 0.025240384615384616 0.0985576923076923
0 0.36778846153846156 0.7560096153846154 0.018028846153846152 0.07692307692307693
0 0.3473557692307692 0.7596153846153846 0.016826923076923076 0.0733173076923077
0 0.6430288461538461 0.7379807692307693 0.013221153846153846 0.05889423076923077
0 0.6021634615384616 0.7379807692307693 0.016826923076923076 0.054086538461538464
0 0.5853365384615384 0.7391826923076923 0.015625 0.056490384615384616
0 0.5685096153846154 0.7379807692307693 0.019230769230769232 0.054086538461538464
0 0.5540865384615384 0.7379807692307693 0.007211538461538462 0.055288461538461536
0 0.6262019230769231 0.7379807692307693 0.016826923076923076 0.0625
0 0.5192307692307693 0.7487980769230769 0.016826923076923076 0.07692307692307693
0 0.3894230769230769 0.7560096153846154 0.020432692307692308 0.07451923076923077
0 0.5396634615384616 0.7463942307692307 0.019230769230769232 0.078125
0 0.4098557692307692 0.7572115384615384 0.018028846153846152 0.078125
0 0.6598557692307693 0.7415865384615384 0.018028846153846152 0.06490384615384616
0 0.42908653846153844 0.7355769230769231 0.010817307692307692 0.03125
0 0.5036057692307693 0.75 0.008413461538461538 0.078125
0 0.42908653846153844 0.7728365384615384 0.01201923076923077 0.039663461538461536