0 0.4567307692307692 0.7884615384615384 0.08173076923076923 0.021634615384615384
0 0.453125 0.8269230769230769 0.0733173076923077 0.03365384615384615
0 0.37259615384615385 0.8353365384615384 0.06490384615384616 0.02403846153846154
0 0.2860576923076923 0.8413461538461539 0.0673076923076923 0.028846153846153848
0 0.22716346153846154 0.7632211538461539 0.056490384615384616 0.019230769230769232
0 0.1971153846153846 0.8209134615384616 0.06850961538461539 0.038461538461538464
0 0.12379807692307693 0.8137019230769231 0.07692307692307693 0.037259615384615384
0 0.12860576923076922 0.7824519230769231 0.07932692307692307 0.020432692307692308
0 0.038461538461538464 0.8269230769230769 0.06850961538461539 0.039663461538461536
0 0.040865384615384616 0.7836538461538461 0.0733173076923077 0.04447115384615385
0 0.05048076923076923 0.7139423076923077 0.09615384615384616 0.03365384615384615
0 0.3629807692307692 0.7175480769230769 0.030048076923076924 0.07091346153846154
0 0.4098557692307692 0.6959134615384616 0.042067307692307696 0.038461538461538464
0 0.9831730769230769 0.7067307692307693 0.027644230769230768 0.07091346153846154
0 0.8858173076923077 0.7199519230769231 0.05048076923076923 0.046875
0 0.6959134615384616 0.7139423076923077 0.06129807692307692 0.054086538461538464
0 0.4098557692307692 0.734375 0.038461538461538464 0.036057692307692304
0 0.45552884615384615 0.7223557692307693 0.040865384615384616 0.06850961538461539
0 0.5 0.7223557692307693 0.04326923076923077 0.021634615384615384
0 0.4987980769230769 0.7451923076923077 0.04326923076923077 0.02403846153846154
0 0.5480769230769231 0.7319711538461539 0.039663461538461536 0.04567307692307692
0 0.5865384615384616 0.7247596153846154 0.036057692307692304 0.054086538461538464
0 0.6358173076923077 0.7163461538461539 0.057692307692307696 0.055288461538461536
0 0.33052884615384615 0.7091346153846154 0.027644230769230768 0.06850961538461539
0 0.1778846153846154 0.6322115384615384 0.02283653846153846 0.040865384615384616
0 0.08413461538461539 0.6310096153846154 0.026442307692307692 0.0625
0 0.6622596153846154 0.5528846153846154 0.02403846153846154 0.0625
0 0.24879807692307693 0.42427884615384615 0.036057692307692304 0.0625
0 0.203125 0.6310096153846154 0.026442307692307692 0.038461538461538464
0 0.23197115384615385 0.6298076923076923 0.028846153846153848 0.038461538461538464
0 0.27403846153846156 0.6262019230769231 0.04326923076923077 0.06490384615384616
0 0.34615384615384615 0.6153846153846154 0.08653846153846154 0.057692307692307696
0 0.42908653846153844 0.6274038461538461 0.03365384615384615 0.040865384615384616
0 0.4723557692307692 0.6189903846153846 0.027644230769230768 0.051682692307692304
0 0.5012019230769231 0.6189903846153846 0.028846153846153848 0.05048076923076923
0 0.53125 0.6189903846153846 0.028846153846153848 0.051682692307692304
0 0.3076923076923077 0.4254807692307692 0.06009615384615385 0.08774038461538461
0 0.5901442307692307 0.6105769230769231 0.04927884615384615 0.026442307692307692
0 0.6394230769230769 0.6286057692307693 0.04447115384615385 0.040865384615384616
0 0.6923076923076923 0.6274038461538461 0.054086538461538464 0.05048076923076923
0 0.7560096153846154 0.6262019230769231 0.030048076923076924 0.051682692307692304
0 0.7980769230769231 0.6262019230769231 0.04927884615384615 0.026442307692307692
0 0.7992788461538461 0.6490384615384616 0.04447115384615385 0.016826923076923076
0 0.8461538461538461 0.6442307692307693 0.04326923076923077 0.020432692307692308
0 0.8401442307692307 0.6189903846153846 0.036057692307692304 0.02403846153846154
0 0.8966346153846154 0.6225961538461539 0.04567307692307692 0.025240384615384616
0 0.8930288461538461 0.6454326923076923 0.04326923076923077 0.018028846153846152
0 0.5757211538461539 0.6346153846153846 0.054086538461538464 0.021634615384615384
0 0.3605769230769231 0.42427884615384615 0.04567307692307692 0.08533653846153846
0 0.9423076923076923 0.7067307692307693 0.04447115384615385 0.07211538461538461
0 0.4230769230769231 0.421875 0.07692307692307693 0.0889423076923077
0 0.7055288461538461 0.5504807692307693 0.04447115384615385 0.019230769230769232
0 0.6983173076923077 0.5721153846153846 0.04807692307692308 0.02283653846153846
0 0.7487980769230769 0.5745192307692307 0.04927884615384615 0.020432692307692308
0 0.7487980769230769 0.5552884615384616 0.042067307692307696 0.015625
0 0.7992788461538461 0.5600961538461539 0.04807692307692308 0.052884615384615384
0 0.8425480769230769 0.5649038461538461 0.040865384615384616 0.026442307692307692
0 0.9014423076923077 0.5733173076923077 0.05048076923076923 0.021634615384615384
0 0.9651442307692307 0.5552884615384616 0.06850961538461539 0.018028846153846152
0 0.9807692307692307 0.42788461538461536 0.03365384615384615 0.019230769230769232
0 0.9771634615384616 0.4519230769230769 0.040865384615384616 0.028846153846153848
0 0.9182692307692307 0.47475961538461536 0.051682692307692304 0.019230769230769232
0 0.921875 0.44591346153846156 0.05048076923076923 0.03245192307692308
0 0.8653846153846154 0.47596153846153844 0.04927884615384615 0.020432692307692308
0 0.8677884615384616 0.45072115384615385 0.054086538461538464 0.026442307692307692
0 0.8161057692307693 0.4543269230769231 0.042067307692307696 0.06610576923076923
0 0.7788461538461539 0.4543269230769231 0.03245192307692308 0.06850961538461539
0 0.7475961538461539 0.453125 0.026442307692307692 0.06610576923076923
0 0.7055288461538461 0.45913461538461536 0.054086538461538464 0.056490384615384616
0 0.6454326923076923 0.46153846153846156 0.06129807692307692 0.051682692307692304
0 0.5649038461538461 0.4230769230769231 0.0625 0.08533653846153846
0 0.4951923076923077 0.4230769230769231 0.06610576923076923 0.08774038461538461
0 0.6262019230769231 0.8185096153846154 0.07692307692307693 0.03125
0 0.8918269230769231 0.7872596153846154 0.0829326923076923 0.039663461538461536
0 0.9459134615384616 0.6201923076923077 0.055288461538461536 0.02403846153846154
0 0.9290865384615384 0.34615384615384615 0.05889423076923077 0.057692307692307696
0 0.578125 0.31490384615384615 0.04567307692307692 0.054086538461538464
0 0.9651442307692307 0.8197115384615384 0.06850961538461539 0.02283653846153846
0 0.6911057692307693 0.33653846153846156 0.037259615384615384 0.05889423076923077
0 0.7259615384615384 0.3317307692307692 0.03125 0.06009615384615385
0 0.7644230769230769 0.3401442307692308 0.042067307692307696 0.04447115384615385
0 0.7860576923076923 0.30649038461538464 0.03485576923076923 0.019230769230769232
0 0.8125 0.3401442307692308 0.04567307692307692 0.04567307692307692
0 0.8557692307692307 0.3389423076923077 0.04326923076923077 0.04567307692307692
0 0.859375 0.30408653846153844 0.039663461538461536 0.02403846153846154
0 0.9819711538461539 0.2091346153846154 0.03365384615384615 0.08774038461538461
0 0.9254807692307693 0.23557692307692307 0.06490384615384616 0.026442307692307692
0 0.859375 0.22355769230769232 0.0673076923076923 0.05048076923076923
0 0.7932692307692307 0.22235576923076922 0.06490384615384616 0.05048076923076923
0 0.7223557692307693 0.21033653846153846 0.056490384615384616 0.08052884615384616
0 0.6105769230769231 0.22956730769230768 0.026442307692307692 0.07572115384615384
0 0.5685096153846154 0.234375 0.04807692307692308 0.06129807692307692
0 0.5745192307692307 0.1935096153846154 0.04807692307692308 0.018028846153846152
0 0.47475961538461536 0.23076923076923078 0.13221153846153846 0.0733173076923077
0 0.33774038461538464 0.22716346153846154 0.13822115384615385 0.07451923076923077
0 0.2439903846153846 0.2091346153846154 0.030048076923076924 0.06009615384615385
0 0.1971153846153846 0.20072115384615385 0.056490384615384616 0.07572115384615384
0 0.12860576923076922 0.19831730769230768 0.04807692307692308 0.07932692307692307
0 0.078125 0.19951923076923078 0.054086538461538464 0.08173076923076923
0 0.025240384615384616 0.20072115384615385 0.04567307692307692 0.08052884615384616
0 0.9675480769230769 0.7872596153846154 0.06370192307692307 0.037259615384615384
0 0.3016826923076923 0.31490384615384615 0.04927884615384615 0.057692307692307696
0 0.2403846153846154 0.31490384615384615 0.06129807692307692 0.07451923076923077
0 0.6502403846153846 0.34975961538461536 0.039663461538461536 0.026442307692307692
0 0.5300480769230769 0.5336538461538461 0.046875 0.0673076923076923
0 0.05048076923076923 0.6237980769230769 0.037259615384615384 0.06610576923076923
0 0.02403846153846154 0.5240384615384616 0.04326923076923077 0.06009615384615385
0 0.10096153846153846 0.5336538461538461 0.09254807692307693 0.04326923076923077
0 0.171875 0.5228365384615384 0.04447115384615385 0.05889423076923077
0 0.21995192307692307 0.5372596153846154 0.037259615384615384 0.040865384615384616
0 0.26322115384615385 0.5336538461538461 0.04807692307692308 0.038461538461538464
0 0.32211538461538464 0.5300480769230769 0.052884615384615384 0.05889423076923077
0 0.3762019230769231 0.5276442307692307 0.046875 0.0625
0 0.421875 0.5384615384615384 0.039663461538461536 0.052884615384615384
0 0.4675480769230769 0.5264423076923077 0.04567307692307692 0.07211538461538461
0 0.5793269230769231 0.5396634615384616 0.04567307692307692 0.057692307692307696
0 0.6310096153846154 0.5564903846153846 0.037259615384615384 0.054086538461538464
0 0.8846153846153846 0.8257211538461539 0.08653846153846154 0.03245192307692308
0 0.21394230769230768 0.42788461538461536 0.03125 0.054086538461538464
0 0.16947115384615385 0.4423076923076923 0.051682692307692304 0.027644230769230768
0 0.1201923076923077 0.43149038461538464 0.036057692307692304 0.05048076923076923
0 0.1141826923076923 0.32211538461538464 0.057692307692307696 0.06129807692307692
0 0.17307692307692307 0.32091346153846156 0.06009615384615385 0.06370192307692307
0 0.12259615384615384 0.6298076923076923 0.026442307692307692 0.057692307692307696
0 0.15264423076923078 0.6334134615384616 0.02283653846153846 0.04447115384615385