0 0.7944711538461539 0.3016826923076923 0.08533653846153846 0.08774038461538461
0 0.4855769230769231 0.42908653846153844 0.08653846153846154 0.08774038461538461
0 0.484375 0.296875 0.11778846153846154 0.10817307692307693
0 0.6153846153846154 0.2980769230769231 0.11177884615384616 0.11538461538461539
0 0.7115384615384616 0.2980769230769231 0.078125 0.09375
0 0.051682692307692304 0.5576923076923077 0.09014423076923077 0.0985576923076923
0 0.16346153846153846 0.5588942307692307 0.12860576923076922 0.08533653846153846
0 0.7475961538461539 0.421875 0.08653846153846154 0.0733173076923077
0 0.6622596153846154 0.4182692307692308 0.06850961538461539 0.0829326923076923
0 0.578125 0.42788461538461536 0.09134615384615384 0.08173076923076923
0 0.9507211538461539 0.42908653846153844 0.09375 0.10336538461538461
0 0.2776442307692308 0.35096153846153844 0.078125 0.1346153846153846
0 0.1971153846153846 0.35096153846153844 0.07692307692307693 0.13341346153846154
0 0.8581730769230769 0.42427884615384615 0.08533653846153846 0.09254807692307693
0 0.11778846153846154 0.35336538461538464 0.07451923076923077 0.12980769230769232
0 0.2980769230769231 0.5552884615384616 0.12860576923076922 0.08774038461538461
0 0.10336538461538461 0.71875 0.125 0.08653846153846154
0 0.8978365384615384 0.3004807692307692 0.11658653846153846 0.09495192307692307
0 0.9735576923076923 0.7103365384615384 0.051682692307692304 0.02283653846153846
0 0.7403846153846154 0.15264423076923078 0.10817307692307693 0.11658653846153846
0 0.4651442307692308 0.7427884615384616 0.07451923076923077 0.018028846153846152
0 0.6442307692307693 0.6310096153846154 0.057692307692307696 0.016826923076923076
0 0.6995192307692307 0.6310096153846154 0.055288461538461536 0.018028846153846152
0 0.7644230769230769 0.6262019230769231 0.0673076923076923 0.019230769230769232
0 0.8317307692307693 0.6213942307692307 0.06370192307692307 0.016826923076923076
0 0.8990384615384616 0.6165865384615384 0.06370192307692307 0.019230769230769232
0 0.9615384615384616 0.6081730769230769 0.06129807692307692 0.016826923076923076
0 0.5264423076923077 0.7379807692307693 0.036057692307692304 0.013221153846153846
0 0.9543269230769231 0.5348557692307693 0.06971153846153846 0.016826923076923076
0 0.5012019230769231 0.5600961538461539 0.04927884615384615 0.025240384615384616
0 0.5733173076923077 0.5552884615384616 0.06129807692307692 0.014423076923076924
0 0.6382211538461539 0.5528846153846154 0.06129807692307692 0.018028846153846152
0 0.6995192307692307 0.5480769230769231 0.055288461538461536 0.015625
0 0.7644230769230769 0.546875 0.06610576923076923 0.018028846153846152
0 0.8341346153846154 0.5420673076923077 0.06971153846153846 0.018028846153846152
0 0.3449519230769231 0.6995192307692307 0.14302884615384615 0.07932692307692307
0 0.4483173076923077 0.5625 0.046875 0.028846153846153848
0 0.5829326923076923 0.7367788461538461 0.0625 0.010817307692307692
0 0.6490384615384616 0.7331730769230769 0.057692307692307696 0.018028846153846152
0 0.7163461538461539 0.7295673076923077 0.07211538461538461 0.01201923076923077
0 0.6105769230769231 0.14423076923076922 0.1346153846153846 0.11778846153846154
0 0.47115384615384615 0.15144230769230768 0.12980769230769232 0.1201923076923077
0 0.24519230769230768 0.0985576923076923 0.17307692307692307 0.16947115384615385
0 0.0733173076923077 0.09975961538461539 0.14423076923076922 0.1658653846153846
0 0.6382211538461539 0.8377403846153846 0.10096153846153846 0.08052884615384616
0 0.9302884615384616 0.8389423076923077 0.11538461538461539 0.056490384615384616
0 0.8329326923076923 0.8497596153846154 0.07692307692307693 0.0625
0 0.5516826923076923 0.8485576923076923 0.06490384615384616 0.078125
0 0.4855769230769231 0.8605769230769231 0.06129807692307692 0.078125
0 0.4074519230769231 0.8858173076923077 0.08774038461538461 0.039663461538461536
0 0.30649038461538464 0.8894230769230769 0.109375 0.03365384615384615
0 0.45072115384615385 0.6442307692307693 0.055288461538461536 0.014423076923076924
0 0.5108173076923077 0.6394230769230769 0.06490384615384616 0.014423076923076924
0 0.5793269230769231 0.6358173076923077 0.06850961538461539 0.015625
0 0.9170673076923077 0.7151442307692307 0.055288461538461536 0.019230769230769232
0 0.8533653846153846 0.7175480769230769 0.06370192307692307 0.013221153846153846
0 0.7872596153846154 0.7247596153846154 0.06610576923076923 0.020432692307692308
0 0.8617788461538461 0.14423076923076922 0.125 0.13221153846153846
0 0.22235576923076922 0.7091346153846154 0.09735576923076923 0.09975961538461539
0 0.3641826923076923 0.34375 0.08533653846153846 0.140625