0 0.40625 0.42908653846153844 0.038461538461538464 0.07451923076923077
0 0.5709134615384616 0.7475961538461539 0.03125 0.06610576923076923
0 0.8125 0.7860576923076923 0.038461538461538464 0.07451923076923077
0 0.7692307692307693 0.7776442307692307 0.03485576923076923 0.07572115384615384
0 0.7259615384615384 0.7704326923076923 0.040865384615384616 0.06971153846153846
0 0.6862980769230769 0.765625 0.037259615384615384 0.07692307692307693
0 0.6454326923076923 0.7572115384615384 0.042067307692307696 0.0673076923076923
0 0.6057692307692307 0.7524038461538461 0.03485576923076923 0.06971153846153846
0 0.5360576923076923 0.7391826923076923 0.03245192307692308 0.06370192307692307
0 0.5012019230769231 0.734375 0.03485576923076923 0.06129807692307692
0 0.4675480769230769 0.7247596153846154 0.03245192307692308 0.06850961538461539
0 0.4326923076923077 0.7175480769230769 0.03125 0.052884615384615384
0 0.40024038461538464 0.7127403846153846 0.036057692307692304 0.06129807692307692
0 0.15625 0.4074519230769231 0.03125 0.07572115384615384
0 0.22716346153846154 0.41225961538461536 0.03245192307692308 0.07572115384615384
0 0.26322115384615385 0.4170673076923077 0.03245192307692308 0.0733173076923077
0 0.3004807692307692 0.421875 0.03365384615384615 0.07451923076923077
0 0.3329326923076923 0.421875 0.03365384615384615 0.07211538461538461
0 0.36899038461538464 0.4266826923076923 0.03485576923076923 0.07932692307692307
0 0.36658653846153844 0.7103365384615384 0.028846153846153848 0.055288461538461536
0 0.33653846153846156 0.7067307692307693 0.030048076923076924 0.06129807692307692
0 0.30528846153846156 0.7007211538461539 0.028846153846153848 0.06129807692307692
0 0.2776442307692308 0.6971153846153846 0.02283653846153846 0.06129807692307692
0 0.24759615384615385 0.6935096153846154 0.03125 0.06370192307692307
0 0.21634615384615385 0.6887019230769231 0.027644230769230768 0.06129807692307692
0 0.8581730769230769 0.7884615384615384 0.037259615384615384 0.08173076923076923
0 0.18990384615384615 0.6742788461538461 0.02283653846153846 0.04447115384615385
0 0.12259615384615384 0.4050480769230769 0.026442307692307692 0.07211538461538461
0 0.9158653846153846 0.33533653846153844 0.04927884615384615 0.09615384615384616
0 0.8521634615384616 0.18629807692307693 0.056490384615384616 0.1045673076923077
0 0.9122596153846154 0.18990384615384615 0.06610576923076923 0.10336538461538461
0 0.9699519230769231 0.18990384615384615 0.04567307692307692 0.1045673076923077
0 0.07572115384615384 0.296875 0.036057692307692304 0.078125
0 0.10817307692307693 0.29927884615384615 0.027644230769230768 0.07692307692307693
0 0.14182692307692307 0.3004807692307692 0.038461538461538464 0.08173076923076923
0 0.17548076923076922 0.3016826923076923 0.026442307692307692 0.078125
0 0.2091346153846154 0.30408653846153844 0.037259615384615384 0.08052884615384616
0 0.24519230769230768 0.3076923076923077 0.03485576923076923 0.07932692307692307
0 0.2824519230769231 0.3076923076923077 0.039663461538461536 0.07932692307692307
0 0.32572115384615385 0.3112980769230769 0.036057692307692304 0.08173076923076923
0 0.359375 0.3112980769230769 0.03365384615384615 0.08173076923076923
0 0.3954326923076923 0.3137019230769231 0.038461538461538464 0.08413461538461539
0 0.4338942307692308 0.31490384615384615 0.038461538461538464 0.08413461538461539
0 0.4735576923076923 0.3173076923076923 0.038461538461538464 0.08413461538461539
0 0.5132211538461539 0.31971153846153844 0.038461538461538464 0.08413461538461539
0 0.5576923076923077 0.32211538461538464 0.042067307692307696 0.08774038461538461
0 0.6045673076923077 0.3233173076923077 0.046875 0.09014423076923077
0 0.6526442307692307 0.3245192307692308 0.046875 0.09134615384615384
0 0.7019230769230769 0.32572115384615385 0.04567307692307692 0.09375
0 0.7487980769230769 0.3293269230769231 0.04567307692307692 0.09375
0 0.8016826923076923 0.3317307692307692 0.04927884615384615 0.09615384615384616
0 0.8557692307692307 0.3329326923076923 0.04927884615384615 0.09615384615384616
0 0.0889423076923077 0.4014423076923077 0.039663461538461536 0.07091346153846154
0 0.1622596153846154 0.6694711538461539 0.025240384615384616 0.05048076923076923
0 0.13341346153846154 0.6646634615384616 0.03125 0.05048076923076923
0 0.8425480769230769 0.6634615384615384 0.038461538461538464 0.04927884615384615
0 0.5456730769230769 0.5480769230769231 0.037259615384615384 0.07451923076923077
0 0.5072115384615384 0.5432692307692307 0.037259615384615384 0.0733173076923077
0 0.4675480769230769 0.5420673076923077 0.036057692307692304 0.07572115384615384
0 0.43149038461538464 0.5372596153846154 0.03485576923076923 0.07091346153846154
0 0.3954326923076923 0.5348557692307693 0.037259615384615384 0.07692307692307693
0 0.3581730769230769 0.5288461538461539 0.037259615384615384 0.06971153846153846
0 0.3245192307692308 0.5264423076923077 0.028846153846153848 0.07211538461538461
0 0.27283653846153844 0.5216346153846154 0.03125 0.06971153846153846
0 0.2403846153846154 0.5180288461538461 0.03365384615384615 0.0673076923076923
0 0.20673076923076922 0.515625 0.03245192307692308 0.06370192307692307
0 0.17548076923076922 0.5108173076923077 0.03245192307692308 0.07091346153846154
0 0.14423076923076922 0.5072115384615384 0.028846153846153848 0.06610576923076923
0 0.11177884615384616 0.5048076923076923 0.03485576923076923 0.06971153846153846
0 0.9098557692307693 0.4675480769230769 0.05889423076923077 0.09254807692307693
0 0.8569711538461539 0.4639423076923077 0.04326923076923077 0.09134615384615384
0 0.8100961538461539 0.4579326923076923 0.052884615384615384 0.08173076923076923
0 0.7584134615384616 0.4543269230769231 0.046875 0.08413461538461539
0 0.703125 0.4519230769230769 0.04567307692307692 0.08413461538461539
0 0.6526442307692307 0.44711538461538464 0.04927884615384615 0.07932692307692307
0 0.609375 0.44471153846153844 0.038461538461538464 0.08413461538461539
0 0.5673076923076923 0.4423076923076923 0.04567307692307692 0.07692307692307693
0 0.5264423076923077 0.4387019230769231 0.038461538461538464 0.07932692307692307
0 0.4855769230769231 0.4338942307692308 0.040865384615384616 0.07692307692307693
0 0.5841346153846154 0.5528846153846154 0.040865384615384616 0.07451923076923077
0 0.6237980769230769 0.5564903846153846 0.037259615384615384 0.0829326923076923
0 0.6682692307692307 0.5456730769230769 0.03245192307692308 0.06009615384615385
0 0.7043269230769231 0.5625 0.04567307692307692 0.07572115384615384
0 0.7908653846153846 0.6778846153846154 0.040865384615384616 0.0733173076923077
0 0.7475961538461539 0.6742788461538461 0.040865384615384616 0.0733173076923077
0 0.7019230769230769 0.671875 0.040865384615384616 0.0733173076923077
0 0.6622596153846154 0.6646634615384616 0.040865384615384616 0.0733173076923077
0 0.6237980769230769 0.6586538461538461 0.036057692307692304 0.07211538461538461
0 0.5841346153846154 0.6514423076923077 0.036057692307692304 0.07211538461538461
0 0.546875 0.6478365384615384 0.037259615384615384 0.07091346153846154
0 0.5096153846153846 0.6430288461538461 0.036057692307692304 0.07211538461538461
0 0.4735576923076923 0.6370192307692307 0.03245192307692308 0.07091346153846154
0 0.43990384615384615 0.6310096153846154 0.03245192307692308 0.06971153846153846
0 0.40625 0.6298076923076923 0.03365384615384615 0.06971153846153846
0 0.7920673076923077 0.18870192307692307 0.04927884615384615 0.10336538461538461
0 0.3737980769230769 0.6262019230769231 0.03365384615384615 0.06971153846153846
0 0.30528846153846156 0.6165865384615384 0.03365384615384615 0.06971153846153846
0 0.27283653846153844 0.6129807692307693 0.028846153846153848 0.06971153846153846
0 0.2439903846153846 0.6045673076923077 0.028846153846153848 0.06971153846153846
0 0.21394230769230768 0.6021634615384616 0.028846153846153848 0.06971153846153846
0 0.1814903846153846 0.5997596153846154 0.036057692307692304 0.06971153846153846
0 0.15384615384615385 0.5961538461538461 0.021634615384615384 0.06129807692307692
0 0.12379807692307693 0.5925480769230769 0.036057692307692304 0.0673076923076923
0 0.8894230769230769 0.5829326923076923 0.051682692307692304 0.08173076923076923
0 0.8401442307692307 0.5817307692307693 0.046875 0.07932692307692307
0 0.7932692307692307 0.5733173076923077 0.046875 0.07451923076923077
0 0.7487980769230769 0.5673076923076923 0.040865384615384616 0.07932692307692307
0 0.3401442307692308 0.6225961538461539 0.03365384615384615 0.06971153846153846
0 0.7451923076923077 0.18629807692307693 0.042067307692307696 0.10336538461538461
0 0.44471153846153844 0.4326923076923077 0.039663461538461536 0.08173076923076923
0 0.6430288461538461 0.18990384615384615 0.038461538461538464 0.10096153846153846
0 0.6947115384615384 0.19110576923076922 0.055288461538461536 0.09735576923076923
0 0.12860576923076922 0.18629807692307693 0.036057692307692304 0.08413461538461539
0 0.1658653846153846 0.18629807692307693 0.03485576923076923 0.08533653846153846
0 0.203125 0.18629807692307693 0.040865384615384616 0.08774038461538461
0 0.2403846153846154 0.1875 0.030048076923076924 0.0889423076923077
0 0.27884615384615385 0.1875 0.037259615384615384 0.08774038461538461
0 0.08774038461538461 0.18509615384615385 0.04447115384615385 0.07932692307692307
0 0.3701923076923077 0.18870192307692307 0.021634615384615384 0.08413461538461539
0 0.40024038461538464 0.1875 0.037259615384615384 0.0889423076923077
0 0.44591346153846156 0.18629807692307693 0.05048076923076923 0.09254807692307693
0 0.5024038461538461 0.19110576923076922 0.037259615384615384 0.09254807692307693
0 0.5480769230769231 0.18870192307692307 0.055288461538461536 0.09375
0 0.5997596153846154 0.18870192307692307 0.038461538461538464 0.09254807692307693
0 0.3173076923076923 0.18870192307692307 0.03485576923076923 0.08533653846153846