0 0.3762019230769231 0.10096153846153846 0.18269230769230768 0.04326923076923077
0 0.7536057692307693 0.04927884615384615 0.19110576923076922 0.046875
0 0.5612980769230769 0.09975961538461539 0.18269230769230768 0.040865384615384616
0 0.5637019230769231 0.051682692307692304 0.18629807692307693 0.04447115384615385
0 0.24519230769230768 0.33774038461538464 0.078125 0.056490384615384616
0 0.3293269230769231 0.3954326923076923 0.078125 0.04927884615384615
0 0.18269230769230768 0.056490384615384616 0.18629807692307693 0.04447115384615385
0 0.19110576923076922 0.14903846153846154 0.18028846153846154 0.042067307692307696
0 0.1935096153846154 0.19230769230769232 0.18028846153846154 0.039663461538461536
0 0.19831730769230768 0.23677884615384615 0.17908653846153846 0.038461538461538464
0 0.07211538461538461 0.2800480769230769 0.0673076923076923 0.04927884615384615
0 0.13822115384615385 0.28125 0.06009615384615385 0.04927884615384615
0 0.2824519230769231 0.28125 0.06610576923076923 0.04567307692307692
0 0.35096153846153844 0.2824519230769231 0.06490384615384616 0.04927884615384615
0 0.07692307692307693 0.3293269230769231 0.06610576923076923 0.04807692307692308
0 0.14302884615384615 0.3317307692307692 0.06129807692307692 0.04807692307692308
0 0.3233173076923077 0.3401442307692308 0.07692307692307693 0.057692307692307696
0 0.0829326923076923 0.3762019230769231 0.0673076923076923 0.039663461538461536
0 0.06850961538461539 0.4050480769230769 0.08052884615384616 0.019230769230769232
0 0.16706730769230768 0.39783653846153844 0.08173076923076923 0.054086538461538464
0 0.25 0.39663461538461536 0.078125 0.054086538461538464
0 0.37259615384615385 0.052884615384615384 0.1875 0.04447115384615385
0 0.18870192307692307 0.10336538461538461 0.18509615384615385 0.04326923076923077
0 0.4206730769230769 0.6514423076923077 0.07091346153846154 0.04326923076923077
0 0.375 0.14783653846153846 0.1814903846153846 0.042067307692307696
0 0.4182692307692308 0.6033653846153846 0.07451923076923077 0.04927884615384615
0 0.49399038461538464 0.6009615384615384 0.07572115384615384 0.04927884615384615
0 0.5673076923076923 0.6021634615384616 0.07091346153846154 0.05048076923076923
0 0.6430288461538461 0.5997596153846154 0.06971153846153846 0.04447115384615385
0 0.71875 0.6009615384615384 0.07211538461538461 0.04807692307692308
0 0.7956730769230769 0.5985576923076923 0.08052884615384616 0.04807692307692308
0 0.04447115384615385 0.6538461538461539 0.07451923076923077 0.04567307692307692
0 0.34134615384615385 0.6045673076923077 0.078125 0.04807692307692308
0 0.1201923076923077 0.6538461538461539 0.07211538461538461 0.04567307692307692
0 0.28365384615384615 0.8365384615384616 0.0673076923076923 0.040865384615384616
0 0.21153846153846154 0.8365384615384616 0.07451923076923077 0.042067307692307696
0 0.140625 0.8353365384615384 0.06971153846153846 0.040865384615384616
0 0.06850961538461539 0.8341346153846154 0.06610576923076923 0.04326923076923077
0 0.6382211538461539 0.8365384615384616 0.07091346153846154 0.04326923076923077
0 0.5673076923076923 0.8353365384615384 0.06971153846153846 0.04567307692307692
0 0.49759615384615385 0.8353365384615384 0.0673076923076923 0.04567307692307692
0 0.35336538461538464 0.8377403846153846 0.06610576923076923 0.040865384615384616
0 0.265625 0.6021634615384616 0.07211538461538461 0.04807692307692308
0 0.18990384615384615 0.6033653846153846 0.07572115384615384 0.05048076923076923
0 0.11298076923076923 0.6057692307692307 0.07451923076923077 0.04807692307692308
0 0.8894230769230769 0.44711538461538464 0.08052884615384616 0.051682692307692304
0 0.7235576923076923 0.4987980769230769 0.07572115384615384 0.05048076923076923
0 0.8016826923076923 0.4987980769230769 0.078125 0.051682692307692304
0 0.8822115384615384 0.5 0.078125 0.04807692307692308
0 0.03485576923076923 0.5540865384615384 0.06971153846153846 0.04807692307692308
0 0.11057692307692307 0.5528846153846154 0.078125 0.04927884615384615
0 0.18990384615384615 0.5528846153846154 0.078125 0.04807692307692308
0 0.2644230769230769 0.5528846153846154 0.07091346153846154 0.04807692307692308
0 0.3401442307692308 0.5540865384615384 0.07572115384615384 0.05048076923076923
0 0.41947115384615385 0.5516826923076923 0.078125 0.04567307692307692
0 0.4951923076923077 0.5516826923076923 0.0733173076923077 0.04807692307692308
0 0.5709134615384616 0.5504807692307693 0.07692307692307693 0.046875
0 0.7512019230769231 0.09735576923076923 0.18509615384615385 0.04326923076923077
0 0.7235576923076923 0.5492788461538461 0.07451923076923077 0.04807692307692308
0 0.7992788461538461 0.5492788461538461 0.078125 0.046875
0 0.8810096153846154 0.5480769230769231 0.07932692307692307 0.04326923076923077
0 0.037259615384615384 0.6045673076923077 0.07451923076923077 0.051682692307692304
0 0.42788461538461536 0.8377403846153846 0.06850961538461539 0.040865384615384616
0 0.8040865384615384 0.44591346153846156 0.07692307692307693 0.05048076923076923
0 0.7848557692307693 0.8353365384615384 0.0673076923076923 0.04326923076923077
0 0.7860576923076923 0.7908653846153846 0.0673076923076923 0.04447115384615385
0 0.7896634615384616 0.6971153846153846 0.07091346153846154 0.04567307692307692
0 0.7163461538461539 0.6983173076923077 0.06971153846153846 0.04567307692307692
0 0.6418269230769231 0.6995192307692307 0.07091346153846154 0.04567307692307692
0 0.5697115384615384 0.6983173076923077 0.06850961538461539 0.04807692307692308
0 0.4963942307692308 0.6983173076923077 0.07211538461538461 0.04567307692307692
0 0.4230769230769231 0.7007211538461539 0.06971153846153846 0.04807692307692308
0 0.34615384615384615 0.7007211538461539 0.06971153846153846 0.04567307692307692
0 0.056490384615384616 0.7463942307692307 0.0733173076923077 0.040865384615384616
0 0.27403846153846156 0.6995192307692307 0.07091346153846154 0.046875
0 0.7932692307692307 0.6490384615384616 0.07091346153846154 0.04567307692307692
0 0.7175480769230769 0.6502403846153846 0.07211538461538461 0.04567307692307692
0 0.6430288461538461 0.6502403846153846 0.07091346153846154 0.046875
0 0.5685096153846154 0.6502403846153846 0.07211538461538461 0.04326923076923077
0 0.1971153846153846 0.6526442307692307 0.07451923076923077 0.04567307692307692
0 0.2704326923076923 0.6514423076923077 0.06850961538461539 0.046875
0 0.3449519230769231 0.6526442307692307 0.07692307692307693 0.04567307692307692
0 0.12620192307692307 0.6995192307692307 0.21995192307692307 0.04567307692307692
0 0.12860576923076922 0.7463942307692307 0.06610576923076923 0.04447115384615385
0 0.20192307692307693 0.7463942307692307 0.0733173076923077 0.04567307692307692
0 0.2764423076923077 0.7475961538461539 0.06971153846153846 0.04326923076923077
0 0.7151442307692307 0.7920673076923077 0.06850961538461539 0.04326923076923077
0 0.6418269230769231 0.7920673076923077 0.07091346153846154 0.042067307692307696
0 0.5673076923076923 0.7920673076923077 0.06971153846153846 0.042067307692307696
0 0.4963942307692308 0.7920673076923077 0.06610576923076923 0.042067307692307696
0 0.4266826923076923 0.7920673076923077 0.0673076923076923 0.04326923076923077
0 0.35216346153846156 0.7944711538461539 0.07451923076923077 0.04326923076923077
0 0.2764423076923077 0.7932692307692307 0.06971153846153846 0.042067307692307696
0 0.20673076923076922 0.7920673076923077 0.06490384615384616 0.04326923076923077
0 0.13581730769230768 0.7908653846153846 0.07091346153846154 0.042067307692307696
0 0.06370192307692307 0.7896634615384616 0.07091346153846154 0.04326923076923077
0 0.7908653846153846 0.7439903846153846 0.0733173076923077 0.04567307692307692
0 0.7151442307692307 0.7463942307692307 0.06971153846153846 0.046875
0 0.6430288461538461 0.7451923076923077 0.06850961538461539 0.042067307692307696
0 0.5685096153846154 0.7463942307692307 0.06971153846153846 0.04447115384615385
0 0.49759615384615385 0.7463942307692307 0.06971153846153846 0.04447115384615385
0 0.42427884615384615 0.7463942307692307 0.07091346153846154 0.04447115384615385
0 0.34975961538461536 0.7475961538461539 0.07211538461538461 0.046875
0 0.7127403846153846 0.8353365384615384 0.06971153846153846 0.04447115384615385
0 0.7259615384615384 0.44711538461538464 0.07572115384615384 0.05048076923076923
0 0.6478365384615384 0.5504807692307693 0.07091346153846154 0.04927884615384615
0 0.5697115384615384 0.5 0.07451923076923077 0.05048076923076923
0 0.37740384615384615 0.23557692307692307 0.17668269230769232 0.039663461538461536
0 0.5576923076923077 0.23317307692307693 0.17908653846153846 0.037259615384615384
0 0.7415865384615384 0.23197115384615385 0.17908653846153846 0.039663461538461536
0 0.4206730769230769 0.28125 0.0673076923076923 0.04807692307692308
0 0.49038461538461536 0.2800480769230769 0.06610576923076923 0.04567307692307692
0 0.6262019230769231 0.2776442307692308 0.06610576923076923 0.04807692307692308
0 0.6995192307692307 0.2776442307692308 0.06850961538461539 0.04807692307692308
0 0.7692307692307693 0.2776442307692308 0.06490384615384616 0.04807692307692308
0 0.8401442307692307 0.27524038461538464 0.06850961538461539 0.04807692307692308
0 0.4951923076923077 0.6514423076923077 0.07091346153846154 0.04447115384615385
0 0.6971153846153846 0.3269230769230769 0.06370192307692307 0.04567307692307692
0 0.765625 0.32572115384615385 0.06850961538461539 0.046875
0 0.8377403846153846 0.3245192307692308 0.06850961538461539 0.04807692307692308
0 0.40625 0.3389423076923077 0.07932692307692307 0.056490384615384616
0 0.4879807692307692 0.33774038461538464 0.078125 0.055288461538461536
0 0.5612980769230769 0.3293269230769231 0.06610576923076923 0.04807692307692308
0 0.6286057692307693 0.3269230769230769 0.0673076923076923 0.04567307692307692
0 0.025240384615384616 0.44711538461538464 0.04927884615384615 0.054086538461538464
0 0.09495192307692307 0.4495192307692308 0.08052884615384616 0.05048076923076923
0 0.17548076923076922 0.4519230769230769 0.07572115384615384 0.05048076923076923
0 0.6454326923076923 0.4987980769230769 0.0733173076923077 0.05048076923076923
0 0.7439903846153846 0.18870192307692307 0.18389423076923078 0.042067307692307696
0 0.2536057692307692 0.45072115384615385 0.08052884615384616 0.051682692307692304
0 0.5576923076923077 0.2800480769230769 0.0673076923076923 0.04927884615384615
0 0.4098557692307692 0.3942307692307692 0.078125 0.052884615384615384
0 0.6466346153846154 0.44711538461538464 0.07451923076923077 0.04927884615384615
0 0.5673076923076923 0.44711538461538464 0.078125 0.05048076923076923
0 0.49038461538461536 0.44711538461538464 0.07451923076923077 0.05048076923076923
0 0.3329326923076923 0.4483173076923077 0.07572115384615384 0.052884615384615384
0 0.4110576923076923 0.4483173076923077 0.07451923076923077 0.05048076923076923
0 0.33653846153846156 0.5036057692307693 0.07692307692307693 0.04927884615384615
0 0.5625 0.14423076923076922 0.1814903846153846 0.04447115384615385
0 0.41586538461538464 0.5024038461538461 0.07451923076923077 0.052884615384615384
0 0.3762019230769231 0.19230769230769232 0.18028846153846154 0.040865384615384616
0 0.5600961538461539 0.18990384615384615 0.17548076923076922 0.042067307692307696
0 0.75 0.14302884615384615 0.18509615384615385 0.042067307692307696
0 0.18028846153846154 0.5036057692307693 0.07572115384615384 0.04567307692307692
0 0.49038461538461536 0.39302884615384615 0.078125 0.051682692307692304
0 0.5685096153846154 0.3918269230769231 0.07572115384615384 0.052884615384615384
0 0.6490384615384616 0.3942307692307692 0.07932692307692307 0.052884615384615384
0 0.25721153846153844 0.5036057692307693 0.07692307692307693 0.04567307692307692
0 0.7295673076923077 0.3918269230769231 0.07692307692307693 0.052884615384615384
0 0.49278846153846156 0.5 0.07692307692307693 0.052884615384615384
0 0.8088942307692307 0.390625 0.07692307692307693 0.056490384615384616
0 0.8942307692307693 0.3894230769230769 0.08173076923076923 0.054086538461538464
0 0.030048076923076924 0.5036057692307693 0.06009615384615385 0.04927884615384615
0 0.10096153846153846 0.5024038461538461 0.07692307692307693 0.046875