0 0.4891826923076923 0.3858173076923077 0.018028846153846152 0.030048076923076924
0 0.5588942307692307 0.3557692307692308 0.018028846153846152 0.03365384615384615
0 0.49038461538461536 0.4182692307692308 0.014423076923076924 0.027644230769230768
0 0.5228365384615384 0.38822115384615385 0.015625 0.030048076923076924
0 0.5408653846153846 0.3870192307692308 0.016826923076923076 0.03125
0 0.5600961538461539 0.38822115384615385 0.018028846153846152 0.03365384615384615
0 0.4735576923076923 0.44471153846153844 0.014423076923076924 0.028846153846153848
0 0.49038461538461536 0.44471153846153844 0.016826923076923076 0.030048076923076924
0 0.5084134615384616 0.4495192307692308 0.014423076923076924 0.030048076923076924
0 0.5240384615384616 0.4206730769230769 0.016826923076923076 0.030048076923076924
0 0.5420673076923077 0.41947115384615385 0.016826923076923076 0.03245192307692308
0 0.5600961538461539 0.4230769230769231 0.019230769230769232 0.03125
0 0.5240384615384616 0.4519230769230769 0.015625 0.030048076923076924
0 0.4723557692307692 0.41466346153846156 0.015625 0.028846153846153848
0 0.5420673076923077 0.4519230769230769 0.018028846153846152 0.03245192307692308
0 0.59375 0.31850961538461536 0.05048076923076923 0.03245192307692308
0 0.5793269230769231 0.35697115384615385 0.018028846153846152 0.03365384615384615
0 0.6009615384615384 0.35336538461538464 0.025240384615384616 0.038461538461538464
0 0.625 0.35216346153846156 0.021634615384615384 0.036057692307692304
0 0.5204326923076923 0.35697115384615385 0.015625 0.03125
0 0.5588942307692307 0.32091346153846156 0.016826923076923076 0.03245192307692308
0 0.5384615384615384 0.32211538461538464 0.018028846153846152 0.03365384615384615
0 0.5204326923076923 0.3233173076923077 0.018028846153846152 0.03125
0 0.5072115384615384 0.41586538461538464 0.014423076923076924 0.03245192307692308
0 0.7560096153846154 0.6682692307692307 0.07692307692307693 0.042067307692307696
0 0.5612980769230769 0.4543269230769231 0.019230769230769232 0.03245192307692308
0 0.5396634615384616 0.3557692307692308 0.018028846153846152 0.03245192307692308
0 0.49278846153846156 0.47716346153846156 0.016826923076923076 0.030048076923076924
0 0.84375 0.6466346153846154 0.08413461538461539 0.039663461538461536
0 0.9278846153846154 0.6382211538461539 0.054086538461538464 0.08774038461538461
0 0.9771634615384616 0.6442307692307693 0.040865384615384616 0.08653846153846154
0 0.9254807692307693 0.7235576923076923 0.054086538461538464 0.078125
0 0.9783653846153846 0.7307692307692307 0.042067307692307696 0.07451923076923077
0 0.5661057692307693 0.6141826923076923 0.018028846153846152 0.03125
0 0.5480769230769231 0.6117788461538461 0.016826923076923076 0.030048076923076924
0 0.5288461538461539 0.6069711538461539 0.016826923076923076 0.03125
0 0.5120192307692307 0.5997596153846154 0.015625 0.03365384615384615
0 0.9771634615384616 0.5540865384615384 0.04447115384615385 0.07932692307692307
0 0.4951923076923077 0.5949519230769231 0.018028846153846152 0.03125
0 0.6274038461538461 0.5961538461538461 0.020432692307692308 0.03485576923076923
0 0.6057692307692307 0.5925480769230769 0.019230769230769232 0.03245192307692308
0 0.5841346153846154 0.5889423076923077 0.018028846153846152 0.028846153846153848
0 0.5637019230769231 0.5841346153846154 0.016826923076923076 0.028846153846153848
0 0.5444711538461539 0.5805288461538461 0.016826923076923076 0.028846153846153848
0 0.5276442307692307 0.5757211538461539 0.016826923076923076 0.027644230769230768
0 0.5120192307692307 0.5697115384615384 0.014423076923076924 0.027644230769230768
0 0.49399038461538464 0.5649038461538461 0.018028846153846152 0.026442307692307692
0 0.47716346153846156 0.5901442307692307 0.016826923076923076 0.026442307692307692
0 0.9266826923076923 0.5504807692307693 0.055288461538461536 0.07932692307692307
0 0.9771634615384616 0.46634615384615385 0.04447115384615385 0.09254807692307693
0 0.4891826923076923 0.35336538461538464 0.016826923076923076 0.03125
0 0.7560096153846154 0.3918269230769231 0.0889423076923077 0.040865384615384616
0 0.8533653846153846 0.3942307692307692 0.09975961538461539 0.04326923076923077
0 0.6754807692307693 0.42908653846153844 0.0733173076923077 0.038461538461538464
0 0.6742788461538461 0.390625 0.07451923076923077 0.037259615384615384
0 0.8533653846153846 0.3473557692307692 0.09975961538461539 0.04326923076923077
0 0.7560096153846154 0.34975961538461536 0.08774038461538461 0.040865384615384616
0 0.6742788461538461 0.35216346153846156 0.07572115384615384 0.037259615384615384
0 0.625 0.6286057692307693 0.018028846153846152 0.028846153846153848
0 0.6045673076923077 0.6262019230769231 0.020432692307692308 0.03365384615384615
0 0.7560096153846154 0.4326923076923077 0.08774038461538461 0.042067307692307696
0 0.8473557692307693 0.4375 0.09014423076923077 0.04447115384615385
0 0.6754807692307693 0.4675480769230769 0.07211538461538461 0.03485576923076923
0 0.7572115384615384 0.4723557692307692 0.08653846153846154 0.036057692307692304
0 0.8473557692307693 0.48197115384615385 0.08774038461538461 0.04567307692307692
0 0.6766826923076923 0.5036057692307693 0.07211538461538461 0.03485576923076923
0 0.7584134615384616 0.5108173076923077 0.0889423076923077 0.038461538461538464
0 0.8485576923076923 0.5240384615384616 0.09254807692307693 0.036057692307692304
0 0.5853365384615384 0.6225961538461539 0.019230769230769232 0.03485576923076923
0 0.9194711538461539 0.45913461538461536 0.054086538461538464 0.0889423076923077
0 0.47716346153846156 0.5612980769230769 0.016826923076923076 0.026442307692307692
0 0.6766826923076923 0.6454326923076923 0.06971153846153846 0.037259615384615384
0 0.6274038461538461 0.5612980769230769 0.020432692307692308 0.03245192307692308
0 0.5829326923076923 0.5588942307692307 0.018028846153846152 0.030048076923076924
0 0.625 0.45913461538461536 0.020432692307692308 0.03245192307692308
0 0.6033653846153846 0.4579326923076923 0.020432692307692308 0.03245192307692308
0 0.5817307692307693 0.4579326923076923 0.020432692307692308 0.03245192307692308
0 0.6237980769230769 0.42427884615384615 0.021634615384615384 0.037259615384615384
0 0.6021634615384616 0.42427884615384615 0.019230769230769232 0.03365384615384615
0 0.5805288461538461 0.42427884615384615 0.020432692307692308 0.03365384615384615
0 0.6237980769230769 0.38822115384615385 0.020432692307692308 0.03245192307692308
0 0.6021634615384616 0.390625 0.020432692307692308 0.03365384615384615
0 0.47596153846153844 0.47475961538461536 0.016826923076923076 0.030048076923076924
0 0.5805288461538461 0.3894230769230769 0.021634615384615384 0.03485576923076923
0 0.6754807692307693 0.5396634615384616 0.06971153846153846 0.03245192307692308
0 0.7572115384615384 0.5528846153846154 0.08774038461538461 0.040865384615384616
0 0.8485576923076923 0.5649038461538461 0.09134615384615384 0.042067307692307696
0 0.6766826923076923 0.5769230769230769 0.06971153846153846 0.03485576923076923
0 0.7572115384615384 0.59375 0.08653846153846154 0.036057692307692304
0 0.8497596153846154 0.6057692307692307 0.09375 0.037259615384615384
0 0.6766826923076923 0.609375 0.07091346153846154 0.030048076923076924
0 0.7548076923076923 0.6298076923076923 0.07692307692307693 0.03485576923076923
0 0.6322115384615384 0.3173076923076923 0.021634615384615384 0.028846153846153848
0 0.5084134615384616 0.47836538461538464 0.014423076923076924 0.027644230769230768
0 0.5264423076923077 0.4831730769230769 0.018028846153846152 0.030048076923076924
0 0.5432692307692307 0.4855769230769231 0.016826923076923076 0.03245192307692308
0 0.5637019230769231 0.5504807692307693 0.018028846153846152 0.03125
0 0.5456730769230769 0.5480769230769231 0.016826923076923076 0.030048076923076924
0 0.5288461538461539 0.5444711538461539 0.016826923076923076 0.03245192307692308
0 0.5120192307692307 0.5396634615384616 0.015625 0.028846153846153848
0 0.49399038461538464 0.5360576923076923 0.016826923076923076 0.03125
0 0.47716346153846156 0.5336538461538461 0.018028846153846152 0.027644230769230768
0 0.625 0.5276442307692307 0.02283653846153846 0.03485576923076923
0 0.6021634615384616 0.5264423076923077 0.020432692307692308 0.03125
0 0.5817307692307693 0.5264423076923077 0.019230769230769232 0.03365384615384615
0 0.5625 0.5192307692307693 0.016826923076923076 0.027644230769230768
0 0.5444711538461539 0.5180288461538461 0.015625 0.030048076923076924
0 0.5264423076923077 0.5132211538461539 0.015625 0.02403846153846154
0 0.5108173076923077 0.5096153846153846 0.018028846153846152 0.030048076923076924
0 0.49158653846153844 0.5060096153846154 0.016826923076923076 0.025240384615384616
0 0.47475961538461536 0.5036057692307693 0.016826923076923076 0.027644230769230768
0 0.6262019230769231 0.49399038461538464 0.021634615384615384 0.03485576923076923
0 0.6033653846153846 0.49158653846153844 0.021634615384615384 0.03125
0 0.5817307692307693 0.49158653846153844 0.019230769230769232 0.03245192307692308
0 0.5612980769230769 0.4879807692307692 0.019230769230769232 0.027644230769230768
0 0.6033653846153846 0.5600961538461539 0.019230769230769232 0.03125
0 0.4567307692307692 0.5685096153846154 0.020432692307692308 0.057692307692307696
0 0.8401442307692307 0.6899038461538461 0.0733173076923077 0.037259615384615384
0 0.45552884615384615 0.5132211538461539 0.020432692307692308 0.04927884615384615
0 0.28966346153846156 0.5240384615384616 0.01201923076923077 0.04447115384615385
0 0.2764423076923077 0.5216346153846154 0.014423076923076924 0.042067307692307696
0 0.26322115384615385 0.5180288461538461 0.013221153846153846 0.04326923076923077
0 0.33533653846153844 0.48677884615384615 0.015625 0.046875
0 0.3173076923076923 0.4831730769230769 0.018028846153846152 0.04326923076923077
0 0.30288461538461536 0.4831730769230769 0.013221153846153846 0.04326923076923077
0 0.28846153846153844 0.4807692307692308 0.013221153846153846 0.042067307692307696
0 0.27524038461538464 0.47596153846153844 0.013221153846153846 0.042067307692307696
0 0.2608173076923077 0.47596153846153844 0.013221153846153846 0.040865384615384616
0 0.3161057692307692 0.4375 0.015625 0.04567307692307692
0 0.3016826923076923 0.4375 0.015625 0.04447115384615385
0 0.2860576923076923 0.4338942307692308 0.01201923076923077 0.042067307692307696
0 0.27283653846153844 0.4338942307692308 0.013221153846153846 0.039663461538461536
0 0.25841346153846156 0.4326923076923077 0.013221153846153846 0.042067307692307696
0 0.33413461538461536 0.3918269230769231 0.014423076923076924 0.04567307692307692
0 0.31490384615384615 0.390625 0.016826923076923076 0.042067307692307696
0 0.29927884615384615 0.390625 0.013221153846153846 0.046875
0 0.2848557692307692 0.38822115384615385 0.015625 0.04447115384615385
0 0.2692307692307692 0.38822115384615385 0.010817307692307692 0.04326923076923077
0 0.25600961538461536 0.3870192307692308 0.015625 0.04447115384615385
0 0.33052884615384615 0.34134615384615385 0.014423076923076924 0.052884615384615384
0 0.3137019230769231 0.3425480769230769 0.015625 0.052884615384615384
0 0.296875 0.3425480769230769 0.014423076923076924 0.05048076923076923
0 0.2800480769230769 0.3425480769230769 0.015625 0.04807692307692308
0 0.265625 0.3425480769230769 0.01201923076923077 0.04567307692307692
0 0.2512019230769231 0.3425480769230769 0.013221153846153846 0.04567307692307692
0 0.43509615384615385 0.5649038461538461 0.021634615384615384 0.051682692307692304
0 0.30408653846153844 0.5276442307692307 0.01201923076923077 0.040865384615384616
0 0.31850961538461536 0.5336538461538461 0.013221153846153846 0.046875
0 0.3329326923076923 0.4411057692307692 0.015625 0.04326923076923077
0 0.43028846153846156 0.40024038461538464 0.021634615384615384 0.055288461538461536
0 0.35216346153846156 0.44471153846153844 0.015625 0.04807692307692308
0 0.390625 0.4495192307692308 0.019230769230769232 0.052884615384615384
0 0.4098557692307692 0.45072115384615385 0.016826923076923076 0.05048076923076923
0 0.3545673076923077 0.4951923076923077 0.019230769230769232 0.04927884615384615
0 0.3737980769230769 0.49759615384615385 0.014423076923076924 0.04447115384615385
0 0.39302884615384615 0.5024038461538461 0.019230769230769232 0.04807692307692308
0 0.4110576923076923 0.5036057692307693 0.016826923076923076 0.046875
0 0.3581730769230769 0.5432692307692307 0.019230769230769232 0.04807692307692308
0 0.3762019230769231 0.5456730769230769 0.014423076923076924 0.04927884615384615
0 0.3954326923076923 0.5528846153846154 0.019230769230769232 0.05048076923076923
0 0.41466346153846156 0.5564903846153846 0.019230769230769232 0.052884615384615384
0 0.42908653846153844 0.3401442307692308 0.02403846153846154 0.056490384615384616
0 0.4519230769230769 0.34134615384615385 0.020432692307692308 0.054086538461538464
0 0.4519230769230769 0.40024038461538464 0.021634615384615384 0.052884615384615384
0 0.43149038461538464 0.45552884615384615 0.020432692307692308 0.052884615384615384
0 0.4543269230769231 0.4567307692307692 0.019230769230769232 0.04927884615384615
0 0.4338942307692308 0.5108173076923077 0.020432692307692308 0.051682692307692304
0 0.4098557692307692 0.39663461538461536 0.016826923076923076 0.051682692307692304
0 0.3894230769230769 0.39783653846153844 0.019230769230769232 0.051682692307692304
0 0.3713942307692308 0.44711538461538464 0.015625 0.04447115384615385
0 0.35096153846153844 0.39302884615384615 0.014423076923076924 0.052884615384615384
0 0.40625 0.34134615384615385 0.019230769230769232 0.054086538461538464
0 0.3870192307692308 0.3425480769230769 0.020432692307692308 0.054086538461538464
0 0.33653846153846156 0.5348557692307693 0.015625 0.042067307692307696
0 0.3701923076923077 0.3954326923076923 0.014423076923076924 0.04927884615384615