0 0.9314903846153846 0.29086538461538464 0.020432692307692308 0.10096153846153846
0 0.9002403846153846 0.28365384615384615 0.040865384615384616 0.0889423076923077
0 0.8605769230769231 0.28365384615384615 0.036057692307692304 0.09014423076923077
0 0.8197115384615384 0.2860576923076923 0.03365384615384615 0.09495192307692307
0 0.7872596153846154 0.2824519230769231 0.03485576923076923 0.09014423076923077
0 0.75 0.2776442307692308 0.03365384615384615 0.09134615384615384
0 0.6646634615384616 0.2764423076923077 0.021634615384615384 0.07932692307692307
0 0.6911057692307693 0.2764423076923077 0.03245192307692308 0.08052884615384616
0 0.6430288461538461 0.27403846153846156 0.015625 0.08173076923076923
0 0.6189903846153846 0.27163461538461536 0.030048076923076924 0.07572115384615384
0 0.9615384615384616 0.296875 0.039663461538461536 0.10576923076923077
0 0.5901442307692307 0.2704326923076923 0.02403846153846154 0.08052884615384616
0 0.5661057692307693 0.26802884615384615 0.025240384615384616 0.07572115384615384
0 0.71875 0.27884615384615385 0.025240384615384616 0.08774038461538461
0 0.20192307692307693 0.3004807692307692 0.015625 0.05889423076923077
0 0.2764423076923077 0.3112980769230769 0.015625 0.05889423076923077
0 0.22716346153846154 0.30408653846153844 0.018028846153846152 0.055288461538461536
0 0.7403846153846154 0.39903846153846156 0.020432692307692308 0.11899038461538461
0 0.7163461538461539 0.39302884615384615 0.025240384615384616 0.10576923076923077
0 0.6899038461538461 0.3918269230769231 0.026442307692307692 0.10817307692307693
0 0.6201923076923077 0.3762019230769231 0.037259615384615384 0.10096153846153846
0 0.5120192307692307 0.3557692307692308 0.036057692307692304 0.08774038461538461
0 0.3870192307692308 0.33413461538461536 0.02283653846153846 0.06971153846153846
0 0.21394230769230768 0.30288461538461536 0.009615384615384616 0.052884615384615384
0 0.36658653846153844 0.3317307692307692 0.018028846153846152 0.07451923076923077
0 0.3173076923076923 0.32091346153846156 0.01201923076923077 0.05889423076923077
0 0.2980769230769231 0.3173076923076923 0.008413461538461538 0.06129807692307692
0 0.28846153846153844 0.3161057692307692 0.008413461538461538 0.06610576923076923
0 0.5456730769230769 0.2692307692307692 0.014423076923076924 0.0733173076923077
0 0.26322115384615385 0.31009615384615385 0.013221153846153846 0.0625
0 0.24278846153846154 0.30288461538461536 0.009615384615384616 0.057692307692307696
0 0.3401442307692308 0.3269230769230769 0.021634615384615384 0.056490384615384616
0 0.46153846153846156 0.2608173076923077 0.010817307692307692 0.06850961538461539
0 0.40024038461538464 0.25600961538461536 0.009615384615384616 0.06370192307692307
0 0.5024038461538461 0.2644230769230769 0.018028846153846152 0.0733173076923077
0 0.08173076923076923 0.2764423076923077 0.015625 0.04567307692307692
0 0.0985576923076923 0.27884615384615385 0.020432692307692308 0.04927884615384615
0 0.1310096153846154 0.28365384615384615 0.018028846153846152 0.04927884615384615
0 0.14423076923076922 0.2848557692307692 0.010817307692307692 0.046875
0 0.15504807692307693 0.28725961538461536 0.01201923076923077 0.052884615384615384
0 0.16826923076923078 0.28966346153846156 0.014423076923076924 0.04807692307692308
0 0.18509615384615385 0.2956730769230769 0.016826923076923076 0.054086538461538464
0 0.24278846153846154 0.23798076923076922 0.025240384615384616 0.05048076923076923
0 0.2668269230769231 0.2403846153846154 0.020432692307692308 0.04807692307692308
0 0.33052884615384615 0.24158653846153846 0.014423076923076924 0.051682692307692304
0 0.3449519230769231 0.24278846153846154 0.013221153846153846 0.04927884615384615
0 0.35697115384615385 0.2403846153846154 0.009615384615384616 0.04447115384615385
0 0.4326923076923077 0.25600961538461536 0.014423076923076924 0.0625
0 0.36538461538461536 0.24519230769230768 0.009615384615384616 0.04807692307692308
0 0.3798076923076923 0.24759615384615385 0.01201923076923077 0.055288461538461536
0 0.3894230769230769 0.25 0.009615384615384616 0.051682692307692304
0 0.31009615384615385 0.421875 0.019230769230769232 0.030048076923076924
0 0.5252403846153846 0.265625 0.027644230769230768 0.06850961538461539
0 0.41586538461538464 0.25600961538461536 0.018028846153846152 0.0625
0 0.17307692307692307 0.390625 0.020432692307692308 0.027644230769230768
0 0.20552884615384615 0.40865384615384615 0.015625 0.030048076923076924
0 0.22596153846153846 0.4098557692307692 0.02283653846153846 0.026442307692307692
0 0.2668269230769231 0.3737980769230769 0.018028846153846152 0.037259615384615384
0 0.4807692307692308 0.2608173076923077 0.027644230769230768 0.0673076923076923
0 0.28846153846153844 0.3762019230769231 0.020432692307692308 0.03365384615384615
0 0.15144230769230768 0.40865384615384615 0.014423076923076924 0.02283653846153846
0 0.1622596153846154 0.41466346153846156 0.009615384615384616 0.021634615384615384
0 0.1778846153846154 0.4182692307692308 0.01201923076923077 0.021634615384615384
0 0.25841346153846156 0.4266826923076923 0.021634615384615384 0.030048076923076924
0 0.27163461538461536 0.4050480769230769 0.014423076923076924 0.02403846153846154
0 0.28846153846153844 0.40865384615384615 0.016826923076923076 0.03245192307692308
0 0.328125 0.390625 0.026442307692307692 0.037259615384615384
0 0.44711538461538464 0.25721153846153844 0.016826923076923076 0.0625
0 0.7668269230769231 0.4050480769230769 0.03485576923076923 0.1045673076923077
0 0.5504807692307693 0.5913461538461539 0.03485576923076923 0.039663461538461536
0 0.48677884615384615 0.5576923076923077 0.02283653846153846 0.036057692307692304
0 0.6274038461538461 0.7139423076923077 0.038461538461538464 0.04326923076923077
0 0.3161057692307692 0.5444711538461539 0.019230769230769232 0.027644230769230768
0 0.2920673076923077 0.47115384615384615 0.015625 0.028846153846153848
0 0.29447115384615385 0.5012019230769231 0.013221153846153846 0.027644230769230768
0 0.2980769230769231 0.53125 0.016826923076923076 0.026442307692307692
0 0.27524038461538464 0.4651442307692308 0.016826923076923076 0.03125
0 0.2764423076923077 0.4326923076923077 0.01201923076923077 0.02403846153846154
0 0.2776442307692308 0.49399038461538464 0.013221153846153846 0.02283653846153846
0 0.27884615384615385 0.5216346153846154 0.014423076923076924 0.026442307692307692
0 0.5168269230769231 0.5721153846153846 0.036057692307692304 0.03125
0 0.24879807692307693 0.4735576923076923 0.016826923076923076 0.028846153846153848
0 0.21394230769230768 0.46153846153846156 0.013221153846153846 0.025240384615384616
0 0.21394230769230768 0.43509615384615385 0.014423076923076924 0.021634615384615384
0 0.21995192307692307 0.49278846153846156 0.015625 0.03245192307692308
0 0.234375 0.4423076923076923 0.018028846153846152 0.02403846153846154
0 0.19230769230769232 0.4266826923076923 0.013221153846153846 0.020432692307692308
0 0.1935096153846154 0.4495192307692308 0.009615384615384616 0.020432692307692308
0 0.19230769230769232 0.47475961538461536 0.014423076923076924 0.020432692307692308
0 0.1778846153846154 0.46634615384615385 0.01201923076923077 0.02403846153846154
0 0.1778846153846154 0.4411057692307692 0.014423076923076924 0.020432692307692308
0 0.5853365384615384 0.6923076923076923 0.03365384615384615 0.04326923076923077
0 0.24879807692307693 0.5036057692307693 0.016826923076923076 0.027644230769230768
0 0.5492788461538461 0.6706730769230769 0.037259615384615384 0.038461538461538464
0 0.4879807692307692 0.5985576923076923 0.027644230769230768 0.027644230769230768
0 0.5180288461538461 0.6069711538461539 0.02283653846153846 0.03485576923076923
0 0.33653846153846156 0.5528846153846154 0.019230769230769232 0.03485576923076923
0 0.3329326923076923 0.5204326923076923 0.018028846153846152 0.030048076923076924
0 0.3329326923076923 0.49158653846153844 0.02283653846153846 0.028846153846153848
0 0.35697115384615385 0.5637019230769231 0.019230769230769232 0.030048076923076924
0 0.3557692307692308 0.5324519230769231 0.02283653846153846 0.030048076923076924
0 0.16105769230769232 0.359375 0.015625 0.02283653846153846
0 0.35336538461538464 0.4987980769230769 0.015625 0.03125
0 0.3786057692307692 0.5721153846153846 0.019230769230769232 0.03125
0 0.3786057692307692 0.4375 0.02403846153846154 0.036057692307692304
0 0.37740384615384615 0.5396634615384616 0.020432692307692308 0.03125
0 0.31490384615384615 0.5132211538461539 0.016826923076923076 0.03245192307692308
0 0.3762019230769231 0.5084134615384616 0.02403846153846154 0.03125
0 0.4026442307692308 0.5504807692307693 0.026442307692307692 0.03365384615384615
0 0.4014423076923077 0.5168269230769231 0.02403846153846154 0.028846153846153848
0 0.42908653846153844 0.5985576923076923 0.02283653846153846 0.036057692307692304
0 0.42788461538461536 0.5612980769230769 0.021634615384615384 0.03245192307692308
0 0.42788461538461536 0.5264423076923077 0.019230769230769232 0.03245192307692308
0 0.4567307692307692 0.6141826923076923 0.025240384615384616 0.038461538461538464
0 0.45552884615384615 0.5757211538461539 0.028846153846153848 0.03485576923076923
0 0.4543269230769231 0.5384615384615384 0.03365384615384615 0.030048076923076924
0 0.515625 0.6466346153846154 0.02283653846153846 0.039663461538461536
0 0.4855769230769231 0.6322115384615384 0.027644230769230768 0.03485576923076923
0 0.4026442307692308 0.5877403846153846 0.021634615384615384 0.036057692307692304
0 0.3112980769230769 0.4807692307692308 0.018028846153846152 0.03125
0 0.6274038461538461 0.6694711538461539 0.036057692307692304 0.04326923076923077
0 0.546875 0.6310096153846154 0.03485576923076923 0.03365384615384615
0 0.7355769230769231 0.6105769230769231 0.051682692307692304 0.05048076923076923
0 0.6850961538461539 0.5889423076923077 0.046875 0.05048076923076923
0 0.6334134615384616 0.5745192307692307 0.042067307692307696 0.04927884615384615
0 0.5913461538461539 0.5588942307692307 0.040865384615384616 0.04927884615384615
0 0.5528846153846154 0.546875 0.030048076923076924 0.04326923076923077
0 0.5180288461538461 0.53125 0.028846153846153848 0.040865384615384616
0 0.4891826923076923 0.5192307692307693 0.021634615384615384 0.037259615384615384
0 0.45552884615384615 0.5024038461538461 0.020432692307692308 0.037259615384615384
0 0.43149038461538464 0.49158653846153844 0.02283653846153846 0.036057692307692304
0 0.5865384615384616 0.6502403846153846 0.03125 0.037259615384615384
0 0.40625 0.4807692307692308 0.02403846153846154 0.038461538461538464
0 0.3545673076923077 0.46634615384615385 0.019230769230769232 0.03365384615384615
0 0.33413461538461536 0.45913461538461536 0.020432692307692308 0.03245192307692308
0 0.3137019230769231 0.45072115384615385 0.016826923076923076 0.027644230769230768
0 0.29086538461538464 0.4411057692307692 0.015625 0.03125
0 0.9459134615384616 0.5637019230769231 0.06850961538461539 0.0733173076923077
0 0.8725961538461539 0.6009615384615384 0.0673076923076923 0.06490384615384616
0 0.8040865384615384 0.5793269230769231 0.06009615384615385 0.05889423076923077
0 0.7427884615384616 0.5540865384615384 0.051682692307692304 0.05889423076923077
0 0.8064903846153846 0.5192307692307693 0.07572115384615384 0.054086538461538464
0 0.37740384615384615 0.4735576923076923 0.021634615384615384 0.03365384615384615
0 0.4831730769230769 0.47716346153846156 0.036057692307692304 0.046875
0 0.35336538461538464 0.43028846153846156 0.016826923076923076 0.037259615384615384
0 0.7944711538461539 0.6346153846153846 0.06370192307692307 0.04927884615384615
0 0.6310096153846154 0.6225961538461539 0.042067307692307696 0.04326923076923077
0 0.5865384615384616 0.6069711538461539 0.03485576923076923 0.042067307692307696
0 0.33653846153846156 0.42788461538461536 0.015625 0.03245192307692308
0 0.6742788461538461 0.7403846153846154 0.046875 0.042067307692307696
0 0.6754807692307693 0.6899038461538461 0.04927884615384615 0.04567307692307692
0 0.6814903846153846 0.640625 0.046875 0.046875
0 0.7283653846153846 0.7620192307692307 0.054086538461538464 0.04326923076923077
0 0.7295673076923077 0.7151442307692307 0.051682692307692304 0.04807692307692308
0 0.7283653846153846 0.6634615384615384 0.04807692307692308 0.055288461538461536
0 0.7848557692307693 0.7932692307692307 0.054086538461538464 0.046875
0 0.7896634615384616 0.7475961538461539 0.06009615384615385 0.042067307692307696
0 0.7884615384615384 0.6911057692307693 0.06009615384615385 0.05889423076923077
0 0.8461538461538461 0.8269230769230769 0.0625 0.06129807692307692
0 0.8545673076923077 0.7680288461538461 0.06850961538461539 0.051682692307692304
0 0.859375 0.7139423076923077 0.06850961538461539 0.051682692307692304
0 0.9242788461538461 0.8581730769230769 0.08653846153846154 0.054086538461538464
0 0.9278846153846154 0.8028846153846154 0.078125 0.051682692307692304
0 0.9362980769230769 0.7451923076923077 0.078125 0.05889423076923077
0 0.9387019230769231 0.6862980769230769 0.07451923076923077 0.057692307692307696
0 0.9507211538461539 0.6286057692307693 0.07211538461538461 0.051682692307692304
0 0.8641826923076923 0.6586538461538461 0.06610576923076923 0.051682692307692304
0 0.5889423076923077 0.5072115384615384 0.042067307692307696 0.04447115384615385
0 0.5480769230769231 0.4951923076923077 0.03365384615384615 0.040865384615384616