0 0.49158653846153844 0.8016826923076923 0.06610576923076923 0.0985576923076923
0 0.7283653846153846 0.45913461538461536 0.12620192307692307 0.10817307692307693
0 0.7295673076923077 0.6021634615384616 0.06009615384615385 0.06971153846153846
0 0.7872596153846154 0.59375 0.04567307692307692 0.09134615384615384
0 0.27884615384615385 0.5697115384615384 0.036057692307692304 0.0733173076923077
0 0.24278846153846154 0.5612980769230769 0.028846153846153848 0.07091346153846154
0 0.13701923076923078 0.5612980769230769 0.046875 0.07451923076923077
0 0.09254807692307693 0.5697115384615384 0.026442307692307692 0.051682692307692304
0 0.06129807692307692 0.5564903846153846 0.027644230769230768 0.0829326923076923
0 0.8461538461538461 0.59375 0.057692307692307696 0.09014423076923077
0 0.921875 0.6009615384615384 0.05889423076923077 0.08774038461538461
0 0.9759615384615384 0.6045673076923077 0.04326923076923077 0.0889423076923077
0 0.9663461538461539 0.48677884615384615 0.06610576923076923 0.078125
0 0.890625 0.47836538461538464 0.06129807692307692 0.08653846153846154
0 0.8353365384615384 0.46033653846153844 0.04326923076923077 0.0829326923076923
0 0.5877403846153846 0.796875 0.0625 0.09014423076923077
0 0.6286057692307693 0.49038461538461536 0.036057692307692304 0.036057692307692304
0 0.5769230769230769 0.4879807692307692 0.042067307692307696 0.052884615384615384
0 0.5180288461538461 0.46274038461538464 0.06009615384615385 0.09375
0 0.4699519230769231 0.4675480769230769 0.03125 0.06971153846153846
0 0.4375 0.46153846153846156 0.030048076923076924 0.07451923076923077
0 0.39783653846153844 0.46634615384615385 0.036057692307692304 0.0733173076923077
0 0.36778846153846156 0.46274038461538464 0.019230769230769232 0.078125
0 0.6838942307692307 0.5913461538461539 0.030048076923076924 0.0889423076923077
0 0.7199519230769231 0.6923076923076923 0.054086538461538464 0.0733173076923077
0 0.6598557692307693 0.6911057692307693 0.04807692307692308 0.0829326923076923
0 0.32572115384615385 0.5733173076923077 0.05048076923076923 0.06971153846153846
0 0.2091346153846154 0.6622596153846154 0.04807692307692308 0.06129807692307692
0 0.16466346153846154 0.6658653846153846 0.038461538461538464 0.05048076923076923
0 0.125 0.6478365384615384 0.028846153846153848 0.06009615384615385
0 0.04567307692307692 0.6670673076923077 0.040865384615384616 0.04326923076923077
0 0.027644230769230768 0.625 0.039663461538461536 0.030048076923076924
0 0.0733173076923077 0.7596153846153846 0.057692307692307696 0.11658653846153846
0 0.14182692307692307 0.7548076923076923 0.04927884615384615 0.08533653846153846
0 0.19591346153846154 0.7668269230769231 0.04567307692307692 0.08533653846153846
0 0.2512019230769231 0.7668269230769231 0.05048076923076923 0.09134615384615384
0 0.30649038461538464 0.7632211538461539 0.046875 0.0733173076923077
0 0.3329326923076923 0.4567307692307692 0.03485576923076923 0.07692307692307693
0 0.3557692307692308 0.7776442307692307 0.046875 0.0733173076923077
0 0.4387019230769231 0.6802884615384616 0.040865384615384616 0.07091346153846154
0 0.484375 0.6838942307692307 0.036057692307692304 0.06129807692307692
0 0.5408653846153846 0.6887019230769231 0.055288461538461536 0.06850961538461539
0 0.6057692307692307 0.6911057692307693 0.05048076923076923 0.07692307692307693
0 0.6298076923076923 0.5877403846153846 0.036057692307692304 0.0829326923076923
0 0.5817307692307693 0.5877403846153846 0.04807692307692308 0.078125
0 0.5324519230769231 0.5853365384615384 0.04567307692307692 0.0733173076923077
0 0.48677884615384615 0.5841346153846154 0.04326923076923077 0.06971153846153846
0 0.4362980769230769 0.5889423076923077 0.039663461538461536 0.051682692307692304
0 0.3870192307692308 0.5841346153846154 0.057692307692307696 0.05889423076923077
0 0.421875 0.7896634615384616 0.056490384615384616 0.1045673076923077
0 0.27163461538461536 0.6706730769230769 0.05048076923076923 0.056490384615384616
0 0.29086538461538464 0.4579326923076923 0.03125 0.0733173076923077
0 0.21153846153846154 0.4543269230769231 0.038461538461538464 0.08533653846153846
0 0.42788461538461536 0.2091346153846154 0.05048076923076923 0.040865384615384616
0 0.03245192307692308 0.5504807692307693 0.027644230769230768 0.07932692307692307
0 0.009615384615384616 0.5516826923076923 0.018028846153846152 0.07932692307692307
0 0.9699519230769231 0.7127403846153846 0.055288461538461536 0.0889423076923077
0 0.9254807692307693 0.8425480769230769 0.05889423076923077 0.12139423076923077
0 0.9783653846153846 0.8305288461538461 0.042067307692307696 0.10216346153846154
0 0.8617788461538461 0.8389423076923077 0.06129807692307692 0.1045673076923077
0 0.6850961538461539 0.8028846153846154 0.06490384615384616 0.10096153846153846
0 0.7740384615384616 0.8161057692307693 0.09014423076923077 0.11298076923076923
0 0.7764423076923077 0.7079326923076923 0.052884615384615384 0.06490384615384616
0 0.8401442307692307 0.7019230769230769 0.054086538461538464 0.07211538461538461
0 0.90625 0.7115384615384616 0.056490384615384616 0.08413461538461539
0 0.3425480769230769 0.16826923076923078 0.10216346153846154 0.12139423076923077
0 0.33413461538461536 0.078125 0.1141826923076923 0.037259615384615384
0 0.26802884615384615 0.19110576923076922 0.039663461538461536 0.08173076923076923
0 0.21033653846153846 0.19230769230769232 0.04927884615384615 0.08413461538461539
0 0.13942307692307693 0.18629807692307693 0.06490384615384616 0.1045673076923077
0 0.0829326923076923 0.18269230769230768 0.036057692307692304 0.09615384615384616
0 0.040865384615384616 0.18509615384615385 0.04447115384615385 0.09975961538461539
0 0.2512019230769231 0.4579326923076923 0.038461538461538464 0.0829326923076923
0 0.5685096153846154 0.16706730769230768 0.0889423076923077 0.11899038461538461
0 0.4855769230769231 0.2091346153846154 0.057692307692307696 0.038461538461538464
0 0.7307692307692307 0.20552884615384615 0.05889423076923077 0.039663461538461536
0 0.17427884615384615 0.44350961538461536 0.03245192307692308 0.10216346153846154
0 0.13822115384615385 0.4423076923076923 0.027644230769230768 0.09975961538461539
0 0.10096153846153846 0.4567307692307692 0.03365384615384615 0.07572115384615384
0 0.03365384615384615 0.45072115384615385 0.04447115384615385 0.08052884615384616
0 0.02403846153846154 0.33052884615384615 0.037259615384615384 0.09134615384615384
0 0.06971153846153846 0.33653846153846156 0.025240384615384616 0.0829326923076923
0 0.10576923076923077 0.33653846153846156 0.039663461538461536 0.0829326923076923
0 0.6622596153846154 0.1658653846153846 0.07451923076923077 0.1201923076923077
0 0.20673076923076922 0.3389423076923077 0.026442307692307692 0.07692307692307693
0 0.3016826923076923 0.3173076923076923 0.15504807692307693 0.1201923076923077
0 0.1778846153846154 0.3401442307692308 0.02403846153846154 0.078125
0 0.5673076923076923 0.3173076923076923 0.10576923076923077 0.11778846153846154
0 0.6634615384615384 0.33413461538461536 0.04567307692307692 0.08653846153846154
0 0.7223557692307693 0.33413461538461536 0.06610576923076923 0.08774038461538461
0 0.7992788461538461 0.33533653846153844 0.0733173076923077 0.09615384615384616
0 0.8798076923076923 0.33533653846153844 0.06490384615384616 0.09254807692307693
0 0.9759615384615384 0.2127403846153846 0.04326923076923077 0.11298076923076923
0 0.9086538461538461 0.1814903846153846 0.04807692307692308 0.0889423076923077
0 0.8557692307692307 0.18389423076923078 0.042067307692307696 0.08653846153846154
0 0.796875 0.203125 0.06129807692307692 0.042067307692307696
0 0.44591346153846156 0.3173076923076923 0.10216346153846154 0.1141826923076923
0 0.38341346153846156 0.6790865384615384 0.04447115384615385 0.06129807692307692