0 0.4110576923076923 0.6730769230769231 0.027644230769230768 0.054086538461538464
0 0.3293269230769231 0.6959134615384616 0.03365384615384615 0.06370192307692307
0 0.2860576923076923 0.6947115384615384 0.03365384615384615 0.06850961538461539
0 0.25 0.6923076923076923 0.03125 0.0673076923076923
0 0.08774038461538461 0.7103365384615384 0.03125 0.05889423076923077
0 0.12259615384615384 0.7067307692307693 0.027644230769230768 0.06009615384615385
0 0.36778846153846156 0.6911057692307693 0.03365384615384615 0.06850961538461539
0 0.055288461538461536 0.7067307692307693 0.03245192307692308 0.06610576923076923
0 0.015625 0.7079326923076923 0.030048076923076924 0.06850961538461539
0 0.9915865384615384 0.5961538461538461 0.015625 0.05889423076923077
0 0.19230769230769232 0.6862980769230769 0.05048076923076923 0.09134615384615384
0 0.453125 0.7007211538461539 0.026442307692307692 0.06971153846153846
0 0.640625 0.6995192307692307 0.02403846153846154 0.0625
0 0.5084134615384616 0.7007211538461539 0.036057692307692304 0.06490384615384616
0 0.5444711538461539 0.7019230769230769 0.02403846153846154 0.06850961538461539
0 0.6081730769230769 0.7019230769230769 0.02283653846153846 0.07211538461538461
0 0.6706730769230769 0.7007211538461539 0.03245192307692308 0.06610576923076923
0 0.7019230769230769 0.6995192307692307 0.027644230769230768 0.0673076923076923
0 0.7307692307692307 0.7019230769230769 0.021634615384615384 0.06129807692307692
0 0.7644230769230769 0.7007211538461539 0.026442307692307692 0.06610576923076923
0 0.8521634615384616 0.7163461538461539 0.036057692307692304 0.057692307692307696
0 0.8894230769230769 0.71875 0.036057692307692304 0.05889423076923077
0 0.9242788461538461 0.7199519230769231 0.03365384615384615 0.055288461538461536
0 0.9819711538461539 0.7223557692307693 0.03485576923076923 0.06490384615384616
0 0.9651442307692307 0.5949519230769231 0.025240384615384616 0.06370192307692307
0 0.4807692307692308 0.6983173076923077 0.016826923076923076 0.06850961538461539
0 0.8161057692307693 0.71875 0.03485576923076923 0.054086538461538464
0 0.5793269230769231 0.703125 0.03125 0.07091346153846154
0 0.6694711538461539 0.203125 0.028846153846153848 0.08173076923076923
0 0.8918269230769231 0.5108173076923077 0.03365384615384615 0.06490384615384616
0 0.8581730769230769 0.5108173076923077 0.03245192307692308 0.06971153846153846
0 0.8209134615384616 0.5096153846153846 0.03485576923076923 0.06971153846153846
0 0.7800480769230769 0.5096153846153846 0.03365384615384615 0.06971153846153846
0 0.7403846153846154 0.5048076923076923 0.03125 0.06370192307692307
0 0.7043269230769231 0.5060096153846154 0.03245192307692308 0.06850961538461539
0 0.6706730769230769 0.5060096153846154 0.03245192307692308 0.06850961538461539
0 0.6370192307692307 0.5048076923076923 0.03125 0.06370192307692307
0 0.3870192307692308 0.4987980769230769 0.03245192307692308 0.0625
0 0.34975961538461536 0.5 0.03485576923076923 0.06129807692307692
0 0.3125 0.5012019230769231 0.03365384615384615 0.06009615384615385
0 0.27283653846153844 0.4987980769230769 0.03125 0.06370192307692307
0 0.23557692307692307 0.4987980769230769 0.03365384615384615 0.0625
0 0.9290865384615384 0.5120192307692307 0.027644230769230768 0.0625
0 0.1971153846153846 0.4951923076923077 0.03485576923076923 0.06129807692307692
0 0.11538461538461539 0.4651442307692308 0.03365384615384615 0.07091346153846154
0 0.0733173076923077 0.46274038461538464 0.040865384615384616 0.07091346153846154
0 0.03125 0.46153846153846156 0.038461538461538464 0.07091346153846154
0 0.9783653846153846 0.43149038461538464 0.026442307692307692 0.057692307692307696
0 0.9519230769230769 0.43149038461538464 0.025240384615384616 0.06009615384615385
0 0.921875 0.4254807692307692 0.03245192307692308 0.06490384615384616
0 0.8930288461538461 0.4254807692307692 0.025240384615384616 0.0673076923076923
0 0.8653846153846154 0.421875 0.026442307692307692 0.07211538461538461
0 0.8329326923076923 0.4206730769230769 0.036057692307692304 0.06971153846153846
0 0.7908653846153846 0.4206730769230769 0.037259615384615384 0.07211538461538461
0 0.7524038461538461 0.4170673076923077 0.03365384615384615 0.06610576923076923
0 0.7151442307692307 0.4170673076923077 0.028846153846153848 0.06971153846153846
0 0.6778846153846154 0.41466346153846156 0.03245192307692308 0.07091346153846154
0 0.15985576923076922 0.4963942307692308 0.039663461538461536 0.06610576923076923
0 0.9627403846153846 0.5120192307692307 0.025240384615384616 0.06009615384615385
0 0.013221153846153846 0.5877403846153846 0.025240384615384616 0.07091346153846154
0 0.042067307692307696 0.5853365384615384 0.03125 0.06490384615384616
0 0.18389423076923078 0.1778846153846154 0.04927884615384615 0.0889423076923077
0 0.09615384615384616 0.19110576923076922 0.03365384615384615 0.09014423076923077
0 0.056490384615384616 0.18870192307692307 0.036057692307692304 0.09254807692307693
0 0.018028846153846152 0.18870192307692307 0.036057692307692304 0.0985576923076923
0 0.9350961538461539 0.59375 0.026442307692307692 0.06490384615384616
0 0.9014423076923077 0.5961538461538461 0.027644230769230768 0.0625
0 0.8665865384615384 0.59375 0.030048076923076924 0.0625
0 0.8317307692307693 0.5913461538461539 0.03365384615384615 0.06009615384615385
0 0.7980769230769231 0.5889423076923077 0.030048076923076924 0.05889423076923077
0 0.7644230769230769 0.5889423076923077 0.03125 0.0625
0 0.7283653846153846 0.5901442307692307 0.03125 0.06370192307692307
0 0.6923076923076923 0.5889423076923077 0.027644230769230768 0.06490384615384616
0 0.6586538461538461 0.5901442307692307 0.026442307692307692 0.0625
0 0.6237980769230769 0.5889423076923077 0.026442307692307692 0.05889423076923077
0 0.5949519230769231 0.5889423076923077 0.028846153846153848 0.06610576923076923
0 0.5588942307692307 0.5901442307692307 0.03365384615384615 0.0673076923076923
0 0.5240384615384616 0.5889423076923077 0.03125 0.06129807692307692
0 0.4891826923076923 0.5865384615384616 0.030048076923076924 0.06490384615384616
0 0.453125 0.5853365384615384 0.030048076923076924 0.06370192307692307
0 0.4182692307692308 0.5889423076923077 0.02283653846153846 0.056490384615384616
0 0.38100961538461536 0.5889423076923077 0.030048076923076924 0.06490384615384616
0 0.34615384615384615 0.5853365384615384 0.03245192307692308 0.06490384615384616
0 0.31009615384615385 0.5877403846153846 0.03365384615384615 0.06610576923076923
0 0.27283653846153844 0.5853365384615384 0.038461538461538464 0.06850961538461539
0 0.234375 0.5841346153846154 0.030048076923076924 0.07091346153846154
0 0.19951923076923078 0.5829326923076923 0.037259615384615384 0.06490384615384616
0 0.15985576923076922 0.5829326923076923 0.030048076923076924 0.06850961538461539
0 0.11899038461538461 0.5829326923076923 0.03245192307692308 0.06610576923076923
0 0.07932692307692307 0.5841346153846154 0.039663461538461536 0.05889423076923077
0 0.6430288461538461 0.4170673076923077 0.03485576923076923 0.06971153846153846
0 0.6069711538461539 0.41586538461538464 0.03365384615384615 0.06971153846153846
0 0.6009615384615384 0.5024038461538461 0.036057692307692304 0.06490384615384616
0 0.5348557692307693 0.41466346153846156 0.028846153846153848 0.06850961538461539
0 0.2283653846153846 0.2956730769230769 0.037259615384615384 0.078125
0 0.18870192307692307 0.296875 0.03125 0.07692307692307693
0 0.14903846153846154 0.29447115384615385 0.042067307692307696 0.07572115384615384
0 0.10576923076923077 0.33052884615384615 0.037259615384615384 0.09495192307692307
0 0.06129807692307692 0.3293269230769231 0.042067307692307696 0.09014423076923077
0 0.021634615384615384 0.3317307692307692 0.038461538461538464 0.09735576923076923
0 0.9879807692307693 0.21754807692307693 0.02283653846153846 0.0733173076923077
0 0.9543269230769231 0.21514423076923078 0.026442307692307692 0.0829326923076923
0 0.921875 0.2127403846153846 0.027644230769230768 0.0829326923076923
0 0.8894230769230769 0.2091346153846154 0.025240384615384616 0.078125
0 0.8557692307692307 0.20793269230769232 0.027644230769230768 0.08173076923076923
0 0.7800480769230769 0.203125 0.03365384615384615 0.07451923076923077
0 0.7451923076923077 0.20552884615384615 0.03245192307692308 0.07572115384615384
0 0.7067307692307693 0.20072115384615385 0.03245192307692308 0.07692307692307693
0 0.6274038461538461 0.19831730769230768 0.03365384615384615 0.08052884615384616
0 0.5889423076923077 0.19951923076923078 0.03245192307692308 0.0829326923076923
0 0.5528846153846154 0.1935096153846154 0.03125 0.09254807692307693
0 0.5132211538461539 0.19591346153846154 0.03485576923076923 0.07451923076923077
0 0.4723557692307692 0.1935096153846154 0.03125 0.07692307692307693
0 0.5721153846153846 0.4170673076923077 0.03365384615384615 0.06850961538461539
0 0.39302884615384615 0.18629807692307693 0.036057692307692304 0.07692307692307693
0 0.35697115384615385 0.18629807692307693 0.030048076923076924 0.08052884615384616
0 0.3112980769230769 0.18509615384615385 0.040865384615384616 0.08052884615384616
0 0.27403846153846156 0.18509615384615385 0.036057692307692304 0.08052884615384616
0 0.23076923076923078 0.1814903846153846 0.039663461538461536 0.07932692307692307
0 0.2668269230769231 0.296875 0.03365384615384615 0.07692307692307693
0 0.30649038461538464 0.29927884615384615 0.039663461538461536 0.078125
0 0.4338942307692308 0.19110576923076922 0.036057692307692304 0.07572115384615384
0 0.4639423076923077 0.30649038461538464 0.038461538461538464 0.07211538461538461
0 0.3473557692307692 0.30288461538461536 0.040865384615384616 0.07451923076923077
0 0.4963942307692308 0.41225961538461536 0.03485576923076923 0.07091346153846154
0 0.45913461538461536 0.4098557692307692 0.03365384615384615 0.07211538461538461
0 0.4230769230769231 0.4110576923076923 0.03365384615384615 0.07091346153846154
0 0.38461538461538464 0.4098557692307692 0.03485576923076923 0.0733173076923077
0 0.31009615384615385 0.40865384615384615 0.037259615384615384 0.07692307692307693
0 0.27163461538461536 0.40865384615384615 0.036057692307692304 0.06971153846153846
0 0.23317307692307693 0.4050480769230769 0.03485576923076923 0.07091346153846154
0 0.19471153846153846 0.40384615384615385 0.037259615384615384 0.07091346153846154
0 0.15384615384615385 0.40384615384615385 0.037259615384615384 0.07091346153846154
0 0.9807692307692307 0.3269230769230769 0.026442307692307692 0.055288461538461536
0 0.9519230769230769 0.328125 0.021634615384615384 0.06129807692307692
0 0.921875 0.328125 0.028846153846153848 0.06009615384615385
0 0.8930288461538461 0.328125 0.028846153846153848 0.06009615384615385
0 0.3473557692307692 0.4098557692307692 0.036057692307692304 0.06971153846153846
0 0.8269230769230769 0.32572115384615385 0.036057692307692304 0.06610576923076923
0 0.7872596153846154 0.31971153846153844 0.03365384615384615 0.07572115384615384
0 0.5012019230769231 0.30528846153846156 0.03485576923076923 0.0733173076923077
0 0.8617788461538461 0.3269230769230769 0.028846153846153848 0.06129807692307692
0 0.7283653846153846 0.3161057692307692 0.036057692307692304 0.06850961538461539
0 0.6875 0.31490384615384615 0.03125 0.06971153846153846
0 0.6478365384615384 0.31490384615384615 0.03485576923076923 0.0733173076923077
0 0.5396634615384616 0.31009615384615385 0.036057692307692304 0.07091346153846154
0 0.6129807692307693 0.3125 0.03245192307692308 0.0733173076923077
0 0.5757211538461539 0.3088942307692308 0.03485576923076923 0.07572115384615384