0 0.27403846153846156 0.6538461538461539 0.06490384615384616 0.051682692307692304
0 0.33533653846153844 0.65625 0.04326923076923077 0.037259615384615384
0 0.33533653846153844 0.6899038461538461 0.052884615384615384 0.030048076923076924
0 0.34134615384615385 0.6177884615384616 0.03125 0.03245192307692308
0 0.27403846153846156 0.6959134615384616 0.06610576923076923 0.028846153846153848
0 0.20673076923076922 0.6959134615384616 0.06610576923076923 0.028846153846153848
0 0.057692307692307696 0.6935096153846154 0.04326923076923077 0.03125
0 0.1971153846153846 0.6081730769230769 0.06129807692307692 0.03245192307692308
0 0.15264423076923078 0.5769230769230769 0.026442307692307692 0.021634615384615384
0 0.018028846153846152 0.6959134615384616 0.03365384615384615 0.027644230769230768
0 0.3870192307692308 0.6418269230769231 0.056490384615384616 0.04567307692307692
0 0.014423076923076924 0.6538461538461539 0.027644230769230768 0.055288461538461536
0 0.203125 0.6598557692307693 0.06610576923076923 0.037259615384615384
0 0.3894230769230769 0.6850961538461539 0.052884615384615384 0.03485576923076923
0 0.5733173076923077 0.6430288461538461 0.057692307692307696 0.04447115384615385
0 0.44711538461538464 0.6850961538461539 0.055288461538461536 0.03485576923076923
0 0.5096153846153846 0.6454326923076923 0.052884615384615384 0.04447115384615385
0 0.5036057692307693 0.6838942307692307 0.05048076923076923 0.03125
0 0.5625 0.6850961538461539 0.052884615384615384 0.038461538461538464
0 0.09495192307692307 0.7271634615384616 0.03365384615384615 0.025240384615384616
0 0.038461538461538464 0.7692307692307693 0.037259615384615384 0.05048076923076923
0 0.042067307692307696 0.8088942307692307 0.042067307692307696 0.026442307692307692
0 0.08173076923076923 0.7752403846153846 0.039663461538461536 0.03485576923076923
0 0.08173076923076923 0.8112980769230769 0.03485576923076923 0.03125
0 0.12139423076923077 0.7824519230769231 0.037259615384615384 0.03245192307692308
0 0.12860576923076922 0.8125 0.03485576923076923 0.03125
0 0.13581730769230768 0.7295673076923077 0.03365384615384615 0.027644230769230768
0 0.4483173076923077 0.6430288461538461 0.06129807692307692 0.04447115384615385
0 0.6478365384615384 0.5733173076923077 0.07091346153846154 0.06971153846153846
0 0.09975961538461539 0.6911057692307693 0.038461538461538464 0.036057692307692304
0 0.7247596153846154 0.578125 0.07451923076923077 0.04447115384615385
0 0.04927884615384615 0.7271634615384616 0.036057692307692304 0.02403846153846154
0 0.05048076923076923 0.6610576923076923 0.039663461538461536 0.03125
0 0.14903846153846154 0.6935096153846154 0.042067307692307696 0.026442307692307692
0 0.14182692307692307 0.6598557692307693 0.04326923076923077 0.039663461538461536
0 0.09254807692307693 0.6298076923076923 0.04447115384615385 0.054086538461538464
0 0.027644230769230768 0.5925480769230769 0.051682692307692304 0.05048076923076923
0 0.5625 0.5408653846153846 0.05889423076923077 0.052884615384615384
0 0.5853365384615384 0.48197115384615385 0.056490384615384616 0.06610576923076923
0 0.5348557692307693 0.47115384615384615 0.038461538461538464 0.04567307692307692
0 0.5036057692307693 0.53125 0.055288461538461536 0.0625
0 0.44471153846153844 0.5300480769230769 0.057692307692307696 0.0625
0 0.3088942307692308 0.5252403846153846 0.06490384615384616 0.06971153846153846
0 0.23197115384615385 0.4483173076923077 0.09375 0.039663461538461536
0 0.21995192307692307 0.49759615384615385 0.08774038461538461 0.051682692307692304
0 0.21754807692307693 0.546875 0.09014423076923077 0.036057692307692304
0 0.12860576923076922 0.5456730769230769 0.07932692307692307 0.037259615384615384
0 0.12620192307692307 0.5012019230769231 0.08774038461538461 0.051682692307692304
0 0.015625 0.5480769230769231 0.030048076923076924 0.036057692307692304
0 0.06009615384615385 0.5480769230769231 0.055288461538461536 0.037259615384615384
0 0.052884615384615384 0.5024038461538461 0.055288461538461536 0.046875
0 0.01201923076923077 0.5036057692307693 0.02403846153846154 0.042067307692307696
0 0.9807692307692307 0.5588942307692307 0.03365384615384615 0.08413461538461539
0 0.9002403846153846 0.6298076923076923 0.08774038461538461 0.04807692307692308
0 0.9050480769230769 0.5757211538461539 0.08413461538461539 0.055288461538461536
0 0.8064903846153846 0.6346153846153846 0.09495192307692307 0.04567307692307692
0 0.8100961538461539 0.5817307692307693 0.09134615384615384 0.05889423076923077
0 0.7211538461538461 0.6310096153846154 0.06850961538461539 0.04927884615384615
0 0.6466346153846154 0.6334134615384616 0.06610576923076923 0.046875
0 0.17668269230769232 0.7728365384615384 0.06009615384615385 0.05048076923076923
0 0.7451923076923077 0.8978365384615384 0.078125 0.06490384615384616
0 0.24278846153846154 0.7692307692307693 0.056490384615384616 0.05889423076923077
0 0.040865384615384616 0.9170673076923077 0.042067307692307696 0.03245192307692308
0 0.0829326923076923 0.9158653846153846 0.037259615384615384 0.03245192307692308
0 0.125 0.9158653846153846 0.040865384615384616 0.030048076923076924
0 0.17668269230769232 0.8954326923076923 0.06129807692307692 0.0673076923076923
0 0.23798076923076922 0.8954326923076923 0.056490384615384616 0.0673076923076923
0 0.3004807692307692 0.8834134615384616 0.056490384615384616 0.037259615384615384
0 0.30288461538461536 0.9170673076923077 0.055288461538461536 0.028846153846153848
0 0.359375 0.875 0.054086538461538464 0.038461538461538464
0 0.359375 0.9110576923076923 0.056490384615384616 0.03245192307692308
0 0.41586538461538464 0.9110576923076923 0.052884615384615384 0.042067307692307696
0 0.41947115384615385 0.8569711538461539 0.04447115384615385 0.03245192307692308
0 0.47596153846153844 0.90625 0.057692307692307696 0.04927884615384615
0 0.4735576923076923 0.859375 0.04807692307692308 0.027644230769230768
0 0.5192307692307693 0.9050480769230769 0.027644230769230768 0.04927884615384615
0 0.515625 0.8485576923076923 0.027644230769230768 0.037259615384615384
0 0.5552884615384616 0.9026442307692307 0.030048076923076924 0.06009615384615385
0 0.546875 0.8545673076923077 0.027644230769230768 0.03365384615384615
0 0.5757211538461539 0.8449519230769231 0.026442307692307692 0.03365384615384615
0 0.5853365384615384 0.8942307692307693 0.02403846153846154 0.06009615384615385
0 0.6574519230769231 0.890625 0.08173076923076923 0.07091346153846154
0 0.6430288461538461 0.8413461538461539 0.07692307692307693 0.027644230769230768
0 0.8257211538461539 0.8954326923076923 0.07932692307692307 0.06129807692307692
0 0.8221153846153846 0.8449519230769231 0.07692307692307693 0.037259615384615384
0 0.8942307692307693 0.8545673076923077 0.055288461538461536 0.052884615384615384
0 0.890625 0.9038461538461539 0.04927884615384615 0.042067307692307696
0 0.9603365384615384 0.8497596153846154 0.054086538461538464 0.051682692307692304
0 0.953125 0.8990384615384616 0.051682692307692304 0.042067307692307696
0 0.11658653846153846 0.8834134615384616 0.04326923076923077 0.03125
0 0.1814903846153846 0.8112980769230769 0.057692307692307696 0.014423076923076924
0 0.0733173076923077 0.8834134615384616 0.040865384615384616 0.03365384615384615
0 0.03125 0.8834134615384616 0.042067307692307696 0.036057692307692304
0 0.24278846153846154 0.8149038461538461 0.054086538461538464 0.030048076923076924
0 0.2980769230769231 0.8064903846153846 0.051682692307692304 0.038461538461538464
0 0.35336538461538464 0.8052884615384616 0.054086538461538464 0.037259615384615384
0 0.40865384615384615 0.8064903846153846 0.055288461538461536 0.037259615384615384
0 0.30528846153846156 0.7427884615384616 0.04927884615384615 0.03485576923076923
0 0.359375 0.7427884615384616 0.054086538461538464 0.03365384615384615
0 0.4182692307692308 0.7439903846153846 0.057692307692307696 0.03245192307692308
0 0.4182692307692308 0.7151442307692307 0.05889423076923077 0.016826923076923076
0 0.3629807692307692 0.7151442307692307 0.05048076923076923 0.014423076923076924
0 0.3076923076923077 0.7199519230769231 0.051682692307692304 0.013221153846153846
0 0.2764423076923077 0.6129807692307693 0.05889423076923077 0.027644230769230768
0 0.29086538461538464 0.5841346153846154 0.055288461538461536 0.02403846153846154
0 0.6310096153846154 0.7608173076923077 0.042067307692307696 0.056490384615384616
0 0.6694711538461539 0.7608173076923077 0.03485576923076923 0.051682692307692304
0 0.7079326923076923 0.7596153846153846 0.037259615384615384 0.05048076923076923
0 0.7487980769230769 0.7668269230769231 0.037259615384615384 0.054086538461538464
0 0.7920673076923077 0.7716346153846154 0.04326923076923077 0.04447115384615385
0 0.8329326923076923 0.7692307692307693 0.037259615384615384 0.046875
0 0.875 0.7451923076923077 0.04447115384615385 0.0673076923076923
0 0.9326923076923077 0.7487980769230769 0.06009615384615385 0.13822115384615385
0 0.8774038461538461 0.8016826923076923 0.04567307692307692 0.040865384615384616
0 0.6274038461538461 0.8088942307692307 0.03365384615384615 0.036057692307692304
0 0.6610576923076923 0.8064903846153846 0.03245192307692308 0.03365384615384615
0 0.7007211538461539 0.8076923076923077 0.042067307692307696 0.03485576923076923
0 0.7427884615384616 0.8100961538461539 0.036057692307692304 0.03125
0 0.78125 0.8088942307692307 0.036057692307692304 0.027644230769230768
0 0.8233173076923077 0.8088942307692307 0.04326923076923077 0.026442307692307692
0 0.9675480769230769 0.45552884615384615 0.046875 0.04447115384615385
0 0.9663461538461539 0.39663461538461536 0.04567307692307692 0.0673076923076923
0 0.10697115384615384 0.5853365384615384 0.04326923076923077 0.03245192307692308
0 0.8990384615384616 0.3894230769230769 0.0733173076923077 0.06129807692307692
0 0.7319711538461539 0.23197115384615385 0.0673076923076923 0.07091346153846154
0 0.6682692307692307 0.22956730769230768 0.055288461538461536 0.07451923076923077
0 0.6045673076923077 0.19591346153846154 0.06850961538461539 0.06610576923076923
0 0.5360576923076923 0.19831730769230768 0.06490384615384616 0.07091346153846154
0 0.4050480769230769 0.19471153846153846 0.06610576923076923 0.07572115384615384
0 0.3389423076923077 0.19471153846153846 0.06490384615384616 0.07692307692307693
0 0.6117788461538461 0.11177884615384616 0.07572115384615384 0.09975961538461539
0 0.5384615384615384 0.1141826923076923 0.0673076923076923 0.09375
0 0.4699519230769231 0.11177884615384616 0.06610576923076923 0.09254807692307693
0 0.40024038461538464 0.10216346153846154 0.06850961538461539 0.10336538461538461
0 0.3317307692307692 0.10216346153846154 0.06490384615384616 0.10576923076923077
0 0.2620192307692308 0.0985576923076923 0.06850961538461539 0.10216346153846154
0 0.27524038461538464 0.19471153846153846 0.06009615384615385 0.07572115384615384
0 0.20432692307692307 0.2127403846153846 0.08173076923076923 0.036057692307692304
0 0.19591346153846154 0.17307692307692307 0.07932692307692307 0.042067307692307696
0 0.9026442307692307 0.4519230769230769 0.06490384615384616 0.05048076923076923
0 0.19110576923076922 0.12860576923076922 0.0733173076923077 0.027644230769230768
0 0.1201923076923077 0.21634615384615385 0.0829326923076923 0.038461538461538464
0 0.1141826923076923 0.17307692307692307 0.0829326923076923 0.04326923076923077
0 0.11057692307692307 0.13701923076923078 0.08052884615384616 0.02403846153846154
0 0.051682692307692304 0.18509615384615385 0.03485576923076923 0.10216346153846154
0 0.013221153846153846 0.13221153846153846 0.02403846153846154 0.0673076923076923
0 0.016826923076923076 0.20432692307692307 0.03365384615384615 0.0673076923076923
0 0.8016826923076923 0.23197115384615385 0.06971153846153846 0.07211538461538461
0 0.8605769230769231 0.23557692307692307 0.036057692307692304 0.06971153846153846
0 0.47115384615384615 0.1971153846153846 0.06370192307692307 0.07451923076923077
0 0.9182692307692307 0.23677884615384615 0.025240384615384616 0.0673076923076923
0 0.4495192307692308 0.30288461538461536 0.057692307692307696 0.07572115384615384
0 0.4543269230769231 0.3713942307692308 0.0625 0.057692307692307696
0 0.5204326923076923 0.3004807692307692 0.06850961538461539 0.08052884615384616
0 0.5228365384615384 0.3713942307692308 0.06610576923076923 0.057692307692307696
0 0.5877403846153846 0.29927884615384615 0.06129807692307692 0.08052884615384616
0 0.5865384615384616 0.3701923076923077 0.056490384615384616 0.057692307692307696
0 0.8918269230769231 0.23557692307692307 0.025240384615384616 0.0673076923076923
0 0.8173076923076923 0.3942307692307692 0.07211538461538461 0.0625
0 0.38822115384615385 0.359375 0.057692307692307696 0.08052884615384616
0 0.32572115384615385 0.36658653846153844 0.06490384615384616 0.0673076923076923
0 0.2608173076923077 0.36538461538461536 0.05889423076923077 0.06971153846153846
0 0.20552884615384615 0.38461538461538464 0.04807692307692308 0.04927884615384615
0 0.1622596153846154 0.3858173076923077 0.037259615384615384 0.046875
0 0.15504807692307693 0.3329326923076923 0.05048076923076923 0.055288461538461536
0 0.10216346153846154 0.3329326923076923 0.037259615384615384 0.054086538461538464
0 0.11899038461538461 0.38461538461538464 0.04567307692307692 0.046875
0 0.07211538461538461 0.3858173076923077 0.04447115384615385 0.05048076923076923
0 0.06009615384615385 0.33413461538461536 0.038461538461538464 0.051682692307692304
0 0.8257211538461539 0.4543269230769231 0.07692307692307693 0.046875
0 0.028846153846153848 0.3858173076923077 0.03125 0.03365384615384615
0 0.020432692307692308 0.33413461538461536 0.037259615384615384 0.056490384615384616
0 0.9915865384615384 0.24158653846153846 0.01201923076923077 0.06490384615384616
0 0.9735576923076923 0.23798076923076922 0.02283653846153846 0.06610576923076923
0 0.9471153846153846 0.23677884615384615 0.028846153846153848 0.06610576923076923
0 0.20192307692307693 0.3329326923076923 0.039663461538461536 0.055288461538461536