0 0.6298076923076923 0.33774038461538464 0.04567307692307692 0.0625
0 0.6742788461538461 0.30649038461538464 0.040865384615384616 0.05889423076923077
0 0.765625 0.3233173076923077 0.0625 0.09615384615384616
0 0.8221153846153846 0.3293269230769231 0.046875 0.08774038461538461
0 0.8737980769230769 0.32572115384615385 0.046875 0.0829326923076923
0 0.9206730769230769 0.32572115384615385 0.042067307692307696 0.08774038461538461
0 0.5769230769230769 0.31850961538461536 0.057692307692307696 0.09615384615384616
0 0.5228365384615384 0.32572115384615385 0.04807692307692308 0.08173076923076923
0 0.9903846153846154 0.7007211538461539 0.014423076923076924 0.06490384615384616
0 0.46634615384615385 0.31850961538461536 0.0625 0.10096153846153846
0 0.5649038461538461 0.22596153846153846 0.039663461538461536 0.0625
0 0.5673076923076923 0.16346153846153846 0.038461538461538464 0.06129807692307692
0 0.6201923076923077 0.2283653846153846 0.06971153846153846 0.054086538461538464
0 0.6766826923076923 0.16947115384615385 0.04447115384615385 0.06009615384615385
0 0.6730769230769231 0.2283653846153846 0.03485576923076923 0.057692307692307696
0 0.7151442307692307 0.2283653846153846 0.042067307692307696 0.06129807692307692
0 0.7620192307692307 0.2283653846153846 0.04567307692307692 0.0673076923076923
0 0.9699519230769231 0.3293269230769231 0.051682692307692304 0.08052884615384616
0 0.8209134615384616 0.21394230769230768 0.07211538461538461 0.09014423076923077
0 0.9627403846153846 0.21394230769230768 0.06971153846153846 0.08653846153846154
0 0.04807692307692308 0.30528846153846156 0.09254807692307693 0.0625
0 0.06610576923076923 0.3629807692307692 0.08533653846153846 0.054086538461538464
0 0.13942307692307693 0.3269230769230769 0.06370192307692307 0.07451923076923077
0 0.22355769230769232 0.3137019230769231 0.07932692307692307 0.09615384615384616
0 0.3389423076923077 0.3317307692307692 0.056490384615384616 0.06370192307692307
0 0.40024038461538464 0.31971153846153844 0.06610576923076923 0.10216346153846154
0 0.8918269230769231 0.21634615384615385 0.06850961538461539 0.08653846153846154
0 0.13581730769230768 0.421875 0.05048076923076923 0.0733173076923077
0 0.18990384615384615 0.421875 0.056490384615384616 0.07451923076923077
0 0.23798076923076922 0.4254807692307692 0.042067307692307696 0.06370192307692307
0 0.6298076923076923 0.5180288461538461 0.056490384615384616 0.07692307692307693
0 0.8329326923076923 0.5180288461538461 0.055288461538461536 0.07451923076923077
0 0.8846153846153846 0.5180288461538461 0.04807692307692308 0.07692307692307693
0 0.9302884615384616 0.5192307692307693 0.04326923076923077 0.07572115384615384
0 0.9783653846153846 0.5204326923076923 0.040865384615384616 0.08413461538461539
0 0.03245192307692308 0.6201923076923077 0.0625 0.06129807692307692
0 0.09975961538461539 0.6141826923076923 0.056490384615384616 0.04447115384615385
0 0.5733173076923077 0.5216346153846154 0.055288461538461536 0.07091346153846154
0 0.15985576923076922 0.5997596153846154 0.06009615384615385 0.0625
0 0.359375 0.5997596153846154 0.06009615384615385 0.06009615384615385
0 0.41225961538461536 0.6033653846153846 0.04807692307692308 0.06490384615384616
0 0.4639423076923077 0.6009615384615384 0.055288461538461536 0.0673076923076923
0 0.5132211538461539 0.6081730769230769 0.04447115384615385 0.04927884615384615
0 0.5576923076923077 0.609375 0.04567307692307692 0.046875
0 0.6105769230769231 0.6081730769230769 0.05889423076923077 0.054086538461538464
0 0.6658653846153846 0.6105769230769231 0.051682692307692304 0.051682692307692304
0 0.22956730769230768 0.5997596153846154 0.06971153846153846 0.06610576923076923
0 0.5072115384615384 0.22115384615384615 0.0733173076923077 0.06971153846153846
0 0.5132211538461539 0.5144230769230769 0.0673076923076923 0.07932692307692307
0 0.38221153846153844 0.5132211538461539 0.08052884615384616 0.0889423076923077
0 0.2848557692307692 0.43028846153846156 0.051682692307692304 0.0673076923076923
0 0.33774038461538464 0.4266826923076923 0.055288461538461536 0.06971153846153846
0 0.453125 0.4338942307692308 0.05889423076923077 0.0625
0 0.5108173076923077 0.4266826923076923 0.051682692307692304 0.07211538461538461
0 0.5625 0.4254807692307692 0.054086538461538464 0.078125
0 0.6105769230769231 0.4230769230769231 0.04567307692307692 0.07932692307692307
0 0.6598557692307693 0.4266826923076923 0.05048076923076923 0.07932692307692307
0 0.4495192307692308 0.5132211538461539 0.055288461538461536 0.0829326923076923
0 0.7836538461538461 0.4206730769230769 0.05889423076923077 0.08173076923076923
0 0.875 0.42788461538461536 0.055288461538461536 0.06850961538461539
0 0.9447115384615384 0.42788461538461536 0.055288461538461536 0.07692307692307693
0 0.06971153846153846 0.46153846153846156 0.08052884615384616 0.08653846153846154
0 0.078125 0.5432692307692307 0.08653846153846154 0.078125
0 0.16346153846153846 0.5120192307692307 0.08173076923076923 0.07932692307692307
0 0.24519230769230768 0.5132211538461539 0.07692307692307693 0.08413461538461539
0 0.3137019230769231 0.5132211538461539 0.05889423076923077 0.08052884615384616
0 0.8305288461538461 0.4230769230769231 0.03485576923076923 0.07692307692307693
0 0.36899038461538464 0.21995192307692307 0.10216346153846154 0.07572115384615384
0 0.9326923076923077 0.08653846153846154 0.03485576923076923 0.0733173076923077
0 0.17427884615384615 0.19831730769230768 0.0829326923076923 0.1141826923076923
0 0.9170673076923077 0.6189903846153846 0.05889423076923077 0.042067307692307696
0 0.8569711538461539 0.6081730769230769 0.038461538461538464 0.03365384615384615
0 0.8173076923076923 0.6165865384615384 0.039663461538461536 0.037259615384615384
0 0.7716346153846154 0.6105769230769231 0.051682692307692304 0.05048076923076923
0 0.7151442307692307 0.5168269230769231 0.10697115384615384 0.09014423076923077
0 0.10336538461538461 0.7836538461538461 0.06610576923076923 0.09134615384615384
0 0.16826923076923078 0.7896634615384616 0.0625 0.07932692307692307
0 0.23677884615384615 0.7872596153846154 0.078125 0.08533653846153846
0 0.3605769230769231 0.7848557692307693 0.055288461538461536 0.08413461538461539
0 0.41586538461538464 0.7836538461538461 0.057692307692307696 0.08052884615384616
0 0.4735576923076923 0.7752403846153846 0.054086538461538464 0.06129807692307692
0 0.5360576923076923 0.7728365384615384 0.06490384615384616 0.06009615384615385
0 0.6009615384615384 0.7716346153846154 0.05889423076923077 0.056490384615384616
0 0.7223557692307693 0.7752403846153846 0.037259615384615384 0.057692307692307696
0 0.421875 0.7043269230769231 0.09615384615384616 0.04807692307692308
0 0.4230769230769231 0.6634615384615384 0.09615384615384616 0.028846153846153848
0 0.515625 0.7007211538461539 0.0889423076923077 0.052884615384615384
0 0.9771634615384616 0.7848557692307693 0.039663461538461536 0.0673076923076923
0 0.9338942307692307 0.7836538461538461 0.04447115384615385 0.0673076923076923
0 0.8894230769230769 0.7908653846153846 0.042067307692307696 0.08173076923076923
0 0.7608173076923077 0.78125 0.038461538461538464 0.07572115384615384
0 0.8028846153846154 0.7908653846153846 0.039663461538461536 0.0829326923076923
0 0.8473557692307693 0.7896634615384616 0.046875 0.08774038461538461
0 0.9735576923076923 0.6021634615384616 0.051682692307692304 0.030048076923076924
0 0.9086538461538461 0.6935096153846154 0.03245192307692308 0.07572115384615384
0 0.8305288461538461 0.6959134615384616 0.03485576923076923 0.07572115384615384
0 0.7920673076923077 0.6911057692307693 0.038461538461538464 0.08533653846153846
0 0.7524038461538461 0.6923076923076923 0.036057692307692304 0.0829326923076923
0 0.7067307692307693 0.7055288461538461 0.055288461538461536 0.056490384615384616
0 0.6466346153846154 0.7043269230769231 0.06009615384615385 0.056490384615384616
0 0.5865384615384616 0.6899038461538461 0.054086538461538464 0.051682692307692304
0 0.8701923076923077 0.6959134615384616 0.042067307692307696 0.07572115384615384
0 0.26802884615384615 0.21754807692307693 0.10096153846153846 0.07211538461538461
0 0.9735576923076923 0.6298076923076923 0.051682692307692304 0.019230769230769232
0 0.0889423076923077 0.6838942307692307 0.07932692307692307 0.054086538461538464
0 0.08052884615384616 0.19471153846153846 0.09975961538461539 0.1141826923076923
0 0.9747596153846154 0.078125 0.04927884615384615 0.09615384615384616
0 0.9603365384615384 0.6742788461538461 0.021634615384615384 0.04567307692307692
0 0.8954326923076923 0.08533653846153846 0.039663461538461536 0.0733173076923077
0 0.8569711538461539 0.0829326923076923 0.03485576923076923 0.08052884615384616
0 0.8137019230769231 0.08774038461538461 0.051682692307692304 0.06610576923076923
0 0.7632211538461539 0.08653846153846154 0.054086538461538464 0.06971153846153846
0 0.7115384615384616 0.07932692307692307 0.04927884615384615 0.08653846153846154
0 0.6550480769230769 0.08052884615384616 0.05048076923076923 0.07692307692307693
0 0.6069711538461539 0.08413461538461539 0.040865384615384616 0.07091346153846154
0 0.7199519230769231 0.6117788461538461 0.04927884615384615 0.04927884615384615
0 0.5649038461538461 0.06971153846153846 0.04447115384615385 0.09615384615384616
0 0.5240384615384616 0.07091346153846154 0.036057692307692304 0.10216346153846154
0 0.4831730769230769 0.06971153846153846 0.04567307692307692 0.1045673076923077
0 0.4375 0.09975961538461539 0.04447115384615385 0.039663461538461536
0 0.3737980769230769 0.07451923076923077 0.08052884615384616 0.09014423076923077
0 0.2860576923076923 0.08533653846153846 0.056490384615384616 0.0673076923076923
0 0.14302884615384615 0.6899038461538461 0.027644230769230768 0.08173076923076923
0 0.17307692307692307 0.6887019230769231 0.028846153846153848 0.078125
0 0.20432692307692307 0.6887019230769231 0.026442307692307692 0.078125
0 0.23677884615384615 0.6923076923076923 0.03485576923076923 0.07451923076923077
0 0.27163461538461536 0.6911057692307693 0.03485576923076923 0.0733173076923077
0 0.3004807692307692 0.6923076923076923 0.026442307692307692 0.07091346153846154
0 0.026442307692307692 0.6814903846153846 0.04927884615384615 0.051682692307692304
0 0.33052884615384615 0.6947115384615384 0.027644230769230768 0.0733173076923077
0 0.21995192307692307 0.0829326923076923 0.06971153846153846 0.05889423076923077
0 0.23076923076923078 0.026442307692307692 0.078125 0.051682692307692304
0 0.14543269230769232 0.08774038461538461 0.07572115384615384 0.0625
0 0.0829326923076923 0.09134615384615384 0.04447115384615385 0.054086538461538464
0 0.03245192307692308 0.09254807692307693 0.057692307692307696 0.051682692307692304
0 0.04567307692307692 0.7992788461538461 0.054086538461538464 0.057692307692307696
0 0.3581730769230769 0.6923076923076923 0.028846153846153848 0.07692307692307693
0 0.15264423076923078 0.028846153846153848 0.07451923076923077 0.055288461538461536