0 0.2247596153846154 0.6574519230769231 0.07211538461538461 0.0625
0 0.06490384615384616 0.6706730769230769 0.09615384615384616 0.04447115384615385
0 0.9290865384615384 0.4831730769230769 0.08173076923076923 0.06009615384615385
0 0.9278846153846154 0.5420673076923077 0.08774038461538461 0.055288461538461536
0 0.054086538461538464 0.6189903846153846 0.09375 0.051682692307692304
0 0.8737980769230769 0.36778846153846156 0.07932692307692307 0.020432692307692308
0 0.2848557692307692 0.6117788461538461 0.03245192307692308 0.037259615384615384
0 0.6634615384615384 0.40024038461538464 0.11298076923076923 0.04807692307692308
0 0.38461538461538464 0.6598557692307693 0.030048076923076924 0.055288461538461536
0 0.35336538461538464 0.6598557692307693 0.027644230769230768 0.054086538461538464
0 0.32091346153846156 0.6598557692307693 0.027644230769230768 0.054086538461538464
0 0.2848557692307692 0.6598557692307693 0.03365384615384615 0.055288461538461536
0 0.3858173076923077 0.6117788461538461 0.03485576923076923 0.038461538461538464
0 0.35096153846153844 0.6117788461538461 0.03125 0.037259615384615384
0 0.31850961538461536 0.6129807692307693 0.030048076923076924 0.036057692307692304
0 0.8305288461538461 0.5600961538461539 0.09975961538461539 0.018028846153846152
0 0.8737980769230769 0.7680288461538461 0.06971153846153846 0.07211538461538461
0 0.8016826923076923 0.7704326923076923 0.06610576923076923 0.07451923076923077
0 0.7331730769230769 0.7716346153846154 0.0673076923076923 0.06850961538461539
0 0.6586538461538461 0.7692307692307693 0.0673076923076923 0.07572115384615384
0 0.5901442307692307 0.765625 0.054086538461538464 0.06850961538461539
0 0.5228365384615384 0.7668269230769231 0.06850961538461539 0.07451923076923077
0 0.44350961538461536 0.7680288461538461 0.07211538461538461 0.078125
0 0.36538461538461536 0.7692307692307693 0.07091346153846154 0.07572115384615384
0 0.21995192307692307 0.7692307692307693 0.06490384615384616 0.07572115384615384
0 0.4182692307692308 0.6586538461538461 0.03125 0.054086538461538464
0 0.9579326923076923 0.36778846153846156 0.07932692307692307 0.019230769230769232
0 0.4519230769230769 0.6586538461538461 0.030048076923076924 0.054086538461538464
0 0.5144230769230769 0.65625 0.026442307692307692 0.05889423076923077
0 0.7752403846153846 0.4026442307692308 0.09375 0.054086538461538464
0 0.8677884615384616 0.4050480769230769 0.08774038461538461 0.051682692307692304
0 0.9579326923076923 0.4050480769230769 0.07932692307692307 0.055288461538461536
0 0.8942307692307693 0.6550480769230769 0.03125 0.057692307692307696
0 0.8605769230769231 0.6538461538461539 0.030048076923076924 0.06009615384615385
0 0.08413461538461539 0.7403846153846154 0.09495192307692307 0.05048076923076923
0 0.078125 0.7896634615384616 0.10216346153846154 0.04567307692307692
0 0.8305288461538461 0.6550480769230769 0.027644230769230768 0.057692307692307696
0 0.8028846153846154 0.6550480769230769 0.02283653846153846 0.057692307692307696
0 0.7704326923076923 0.6538461538461539 0.027644230769230768 0.056490384615384616
0 0.7415865384615384 0.65625 0.021634615384615384 0.054086538461538464
0 0.7139423076923077 0.6574519230769231 0.02283653846153846 0.054086538461538464
0 0.6838942307692307 0.65625 0.03125 0.056490384615384616
0 0.6454326923076923 0.65625 0.030048076923076924 0.056490384615384616
0 0.6129807692307693 0.6586538461538461 0.028846153846153848 0.05889423076923077
0 0.5841346153846154 0.6574519230769231 0.026442307692307692 0.055288461538461536
0 0.5504807692307693 0.6586538461538461 0.036057692307692304 0.057692307692307696
0 0.48197115384615385 0.6574519230769231 0.028846153846153848 0.05889423076923077
0 0.8305288461538461 0.5444711538461539 0.0985576923076923 0.01201923076923077
0 0.06610576923076923 0.3317307692307692 0.10697115384615384 0.027644230769230768
0 0.8353365384615384 0.5108173076923077 0.09375 0.018028846153846152
0 0.4639423076923077 0.3870192307692308 0.0829326923076923 0.02403846153846154
0 0.24759615384615385 0.4110576923076923 0.11177884615384616 0.026442307692307692
0 0.3629807692307692 0.4110576923076923 0.11298076923076923 0.027644230769230768
0 0.46634615384615385 0.41346153846153844 0.08533653846153846 0.025240384615384616
0 0.5588942307692307 0.41225961538461536 0.08173076923076923 0.025240384615384616
0 0.06490384615384616 0.4699519230769231 0.12860576923076922 0.025240384615384616
0 0.06490384615384616 0.49278846153846156 0.12860576923076922 0.018028846153846152
0 0.06370192307692307 0.5132211538461539 0.12620192307692307 0.013221153846153846
0 0.06009615384615385 0.5336538461538461 0.11899038461538461 0.020432692307692308
0 0.22716346153846154 0.5036057692307693 0.09375 0.02283653846153846
0 0.23317307692307693 0.5276442307692307 0.0985576923076923 0.02283653846153846
0 0.23317307692307693 0.5540865384615384 0.09735576923076923 0.027644230769230768
0 0.22716346153846154 0.47716346153846156 0.09375 0.026442307692307692
0 0.3293269230769231 0.49278846153846156 0.10336538461538461 0.027644230769230768
0 0.3317307692307692 0.5216346153846154 0.09375 0.026442307692307692
0 0.33413461538461536 0.5516826923076923 0.0985576923076923 0.027644230769230768
0 0.4110576923076923 0.5372596153846154 0.05048076923076923 0.057692307692307696
0 0.5072115384615384 0.49399038461538464 0.13581730769230768 0.04807692307692308
0 0.5096153846153846 0.5432692307692307 0.13701923076923078 0.046875
0 0.6262019230769231 0.5096153846153846 0.08653846153846154 0.036057692307692304
0 0.6274038461538461 0.5480769230769231 0.09014423076923077 0.036057692307692304
0 0.5576923076923077 0.3858173076923077 0.08413461538461539 0.02403846153846154
0 0.8353365384615384 0.5288461538461539 0.09254807692307693 0.014423076923076924
0 0.5528846153846154 0.359375 0.08653846153846154 0.021634615384615384
0 0.7740384615384616 0.34975961538461536 0.11057692307692307 0.05048076923076923
0 0.8365384615384616 0.49038461538461536 0.09014423076923077 0.015625
0 0.7259615384615384 0.5492788461538461 0.09615384615384616 0.03365384615384615
0 0.7307692307692307 0.5132211538461539 0.11057692307692307 0.036057692307692304
0 0.7319711538461539 0.47475961538461536 0.11778846153846154 0.03485576923076923
0 0.9579326923076923 0.6478365384615384 0.07932692307692307 0.07932692307692307
0 0.28125 0.16826923076923078 0.09735576923076923 0.08653846153846154
0 0.38461538461538464 0.17067307692307693 0.10336538461538461 0.09014423076923077
0 0.5168269230769231 0.18509615384615385 0.11778846153846154 0.0625
0 0.6334134615384616 0.18629807692307693 0.10697115384615384 0.06370192307692307
0 0.75 0.19230769230769232 0.11538461538461539 0.056490384615384616
0 0.9314903846153846 0.15745192307692307 0.12259615384615384 0.13581730769230768
0 0.06971153846153846 0.30288461538461536 0.1045673076923077 0.02403846153846154
0 0.06490384615384616 0.35697115384615385 0.10576923076923077 0.025240384615384616
0 0.06009615384615385 0.3870192307692308 0.1141826923076923 0.027644230769230768
0 0.23918269230769232 0.3557692307692308 0.12259615384615384 0.026442307692307692
0 0.359375 0.35697115384615385 0.11057692307692307 0.027644230769230768
0 0.24639423076923078 0.38341346153846156 0.11057692307692307 0.025240384615384616
0 0.36177884615384615 0.38461538461538464 0.11177884615384616 0.02283653846153846
0 0.4651442307692308 0.33413461538461536 0.08653846153846154 0.02403846153846154
0 0.5552884615384616 0.33533653846153844 0.08533653846153846 0.027644230769230768
0 0.6586538461538461 0.3485576923076923 0.1141826923076923 0.05048076923076923
0 0.4639423076923077 0.3605769230769231 0.08052884615384616 0.02403846153846154
0 0.2956730769230769 0.7728365384615384 0.06490384615384616 0.07091346153846154