0 0.5913461538461539 0.234375 0.036057692307692304 0.03125
0 0.5552884615384616 0.203125 0.03485576923076923 0.028846153846153848
0 0.5901442307692307 0.203125 0.036057692307692304 0.030048076923076924
0 0.6298076923076923 0.21875 0.039663461538461536 0.05889423076923077
0 0.6694711538461539 0.21875 0.039663461538461536 0.06009615384615385
0 0.5961538461538461 0.04927884615384615 0.051682692307692304 0.09735576923076923
0 0.734375 0.2127403846153846 0.09134615384615384 0.07572115384615384
0 0.6442307692307693 0.051682692307692304 0.04326923076923077 0.09375
0 0.6850961538461539 0.05048076923076923 0.039663461538461536 0.09254807692307693
0 0.7283653846153846 0.04807692307692308 0.04567307692307692 0.09615384615384616
0 0.8076923076923077 0.05048076923076923 0.10576923076923077 0.09975961538461539
0 0.8834134615384616 0.06850961538461539 0.052884615384615384 0.06490384615384616
0 0.9423076923076923 0.057692307692307696 0.06129807692307692 0.0889423076923077
0 0.11298076923076923 0.19471153846153846 0.14302884615384615 0.1045673076923077
0 0.2692307692307692 0.20552884615384615 0.06610576923076923 0.08533653846153846
0 0.32211538461538464 0.2091346153846154 0.039663461538461536 0.07692307692307693
0 0.3737980769230769 0.20673076923076922 0.057692307692307696 0.08653846153846154
0 0.4326923076923077 0.20673076923076922 0.056490384615384616 0.08533653846153846
0 0.4795673076923077 0.21875 0.037259615384615384 0.06370192307692307
0 0.5168269230769231 0.21875 0.036057692307692304 0.06129807692307692
0 0.4807692307692308 0.16346153846153846 0.036057692307692304 0.04326923076923077
0 0.5192307692307693 0.16706730769230768 0.038461538461538464 0.04326923076923077
0 0.5540865384615384 0.23317307692307693 0.036057692307692304 0.030048076923076924
0 0.5264423076923077 0.036057692307692304 0.057692307692307696 0.04447115384615385
0 0.46274038461538464 0.06610576923076923 0.07451923076923077 0.0673076923076923
0 0.40384615384615385 0.07451923076923077 0.037259615384615384 0.04567307692307692
0 0.2620192307692308 0.5420673076923077 0.07932692307692307 0.08173076923076923
0 0.3076923076923077 0.04927884615384615 0.05048076923076923 0.09735576923076923
0 0.265625 0.04807692307692308 0.040865384615384616 0.09495192307692307
0 0.22355769230769232 0.052884615384615384 0.03485576923076923 0.08653846153846154
0 0.18269230769230768 0.05048076923076923 0.040865384615384616 0.08413461538461539
0 0.1201923076923077 0.04326923076923077 0.07572115384615384 0.030048076923076924
0 0.5240384615384616 0.08052884615384616 0.052884615384615384 0.039663461538461536
0 0.8305288461538461 0.2091346153846154 0.09375 0.08413461538461539
0 0.3293269230769231 0.5420673076923077 0.055288461538461536 0.0829326923076923
0 0.03245192307692308 0.3269230769230769 0.054086538461538464 0.08173076923076923
0 0.25961538461538464 0.43509615384615385 0.0673076923076923 0.07451923076923077
0 0.31971153846153844 0.43990384615384615 0.05048076923076923 0.07211538461538461
0 0.37740384615384615 0.4387019230769231 0.06370192307692307 0.07692307692307693
0 0.4362980769230769 0.43990384615384615 0.04927884615384615 0.07451923076923077
0 0.4963942307692308 0.43990384615384615 0.0673076923076923 0.07211538461538461
0 0.5528846153846154 0.43990384615384615 0.04807692307692308 0.07211538461538461
0 0.19831730769230768 0.4375 0.054086538461538464 0.0733173076923077
0 0.6081730769230769 0.4423076923076923 0.054086538461538464 0.0673076923076923
0 0.7163461538461539 0.43990384615384615 0.052884615384615384 0.07451923076923077
0 0.7692307692307693 0.4423076923076923 0.051682692307692304 0.07091346153846154
0 0.8245192307692307 0.43149038461538464 0.054086538461538464 0.0889423076923077
0 0.8774038461538461 0.4362980769230769 0.05048076923076923 0.0829326923076923
0 0.9242788461538461 0.4362980769230769 0.046875 0.08173076923076923
0 0.12139423076923077 0.07692307692307693 0.07211538461538461 0.03485576923076923
0 0.6622596153846154 0.4423076923076923 0.052884615384615384 0.06850961538461539
0 0.9543269230769231 0.18028846153846154 0.06971153846153846 0.05048076923076923
0 0.13701923076923078 0.4362980769230769 0.06971153846153846 0.07932692307692307
0 0.020432692307692308 0.4362980769230769 0.039663461538461536 0.07572115384615384
0 0.13701923076923078 0.3161057692307692 0.04567307692307692 0.1045673076923077
0 0.19110576923076922 0.3293269230769231 0.057692307692307696 0.07692307692307693
0 0.2704326923076923 0.31490384615384615 0.057692307692307696 0.10697115384615384
0 0.33052884615384615 0.3269230769230769 0.06009615384615385 0.08413461538461539
0 0.3918269230769231 0.3293269230769231 0.0625 0.08052884615384616
0 0.4639423076923077 0.3245192307692308 0.08173076923076923 0.09495192307692307
0 0.07091346153846154 0.4362980769230769 0.06129807692307692 0.07692307692307693
0 0.53125 0.34134615384615385 0.051682692307692304 0.06370192307692307
0 0.6466346153846154 0.3245192307692308 0.07211538461538461 0.09495192307692307
0 0.7127403846153846 0.33653846153846156 0.06129807692307692 0.0733173076923077
0 0.7716346153846154 0.3329326923076923 0.052884615384615384 0.07932692307692307
0 0.8305288461538461 0.33533653846153844 0.0625 0.07572115384615384
0 0.8942307692307693 0.328125 0.05889423076923077 0.0889423076923077
0 0.9507211538461539 0.3329326923076923 0.055288461538461536 0.07692307692307693
0 0.5841346153846154 0.3389423076923077 0.04927884615384615 0.0673076923076923
0 0.055288461538461536 0.055288461538461536 0.05048076923076923 0.07932692307692307
0 0.3581730769230769 0.06009615384615385 0.04927884615384615 0.07572115384615384
0 0.20192307692307693 0.8100961538461539 0.036057692307692304 0.055288461538461536
0 0.1310096153846154 0.8257211538461539 0.05048076923076923 0.08533653846153846
0 0.08052884615384616 0.5420673076923077 0.04807692307692308 0.08413461538461539
0 0.027644230769230768 0.5396634615384616 0.054086538461538464 0.08413461538461539
0 0.9747596153846154 0.4338942307692308 0.04807692307692308 0.0829326923076923
0 0.5973557692307693 0.7524038461538461 0.054086538461538464 0.026442307692307692
0 0.6526442307692307 0.7548076923076923 0.051682692307692304 0.02403846153846154
0 0.7007211538461539 0.7355769230769231 0.04326923076923077 0.036057692307692304
0 0.7596153846153846 0.7487980769230769 0.056490384615384616 0.052884615384615384
0 0.8173076923076923 0.7403846153846154 0.054086538461538464 0.051682692307692304
0 0.8725961538461539 0.7403846153846154 0.055288461538461536 0.052884615384615384
0 0.9747596153846154 0.5384615384615384 0.04567307692307692 0.09615384615384616
0 0.16947115384615385 0.8125 0.02283653846153846 0.06009615384615385
0 0.953125 0.8305288461538461 0.06850961538461539 0.07932692307692307
0 0.8882211538461539 0.8329326923076923 0.06009615384615385 0.08173076923076923
0 0.8209134615384616 0.8377403846153846 0.07091346153846154 0.07932692307692307
0 0.7548076923076923 0.828125 0.06009615384615385 0.0889423076923077
0 0.6935096153846154 0.828125 0.06129807692307692 0.08774038461538461
0 0.6322115384615384 0.8161057692307693 0.057692307692307696 0.06610576923076923
0 0.5745192307692307 0.8137019230769231 0.057692307692307696 0.06370192307692307
0 0.5084134615384616 0.828125 0.06850961538461539 0.09254807692307693
0 0.43990384615384615 0.8269230769230769 0.06971153846153846 0.09014423076923077
0 0.38822115384615385 0.8209134615384616 0.03485576923076923 0.078125
0 0.34975961538461536 0.8173076923076923 0.036057692307692304 0.07091346153846154
0 0.31971153846153844 0.8040865384615384 0.02403846153846154 0.042067307692307696
0 0.29086538461538464 0.8028846153846154 0.037259615384615384 0.038461538461538464
0 0.2403846153846154 0.8100961538461539 0.039663461538461536 0.054086538461538464
0 0.9338942307692307 0.7403846153846154 0.055288461538461536 0.052884615384615384
0 0.20673076923076922 0.5480769230769231 0.030048076923076924 0.06610576923076923
0 0.5384615384615384 0.7403846153846154 0.046875 0.025240384615384616
0 0.1466346153846154 0.5384615384615384 0.08533653846153846 0.0985576923076923
0 0.4855769230769231 0.7271634615384616 0.052884615384615384 0.025240384615384616
0 0.33653846153846156 0.6598557692307693 0.046875 0.06009615384615385
0 0.28846153846153844 0.65625 0.04927884615384615 0.06850961538461539
0 0.23918269230769232 0.6598557692307693 0.04326923076923077 0.0673076923076923
0 0.20072115384615385 0.6586538461538461 0.030048076923076924 0.06850961538461539
0 0.1502403846153846 0.6538461538461539 0.06610576923076923 0.07091346153846154
0 0.078125 0.6538461538461539 0.08052884615384616 0.07091346153846154
0 0.38341346153846156 0.6586538461538461 0.04447115384615385 0.057692307692307696
0 0.9098557692307693 0.5384615384615384 0.07932692307692307 0.09495192307692307
0 0.7295673076923077 0.5384615384615384 0.06370192307692307 0.09134615384615384
0 0.65625 0.5372596153846154 0.07692307692307693 0.09375
0 0.5757211538461539 0.53125 0.06370192307692307 0.0829326923076923
0 0.5180288461538461 0.5661057692307693 0.04927884615384615 0.025240384615384616
0 0.46033653846153844 0.5456730769230769 0.06490384615384616 0.07932692307692307
0 0.3870192307692308 0.5408653846153846 0.06009615384615385 0.08052884615384616
0 0.8161057692307693 0.5408653846153846 0.10336538461538461 0.09615384615384616
0 0.44591346153846156 0.6502403846153846 0.07451923076923077 0.07451923076923077
0 0.5204326923076923 0.6502403846153846 0.07572115384615384 0.07451923076923077
0 0.59375 0.6538461538461539 0.06490384615384616 0.07572115384615384
0 0.4254807692307692 0.7548076923076923 0.057692307692307696 0.027644230769230768
0 0.3605769230769231 0.7512019230769231 0.051682692307692304 0.027644230769230768
0 0.359375 0.7247596153846154 0.052884615384615384 0.025240384615384616
0 0.3076923076923077 0.7379807692307693 0.046875 0.05048076923076923
0 0.9747596153846154 0.6634615384615384 0.046875 0.054086538461538464
0 0.4855769230769231 0.7524038461538461 0.052884615384615384 0.025240384615384616
0 0.0625 0.8257211538461539 0.046875 0.08413461538461539
0 0.9278846153846154 0.6586538461538461 0.046875 0.06490384615384616
0 0.8737980769230769 0.6610576923076923 0.057692307692307696 0.07091346153846154
0 0.8088942307692307 0.6586538461538461 0.05889423076923077 0.07091346153846154
0 0.7283653846153846 0.6538461538461539 0.0733173076923077 0.07692307692307693
0 0.6598557692307693 0.6526442307692307 0.0673076923076923 0.07572115384615384