0 0.7620192307692307 0.8810096153846154 0.04447115384615385 0.12139423076923077
0 0.8100961538461539 0.8834134615384616 0.04447115384615385 0.12139423076923077
0 0.8545673076923077 0.8810096153846154 0.042067307692307696 0.12139423076923077
0 0.8990384615384616 0.8822115384615384 0.042067307692307696 0.12139423076923077
0 0.9471153846153846 0.8798076923076923 0.046875 0.1201923076923077
0 0.9855769230769231 0.8810096153846154 0.027644230769230768 0.11778846153846154
0 0.35096153846153844 0.890625 0.046875 0.1201923076923077
0 0.6694711538461539 0.84375 0.02283653846153846 0.11177884615384616
0 0.7151442307692307 0.8834134615384616 0.04447115384615385 0.12139423076923077
0 0.17548076923076922 0.3605769230769231 0.04927884615384615 0.12740384615384615
0 0.12379807692307693 0.3581730769230769 0.04927884615384615 0.12740384615384615
0 0.07211538461538461 0.3581730769230769 0.04807692307692308 0.12740384615384615
0 0.019230769230769232 0.3701923076923077 0.038461538461538464 0.09134615384615384
0 0.9795673076923077 0.22235576923076922 0.036057692307692304 0.0889423076923077
0 0.9362980769230769 0.22235576923076922 0.04326923076923077 0.09014423076923077
0 0.8894230769230769 0.22355769230769232 0.04326923076923077 0.09014423076923077
0 0.8413461538461539 0.21754807692307693 0.05048076923076923 0.0985576923076923
0 0.7884615384615384 0.21634615384615385 0.05048076923076923 0.0985576923076923
0 0.7355769230769231 0.21634615384615385 0.05048076923076923 0.0985576923076923
0 0.9086538461538461 0.5144230769230769 0.040865384615384616 0.07932692307692307
0 0.22716346153846154 0.3605769230769231 0.04927884615384615 0.12740384615384615
0 0.6778846153846154 0.21634615384615385 0.056490384615384616 0.09975961538461539
0 0.9495192307692307 0.5144230769230769 0.039663461538461536 0.07932692307692307
0 0.984375 0.5144230769230769 0.026442307692307692 0.08173076923076923
0 0.5661057692307693 0.2127403846153846 0.04927884615384615 0.11177884615384616
0 0.49158653846153844 0.21153846153846154 0.0625 0.11298076923076923
0 0.43509615384615385 0.21754807692307693 0.04807692307692308 0.1045673076923077
0 0.3389423076923077 0.2247596153846154 0.021634615384615384 0.0829326923076923
0 0.37740384615384615 0.22235576923076922 0.05048076923076923 0.09134615384615384
0 0.27403846153846156 0.21033653846153846 0.057692307692307696 0.11177884615384616
0 0.20552884615384615 0.21153846153846154 0.057692307692307696 0.11177884615384616
0 0.14903846153846154 0.21153846153846154 0.05048076923076923 0.11057692307692307
0 0.09615384615384616 0.21153846153846154 0.05048076923076923 0.11057692307692307
0 0.04927884615384615 0.2127403846153846 0.037259615384615384 0.10576923076923077
0 0.6201923076923077 0.21033653846153846 0.052884615384615384 0.1141826923076923
0 0.2824519230769231 0.3605769230769231 0.052884615384615384 0.12740384615384615
0 0.33774038461538464 0.3605769230769231 0.052884615384615384 0.12740384615384615
0 0.3918269230769231 0.36177884615384615 0.04567307692307692 0.1201923076923077
0 0.5360576923076923 0.3629807692307692 0.04567307692307692 0.11658653846153846
0 0.5841346153846154 0.3641826923076923 0.046875 0.11658653846153846
0 0.6370192307692307 0.3641826923076923 0.046875 0.11658653846153846
0 0.6923076923076923 0.3641826923076923 0.05048076923076923 0.1141826923076923
0 0.75 0.36658653846153844 0.046875 0.10576923076923077
0 0.8040865384615384 0.36658653846153844 0.054086538461538464 0.1045673076923077
0 0.8581730769230769 0.36538461538461536 0.054086538461538464 0.1045673076923077
0 0.9122596153846154 0.36658653846153844 0.05048076923076923 0.1045673076923077
0 0.9663461538461539 0.36658653846153844 0.051682692307692304 0.1045673076923077
0 0.03365384615384615 0.5144230769230769 0.042067307692307696 0.07932692307692307
0 0.0889423076923077 0.5036057692307693 0.04807692307692308 0.11177884615384616
0 0.13942307692307693 0.5024038461538461 0.04567307692307692 0.1141826923076923
0 0.18990384615384615 0.5012019230769231 0.04567307692307692 0.1141826923076923
0 0.24158653846153846 0.5036057692307693 0.04567307692307692 0.1141826923076923
0 0.29447115384615385 0.5024038461538461 0.04927884615384615 0.1141826923076923
0 0.3485576923076923 0.4987980769230769 0.039663461538461536 0.11538461538461539
0 0.390625 0.4987980769230769 0.040865384615384616 0.11538461538461539
0 0.4375 0.5132211538461539 0.04807692307692308 0.08774038461538461
0 0.4879807692307692 0.5132211538461539 0.04807692307692308 0.08774038461538461
0 0.5384615384615384 0.5 0.04326923076923077 0.11298076923076923
0 0.5913461538461539 0.5012019230769231 0.04326923076923077 0.11298076923076923
0 0.6370192307692307 0.4987980769230769 0.04326923076923077 0.11298076923076923
0 0.6826923076923077 0.5012019230769231 0.04326923076923077 0.11298076923076923
0 0.7319711538461539 0.5024038461538461 0.04567307692307692 0.10697115384615384
0 0.7788461538461539 0.5048076923076923 0.04567307692307692 0.10697115384615384
0 0.8257211538461539 0.515625 0.037259615384615384 0.07932692307692307
0 0.8677884615384616 0.515625 0.040865384615384616 0.07932692307692307
0 0.016826923076923076 0.22716346153846154 0.020432692307692308 0.07932692307692307
0 0.9855769230769231 0.06490384615384616 0.027644230769230768 0.109375
0 0.9302884615384616 0.06370192307692307 0.05048076923076923 0.11538461538461539
0 0.8762019230769231 0.06129807692307692 0.052884615384615384 0.11899038461538461
0 0.4110576923076923 0.6225961538461539 0.03485576923076923 0.10096153846153846
0 0.4519230769230769 0.6237980769230769 0.03485576923076923 0.10096153846153846
0 0.49399038461538464 0.640625 0.039663461538461536 0.1141826923076923
0 0.5360576923076923 0.640625 0.038461538461538464 0.1141826923076923
0 0.5973557692307693 0.6394230769230769 0.038461538461538464 0.1141826923076923
0 0.640625 0.6394230769230769 0.038461538461538464 0.1141826923076923
0 0.6862980769230769 0.6418269230769231 0.038461538461538464 0.1141826923076923
0 0.7271634615384616 0.6430288461538461 0.038461538461538464 0.1141826923076923
0 0.7704326923076923 0.6394230769230769 0.038461538461538464 0.1141826923076923
0 0.8137019230769231 0.6394230769230769 0.038461538461538464 0.1141826923076923
0 0.8557692307692307 0.6394230769230769 0.038461538461538464 0.1141826923076923
0 0.8954326923076923 0.6394230769230769 0.039663461538461536 0.1141826923076923
0 0.3581730769230769 0.6418269230769231 0.040865384615384616 0.11658653846153846
0 0.9411057692307693 0.6382211538461539 0.039663461538461536 0.1141826923076923
0 0.02283653846153846 0.8870192307692307 0.04567307692307692 0.11538461538461539
0 0.0889423076923077 0.8870192307692307 0.052884615384615384 0.11778846153846154
0 0.1466346153846154 0.8846153846153846 0.04927884615384615 0.11658653846153846
0 0.20793269230769232 0.8858173076923077 0.052884615384615384 0.11538461538461539
0 0.2668269230769231 0.8425480769230769 0.03245192307692308 0.11538461538461539
0 0.30649038461538464 0.8882211538461539 0.039663461538461536 0.12259615384615384
0 0.4014423076923077 0.8870192307692307 0.046875 0.1201923076923077
0 0.44711538461538464 0.8894230769230769 0.039663461538461536 0.1201923076923077
0 0.49158653846153844 0.8846153846153846 0.039663461538461536 0.1201923076923077
0 0.5384615384615384 0.8846153846153846 0.046875 0.1201923076923077
0 0.5877403846153846 0.8858173076923077 0.046875 0.1201923076923077
0 0.6358173076923077 0.8870192307692307 0.04447115384615385 0.1201923076923077
0 0.9783653846153846 0.6370192307692307 0.03365384615384615 0.1141826923076923
0 0.4855769230769231 0.3629807692307692 0.04567307692307692 0.11658653846153846
0 0.3161057692307692 0.6418269230769231 0.040865384615384616 0.11658653846153846
0 0.5012019230769231 0.06370192307692307 0.04927884615384615 0.11538461538461539
0 0.02403846153846154 0.6466346153846154 0.04807692307692308 0.11298076923076923
0 0.10096153846153846 0.6418269230769231 0.04807692307692308 0.11899038461538461
0 0.14903846153846154 0.640625 0.04567307692307692 0.1201923076923077
0 0.1935096153846154 0.6418269230769231 0.037259615384615384 0.1201923076923077
0 0.23317307692307693 0.6430288461538461 0.036057692307692304 0.11538461538461539
0 0.27403846153846156 0.6418269230769231 0.040865384615384616 0.11658653846153846
0 0.8185096153846154 0.0625 0.04567307692307692 0.11658653846153846
0 0.7692307692307693 0.06129807692307692 0.052884615384615384 0.12259615384615384
0 0.7139423076923077 0.06009615384615385 0.051682692307692304 0.1201923076923077
0 0.6550480769230769 0.06971153846153846 0.04447115384615385 0.10697115384615384
0 0.6069711538461539 0.06009615384615385 0.04927884615384615 0.11899038461538461
0 0.5552884615384616 0.0625 0.04927884615384615 0.11899038461538461
0 0.4483173076923077 0.06129807692307692 0.052884615384615384 0.11778846153846154
0 0.4387019230769231 0.3629807692307692 0.042067307692307696 0.11899038461538461
0 0.33413461538461536 0.06129807692307692 0.052884615384615384 0.11778846153846154
0 0.2764423076923077 0.06129807692307692 0.052884615384615384 0.1141826923076923
0 0.22115384615384615 0.06129807692307692 0.052884615384615384 0.11298076923076923
0 0.1658653846153846 0.06370192307692307 0.052884615384615384 0.1141826923076923
0 0.11298076923076923 0.0733173076923077 0.05048076923076923 0.0985576923076923
0 0.05889423076923077 0.07692307692307693 0.051682692307692304 0.09495192307692307
0 0.3918269230769231 0.06009615384615385 0.052884615384615384 0.11778846153846154