0 0.11778846153846154 0.703125 0.07451923076923077 0.025240384615384616
0 0.5901442307692307 0.6935096153846154 0.07572115384615384 0.026442307692307692
0 0.5913461538461539 0.6634615384615384 0.078125 0.030048076923076924
0 0.5120192307692307 0.6935096153846154 0.078125 0.030048076923076924
0 0.5120192307692307 0.6634615384615384 0.078125 0.026442307692307692
0 0.4326923076923077 0.6959134615384616 0.07572115384615384 0.026442307692307692
0 0.056490384615384616 0.6129807692307693 0.1045673076923077 0.03485576923076923
0 0.15384615384615385 0.6129807692307693 0.0829326923076923 0.03365384615384615
0 0.35096153846153844 0.6935096153846154 0.078125 0.03125
0 0.35216346153846156 0.6622596153846154 0.0733173076923077 0.027644230769230768
0 0.038461538461538464 0.703125 0.07692307692307693 0.02283653846153846
0 0.2704326923076923 0.6995192307692307 0.06971153846153846 0.025240384615384616
0 0.6766826923076923 0.6634615384615384 0.08173076923076923 0.03125
0 0.20072115384615385 0.6995192307692307 0.06850961538461539 0.025240384615384616
0 0.27283653846153844 0.671875 0.0733173076923077 0.027644230769230768
0 0.19951923076923078 0.6730769230769231 0.06490384615384616 0.026442307692307692
0 0.43028846153846156 0.6670673076923077 0.07572115384615384 0.027644230769230768
0 0.671875 0.6935096153846154 0.078125 0.025240384615384616
0 0.7896634615384616 0.7692307692307693 0.0889423076923077 0.051682692307692304
0 0.859375 0.6802884615384616 0.0889423076923077 0.05889423076923077
0 0.015625 0.06971153846153846 0.03125 0.04807692307692308
0 0.15144230769230768 0.02283653846153846 0.07692307692307693 0.04567307692307692
0 0.23076923076923078 0.02283653846153846 0.07572115384615384 0.04447115384615385
0 0.22956730769230768 0.06971153846153846 0.07572115384615384 0.046875
0 0.15264423076923078 0.06850961538461539 0.0733173076923077 0.04567307692307692
0 0.07211538461538461 0.06850961538461539 0.0733173076923077 0.04567307692307692
0 0.2932692307692308 0.7475961538461539 0.08052884615384616 0.03365384615384615
0 0.37740384615384615 0.7800480769230769 0.08173076923076923 0.028846153846153848
0 0.7644230769230769 0.6778846153846154 0.08173076923076923 0.05048076923076923
0 0.3786057692307692 0.7475961538461539 0.08173076923076923 0.03365384615384615
0 0.46875 0.7451923076923077 0.0889423076923077 0.030048076923076924
0 0.5588942307692307 0.7764423076923077 0.0829326923076923 0.03125
0 0.6262019230769231 0.7668269230769231 0.04807692307692308 0.055288461538461536
0 0.6959134615384616 0.7668269230769231 0.08413461538461539 0.056490384615384616
0 0.12379807692307693 0.6754807692307693 0.07932692307692307 0.026442307692307692
0 0.8689903846153846 0.7644230769230769 0.0673076923076923 0.051682692307692304
0 0.9519230769230769 0.7608173076923077 0.09375 0.0625
0 0.953125 0.6814903846153846 0.0889423076923077 0.054086538461538464
0 0.46875 0.7776442307692307 0.0889423076923077 0.028846153846153848
0 0.040865384615384616 0.6778846153846154 0.078125 0.02283653846153846
0 0.6598557692307693 0.5805288461538461 0.07932692307692307 0.030048076923076924
0 0.9519230769230769 0.6009615384615384 0.09375 0.051682692307692304
0 0.6033653846153846 0.8473557692307693 0.09254807692307693 0.03485576923076923
0 0.41346153846153844 0.8834134615384616 0.09254807692307693 0.027644230769230768
0 0.41466346153846156 0.9146634615384616 0.09014423076923077 0.03365384615384615
0 0.5096153846153846 0.8810096153846154 0.09134615384615384 0.028846153846153848
0 0.6033653846153846 0.8810096153846154 0.09014423076923077 0.028846153846153848
0 0.5084134615384616 0.9146634615384616 0.09014423076923077 0.03245192307692308
0 0.6045673076923077 0.9122596153846154 0.09495192307692307 0.03245192307692308
0 0.703125 0.8822115384615384 0.09735576923076923 0.03125
0 0.5084134615384616 0.8473557692307693 0.09375 0.036057692307692304
0 0.7043269230769231 0.9122596153846154 0.10096153846153846 0.026442307692307692
0 0.8377403846153846 0.5637019230769231 0.08052884615384616 0.015625
0 0.953125 0.5625 0.08774038461538461 0.015625
0 0.2536057692307692 0.6129807692307693 0.0889423076923077 0.042067307692307696
0 0.33052884615384615 0.6069711538461539 0.06129807692307692 0.03365384615384615
0 0.32091346153846156 0.5745192307692307 0.07572115384615384 0.027644230769230768
0 0.4050480769230769 0.5805288461538461 0.08173076923076923 0.03125
0 0.40625 0.6117788461538461 0.08173076923076923 0.030048076923076924
0 0.018028846153846152 0.021634615384615384 0.036057692307692304 0.042067307692307696
0 0.9567307692307693 0.8942307692307693 0.08173076923076923 0.04807692307692308
0 0.6730769230769231 0.3581730769230769 0.06009615384615385 0.030048076923076924
0 0.41346153846153844 0.8509615384615384 0.08774038461538461 0.03245192307692308
0 0.31971153846153844 0.8858173076923077 0.08774038461538461 0.027644230769230768
0 0.8449519230769231 0.5997596153846154 0.08653846153846154 0.052884615384615384
0 0.7536057692307693 0.5997596153846154 0.09014423076923077 0.05048076923076923
0 0.6586538461538461 0.6105769230769231 0.08173076923076923 0.026442307692307692
0 0.5757211538461539 0.6129807692307693 0.07932692307692307 0.027644230769230768
0 0.49278846153846156 0.6141826923076923 0.08173076923076923 0.028846153846153848
0 0.5745192307692307 0.5829326923076923 0.08052884615384616 0.030048076923076924
0 0.49158653846153844 0.5817307692307693 0.07932692307692307 0.028846153846153848
0 0.2956730769230769 0.78125 0.08052884615384616 0.03125
0 0.3173076923076923 0.9158653846153846 0.0829326923076923 0.030048076923076924
0 0.20552884615384615 0.75 0.09134615384615384 0.03365384615384615
0 0.11177884615384616 0.7800480769230769 0.08413461538461539 0.037259615384615384
0 0.03245192307692308 0.78125 0.06490384615384616 0.038461538461538464
0 0.039663461538461536 0.9110576923076923 0.07932692307692307 0.05048076923076923
0 0.12620192307692307 0.9086538461538461 0.0829326923076923 0.05048076923076923
0 0.2247596153846154 0.8557692307692307 0.08653846153846154 0.028846153846153848
0 0.31850961538461536 0.8545673076923077 0.0889423076923077 0.027644230769230768
0 0.22355769230769232 0.8870192307692307 0.09375 0.030048076923076924
0 0.22355769230769232 0.9170673076923077 0.10096153846153846 0.027644230769230768
0 0.20793269230769232 0.7848557692307693 0.08653846153846154 0.03125
0 0.07451923076923077 0.02283653846153846 0.0733173076923077 0.04326923076923077
0 0.7475961538461539 0.3269230769230769 0.08533653846153846 0.028846153846153848
0 0.8413461538461539 0.054086538461538464 0.3125 0.10336538461538461
0 0.5300480769230769 0.328125 0.051682692307692304 0.027644230769230768
0 0.5348557692307693 0.3557692307692308 0.051682692307692304 0.027644230769230768
0 0.47836538461538464 0.3557692307692308 0.052884615384615384 0.030048076923076924
0 0.4230769230769231 0.3557692307692308 0.052884615384615384 0.030048076923076924
0 0.36658653846153844 0.3557692307692308 0.052884615384615384 0.030048076923076924
0 0.6009615384615384 0.32572115384615385 0.08052884615384616 0.028846153846153848
0 0.6033653846153846 0.3581730769230769 0.07451923076923077 0.03125
0 0.32572115384615385 0.5252403846153846 0.0985576923076923 0.027644230769230768
0 0.3269230769230769 0.5012019230769231 0.09134615384615384 0.015625
0 0.47475961538461536 0.054086538461538464 0.38822115384615385 0.09254807692307693
0 0.4230769230769231 0.49399038461538464 0.09375 0.03245192307692308
0 0.5180288461538461 0.5264423076923077 0.0889423076923077 0.027644230769230768
0 0.5180288461538461 0.49399038461538464 0.09014423076923077 0.03125
0 0.609375 0.5252403846153846 0.08774038461538461 0.027644230769230768
0 0.609375 0.49399038461538464 0.0889423076923077 0.03125
0 0.4735576923076923 0.32572115384615385 0.051682692307692304 0.027644230769230768
0 0.4182692307692308 0.3269230769230769 0.051682692307692304 0.027644230769230768
0 0.3641826923076923 0.3245192307692308 0.04927884615384615 0.028846153846153848
0 0.3125 0.3545673076923077 0.05048076923076923 0.03125
0 0.5012019230769231 0.2668269230769231 0.08653846153846154 0.030048076923076924
0 0.5901442307692307 0.265625 0.0829326923076923 0.030048076923076924
0 0.6790865384615384 0.2668269230769231 0.08774038461538461 0.030048076923076924
0 0.7692307692307693 0.2620192307692308 0.078125 0.046875
0 0.8509615384615384 0.25961538461538464 0.078125 0.046875
0 0.9350961538461539 0.24158653846153846 0.08413461538461539 0.02403846153846154
0 0.9362980769230769 0.2692307692307692 0.08413461538461539 0.028846153846153848
0 0.6971153846153846 0.5240384615384616 0.0829326923076923 0.030048076923076924
0 0.057692307692307696 0.32572115384615385 0.0733173076923077 0.027644230769230768
0 0.057692307692307696 0.3557692307692308 0.0733173076923077 0.027644230769230768
0 0.12980769230769232 0.3557692307692308 0.07091346153846154 0.028846153846153848
0 0.19831730769230768 0.33052884615384615 0.038461538461538464 0.015625
0 0.2512019230769231 0.3269230769230769 0.055288461538461536 0.019230769230769232
0 0.30649038461538464 0.3293269230769231 0.04807692307692308 0.016826923076923076
0 0.20072115384615385 0.3545673076923077 0.055288461538461536 0.03125
0 0.25721153846153844 0.3545673076923077 0.054086538461538464 0.03125
0 0.13341346153846154 0.3269230769230769 0.07211538461538461 0.027644230769230768
0 0.7091346153846154 0.49399038461538464 0.09735576923076923 0.027644230769230768
0 0.7860576923076923 0.5252403846153846 0.08533653846153846 0.030048076923076924
0 0.8377403846153846 0.49158653846153844 0.0889423076923077 0.028846153846153848
0 0.32211538461538464 0.41225961538461536 0.04927884615384615 0.028846153846153848
0 0.26802884615384615 0.41586538461538464 0.054086538461538464 0.02283653846153846
0 0.2127403846153846 0.40384615384615385 0.039663461538461536 0.013221153846153846
0 0.21153846153846154 0.4182692307692308 0.05048076923076923 0.013221153846153846
0 0.2848557692307692 0.4567307692307692 0.008413461538461538 0.007211538461538462
0 0.019230769230769232 0.42788461538461536 0.037259615384615384 0.018028846153846152
0 0.020432692307692308 0.44711538461538464 0.039663461538461536 0.014423076923076924
0 0.3737980769230769 0.41225961538461536 0.04927884615384615 0.028846153846153848
0 0.15504807692307693 0.44711538461538464 0.0673076923076923 0.013221153846153846
0 0.14783653846153846 0.4230769230769231 0.0673076923076923 0.013221153846153846
0 0.08052884615384616 0.44711538461538464 0.0733173076923077 0.01201923076923077
0 0.078125 0.4326923076923077 0.07692307692307693 0.013221153846153846
0 0.9423076923076923 0.3557692307692308 0.08653846153846154 0.03245192307692308
0 0.8521634615384616 0.3581730769230769 0.08413461538461539 0.03125
0 0.7608173076923077 0.3581730769230769 0.09134615384615384 0.027644230769230768
0 0.8341346153846154 0.32572115384615385 0.08653846153846154 0.028846153846153848
0 0.15264423076923078 0.43509615384615385 0.06490384615384616 0.008413461538461538
0 0.6802884615384616 0.234375 0.0889423076923077 0.03245192307692308
0 0.43509615384615385 0.4110576923076923 0.06610576923076923 0.028846153846153848
0 0.5793269230769231 0.4110576923076923 0.07091346153846154 0.03125
0 0.875 0.5240384615384616 0.08653846153846154 0.030048076923076924
0 0.9591346153846154 0.5252403846153846 0.07692307692307693 0.03125
0 0.9495192307692307 0.49399038461538464 0.09975961538461539 0.027644230769230768
0 0.9338942307692307 0.4387019230769231 0.056490384615384616 0.03245192307692308
0 0.9170673076923077 0.4098557692307692 0.0733173076923077 0.021634615384615384
0 0.8533653846153846 0.4387019230769231 0.10216346153846154 0.030048076923076924
0 0.21394230769230768 0.43990384615384615 0.04927884615384615 0.026442307692307692
0 0.5072115384615384 0.4110576923076923 0.06971153846153846 0.028846153846153848
0 0.265625 0.4423076923076923 0.05048076923076923 0.026442307692307692
0 0.3737980769230769 0.4411057692307692 0.051682692307692304 0.026442307692307692
0 0.4362980769230769 0.4411057692307692 0.0673076923076923 0.026442307692307692
0 0.5793269230769231 0.43990384615384615 0.0733173076923077 0.026442307692307692
0 0.6586538461538461 0.4411057692307692 0.07932692307692307 0.026442307692307692
0 0.7415865384615384 0.4411057692307692 0.08052884615384616 0.026442307692307692
0 0.7403846153846154 0.4110576923076923 0.07932692307692307 0.030048076923076924
0 0.6574519230769231 0.41225961538461536 0.07932692307692307 0.030048076923076924
0 0.31971153846153844 0.4423076923076923 0.052884615384615384 0.026442307692307692
0 0.5877403846153846 0.23317307692307693 0.08774038461538461 0.03365384615384615
0 0.4254807692307692 0.5264423076923077 0.09495192307692307 0.027644230769230768
0 0.09495192307692307 0.5288461538461539 0.0889423076923077 0.030048076923076924
0 0.40865384615384615 0.23557692307692307 0.08052884615384616 0.021634615384615384
0 0.4098557692307692 0.2644230769230769 0.08173076923076923 0.03365384615384615
0 0.31850961538461536 0.265625 0.09254807692307693 0.03125
0 0.21634615384615385 0.2620192307692308 0.1045673076923077 0.03365384615384615
0 0.31850961538461536 0.22956730769230768 0.09735576923076923 0.037259615384615384
0 0.21514423076923078 0.22716346153846154 0.10216346153846154 0.03365384615384615
0 0.1310096153846154 0.26802884615384615 0.057692307692307696 0.016826923076923076
0 0.04927884615384615 0.25841346153846156 0.09735576923076923 0.03485576923076923
0 0.9170673076923077 0.18269230769230768 0.06971153846153846 0.018028846153846152
0 0.9759615384615384 0.17067307692307693 0.04326923076923077 0.04326923076923077
0 0.49759615384615385 0.23317307692307693 0.08774038461538461 0.03245192307692308
0 0.9158653846153846 0.16346153846153846 0.06971153846153846 0.018028846153846152
0 0.7716346153846154 0.17668269230769232 0.0829326923076923 0.03125
0 0.6959134615384616 0.17908653846153846 0.06129807692307692 0.02283653846153846
0 0.6201923076923077 0.17427884615384615 0.07932692307692307 0.03365384615384615
0 0.5360576923076923 0.171875 0.08533653846153846 0.036057692307692304
0 0.4423076923076923 0.17067307692307693 0.09615384615384616 0.03485576923076923
0 0.23798076923076922 0.16466346153846154 0.10336538461538461 0.038461538461538464
0 0.3401442307692308 0.16826923076923078 0.09735576923076923 0.036057692307692304
0 0.14903846153846154 0.5769230769230769 0.09014423076923077 0.03245192307692308
0 0.052884615384615384 0.5769230769230769 0.09254807692307693 0.03125
0 0.09615384615384616 0.4963942307692308 0.09615384615384616 0.03485576923076923
0 0.8461538461538461 0.17668269230769232 0.06370192307692307 0.027644230769230768
0 0.22355769230769232 0.5252403846153846 0.10096153846153846 0.030048076923076924
0 0.2247596153846154 0.5 0.0985576923076923 0.018028846153846152
0 0.07091346153846154 0.16346153846153846 0.109375 0.042067307692307696