0 0.46153846153846156 0.5877403846153846 0.03125 0.04326923076923077
0 0.4987980769230769 0.5877403846153846 0.03485576923076923 0.04567307692307692
0 0.53125 0.5853365384615384 0.030048076923076924 0.046875
0 0.5865384615384616 0.5853365384615384 0.02283653846153846 0.04447115384615385
0 0.6105769230769231 0.5829326923076923 0.018028846153846152 0.042067307692307696
0 0.6935096153846154 0.5805288461538461 0.030048076923076924 0.06009615384615385
0 0.4206730769230769 0.5949519230769231 0.03485576923076923 0.028846153846153848
0 0.5216346153846154 0.49759615384615385 0.04326923076923077 0.02403846153846154
0 0.4375 0.5180288461538461 0.036057692307692304 0.019230769230769232
0 0.47836538461538464 0.4735576923076923 0.036057692307692304 0.015625
0 0.47596153846153844 0.5168269230769231 0.036057692307692304 0.016826923076923076
0 0.6502403846153846 0.5877403846153846 0.02403846153846154 0.039663461538461536
0 0.47475961538461536 0.4951923076923077 0.037259615384615384 0.02283653846153846
0 0.3713942307692308 0.7632211538461539 0.03365384615384615 0.052884615384615384
0 0.35336538461538464 0.5865384615384616 0.021634615384615384 0.04447115384615385
0 0.38341346153846156 0.5865384615384616 0.03245192307692308 0.046875
0 0.3233173076923077 0.5865384615384616 0.03485576923076923 0.04567307692307692
0 0.2692307692307692 0.5865384615384616 0.03245192307692308 0.046875
0 0.23317307692307693 0.5865384615384616 0.03485576923076923 0.04567307692307692
0 0.15264423076923078 0.7680288461538461 0.04447115384615385 0.054086538461538464
0 0.19831730769230768 0.765625 0.036057692307692304 0.05889423076923077
0 0.2403846153846154 0.7680288461538461 0.040865384615384616 0.056490384615384616
0 0.28846153846153844 0.7692307692307693 0.042067307692307696 0.06009615384615385
0 0.33413461538461536 0.7596153846153846 0.039663461538461536 0.06370192307692307
0 0.41466346153846156 0.7620192307692307 0.03365384615384615 0.052884615384615384
0 0.45552884615384615 0.7596153846153846 0.03125 0.054086538461538464
0 0.671875 0.3425480769230769 0.0673076923076923 0.03245192307692308
0 0.3918269230769231 0.4963942307692308 0.042067307692307696 0.021634615384615384
0 0.296875 0.5841346153846154 0.015625 0.04326923076923077
0 0.39302884615384615 0.5180288461538461 0.042067307692307696 0.016826923076923076
0 0.1658653846153846 0.29086538461538464 0.078125 0.040865384615384616
0 0.41466346153846156 0.6658653846153846 0.03365384615384615 0.04447115384615385
0 0.2692307692307692 0.421875 0.038461538461538464 0.04807692307692308
0 0.31971153846153844 0.41947115384615385 0.04447115384615385 0.054086538461538464
0 0.375 0.41346153846153844 0.027644230769230768 0.06009615384615385
0 0.4050480769230769 0.41466346153846156 0.027644230769230768 0.05889423076923077
0 0.4326923076923077 0.41586538461538464 0.021634615384615384 0.06129807692307692
0 0.46634615384615385 0.41346153846153844 0.027644230769230768 0.0625
0 0.5913461538461539 0.4338942307692308 0.038461538461538464 0.020432692307692308
0 0.5889423076923077 0.4050480769230769 0.040865384615384616 0.01201923076923077
0 0.6346153846153846 0.43509615384615385 0.037259615384615384 0.019230769230769232
0 0.16466346153846154 0.42788461538461536 0.07572115384615384 0.027644230769230768
0 0.6394230769230769 0.41346153846153844 0.03125 0.02403846153846154
0 0.6814903846153846 0.4182692307692308 0.030048076923076924 0.01201923076923077
0 0.7163461538461539 0.43509615384615385 0.03365384615384615 0.019230769230769232
0 0.7680288461538461 0.42788461538461536 0.020432692307692308 0.037259615384615384
0 0.5120192307692307 0.34134615384615385 0.09014423076923077 0.03485576923076923
0 0.8197115384615384 0.41947115384615385 0.03365384615384615 0.04447115384615385
0 0.8641826923076923 0.41947115384615385 0.04326923076923077 0.05048076923076923
0 0.9855769230769231 0.39663461538461536 0.027644230769230768 0.06370192307692307
0 0.8353365384615384 0.34134615384615385 0.08533653846153846 0.03485576923076923
0 0.75 0.3425480769230769 0.078125 0.030048076923076924
0 0.6730769230769231 0.43509615384615385 0.03485576923076923 0.016826923076923076
0 0.18509615384615385 0.4014423076923077 0.056490384615384616 0.014423076923076924
0 0.028846153846153848 0.3605769230769231 0.040865384615384616 0.05889423076923077
0 0.027644230769230768 0.4338942307692308 0.039663461538461536 0.05048076923076923
0 0.3786057692307692 0.6658653846153846 0.028846153846153848 0.04326923076923077
0 0.30288461538461536 0.6694711538461539 0.030048076923076924 0.04447115384615385
0 0.2668269230769231 0.6706730769230769 0.03245192307692308 0.04326923076923077
0 0.2668269230769231 0.6394230769230769 0.027644230769230768 0.008413461538461538
0 0.23076923076923078 0.6706730769230769 0.028846153846153848 0.040865384615384616
0 0.1971153846153846 0.6682692307692307 0.03245192307692308 0.046875
0 0.16346153846153846 0.6670673076923077 0.03245192307692308 0.05048076923076923
0 0.042067307692307696 0.6826923076923077 0.039663461538461536 0.054086538461538464
0 0.057692307692307696 0.6033653846153846 0.038461538461538464 0.05048076923076923
0 0.8497596153846154 0.5997596153846154 0.06129807692307692 0.019230769230769232
0 0.7980769230769231 0.5757211538461539 0.02403846153846154 0.06009615384615385
0 0.765625 0.5793269230769231 0.030048076923076924 0.057692307692307696
0 0.030048076923076924 0.27884615384615385 0.05889423076923077 0.07572115384615384
0 0.15504807692307693 0.33413461538461536 0.0829326923076923 0.04326923076923077
0 0.23798076923076922 0.33533653846153844 0.07692307692307693 0.040865384615384616
0 0.3293269230769231 0.3317307692307692 0.08653846153846154 0.051682692307692304
0 0.3317307692307692 0.2920673076923077 0.08173076923076923 0.02283653846153846
0 0.421875 0.3329326923076923 0.08052884615384616 0.04447115384615385
0 0.016826923076923076 0.6045673076923077 0.03365384615384615 0.057692307692307696
0 0.04326923076923077 0.5264423076923077 0.020432692307692308 0.036057692307692304
0 0.014423076923076924 0.5204326923076923 0.028846153846153848 0.05048076923076923
0 0.7295673076923077 0.5817307692307693 0.03245192307692308 0.05889423076923077
0 0.7475961538461539 0.4266826923076923 0.018028846153846152 0.038461538461538464
0 0.7908653846153846 0.4254807692307692 0.016826923076923076 0.036057692307692304
0 0.056490384615384616 0.7740384615384616 0.030048076923076924 0.03365384615384615
0 0.5588942307692307 0.6610576923076923 0.038461538461538464 0.057692307692307696
0 0.6213942307692307 0.6658653846153846 0.036057692307692304 0.038461538461538464
0 0.6887019230769231 0.6766826923076923 0.06370192307692307 0.030048076923076924
0 0.7403846153846154 0.6610576923076923 0.03365384615384615 0.057692307692307696
0 0.7908653846153846 0.6742788461538461 0.03245192307692308 0.03125
0 0.8269230769230769 0.6730769230769231 0.027644230769230768 0.027644230769230768
0 0.8617788461538461 0.671875 0.027644230769230768 0.030048076923076924
0 0.8497596153846154 0.7764423076923077 0.046875 0.025240384615384616
0 0.7980769230769231 0.765625 0.038461538461538464 0.04807692307692308
0 0.7572115384615384 0.7668269230769231 0.03485576923076923 0.04447115384615385
0 0.71875 0.7632211538461539 0.027644230769230768 0.052884615384615384
0 0.6875 0.765625 0.028846153846153848 0.046875
0 0.6526442307692307 0.7596153846153846 0.026442307692307692 0.03485576923076923
0 0.6225961538461539 0.7620192307692307 0.021634615384615384 0.052884615384615384
0 0.5913461538461539 0.7692307692307693 0.03365384615384615 0.056490384615384616
0 0.5480769230769231 0.7668269230769231 0.03245192307692308 0.04807692307692308
0 0.4951923076923077 0.7608173076923077 0.04447115384615385 0.06850961538461539
0 0.5192307692307693 0.6646634615384616 0.03485576923076923 0.04927884615384615
0 0.3449519230769231 0.5180288461538461 0.042067307692307696 0.015625
0 0.4831730769230769 0.6658653846153846 0.028846153846153848 0.04927884615384615
0 0.4483173076923077 0.6670673076923077 0.027644230769230768 0.04326923076923077
0 0.5649038461538461 0.49759615384615385 0.037259615384615384 0.02283653846153846
0 0.5204326923076923 0.5192307692307693 0.037259615384615384 0.013221153846153846
0 0.5637019230769231 0.5192307692307693 0.038461538461538464 0.016826923076923076
0 0.6213942307692307 0.5168269230769231 0.04326923076923077 0.015625
0 0.6766826923076923 0.5024038461538461 0.04807692307692308 0.04807692307692308
0 0.7283653846153846 0.5096153846153846 0.042067307692307696 0.030048076923076924
0 0.7776442307692307 0.49759615384615385 0.042067307692307696 0.021634615384615384
0 0.7776442307692307 0.5192307692307693 0.042067307692307696 0.016826923076923076
0 0.828125 0.5192307692307693 0.042067307692307696 0.016826923076923076
0 0.8257211538461539 0.49759615384615385 0.039663461538461536 0.021634615384615384
0 0.8701923076923077 0.5024038461538461 0.03245192307692308 0.051682692307692304
0 0.9795673076923077 0.49038461538461536 0.039663461538461536 0.038461538461538464
0 0.9759615384615384 0.5661057692307693 0.04326923076923077 0.026442307692307692
0 0.9795673076923077 0.5889423076923077 0.039663461538461536 0.015625
0 0.9603365384615384 0.6442307692307693 0.03365384615384615 0.051682692307692304
0 0.9903846153846154 0.6502403846153846 0.014423076923076924 0.04567307692307692
0 0.9735576923076923 0.7692307692307693 0.042067307692307696 0.055288461538461536
0 0.02283653846153846 0.7632211538461539 0.02403846153846154 0.06610576923076923
0 0.34615384615384615 0.49759615384615385 0.03485576923076923 0.020432692307692308
0 0.5973557692307693 0.34375 0.06610576923076923 0.03125
0 0.13942307692307693 0.5084134615384616 0.030048076923076924 0.03485576923076923
0 0.14302884615384615 0.4831730769230769 0.036057692307692304 0.01201923076923077
0 0.1778846153846154 0.4795673076923077 0.026442307692307692 0.010817307692307692
0 0.21153846153846154 0.47716346153846156 0.02283653846153846 0.010817307692307692
0 0.16826923076923078 0.5096153846153846 0.015625 0.03365384615384615
0 0.20072115384615385 0.5072115384615384 0.026442307692307692 0.037259615384615384
0 0.234375 0.5084134615384616 0.03245192307692308 0.040865384615384616
0 0.2692307692307692 0.5060096153846154 0.027644230769230768 0.04326923076923077
0 0.30408653846153844 0.5060096153846154 0.025240384615384616 0.038461538461538464