0 0.32091346153846156 0.12860576923076922 0.07572115384615384 0.10576923076923077
0 0.390625 0.1201923076923077 0.06009615384615385 0.12259615384615384
0 0.2860576923076923 0.26322115384615385 0.06129807692307692 0.10336538461538461
0 0.21875 0.2668269230769231 0.06971153846153846 0.0985576923076923
0 0.15384615384615385 0.2692307692307692 0.05889423076923077 0.10576923076923077
0 0.5252403846153846 0.11177884615384616 0.06610576923076923 0.11778846153846154
0 0.028846153846153848 0.2776442307692308 0.057692307692307696 0.10336538461538461
0 0.6814903846153846 0.09375 0.08173076923076923 0.11658653846153846
0 0.5997596153846154 0.10336538461538461 0.08413461538461539 0.0985576923076923
0 0.4579326923076923 0.11658653846153846 0.06850961538461539 0.10697115384615384
0 0.09014423076923077 0.2776442307692308 0.06971153846153846 0.09254807692307693
0 0.25240384615384615 0.12980769230769232 0.0625 0.109375
0 0.9699519230769231 0.6971153846153846 0.05889423076923077 0.055288461538461536
0 0.11899038461538461 0.13701923076923078 0.06490384615384616 0.11057692307692307
0 0.04807692307692308 0.14543269230769232 0.078125 0.10336538461538461
0 0.3485576923076923 0.265625 0.0733173076923077 0.09375
0 0.9735576923076923 0.75 0.051682692307692304 0.04927884615384615
0 0.019230769230769232 0.8545673076923077 0.03485576923076923 0.07451923076923077
0 0.6862980769230769 0.7247596153846154 0.042067307692307696 0.09615384615384616
0 0.7319711538461539 0.7271634615384616 0.04326923076923077 0.09375
0 0.796875 0.7439903846153846 0.06009615384615385 0.054086538461538464
0 0.8545673076923077 0.7127403846153846 0.056490384615384616 0.042067307692307696
0 0.8545673076923077 0.7512019230769231 0.056490384615384616 0.036057692307692304
0 0.9122596153846154 0.7091346153846154 0.055288461538461536 0.042067307692307696
0 0.9146634615384616 0.7512019230769231 0.05889423076923077 0.040865384615384616
0 0.18629807692307693 0.13822115384615385 0.0733173076923077 0.10096153846153846
0 0.4182692307692308 0.25721153846153844 0.06850961538461539 0.109375
0 0.33653846153846156 0.5204326923076923 0.054086538461538464 0.0673076923076923
0 0.5637019230769231 0.24879807692307693 0.06490384615384616 0.11298076923076923
0 0.5600961538461539 0.6129807692307693 0.03125 0.10216346153846154
0 0.5276442307692307 0.6165865384615384 0.03485576923076923 0.09375
0 0.49278846153846156 0.6165865384615384 0.03485576923076923 0.09254807692307693
0 0.4495192307692308 0.6153846153846154 0.051682692307692304 0.09375
0 0.9603365384615384 0.875 0.07451923076923077 0.0625
0 0.40024038461538464 0.6165865384615384 0.04807692307692308 0.09014423076923077
0 0.3473557692307692 0.6177884615384616 0.057692307692307696 0.08413461538461539
0 0.29447115384615385 0.6201923076923077 0.051682692307692304 0.08653846153846154
0 0.17307692307692307 0.6358173076923077 0.07091346153846154 0.06490384615384616
0 0.11298076923076923 0.640625 0.04447115384615385 0.056490384615384616
0 0.07572115384615384 0.6430288461538461 0.03365384615384615 0.052884615384615384
0 0.04326923076923077 0.6466346153846154 0.028846153846153848 0.04567307692307692
0 0.009615384615384616 0.640625 0.018028846153846152 0.07572115384615384
0 0.9879807692307693 0.4495192307692308 0.021634615384615384 0.09134615384615384
0 0.9483173076923077 0.44471153846153844 0.05048076923076923 0.09975961538461539
0 0.8978365384615384 0.48197115384615385 0.055288461538461536 0.038461538461538464
0 0.8497596153846154 0.4519230769230769 0.03365384615384615 0.10096153846153846
0 0.8088942307692307 0.453125 0.046875 0.09615384615384616
0 0.7151442307692307 0.49759615384615385 0.039663461538461536 0.09495192307692307
0 0.671875 0.4987980769230769 0.04326923076923077 0.09735576923076923
0 0.6286057692307693 0.4987980769230769 0.04326923076923077 0.09615384615384616
0 0.5925480769230769 0.6129807692307693 0.03365384615384615 0.10096153846153846
0 0.5841346153846154 0.5012019230769231 0.04447115384615385 0.09615384615384616
0 0.6262019230769231 0.6129807692307693 0.03365384615384615 0.09975961538461539
0 0.6947115384615384 0.6165865384615384 0.036057692307692304 0.09134615384615384
0 0.49158653846153844 0.2536057692307692 0.078125 0.10096153846153846
0 0.2704326923076923 0.5180288461538461 0.027644230769230768 0.07211538461538461
0 0.296875 0.5168269230769231 0.02403846153846154 0.07211538461538461
0 0.6478365384615384 0.7259615384615384 0.039663461538461536 0.09495192307692307
0 0.5817307692307693 0.7259615384615384 0.08533653846153846 0.09254807692307693
0 0.5024038461538461 0.7319711538461539 0.06971153846153846 0.08173076923076923
0 0.4411057692307692 0.7319711538461539 0.054086538461538464 0.08173076923076923
0 0.3798076923076923 0.7367788461538461 0.06009615384615385 0.07091346153846154
0 0.32091346153846156 0.7307692307692307 0.05889423076923077 0.078125
0 0.25240384615384615 0.7331730769230769 0.07451923076923077 0.07211538461538461
0 0.17668269230769232 0.734375 0.0733173076923077 0.0733173076923077
0 0.09134615384615384 0.7367788461538461 0.09735576923076923 0.07091346153846154
0 0.02283653846153846 0.7367788461538461 0.04567307692307692 0.06610576923076923
0 0.9567307692307693 0.625 0.0733173076923077 0.039663461538461536
0 0.9603365384615384 0.5889423076923077 0.06971153846153846 0.038461538461538464
0 0.9591346153846154 0.5432692307692307 0.078125 0.051682692307692304
0 0.8918269230769231 0.5805288461538461 0.05889423076923077 0.125
0 0.8401442307692307 0.5853365384615384 0.04326923076923077 0.11899038461538461
0 0.7944711538461539 0.6237980769230769 0.04807692307692308 0.04326923076923077
0 0.7944711538461539 0.5745192307692307 0.04447115384615385 0.057692307692307696
0 0.7271634615384616 0.6189903846153846 0.028846153846153848 0.09735576923076923
0 0.6610576923076923 0.6129807692307693 0.03365384615384615 0.09975961538461539
0 0.5264423076923077 0.5072115384615384 0.07091346153846154 0.0829326923076923
0 0.23677884615384615 0.6322115384615384 0.06129807692307692 0.06129807692307692
0 0.39783653846153844 0.5084134615384616 0.07091346153846154 0.08533653846153846
0 0.39903846153846156 0.3870192307692308 0.042067307692307696 0.09495192307692307
0 0.3425480769230769 0.3894230769230769 0.06850961538461539 0.0889423076923077
0 0.2776442307692308 0.390625 0.06129807692307692 0.09134615384615384
0 0.21153846153846154 0.3954326923076923 0.0673076923076923 0.09014423076923077
0 0.1502403846153846 0.3942307692307692 0.056490384615384616 0.0889423076923077
0 0.09014423076923077 0.39783653846153844 0.0625 0.0829326923076923
0 0.015625 0.4050480769230769 0.030048076923076924 0.0889423076923077
0 0.04326923076923077 0.40625 0.020432692307692308 0.08653846153846154
0 0.9254807692307693 0.2704326923076923 0.07692307692307693 0.051682692307692304
0 0.9278846153846154 0.33052884615384615 0.078125 0.05048076923076923
0 0.8617788461538461 0.2980769230769231 0.04567307692307692 0.11538461538461539
0 0.8064903846153846 0.30288461538461536 0.055288461538461536 0.11899038461538461
0 0.46274038461538464 0.5060096153846154 0.05889423076923077 0.09014423076923077
0 0.9663461538461539 0.15745192307692307 0.0625 0.04567307692307692
0 0.9651442307692307 0.09134615384615384 0.0673076923076923 0.056490384615384616
0 0.9098557692307693 0.125 0.04567307692307692 0.12139423076923077
0 0.859375 0.140625 0.054086538461538464 0.09134615384615384
0 0.8052884615384616 0.14182692307692307 0.055288461538461536 0.10817307692307693
0 0.75 0.15144230769230768 0.054086538461538464 0.09254807692307693
0 0.7007211538461539 0.2848557692307692 0.037259615384615384 0.10216346153846154
0 0.625 0.2403846153846154 0.055288461538461536 0.09735576923076923
0 0.44350961538461536 0.38461538461538464 0.046875 0.09375
0 0.4879807692307692 0.3798076923076923 0.040865384615384616 0.1045673076923077
0 0.7572115384615384 0.31850961538461536 0.046875 0.09014423076923077
0 0.5757211538461539 0.37740384615384615 0.042067307692307696 0.1045673076923077
0 0.7932692307692307 0.8713942307692307 0.07572115384615384 0.06971153846153846
0 0.53125 0.3798076923076923 0.04567307692307692 0.10336538461538461
0 0.7199519230769231 0.8545673076923077 0.06971153846153846 0.08533653846153846
0 0.6490384615384616 0.8521634615384616 0.07211538461538461 0.0889423076923077
0 0.875 0.875 0.09134615384615384 0.05889423076923077
0 0.5060096153846154 0.8497596153846154 0.0673076923076923 0.09495192307692307
0 0.4423076923076923 0.8449519230769231 0.06009615384615385 0.08774038461538461
0 0.3798076923076923 0.8497596153846154 0.06610576923076923 0.07932692307692307
0 0.2548076923076923 0.8485576923076923 0.06370192307692307 0.08413461538461539
0 0.17908653846153846 0.8485576923076923 0.09014423076923077 0.08413461538461539
0 0.08653846153846154 0.8533653846153846 0.09254807692307693 0.07451923076923077
0 0.5769230769230769 0.8485576923076923 0.06009615384615385 0.0829326923076923
0 0.17908653846153846 0.5216346153846154 0.025240384615384616 0.06971153846153846
0 0.15144230769230768 0.5228365384615384 0.026442307692307692 0.07091346153846154
0 0.1201923076923077 0.5228365384615384 0.03245192307692308 0.07211538461538461
0 0.09375 0.5216346153846154 0.026442307692307692 0.07572115384615384
0 0.055288461538461536 0.5240384615384616 0.04807692307692308 0.07692307692307693
0 0.015625 0.5288461538461539 0.028846153846153848 0.08173076923076923
0 0.6189903846153846 0.37740384615384615 0.04326923076923077 0.10576923076923077
0 0.7079326923076923 0.3701923076923077 0.039663461538461536 0.10817307692307693
0 0.21153846153846154 0.5180288461538461 0.03125 0.07451923076923077
0 0.6634615384615384 0.37259615384615385 0.04567307692307692 0.11298076923076923