0 0.2824519230769231 0.9423076923076923 0.09375 0.1045673076923077
0 0.16466346153846154 0.07572115384615384 0.0733173076923077 0.12259615384615384
0 0.140625 0.6971153846153846 0.08052884615384616 0.10216346153846154
0 0.21153846153846154 0.7199519230769231 0.056490384615384616 0.04326923076923077
0 0.2668269230769231 0.7223557692307693 0.055288461538461536 0.040865384615384616
0 0.3269230769230769 0.7271634615384616 0.0625 0.03365384615384615
0 0.3293269230769231 0.6947115384615384 0.06370192307692307 0.030048076923076924
0 0.33052884615384615 0.6538461538461539 0.06850961538461539 0.03245192307692308
0 0.39903846153846156 0.6610576923076923 0.0625 0.03485576923076923
0 0.39663461538461536 0.6947115384615384 0.06610576923076923 0.03125
0 0.3942307692307692 0.7295673076923077 0.0673076923076923 0.037259615384615384
0 0.46634615384615385 0.7079326923076923 0.0625 0.06129807692307692
0 0.53125 0.7127403846153846 0.07211538461538461 0.051682692307692304
0 0.05889423076923077 0.6959134615384616 0.0829326923076923 0.10216346153846154
0 0.6274038461538461 0.6899038461538461 0.11177884615384616 0.0985576923076923
0 0.7512019230769231 0.7007211538461539 0.04807692307692308 0.0889423076923077
0 0.7932692307692307 0.7007211538461539 0.037259615384615384 0.0889423076923077
0 0.8305288461538461 0.6959134615384616 0.03485576923076923 0.09615384615384616
0 0.8701923076923077 0.6959134615384616 0.04326923076923077 0.09615384615384616
0 0.9170673076923077 0.6971153846153846 0.03485576923076923 0.08173076923076923
0 0.0673076923076923 0.5552884615384616 0.0673076923076923 0.03245192307692308
0 0.06610576923076923 0.5961538461538461 0.07211538461538461 0.038461538461538464
0 0.14302884615384615 0.5649038461538461 0.07932692307692307 0.10096153846153846
0 0.22956730769230768 0.5276442307692307 0.09134615384615384 0.046875
0 0.24519230769230768 0.5889423076923077 0.0889423076923077 0.057692307692307696
0 0.33533653846153844 0.5540865384615384 0.0829326923076923 0.10697115384615384
0 0.7055288461538461 0.6959134615384616 0.04567307692307692 0.0985576923076923
0 0.8834134615384616 0.8221153846153846 0.052884615384615384 0.0673076923076923
0 0.8365384615384616 0.8197115384615384 0.039663461538461536 0.06971153846153846
0 0.7920673076923077 0.8233173076923077 0.04567307692307692 0.07572115384615384
0 0.3798076923076923 0.9314903846153846 0.078125 0.05048076923076923
0 0.45552884615384615 0.9242788461538461 0.06610576923076923 0.057692307692307696
0 0.5264423076923077 0.9254807692307693 0.07211538461538461 0.055288461538461536
0 0.38341346153846156 0.9807692307692307 0.07692307692307693 0.03365384615384615
0 0.46033653846153844 0.9771634615384616 0.07451923076923077 0.04326923076923077
0 0.17668269230769232 0.9567307692307693 0.10336538461538461 0.07572115384615384
0 0.5348557692307693 0.9723557692307693 0.07572115384615384 0.03485576923076923
0 0.625 0.9435096153846154 0.09975961538461539 0.10096153846153846
0 0.7127403846153846 0.9435096153846154 0.07451923076923077 0.10216346153846154
0 0.7908653846153846 0.9423076923076923 0.08173076923076923 0.1141826923076923
0 0.8725961538461539 0.9435096153846154 0.08173076923076923 0.11177884615384616
0 0.9519230769230769 0.9399038461538461 0.078125 0.11899038461538461
0 0.07211538461538461 0.8461538461538461 0.04326923076923077 0.05048076923076923
0 0.14423076923076922 0.8245192307692307 0.078125 0.09735576923076923
0 0.21875 0.8245192307692307 0.06971153846153846 0.09615384615384616
0 0.2932692307692308 0.7992788461538461 0.07451923076923077 0.03245192307692308
0 0.2920673076923077 0.8425480769230769 0.07211538461538461 0.055288461538461536
0 0.37259615384615385 0.7848557692307693 0.07932692307692307 0.037259615384615384
0 0.36899038461538464 0.8269230769230769 0.078125 0.046875
0 0.45072115384615385 0.8377403846153846 0.0733173076923077 0.05889423076923077
0 0.45913461538461536 0.7908653846153846 0.06850961538461539 0.03125
0 0.5288461538461539 0.7860576923076923 0.057692307692307696 0.03245192307692308
0 0.5228365384615384 0.8341346153846154 0.0625 0.06129807692307692
0 0.5913461538461539 0.7956730769230769 0.0625 0.06490384615384616
0 0.7199519230769231 0.8112980769230769 0.0985576923076923 0.0985576923076923
0 0.41225961538461536 0.5709134615384616 0.06610576923076923 0.0733173076923077
0 0.4735576923076923 0.5757211538461539 0.054086538461538464 0.08533653846153846
0 0.9771634615384616 0.6995192307692307 0.04326923076923077 0.0829326923076923
0 0.5817307692307693 0.5757211538461539 0.05048076923076923 0.08173076923076923
0 0.5432692307692307 0.25961538461538464 0.030048076923076924 0.11298076923076923
0 0.5757211538461539 0.2608173076923077 0.037259615384615384 0.11778846153846154
0 0.6177884615384616 0.2692307692307692 0.046875 0.10096153846153846
0 0.6814903846153846 0.27403846153846156 0.04326923076923077 0.09975961538461539
0 0.7391826923076923 0.2692307692307692 0.06971153846153846 0.10697115384615384
0 0.7944711538461539 0.2848557692307692 0.03485576923076923 0.09615384615384616
0 0.8413461538461539 0.28365384615384615 0.056490384615384616 0.09254807692307693
0 0.5276442307692307 0.578125 0.055288461538461536 0.08052884615384616
0 0.9723557692307693 0.28725961538461536 0.042067307692307696 0.09615384615384616
0 0.09014423076923077 0.06850961538461539 0.07692307692307693 0.13701923076923078
0 0.2403846153846154 0.08413461538461539 0.06129807692307692 0.11899038461538461
0 0.3016826923076923 0.08653846153846154 0.06129807692307692 0.1141826923076923
0 0.359375 0.09014423076923077 0.052884615384615384 0.12139423076923077
0 0.40865384615384615 0.09375 0.04447115384615385 0.1141826923076923
0 0.4639423076923077 0.09615384615384616 0.0625 0.1141826923076923
0 0.5180288461538461 0.09975961538461539 0.04447115384615385 0.1201923076923077
0 0.5757211538461539 0.1045673076923077 0.06971153846153846 0.11538461538461539
0 0.6370192307692307 0.10697115384615384 0.04447115384615385 0.11658653846153846
0 0.6887019230769231 0.109375 0.05889423076923077 0.11057692307692307
0 0.7391826923076923 0.11298076923076923 0.04326923076923077 0.11778846153846154
0 0.7788461538461539 0.1466346153846154 0.02403846153846154 0.04567307692307692
0 0.8028846153846154 0.14903846153846154 0.02403846153846154 0.05048076923076923
0 0.84375 0.1346153846153846 0.057692307692307696 0.07932692307692307
0 0.90625 0.13942307692307693 0.05889423076923077 0.08653846153846154
0 0.953125 0.14423076923076922 0.038461538461538464 0.07451923076923077
0 0.5084134615384616 0.2548076923076923 0.03485576923076923 0.12139423076923077
0 0.4579326923076923 0.2536057692307692 0.055288461538461536 0.11899038461538461
0 0.921875 0.2848557692307692 0.054086538461538464 0.10216346153846154
0 0.2920673076923077 0.24519230769230768 0.0625 0.11778846153846154
0 0.6538461538461539 0.5649038461538461 0.057692307692307696 0.1045673076923077
0 0.7572115384615384 0.5673076923076923 0.055288461538461536 0.10096153846153846
0 0.8245192307692307 0.5697115384615384 0.06370192307692307 0.10576923076923077
0 0.3954326923076923 0.2512019230769231 0.0733173076923077 0.12259615384615384
0 0.9290865384615384 0.578125 0.04447115384615385 0.08173076923076923
0 0.9759615384615384 0.5721153846153846 0.046875 0.09134615384615384
0 0.06129807692307692 0.39302884615384615 0.06850961538461539 0.13701923076923078
0 0.12740384615384615 0.39783653846153844 0.06370192307692307 0.1310096153846154
0 0.19110576923076922 0.39783653846153844 0.0625 0.13221153846153846
0 0.2536057692307692 0.4014423076923077 0.0625 0.12740384615384615
0 0.31490384615384615 0.4026442307692308 0.056490384615384616 0.12620192307692307
0 0.3737980769230769 0.4050480769230769 0.06129807692307692 0.12259615384615384
0 0.8810096153846154 0.5805288461538461 0.046875 0.08653846153846154
0 0.4795673076923077 0.4110576923076923 0.057692307692307696 0.1141826923076923
0 0.42788461538461536 0.40625 0.046875 0.125
0 0.21033653846153846 0.24278846153846154 0.07211538461538461 0.11778846153846154
0 0.9314903846153846 0.4375 0.02283653846153846 0.08052884615384616
0 0.8954326923076923 0.4338942307692308 0.04326923076923077 0.08413461538461539
0 0.8269230769230769 0.4182692307692308 0.06610576923076923 0.11298076923076923
0 0.12259615384615384 0.24639423076923078 0.04807692307692308 0.1201923076923077
0 0.7055288461538461 0.4182692307692308 0.052884615384615384 0.11899038461538461
0 0.6478365384615384 0.4170673076923077 0.0625 0.1201923076923077
0 0.5865384615384616 0.41346153846153844 0.057692307692307696 0.11538461538461539
0 0.5336538461538461 0.41346153846153844 0.04927884615384615 0.11778846153846154
0 0.7620192307692307 0.41586538461538464 0.057692307692307696 0.11778846153846154