0 0.8401442307692307 0.1141826923076923 0.026442307692307692 0.06370192307692307
0 0.8737980769230769 0.11298076923076923 0.027644230769230768 0.06610576923076923
0 0.13701923076923078 0.36778846153846156 0.06370192307692307 0.03485576923076923
0 0.9651442307692307 0.09254807692307693 0.04447115384615385 0.1045673076923077
0 0.7896634615384616 0.10336538461538461 0.0733173076923077 0.08173076923076923
0 0.9230769230769231 0.09134615384615384 0.039663461538461536 0.1045673076923077
0 0.7115384615384616 0.12740384615384615 0.0625 0.039663461538461536
0 0.4050480769230769 0.11177884615384616 0.04807692307692308 0.06610576923076923
0 0.6105769230769231 0.11899038461538461 0.03485576923076923 0.05048076923076923
0 0.5649038461538461 0.11778846153846154 0.039663461538461536 0.052884615384615384
0 0.5192307692307693 0.1141826923076923 0.04927884615384615 0.06610576923076923
0 0.46033653846153844 0.11057692307692307 0.054086538461538464 0.07091346153846154
0 0.96875 0.24519230769230768 0.05048076923076923 0.07451923076923077
0 0.33653846153846156 0.10216346153846154 0.0829326923076923 0.09134615384615384
0 0.6574519230769231 0.1201923076923077 0.04326923076923077 0.04807692307692308
0 0.9230769230769231 0.23918269230769232 0.02403846153846154 0.08653846153846154
0 0.6875 0.2608173076923077 0.07211538461538461 0.039663461538461536
0 0.7644230769230769 0.22355769230769232 0.06850961538461539 0.04326923076923077
0 0.7644230769230769 0.2644230769230769 0.07572115384615384 0.03245192307692308
0 0.6730769230769231 0.1971153846153846 0.06971153846153846 0.0829326923076923
0 0.24639423076923078 0.09975961538461539 0.08533653846153846 0.09254807692307693
0 0.6153846153846154 0.24879807692307693 0.042067307692307696 0.06129807692307692
0 0.5588942307692307 0.23918269230769232 0.0673076923076923 0.07692307692307693
0 0.49158653846153844 0.23918269230769232 0.06370192307692307 0.08173076923076923
0 0.42788461538461536 0.23557692307692307 0.06129807692307692 0.08774038461538461
0 0.3701923076923077 0.24759615384615385 0.051682692307692304 0.0625
0 0.31850961538461536 0.24879807692307693 0.05048076923076923 0.05889423076923077
0 0.25 0.234375 0.078125 0.08774038461538461
0 0.17307692307692307 0.21995192307692307 0.042067307692307696 0.07211538461538461
0 0.12139423076923077 0.21754807692307693 0.057692307692307696 0.07451923076923077
0 0.0673076923076923 0.21995192307692307 0.04567307692307692 0.07091346153846154
0 0.8449519230769231 0.23557692307692307 0.0829326923076923 0.09975961538461539
0 0.140625 0.10817307692307693 0.0673076923076923 0.08052884615384616
0 0.6778846153846154 0.7307692307692307 0.037259615384615384 0.04807692307692308
0 0.026442307692307692 0.109375 0.04567307692307692 0.06850961538461539
0 0.9867788461538461 0.8798076923076923 0.021634615384615384 0.09134615384615384
0 0.9182692307692307 0.8629807692307693 0.109375 0.1201923076923077
0 0.8185096153846154 0.8846153846153846 0.03245192307692308 0.0733173076923077
0 0.7632211538461539 0.8822115384615384 0.07572115384615384 0.08413461538461539
0 0.6862980769230769 0.8846153846153846 0.06850961538461539 0.07211538461538461
0 0.6057692307692307 0.875 0.08653846153846154 0.08413461538461539
0 0.5240384615384616 0.8774038461538461 0.0733173076923077 0.08533653846153846
0 0.4387019230769231 0.8786057692307693 0.0889423076923077 0.06971153846153846
0 0.35216346153846156 0.8713942307692307 0.07572115384615384 0.08052884615384616
0 0.27163461538461536 0.8389423076923077 0.078125 0.13701923076923078
0 0.18269230769230768 0.8545673076923077 0.06971153846153846 0.10216346153846154
0 0.1201923076923077 0.8425480769230769 0.04927884615384615 0.13341346153846154
0 0.06129807692307692 0.8485576923076923 0.0625 0.11778846153846154
0 0.015625 0.8509615384615384 0.026442307692307692 0.109375
0 0.07932692307692307 0.11057692307692307 0.054086538461538464 0.06850961538461539
0 0.015625 0.6923076923076923 0.028846153846153848 0.06850961538461539
0 0.11298076923076923 0.6971153846153846 0.04326923076923077 0.06490384615384616
0 0.15264423076923078 0.6971153846153846 0.03245192307692308 0.06490384615384616
0 0.19110576923076922 0.6959134615384616 0.042067307692307696 0.06490384615384616
0 0.26322115384615385 0.7175480769230769 0.051682692307692304 0.06129807692307692
0 0.2980769230769231 0.7259615384615384 0.015625 0.046875
0 0.34134615384615385 0.6899038461538461 0.0673076923076923 0.07932692307692307
0 0.4230769230769231 0.71875 0.04927884615384615 0.05889423076923077
0 0.4807692307692308 0.7235576923076923 0.054086538461538464 0.06009615384615385
0 0.5336538461538461 0.7235576923076923 0.04326923076923077 0.06009615384615385
0 0.6045673076923077 0.7079326923076923 0.08774038461538461 0.1045673076923077
0 0.71875 0.7331730769230769 0.036057692307692304 0.04447115384615385
0 0.02403846153846154 0.21995192307692307 0.040865384615384616 0.0733173076923077
0 0.7932692307692307 0.703125 0.08052884615384616 0.10336538461538461
0 0.1346153846153846 0.3269230769230769 0.0625 0.04326923076923077
0 0.06009615384615385 0.6899038461538461 0.051682692307692304 0.07451923076923077
0 0.015625 0.34134615384615385 0.028846153846153848 0.08533653846153846
0 0.5204326923076923 0.47115384615384615 0.027644230769230768 0.0733173076923077
0 0.47475961538461536 0.484375 0.04326923076923077 0.04567307692307692
0 0.9314903846153846 0.5913461538461539 0.04567307692307692 0.07692307692307693
0 0.890625 0.5913461538461539 0.027644230769230768 0.0733173076923077
0 0.5072115384615384 0.5913461538461539 0.04567307692307692 0.0673076923076923
0 0.7860576923076923 0.6069711538461539 0.038461538461538464 0.04326923076923077
0 0.7463942307692307 0.6057692307692307 0.036057692307692304 0.042067307692307696
0 0.8978365384615384 0.47475961538461536 0.026442307692307692 0.08173076923076923
0 0.9423076923076923 0.4723557692307692 0.04927884615384615 0.0829326923076923
0 0.984375 0.4795673076923077 0.025240384615384616 0.0673076923076923
0 0.25600961538461536 0.5745192307692307 0.057692307692307696 0.09134615384615384
0 0.3125 0.5865384615384616 0.04447115384615385 0.06610576923076923
0 0.3605769230769231 0.5877403846153846 0.04927884615384615 0.0673076923076923
0 0.41225961538461536 0.5901442307692307 0.04567307692307692 0.0673076923076923
0 0.45913461538461536 0.5949519230769231 0.042067307692307696 0.0625
0 0.9795673076923077 0.5841346153846154 0.036057692307692304 0.08653846153846154
0 0.6490384615384616 0.34615384615384615 0.04807692307692308 0.07932692307692307
0 0.5372596153846154 0.3545673076923077 0.055288461538461536 0.05889423076923077
0 0.703125 0.59375 0.04567307692307692 0.06610576923076923
0 0.6526442307692307 0.59375 0.04447115384615385 0.06610576923076923
0 0.6057692307692307 0.6081730769230769 0.04326923076923077 0.039663461538461536
0 0.6009615384615384 0.5649038461538461 0.039663461538461536 0.042067307692307696
0 0.5564903846153846 0.5913461538461539 0.04447115384615385 0.06610576923076923
0 0.4879807692307692 0.359375 0.042067307692307696 0.04927884615384615
0 0.4423076923076923 0.3557692307692308 0.04326923076923077 0.057692307692307696
0 0.3894230769230769 0.3557692307692308 0.054086538461538464 0.05889423076923077
0 0.33413461538461536 0.36778846153846156 0.051682692307692304 0.03365384615384615
0 0.28365384615384615 0.3581730769230769 0.04567307692307692 0.055288461538461536
0 0.23557692307692307 0.359375 0.037259615384615384 0.051682692307692304
0 0.18389423076923078 0.34975961538461536 0.028846153846153848 0.06370192307692307
0 0.59375 0.3581730769230769 0.04927884615384615 0.057692307692307696
0 0.9915865384615384 0.7295673076923077 0.01201923076923077 0.06971153846153846
0 0.8305288461538461 0.6069711538461539 0.04326923076923077 0.046875
0 0.8846153846153846 0.7271634615384616 0.021634615384615384 0.06971153846153846
0 0.6899038461538461 0.35216346153846156 0.027644230769230768 0.06971153846153846
0 0.7223557692307693 0.35336538461538464 0.030048076923076924 0.0733173076923077
0 0.7620192307692307 0.35096153846153844 0.039663461538461536 0.078125
0 0.8040865384615384 0.35216346153846156 0.042067307692307696 0.07211538461538461
0 0.8425480769230769 0.34975961538461536 0.03485576923076923 0.07692307692307693
0 0.9194711538461539 0.34975961538461536 0.025240384615384616 0.08173076923076923
0 0.9543269230769231 0.7127403846153846 0.046875 0.09254807692307693
0 0.0625 0.47115384615384615 0.06009615384615385 0.06370192307692307
0 0.1814903846153846 0.4699519230769231 0.03245192307692308 0.0673076923076923
0 0.26322115384615385 0.46153846153846156 0.07692307692307693 0.08653846153846154
0 0.3449519230769231 0.4639423076923077 0.07692307692307693 0.0829326923076923
0 0.016826923076923076 0.4651442307692308 0.030048076923076924 0.07692307692307693
0 0.9146634615384616 0.7235576923076923 0.026442307692307692 0.06971153846153846
0 0.4182692307692308 0.4675480769230769 0.05889423076923077 0.07692307692307693
0 0.8353365384615384 0.47115384615384615 0.04927884615384615 0.0829326923076923
0 0.7776442307692307 0.47716346153846156 0.04927884615384615 0.06610576923076923
0 0.7247596153846154 0.47716346153846156 0.04807692307692308 0.06490384615384616
0 0.6538461538461539 0.4699519230769231 0.03245192307692308 0.0829326923076923
0 0.5853365384615384 0.4639423076923077 0.030048076923076924 0.09615384615384616
0 0.6189903846153846 0.47115384615384615 0.028846153846153848 0.07692307692307693
0 0.06850961538461539 0.3425480769230769 0.06490384615384616 0.078125
0 0.5528846153846154 0.4651442307692308 0.03245192307692308 0.08533653846153846