0 0.9759615384615384 0.8221153846153846 0.042067307692307696 0.040865384615384616
0 0.41466346153846156 0.038461538461538464 0.0733173076923077 0.038461538461538464
0 0.4831730769230769 0.030048076923076924 0.054086538461538464 0.06009615384615385
0 0.5456730769230769 0.03365384615384615 0.057692307692307696 0.0625
0 0.6045673076923077 0.03245192307692308 0.06129807692307692 0.06129807692307692
0 0.7091346153846154 0.42788461538461536 0.08173076923076923 0.010817307692307692
0 0.5180288461538461 0.4855769230769231 0.08653846153846154 0.010817307692307692
0 0.5180288461538461 0.47596153846153844 0.08774038461538461 0.007211538461538462
0 0.22716346153846154 0.47716346153846156 0.07572115384615384 0.025240384615384616
0 0.2956730769230769 0.47596153846153844 0.056490384615384616 0.028846153846153848
0 0.3641826923076923 0.47475961538461536 0.0673076923076923 0.027644230769230768
0 0.43990384615384615 0.47596153846153844 0.0625 0.03365384615384615
0 0.45072115384615385 0.43149038461538464 0.06370192307692307 0.021634615384615384
0 0.3641826923076923 0.4423076923076923 0.07091346153846154 0.030048076923076924
0 0.29447115384615385 0.44471153846153844 0.06370192307692307 0.03365384615384615
0 0.22235576923076922 0.44711538461538464 0.0733173076923077 0.03245192307692308
0 0.042067307692307696 0.48197115384615385 0.07451923076923077 0.06490384615384616
0 0.9543269230769231 0.36899038461538464 0.054086538461538464 0.06490384615384616
0 0.8978365384615384 0.38221153846153844 0.039663461538461536 0.037259615384615384
0 0.8293269230769231 0.3737980769230769 0.09134615384615384 0.06009615384615385
0 0.7439903846153846 0.38221153846153844 0.056490384615384616 0.046875
0 0.34134615384615385 0.039663461538461536 0.06850961538461539 0.038461538461538464
0 0.2800480769230769 0.03125 0.046875 0.05889423076923077
0 0.23317307692307693 0.030048076923076924 0.04326923076923077 0.06009615384615385
0 0.18870192307692307 0.03125 0.039663461538461536 0.054086538461538464
0 0.7608173076923077 0.5432692307692307 0.04447115384615385 0.038461538461538464
0 0.7151442307692307 0.5420673076923077 0.025240384615384616 0.04567307692307692
0 0.6634615384615384 0.5456730769230769 0.03245192307692308 0.042067307692307696
0 0.6165865384615384 0.5480769230769231 0.02283653846153846 0.03125
0 0.5901442307692307 0.5480769230769231 0.030048076923076924 0.036057692307692304
0 0.5324519230769231 0.5276442307692307 0.036057692307692304 0.038461538461538464
0 0.48197115384615385 0.5372596153846154 0.04567307692307692 0.056490384615384616
0 0.4326923076923077 0.5504807692307693 0.037259615384615384 0.03245192307692308
0 0.38822115384615385 0.5480769230769231 0.042067307692307696 0.036057692307692304
0 0.31009615384615385 0.5444711538461539 0.04447115384615385 0.03485576923076923
0 0.23798076923076922 0.5685096153846154 0.06129807692307692 0.009615384615384616
0 0.2548076923076923 0.5540865384615384 0.06129807692307692 0.010817307692307692
0 0.12740384615384615 0.5925480769230769 0.0673076923076923 0.013221153846153846
0 0.042067307692307696 0.5913461538461539 0.07211538461538461 0.019230769230769232
0 0.3894230769230769 0.21754807692307693 0.025240384615384616 0.01201923076923077
0 0.9387019230769231 0.46153846153846156 0.03125 0.04927884615384615
0 0.8858173076923077 0.47115384615384615 0.06490384615384616 0.03125
0 0.8149038461538461 0.4735576923076923 0.07091346153846154 0.03125
0 0.7403846153846154 0.47475961538461536 0.07091346153846154 0.030048076923076924
0 0.7403846153846154 0.45552884615384615 0.0733173076923077 0.006009615384615385
0 0.7415865384615384 0.4483173076923077 0.07932692307692307 0.008413461538461538
0 0.6658653846153846 0.3858173076923077 0.030048076923076924 0.039663461538461536
0 0.6298076923076923 0.36538461538461536 0.03245192307692308 0.02403846153846154
0 0.6286057692307693 0.3918269230769231 0.03485576923076923 0.025240384615384616
0 0.5901442307692307 0.3798076923076923 0.039663461538461536 0.052884615384615384
0 0.8353365384615384 0.19951923076923078 0.016826923076923076 0.039663461538461536
0 0.8016826923076923 0.19110576923076922 0.04447115384615385 0.056490384615384616
0 0.7487980769230769 0.18269230769230768 0.055288461538461536 0.08052884615384616
0 0.6838942307692307 0.1875 0.04447115384615385 0.07692307692307693
0 0.6213942307692307 0.18389423076923078 0.055288461538461536 0.08173076923076923
0 0.5673076923076923 0.18629807692307693 0.040865384615384616 0.0733173076923077
0 0.5192307692307693 0.18509615384615385 0.04447115384615385 0.078125
0 0.6634615384615384 0.03125 0.054086538461538464 0.05889423076923077
0 0.7211538461538461 0.03125 0.046875 0.06129807692307692
0 0.7728365384615384 0.03245192307692308 0.051682692307692304 0.05889423076923077
0 0.8209134615384616 0.04567307692307692 0.040865384615384616 0.030048076923076924
0 0.8233173076923077 0.015625 0.040865384615384616 0.028846153846153848
0 0.8882211538461539 0.03485576923076923 0.0625 0.04807692307692308
0 0.9459134615384616 0.030048076923076924 0.04807692307692308 0.05889423076923077
0 0.04326923076923077 0.1875 0.08173076923076923 0.06850961538461539
0 0.18509615384615385 0.19831730769230768 0.06610576923076923 0.054086538461538464
0 0.25841346153846156 0.20552884615384615 0.05889423076923077 0.037259615384615384
0 0.33052884615384615 0.21754807692307693 0.08052884615384616 0.01201923076923077
0 0.38822115384615385 0.20432692307692307 0.02403846153846154 0.01201923076923077
0 0.41225961538461536 0.20432692307692307 0.018028846153846152 0.010817307692307692
0 0.4170673076923077 0.21634615384615385 0.02403846153846154 0.01201923076923077
0 0.90625 0.19591346153846154 0.036057692307692304 0.040865384615384616
0 0.9435096153846154 0.1971153846153846 0.037259615384615384 0.040865384615384616
0 0.9795673076923077 0.19591346153846154 0.027644230769230768 0.042067307692307696
0 0.037259615384615384 0.29927884615384615 0.06129807692307692 0.08533653846153846
0 0.5444711538461539 0.3798076923076923 0.04326923076923077 0.052884615384615384
0 0.5444711538461539 0.3449519230769231 0.04326923076923077 0.014423076923076924
0 0.4987980769230769 0.3786057692307692 0.039663461538461536 0.056490384615384616
0 0.46033653846153844 0.3786057692307692 0.03125 0.056490384615384616
0 0.41947115384615385 0.3786057692307692 0.039663461538461536 0.057692307692307696
0 0.3786057692307692 0.3786057692307692 0.038461538461538464 0.056490384615384616
0 0.28725961538461536 0.3713942307692308 0.039663461538461536 0.07091346153846154
0 0.24759615384615385 0.38100961538461536 0.037259615384615384 0.054086538461538464
0 0.20552884615384615 0.38100961538461536 0.038461538461538464 0.052884615384615384
0 0.11298076923076923 0.3942307692307692 0.12379807692307693 0.06370192307692307
0 0.796875 0.5444711538461539 0.026442307692307692 0.04326923076923077
0 0.9723557692307693 0.2860576923076923 0.03125 0.054086538461538464
0 0.8834134615384616 0.2848557692307692 0.04807692307692308 0.057692307692307696
0 0.8221153846153846 0.28725961538461536 0.04567307692307692 0.055288461538461536
0 0.7512019230769231 0.28725961538461536 0.054086538461538464 0.056490384615384616
0 0.6971153846153846 0.2860576923076923 0.04567307692307692 0.057692307692307696
0 0.6490384615384616 0.28725961538461536 0.05048076923076923 0.056490384615384616
0 0.5805288461538461 0.28725961538461536 0.04567307692307692 0.056490384615384616
0 0.53125 0.28725961538461536 0.040865384615384616 0.057692307692307696
0 0.48197115384615385 0.28846153846153844 0.04447115384615385 0.057692307692307696
0 0.42908653846153844 0.28966346153846156 0.042067307692307696 0.057692307692307696
0 0.3858173076923077 0.28966346153846156 0.040865384615384616 0.056490384615384616
0 0.9338942307692307 0.2848557692307692 0.04326923076923077 0.05889423076923077
0 0.8317307692307693 0.5420673076923077 0.03245192307692308 0.04927884615384615
0 0.9723557692307693 0.46033653846153844 0.03125 0.04807692307692308
0 0.5 0.6802884615384616 0.07692307692307693 0.01201923076923077
0 0.12740384615384615 0.7584134615384616 0.042067307692307696 0.03245192307692308
0 0.09014423076923077 0.7512019230769231 0.03365384615384615 0.03245192307692308
0 0.7836538461538461 0.6706730769230769 0.051682692307692304 0.020432692307692308
0 0.7055288461538461 0.6790865384615384 0.054086538461538464 0.03245192307692308
0 0.5697115384615384 0.6923076923076923 0.05889423076923077 0.008413461538461538
0 0.5685096153846154 0.6814903846153846 0.055288461538461536 0.010817307692307692
0 0.5685096153846154 0.671875 0.055288461538461536 0.008413461538461538
0 0.4987980769230769 0.6935096153846154 0.07932692307692307 0.010817307692307692
0 0.43028846153846156 0.6935096153846154 0.04927884615384615 0.019230769230769232
0 0.36177884615384615 0.6826923076923077 0.06129807692307692 0.036057692307692304
0 0.2980769230769231 0.6814903846153846 0.05048076923076923 0.03245192307692308
0 0.2620192307692308 0.6826923076923077 0.01201923076923077 0.03125
0 0.23557692307692307 0.6850961538461539 0.03125 0.03485576923076923
0 0.06971153846153846 0.6706730769230769 0.09735576923076923 0.06490384615384616
0 0.23677884615384615 0.6310096153846154 0.0625 0.02403846153846154
0 0.2980769230769231 0.6225961538461539 0.057692307692307696 0.013221153846153846
0 0.3004807692307692 0.6382211538461539 0.056490384615384616 0.01201923076923077
0 0.35096153846153844 0.6165865384615384 0.04447115384615385 0.054086538461538464
0 0.5961538461538461 0.6033653846153846 0.057692307692307696 0.037259615384615384
0 0.16826923076923078 0.7596153846153846 0.03365384615384615 0.03485576923076923
0 0.24759615384615385 0.7475961538461539 0.038461538461538464 0.04567307692307692
0 0.29927884615384615 0.75 0.051682692307692304 0.042067307692307696
0 0.3641826923076923 0.7475961538461539 0.08052884615384616 0.04326923076923077
0 0.8930288461538461 0.8185096153846154 0.039663461538461536 0.051682692307692304
0 0.8509615384615384 0.8125 0.039663461538461536 0.0625
0 0.8004807692307693 0.8076923076923077 0.03365384615384615 0.04807692307692308
0 0.7608173076923077 0.8112980769230769 0.04326923076923077 0.055288461538461536
0 0.6995192307692307 0.8112980769230769 0.036057692307692304 0.052884615384615384
0 0.6382211538461539 0.8149038461538461 0.037259615384615384 0.06129807692307692
0 0.5961538461538461 0.8125 0.03485576923076923 0.056490384615384616
0 0.5048076923076923 0.8173076923076923 0.04807692307692308 0.06370192307692307
0 0.4543269230769231 0.8197115384615384 0.040865384615384616 0.06009615384615385
0 0.9615384615384616 0.5504807692307693 0.07451923076923077 0.026442307692307692
0 0.40384615384615385 0.8173076923076923 0.039663461538461536 0.057692307692307696
0 0.26322115384615385 0.8149038461538461 0.04447115384615385 0.042067307692307696
0 0.18990384615384615 0.8377403846153846 0.04807692307692308 0.04326923076923077
0 0.13822115384615385 0.8413461538461539 0.051682692307692304 0.03485576923076923
0 0.09014423076923077 0.8341346153846154 0.038461538461538464 0.04447115384615385
0 0.039663461538461536 0.8341346153846154 0.057692307692307696 0.04326923076923077
0 0.9639423076923077 0.7536057692307693 0.07091346153846154 0.025240384615384616
0 0.8725961538461539 0.7331730769230769 0.06610576923076923 0.027644230769230768
0 0.5637019230769231 0.7427884615384616 0.0985576923076923 0.04567307692307692
0 0.45913461538461536 0.7451923076923077 0.09375 0.05048076923076923
0 0.3317307692307692 0.8064903846153846 0.04927884615384615 0.030048076923076924
0 0.9350961538461539 0.8221153846153846 0.038461538461538464 0.046875
0 0.46634615384615385 0.18389423076923078 0.055288461538461536 0.07932692307692307