0 0.2403846153846154 0.8052884615384616 0.04326923076923077 0.06009615384615385
0 0.6935096153846154 0.8052884615384616 0.039663461538461536 0.0673076923076923
0 0.19951923076923078 0.8052884615384616 0.039663461538461536 0.0673076923076923
0 0.2848557692307692 0.8040865384615384 0.03485576923076923 0.07211538461538461
0 0.3425480769230769 0.8197115384615384 0.037259615384615384 0.04567307692307692
0 0.4074519230769231 0.8221153846153846 0.038461538461538464 0.051682692307692304
0 0.4519230769230769 0.8004807692307693 0.03125 0.06009615384615385
0 0.5060096153846154 0.8076923076923077 0.05048076923076923 0.07091346153846154
0 0.5805288461538461 0.8016826923076923 0.057692307692307696 0.06610576923076923
0 0.6442307692307693 0.8028846153846154 0.052884615384615384 0.06490384615384616
0 0.7439903846153846 0.8088942307692307 0.040865384615384616 0.0625
0 0.734375 0.7151442307692307 0.028846153846153848 0.05889423076923077
0 0.84375 0.7992788461538461 0.042067307692307696 0.07091346153846154
0 0.9771634615384616 0.8269230769230769 0.039663461538461536 0.06129807692307692
0 0.9086538461538461 0.8317307692307693 0.056490384615384616 0.07091346153846154
0 0.8377403846153846 0.71875 0.08413461538461539 0.06370192307692307
0 0.7728365384615384 0.7163461538461539 0.030048076923076924 0.0673076923076923
0 0.6430288461538461 0.6995192307692307 0.046875 0.028846153846153848
0 0.6935096153846154 0.6983173076923077 0.046875 0.026442307692307692
0 0.6923076923076923 0.7331730769230769 0.04326923076923077 0.03245192307692308
0 0.6442307692307693 0.7319711538461539 0.04567307692307692 0.027644230769230768
0 0.5829326923076923 0.7259615384615384 0.056490384615384616 0.04807692307692308
0 0.1502403846153846 0.8076923076923077 0.03245192307692308 0.07091346153846154
0 0.7908653846153846 0.8040865384615384 0.040865384615384616 0.0625
0 0.09975961538461539 0.8149038461538461 0.04447115384615385 0.06490384615384616
0 0.15504807692307693 0.53125 0.046875 0.0829326923076923
0 0.046875 0.8942307692307693 0.042067307692307696 0.07451923076923077
0 0.5168269230769231 0.7259615384615384 0.055288461538461536 0.054086538461538464
0 0.8329326923076923 0.8942307692307693 0.02403846153846154 0.06610576923076923
0 0.8052884615384616 0.8942307692307693 0.027644230769230768 0.06129807692307692
0 0.7752403846153846 0.9110576923076923 0.02283653846153846 0.036057692307692304
0 0.7475961538461539 0.9038461538461539 0.019230769230769232 0.04927884615384615
0 0.6790865384615384 0.8978365384615384 0.03365384615384615 0.06129807692307692
0 0.7163461538461539 0.8990384615384616 0.03365384615384615 0.06370192307692307
0 0.6358173076923077 0.8954326923076923 0.046875 0.06370192307692307
0 0.5817307692307693 0.8942307692307693 0.05048076923076923 0.06370192307692307
0 0.5180288461538461 0.9002403846153846 0.055288461538461536 0.06610576923076923
0 0.4495192307692308 0.921875 0.05048076923076923 0.025240384615384616
0 0.44471153846153844 0.8882211538461539 0.046875 0.03125
0 0.40024038461538464 0.8930288461538461 0.03365384615384615 0.03245192307692308
0 0.39903846153846156 0.921875 0.03245192307692308 0.019230769230769232
0 0.359375 0.9014423076923077 0.02283653846153846 0.046875
0 0.32091346153846156 0.9170673076923077 0.038461538461538464 0.02283653846153846
0 0.3245192307692308 0.8858173076923077 0.04567307692307692 0.030048076923076924
0 0.27283653846153844 0.8978365384615384 0.03245192307692308 0.06490384615384616
0 0.23798076923076922 0.8966346153846154 0.025240384615384616 0.06610576923076923
0 0.203125 0.8966346153846154 0.03125 0.06850961538461539
0 0.16826923076923078 0.8966346153846154 0.028846153846153848 0.06370192307692307
0 0.13701923076923078 0.8942307692307693 0.02403846153846154 0.0673076923076923
0 0.10096153846153846 0.8930288461538461 0.028846153846153848 0.06490384615384616
0 0.03485576923076923 0.8112980769230769 0.06370192307692307 0.07091346153846154
0 0.1141826923076923 0.5360576923076923 0.03245192307692308 0.07572115384615384
0 0.4519230769230769 0.7307692307692307 0.04326923076923077 0.04326923076923077
0 0.390625 0.7475961538461539 0.04326923076923077 0.025240384615384616
0 0.2644230769230769 0.4326923076923077 0.054086538461538464 0.06370192307692307
0 0.17307692307692307 0.44711538461538464 0.051682692307692304 0.051682692307692304
0 0.10697115384615384 0.4483173076923077 0.06009615384615385 0.057692307692307696
0 0.9158653846153846 0.7271634615384616 0.046875 0.056490384615384616
0 0.14423076923076922 0.3449519230769231 0.06370192307692307 0.08173076923076923
0 0.22716346153846154 0.3485576923076923 0.056490384615384616 0.06971153846153846
0 0.3016826923076923 0.33774038461538464 0.06490384615384616 0.0829326923076923
0 0.3918269230769231 0.33774038461538464 0.08173076923076923 0.09254807692307693
0 0.4699519230769231 0.33774038461538464 0.06610576923076923 0.0829326923076923
0 0.5661057692307693 0.3317307692307692 0.08653846153846154 0.08533653846153846
0 0.6394230769230769 0.33413461538461536 0.051682692307692304 0.08052884615384616
0 0.34375 0.4338942307692308 0.06490384615384616 0.06490384615384616
0 0.7043269230769231 0.33774038461538464 0.057692307692307696 0.07091346153846154
0 0.8605769230769231 0.3233173076923077 0.06850961538461539 0.06971153846153846
0 0.9194711538461539 0.3173076923076923 0.04567307692307692 0.056490384615384616
0 0.9759615384615384 0.3161057692307692 0.04326923076923077 0.05889423076923077
0 0.9759615384615384 0.7259615384615384 0.04326923076923077 0.057692307692307696
0 0.8461538461538461 0.6274038461538461 0.05048076923076923 0.056490384615384616
0 0.7896634615384616 0.6262019230769231 0.05048076923076923 0.06610576923076923
0 0.7283653846153846 0.625 0.051682692307692304 0.06971153846153846
0 0.6610576923076923 0.6298076923076923 0.051682692307692304 0.07572115384615384
0 0.6009615384615384 0.6262019230769231 0.05889423076923077 0.07451923076923077
0 0.5456730769230769 0.6274038461538461 0.038461538461538464 0.07932692307692307
0 0.484375 0.6370192307692307 0.057692307692307696 0.0829326923076923
0 0.7824519230769231 0.3293269230769231 0.057692307692307696 0.06971153846153846
0 0.4206730769230769 0.625 0.04567307692307692 0.07932692307692307
0 0.41466346153846156 0.43509615384615385 0.06490384615384616 0.06850961538461539
0 0.5625 0.4387019230769231 0.07932692307692307 0.07091346153846154
0 0.1971153846153846 0.5324519230769231 0.038461538461538464 0.08413461538461539
0 0.24879807692307693 0.53125 0.025240384615384616 0.07572115384615384
0 0.28846153846153844 0.5252403846153846 0.04567307692307692 0.08173076923076923
0 0.33533653846153844 0.5288461538461539 0.04807692307692308 0.07572115384615384
0 0.38221153846153844 0.5324519230769231 0.03365384615384615 0.08052884615384616
0 0.06490384615384616 0.5372596153846154 0.039663461538461536 0.07932692307692307
0 0.9182692307692307 0.6286057692307693 0.04567307692307692 0.06850961538461539
0 0.9735576923076923 0.6237980769230769 0.040865384615384616 0.05889423076923077
0 0.4230769230769231 0.53125 0.040865384615384616 0.06610576923076923
0 0.4699519230769231 0.5324519230769231 0.036057692307692304 0.06850961538461539
0 0.515625 0.5276442307692307 0.04326923076923077 0.08653846153846154
0 0.484375 0.43149038461538464 0.057692307692307696 0.0625
0 0.5661057692307693 0.5276442307692307 0.027644230769230768 0.07932692307692307
0 0.6346153846153846 0.5324519230769231 0.046875 0.07211538461538461
0 0.7043269230769231 0.5264423076923077 0.051682692307692304 0.06610576923076923
0 0.75 0.5192307692307693 0.039663461538461536 0.0889423076923077
0 0.7944711538461539 0.5120192307692307 0.04567307692307692 0.09375
0 0.8329326923076923 0.5132211538461539 0.039663461538461536 0.08653846153846154
0 0.8798076923076923 0.5168269230769231 0.03365384615384615 0.08533653846153846
0 0.9375 0.5240384615384616 0.046875 0.051682692307692304
0 0.9242788461538461 0.41947115384615385 0.05889423076923077 0.0625
0 0.8533653846153846 0.4230769230769231 0.07091346153846154 0.054086538461538464
0 0.6862980769230769 0.42908653846153844 0.06370192307692307 0.07572115384615384
0 0.6322115384615384 0.42788461538461536 0.04567307692307692 0.07211538461538461
0 0.5949519230769231 0.5288461538461539 0.03125 0.0673076923076923
0 0.375 0.6262019230769231 0.038461538461538464 0.078125
0 0.3245192307692308 0.6346153846153846 0.04447115384615385 0.0733173076923077
0 0.27403846153846156 0.6310096153846154 0.04326923076923077 0.07572115384615384
0 0.34375 0.7391826923076923 0.03245192307692308 0.030048076923076924
0 0.2980769230769231 0.7307692307692307 0.04567307692307692 0.038461538461538464
0 0.23317307692307693 0.7475961538461539 0.04326923076923077 0.028846153846153848
0 0.38822115384615385 0.7199519230769231 0.042067307692307696 0.027644230769230768
0 0.1875 0.7355769230769231 0.05048076923076923 0.040865384615384616
0 0.14182692307692307 0.7379807692307693 0.036057692307692304 0.03485576923076923
0 0.07572115384615384 0.34975961538461536 0.039663461538461536 0.09254807692307693
0 0.06490384615384616 0.6334134615384616 0.027644230769230768 0.07932692307692307
0 0.23557692307692307 0.6310096153846154 0.028846153846153848 0.0829326923076923
0 0.203125 0.6286057692307693 0.025240384615384616 0.07932692307692307
0 0.16706730769230768 0.6310096153846154 0.039663461538461536 0.078125
0 0.09975961538461539 0.6286057692307693 0.03365384615384615 0.0829326923076923
0 0.13221153846153846 0.6322115384615384 0.03125 0.07932692307692307
0 0.09014423076923077 0.7367788461538461 0.051682692307692304 0.051682692307692304