0 0.5024038461538461 0.24278846153846154 0.027644230769230768 0.10336538461538461
0 0.45552884615384615 0.23677884615384615 0.057692307692307696 0.10216346153846154
0 0.38461538461538464 0.22716346153846154 0.08653846153846154 0.12139423076923077
0 0.9435096153846154 0.5985576923076923 0.016826923076923076 0.0673076923076923
0 0.234375 0.21394230769230768 0.07211538461538461 0.125
0 0.53125 0.2536057692307692 0.025240384615384616 0.09615384615384616
0 0.15384615384615385 0.20673076923076922 0.07692307692307693 0.12139423076923077
0 0.054086538461538464 0.1935096153846154 0.0889423076923077 0.140625
0 0.30649038461538464 0.22355769230769232 0.06610576923076923 0.1045673076923077
0 0.09375 0.7199519230769231 0.05889423076923077 0.055288461538461536
0 0.5396634615384616 0.65625 0.05048076923076923 0.055288461538461536
0 0.026442307692307692 0.7271634615384616 0.04927884615384615 0.051682692307692304
0 0.02403846153846154 0.7992788461538461 0.04567307692307692 0.06610576923076923
0 0.15745192307692307 0.7055288461538461 0.052884615384615384 0.046875
0 0.09615384615384616 0.7848557692307693 0.057692307692307696 0.05889423076923077
0 0.15264423076923078 0.7680288461538461 0.04447115384615385 0.07211538461538461
0 0.5600961538461539 0.2548076923076923 0.02283653846153846 0.0889423076923077
0 0.828125 0.9579326923076923 0.04567307692307692 0.07932692307692307
0 0.2091346153846154 0.7367788461538461 0.04927884615384615 0.1201923076923077
0 0.7872596153846154 0.9675480769230769 0.036057692307692304 0.06009615384615385
0 0.9675480769230769 0.5913461538461539 0.02403846153846154 0.06490384615384616
0 0.5853365384615384 0.25721153846153844 0.027644230769230768 0.09495192307692307
0 0.15144230769230768 0.39903846153846156 0.08533653846153846 0.12740384615384615
0 0.6742788461538461 0.2536057692307692 0.06129807692307692 0.10697115384615384
0 0.7103365384615384 0.39783653846153844 0.06490384615384616 0.08052884615384616
0 0.6634615384615384 0.4182692307692308 0.025240384615384616 0.051682692307692304
0 0.8641826923076923 0.9411057692307693 0.02403846153846154 0.07572115384615384
0 0.6334134615384616 0.4170673076923077 0.03125 0.054086538461538464
0 0.5913461538461539 0.40384615384615385 0.051682692307692304 0.08774038461538461
0 0.5228365384615384 0.3954326923076923 0.07932692307692307 0.11538461538461539
0 0.453125 0.3942307692307692 0.056490384615384616 0.11658653846153846
0 0.3858173076923077 0.39663461538461536 0.06971153846153846 0.11899038461538461
0 0.3112980769230769 0.39663461538461536 0.07211538461538461 0.12860576923076922
0 0.6201923076923077 0.2512019230769231 0.037259615384615384 0.10336538461538461
0 0.23677884615384615 0.40024038461538464 0.07211538461538461 0.12259615384615384
0 0.9855769230769231 0.27403846153846156 0.027644230769230768 0.08774038461538461
0 0.9519230769230769 0.27524038461538464 0.03485576923076923 0.0985576923076923
0 0.9146634615384616 0.28365384615384615 0.026442307692307692 0.07211538461538461
0 0.890625 0.2800480769230769 0.02283653846153846 0.08774038461538461
0 0.8653846153846154 0.2776442307692308 0.02403846153846154 0.0829326923076923
0 0.8341346153846154 0.27283653846153844 0.026442307692307692 0.08774038461538461
0 0.8040865384615384 0.2704326923076923 0.028846153846153848 0.08533653846153846
0 0.7752403846153846 0.265625 0.02403846153846154 0.09735576923076923
0 0.7355769230769231 0.2608173076923077 0.04927884615384615 0.0889423076923077
0 0.04927884615384615 0.4026442307692308 0.09615384615384616 0.12980769230769232
0 0.8942307692307693 0.9302884615384616 0.027644230769230768 0.08653846153846154
0 0.5060096153846154 0.8221153846153846 0.04927884615384615 0.08533653846153846
0 0.9543269230769231 0.9002403846153846 0.026442307692307692 0.07932692307692307
0 0.5625 0.8076923076923077 0.0625 0.09615384615384616
0 0.44471153846153844 0.8365384615384616 0.0673076923076923 0.11298076923076923
0 0.3786057692307692 0.859375 0.06370192307692307 0.09975961538461539
0 0.31009615384615385 0.8725961538461539 0.06129807692307692 0.1201923076923077
0 0.2403846153846154 0.9086538461538461 0.05889423076923077 0.07932692307692307
0 0.4230769230769231 0.6911057692307693 0.05048076923076923 0.10697115384615384
0 0.48197115384615385 0.6887019230769231 0.055288461538461536 0.11057692307692307
0 0.5480769230769231 0.703125 0.051682692307692304 0.03125
0 0.5985576923076923 0.6658653846153846 0.04807692307692308 0.0889423076923077
0 0.6201923076923077 0.78125 0.039663461538461536 0.05889423076923077
0 0.6478365384615384 0.6574519230769231 0.046875 0.08774038461538461
0 0.7391826923076923 0.6394230769230769 0.04807692307692308 0.07692307692307693
0 0.7800480769230769 0.6286057692307693 0.03125 0.08413461538461539
0 0.8161057692307693 0.6201923076923077 0.03365384615384615 0.07572115384615384
0 0.3786057692307692 0.6947115384615384 0.03245192307692308 0.1141826923076923
0 0.18509615384615385 0.9110576923076923 0.03485576923076923 0.12139423076923077
0 0.14302884615384615 0.9314903846153846 0.04807692307692308 0.12259615384615384
0 0.09254807692307693 0.9399038461538461 0.046875 0.11778846153846154
0 0.32572115384615385 0.7067307692307693 0.046875 0.10096153846153846
0 0.04447115384615385 0.9435096153846154 0.04807692307692308 0.11177884615384616
0 0.6935096153846154 0.6490384615384616 0.042067307692307696 0.0985576923076923
0 0.6658653846153846 0.7704326923076923 0.046875 0.078125
0 0.7091346153846154 0.7620192307692307 0.040865384615384616 0.0673076923076923
0 0.75 0.75 0.039663461538461536 0.06610576923076923
0 0.9831730769230769 0.8870192307692307 0.026442307692307692 0.08052884615384616
0 0.8257211538461539 0.8329326923076923 0.03245192307692308 0.0625
0 0.7944711538461539 0.8449519230769231 0.026442307692307692 0.0829326923076923
0 0.7524038461538461 0.859375 0.04447115384615385 0.06610576923076923
0 0.7103365384615384 0.8725961538461539 0.039663461538461536 0.09014423076923077
0 0.6490384615384616 0.8966346153846154 0.06129807692307692 0.06850961538461539
0 0.578125 0.9266826923076923 0.05889423076923077 0.09735576923076923
0 0.4951923076923077 0.9555288461538461 0.09375 0.0733173076923077
0 0.8629807692307693 0.8185096153846154 0.027644230769230768 0.06370192307692307
0 0.8930288461538461 0.8052884615384616 0.030048076923076924 0.06129807692307692
0 0.9507211538461539 0.7836538461538461 0.025240384615384616 0.06610576923076923
0 0.9242788461538461 0.7932692307692307 0.02403846153846154 0.05889423076923077
0 0.9771634615384616 0.7752403846153846 0.02403846153846154 0.06009615384615385
0 0.9771634615384616 0.6826923076923077 0.026442307692307692 0.057692307692307696
0 0.9471153846153846 0.6923076923076923 0.03125 0.07451923076923077
0 0.9182692307692307 0.7007211538461539 0.026442307692307692 0.06610576923076923
0 0.8882211538461539 0.7103365384615384 0.030048076923076924 0.0673076923076923
0 0.8605769230769231 0.7151442307692307 0.025240384615384616 0.06971153846153846
0 0.8209134615384616 0.7319711538461539 0.03365384615384615 0.06370192307692307
0 0.7872596153846154 0.7391826923076923 0.025240384615384616 0.07692307692307693
0 0.7572115384615384 0.3918269230769231 0.025240384615384616 0.08052884615384616
0 0.9230769230769231 0.9122596153846154 0.028846153846153848 0.07572115384615384
0 0.7800480769230769 0.3942307692307692 0.020432692307692308 0.08413461538461539
0 0.5961538461538461 0.5276442307692307 0.051682692307692304 0.07451923076923077
0 0.4182692307692308 0.5504807692307693 0.0625 0.0985576923076923
0 0.9675480769230769 0.390625 0.027644230769230768 0.0733173076923077
0 0.04326923076923077 0.5817307692307693 0.056490384615384616 0.1201923076923077
0 0.109375 0.5709134615384616 0.07451923076923077 0.13581730769230768
0 0.19110576923076922 0.5625 0.07572115384615384 0.11658653846153846
0 0.26802884615384615 0.5612980769230769 0.06129807692307692 0.109375
0 0.34375 0.5528846153846154 0.08052884615384616 0.09254807692307693
0 0.4807692307692308 0.5408653846153846 0.04447115384615385 0.09975961538461539
0 0.5360576923076923 0.5372596153846154 0.05048076923076923 0.09975961538461539
0 0.9423076923076923 0.3894230769230769 0.019230769230769232 0.0733173076923077
0 0.6454326923076923 0.5264423076923077 0.046875 0.07451923076923077
0 0.8112980769230769 0.5048076923076923 0.09975961538461539 0.078125
0 0.8786057692307693 0.5096153846153846 0.02403846153846154 0.06009615384615385
0 0.9122596153846154 0.5072115384615384 0.03365384615384615 0.055288461538461536
0 0.9459134615384616 0.49759615384615385 0.020432692307692308 0.0733173076923077
0 0.9699519230769231 0.49038461538461536 0.027644230769230768 0.06370192307692307
0 0.8509615384615384 0.6153846153846154 0.03365384615384615 0.06850961538461539
0 0.8870192307692307 0.609375 0.030048076923076924 0.0733173076923077
0 0.9170673076923077 0.6045673076923077 0.03125 0.06370192307692307
0 0.6983173076923077 0.5204326923076923 0.04927884615384615 0.07692307692307693
0 0.9146634615384616 0.3918269230769231 0.030048076923076924 0.078125
0 0.796875 0.3942307692307692 0.015625 0.0733173076923077
0 0.8653846153846154 0.390625 0.01201923076923077 0.078125
0 0.8509615384615384 0.39302884615384615 0.014423076923076924 0.08052884615384616
0 0.8317307692307693 0.38822115384615385 0.019230769230769232 0.07091346153846154
0 0.8125 0.3918269230769231 0.014423076923076924 0.07451923076923077
0 0.8810096153846154 0.39302884615384615 0.019230769230769232 0.08052884615384616