0 0.18028846153846154 0.6634615384615384 0.05048076923076923 0.039663461538461536
0 0.13221153846153846 0.6730769230769231 0.046875 0.015625
0 0.07932692307692307 0.6778846153846154 0.026442307692307692 0.016826923076923076
0 0.0829326923076923 0.6610576923076923 0.036057692307692304 0.014423076923076924
0 0.036057692307692304 0.671875 0.037259615384615384 0.014423076923076924
0 0.8990384615384616 0.6322115384615384 0.03485576923076923 0.056490384615384616
0 0.9278846153846154 0.6262019230769231 0.039663461538461536 0.055288461538461536
0 0.9639423076923077 0.6237980769230769 0.042067307692307696 0.054086538461538464
0 0.6538461538461539 0.44591346153846156 0.03245192307692308 0.055288461538461536
0 0.6213942307692307 0.44711538461538464 0.02283653846153846 0.052884615384615384
0 0.5841346153846154 0.44350961538461536 0.052884615384615384 0.051682692307692304
0 0.5432692307692307 0.45072115384615385 0.030048076923076924 0.04326923076923077
0 0.5072115384615384 0.4375 0.046875 0.06610576923076923
0 0.47115384615384615 0.4375 0.027644230769230768 0.06370192307692307
0 0.13701923076923078 0.6478365384615384 0.028846153846153848 0.013221153846153846
0 0.43509615384615385 0.4423076923076923 0.04927884615384615 0.06490384615384616
0 0.3473557692307692 0.4326923076923077 0.04567307692307692 0.06971153846153846
0 0.30528846153846156 0.43149038461538464 0.027644230769230768 0.07572115384615384
0 0.25600961538461536 0.42788461538461536 0.07091346153846154 0.09495192307692307
0 0.20552884615384615 0.43149038461538464 0.03485576923076923 0.0889423076923077
0 0.7307692307692307 0.4387019230769231 0.036057692307692304 0.07572115384615384
0 0.7776442307692307 0.4254807692307692 0.04447115384615385 0.05889423076923077
0 0.8930288461538461 0.43990384615384615 0.036057692307692304 0.07211538461538461
0 0.859375 0.4387019230769231 0.03125 0.06850961538461539
0 0.8245192307692307 0.43990384615384615 0.037259615384615384 0.07451923076923077
0 0.9387019230769231 0.43509615384615385 0.040865384615384616 0.06129807692307692
0 0.9807692307692307 0.4411057692307692 0.03365384615384615 0.06490384615384616
0 0.9819711538461539 0.5420673076923077 0.026442307692307692 0.02283653846153846
0 0.9507211538461539 0.546875 0.027644230769230768 0.027644230769230768
0 0.9110576923076923 0.5492788461538461 0.040865384615384616 0.028846153846153848
0 0.38822115384615385 0.4387019230769231 0.03485576923076923 0.0829326923076923
0 0.8701923076923077 0.5540865384615384 0.030048076923076924 0.03365384615384615
0 0.04447115384615385 0.7235576923076923 0.08653846153846154 0.020432692307692308
0 0.11899038461538461 0.7620192307692307 0.1201923076923077 0.036057692307692304
0 0.8533653846153846 0.8197115384615384 0.056490384615384616 0.052884615384615384
0 0.7379807692307693 0.8293269230769231 0.09134615384615384 0.10576923076923077
0 0.6490384615384616 0.8377403846153846 0.08774038461538461 0.0889423076923077
0 0.546875 0.8341346153846154 0.09495192307692307 0.08533653846153846
0 0.44350961538461536 0.8509615384615384 0.09615384615384616 0.07211538461538461
0 0.3605769230769231 0.8629807692307693 0.07451923076923077 0.0829326923076923
0 0.2800480769230769 0.8665865384615384 0.08052884615384616 0.09375
0 0.20552884615384615 0.8737980769230769 0.06370192307692307 0.09495192307692307
0 0.9326923076923077 0.8137019230769231 0.04447115384615385 0.08413461538461539
0 0.10817307692307693 0.9038461538461539 0.13221153846153846 0.055288461538461536
0 0.8209134615384616 0.6298076923076923 0.06610576923076923 0.051682692307692304
0 0.7680288461538461 0.6310096153846154 0.038461538461538464 0.04447115384615385
0 0.6983173076923077 0.6189903846153846 0.09134615384615384 0.078125
0 0.6117788461538461 0.6189903846153846 0.08533653846153846 0.07692307692307693
0 0.14182692307692307 0.7139423076923077 0.09134615384615384 0.028846153846153848
0 0.5024038461538461 0.6274038461538461 0.1045673076923077 0.07211538461538461
0 0.33533653846153844 0.6502403846153846 0.05048076923076923 0.051682692307692304
0 0.2932692307692308 0.6430288461538461 0.03245192307692308 0.06129807692307692
0 0.26322115384615385 0.6466346153846154 0.037259615384615384 0.06009615384615385
0 0.22716346153846154 0.6502403846153846 0.030048076923076924 0.06009615384615385
0 0.9651442307692307 0.7079326923076923 0.0625 0.057692307692307696
0 0.8870192307692307 0.7127403846153846 0.07211538461538461 0.05889423076923077
0 0.8028846153846154 0.7139423076923077 0.08533653846153846 0.055288461538461536
0 0.7271634615384616 0.7175480769230769 0.04807692307692308 0.07932692307692307
0 0.6694711538461539 0.71875 0.0673076923076923 0.08413461538461539
0 0.5973557692307693 0.7223557692307693 0.0673076923076923 0.08653846153846154
0 0.5072115384615384 0.7283653846153846 0.1045673076923077 0.09375
0 0.39903846153846156 0.7355769230769231 0.11298076923076923 0.07932692307692307
0 0.30649038461538464 0.7427884615384616 0.06610576923076923 0.07932692307692307
0 0.23197115384615385 0.7463942307692307 0.06610576923076923 0.07451923076923077
0 0.38822115384615385 0.625 0.055288461538461536 0.06129807692307692
0 0.0733173076923077 0.17307692307692307 0.06490384615384616 0.036057692307692304
0 0.14302884615384615 0.17548076923076922 0.06370192307692307 0.03245192307692308
0 0.7451923076923077 0.5456730769230769 0.04567307692307692 0.052884615384615384
0 0.5865384615384616 0.32572115384615385 0.03365384615384615 0.078125
0 0.5516826923076923 0.3293269230769231 0.038461538461538464 0.07211538461538461
0 0.5084134615384616 0.32211538461538464 0.04927884615384615 0.08413461538461539
0 0.4639423076923077 0.3125 0.037259615384615384 0.10096153846153846
0 0.421875 0.328125 0.046875 0.026442307692307692
0 0.4182692307692308 0.35336538461538464 0.04927884615384615 0.026442307692307692
0 0.3786057692307692 0.32572115384615385 0.027644230769230768 0.07932692307692307
0 0.34615384615384615 0.31850961538461536 0.037259615384615384 0.08533653846153846
0 0.3112980769230769 0.3137019230769231 0.038461538461538464 0.09495192307692307
0 0.27163461538461536 0.3125 0.039663461538461536 0.0889423076923077
0 0.22596153846153846 0.31850961538461536 0.037259615384615384 0.09735576923076923
0 0.171875 0.3389423076923077 0.056490384615384616 0.04326923076923077
0 0.11177884615384616 0.33774038461538464 0.056490384615384616 0.040865384615384616
0 0.04447115384615385 0.2956730769230769 0.05889423076923077 0.11899038461538461
0 0.6298076923076923 0.33533653846153844 0.040865384615384616 0.06850961538461539
0 0.9819711538461539 0.19831730769230768 0.03485576923076923 0.09615384615384616
0 0.9134615384615384 0.1875 0.036057692307692304 0.09615384615384616
0 0.8689903846153846 0.19110576923076922 0.03365384615384615 0.10096153846153846
0 0.8052884615384616 0.19110576923076922 0.03365384615384615 0.0829326923076923
0 0.7692307692307693 0.18389423076923078 0.030048076923076924 0.10216346153846154
0 0.7379807692307693 0.20673076923076922 0.021634615384615384 0.04927884615384615
0 0.7067307692307693 0.18389423076923078 0.036057692307692304 0.09254807692307693
0 0.6634615384615384 0.17548076923076922 0.046875 0.109375
0 0.609375 0.1658653846153846 0.05889423076923077 0.12620192307692307
0 0.5504807692307693 0.15865384615384615 0.055288461538461536 0.11177884615384616
0 0.4987980769230769 0.15745192307692307 0.040865384615384616 0.11658653846153846
0 0.45072115384615385 0.14783653846153846 0.046875 0.12740384615384615
0 0.3954326923076923 0.14783653846153846 0.05889423076923077 0.12620192307692307
0 0.3269230769230769 0.15504807692307693 0.06009615384615385 0.10096153846153846
0 0.27163461538461536 0.14302884615384615 0.046875 0.11658653846153846
0 0.9459134615384616 0.20432692307692307 0.025240384615384616 0.09014423076923077
0 0.7872596153846154 0.546875 0.04447115384615385 0.046875
0 0.6694711538461539 0.33413461538461536 0.038461538461538464 0.07211538461538461
0 0.7331730769230769 0.3293269230769231 0.038461538461538464 0.08173076923076923
0 0.6923076923076923 0.5408653846153846 0.051682692307692304 0.040865384615384616
0 0.6442307692307693 0.5360576923076923 0.038461538461538464 0.057692307692307696
0 0.6105769230769231 0.5360576923076923 0.03365384615384615 0.06129807692307692
0 0.5745192307692307 0.5372596153846154 0.036057692307692304 0.056490384615384616
0 0.5336538461538461 0.5372596153846154 0.019230769230769232 0.03125
0 0.515625 0.5420673076923077 0.019230769230769232 0.036057692307692304
0 0.49278846153846156 0.5408653846153846 0.015625 0.037259615384615384
0 0.4651442307692308 0.5420673076923077 0.027644230769230768 0.04807692307692308
0 0.4387019230769231 0.5420673076923077 0.025240384615384616 0.04807692307692308
0 0.40625 0.5360576923076923 0.04567307692307692 0.051682692307692304
0 0.3629807692307692 0.5372596153846154 0.03485576923076923 0.057692307692307696
0 0.31971153846153844 0.5372596153846154 0.051682692307692304 0.057692307692307696
0 0.26322115384615385 0.5420673076923077 0.042067307692307696 0.06610576923076923
0 0.21995192307692307 0.5408653846153846 0.039663461538461536 0.06009615384615385
0 0.7043269230769231 0.328125 0.027644230769230768 0.0829326923076923
0 0.13942307692307693 0.5865384615384616 0.027644230769230768 0.056490384615384616
0 0.046875 0.5877403846153846 0.036057692307692304 0.056490384615384616
0 0.1622596153846154 0.5 0.025240384615384616 0.046875
0 0.12620192307692307 0.5060096153846154 0.03125 0.06009615384615385
0 0.09134615384615384 0.5120192307692307 0.030048076923076924 0.054086538461538464
0 0.051682692307692304 0.5060096153846154 0.040865384615384616 0.05889423076923077
0 0.013221153846153846 0.5096153846153846 0.020432692307692308 0.06009615384615385
0 0.1658653846153846 0.4326923076923077 0.03485576923076923 0.06129807692307692
0 0.09975961538461539 0.4266826923076923 0.06610576923076923 0.06610576923076923
0 0.03485576923076923 0.42788461538461536 0.051682692307692304 0.06850961538461539
0 0.9459134615384616 0.33653846153846156 0.06370192307692307 0.09014423076923077
0 0.8894230769230769 0.3233173076923077 0.04326923076923077 0.09735576923076923
0 0.8497596153846154 0.3245192307692308 0.037259615384615384 0.09495192307692307
0 0.8161057692307693 0.33653846153846156 0.02403846153846154 0.07211538461538461
0 0.7848557692307693 0.33774038461538464 0.03485576923076923 0.078125
0 0.09615384615384616 0.5925480769230769 0.037259615384615384 0.054086538461538464
0 0.8353365384615384 0.5444711538461539 0.03485576923076923 0.036057692307692304
0 0.9759615384615384 0.8112980769230769 0.04326923076923077 0.09375