0 0.8269230769230769 0.2127403846153846 0.042067307692307696 0.12620192307692307
0 0.6418269230769231 0.7295673076923077 0.042067307692307696 0.042067307692307696
0 0.6983173076923077 0.7175480769230769 0.04567307692307692 0.04447115384615385
0 0.6454326923076923 0.7764423076923077 0.04567307692307692 0.04447115384615385
0 0.3894230769230769 0.7223557692307693 0.06610576923076923 0.054086538461538464
0 0.30528846153846156 0.7403846153846154 0.0733173076923077 0.055288461538461536
0 0.46153846153846156 0.6478365384615384 0.057692307692307696 0.055288461538461536
0 0.38461538461538464 0.6622596153846154 0.06610576923076923 0.052884615384615384
0 0.3004807692307692 0.6778846153846154 0.07932692307692307 0.06009615384615385
0 0.1622596153846154 0.21995192307692307 0.08774038461538461 0.17908653846153846
0 0.8882211538461539 0.6177884615384616 0.03245192307692308 0.036057692307692304
0 0.59375 0.890625 0.04927884615384615 0.04447115384615385
0 0.8413461538461539 0.625 0.03365384615384615 0.040865384615384616
0 0.9278846153846154 0.5661057692307693 0.03365384615384615 0.036057692307692304
0 0.8918269230769231 0.5709134615384616 0.036057692307692304 0.039663461538461536
0 0.28846153846153844 0.16105769230769232 0.0733173076923077 0.17307692307692307
0 0.8425480769230769 0.5817307692307693 0.04447115384615385 0.040865384615384616
0 0.7944711538461539 0.5877403846153846 0.038461538461538464 0.04567307692307692
0 0.9699519230769231 0.6021634615384616 0.03365384615384615 0.038461538461538464
0 0.9326923076923077 0.5084134615384616 0.038461538461538464 0.039663461538461536
0 0.9375 0.4651442307692308 0.03365384615384615 0.039663461538461536
0 0.8942307692307693 0.46875 0.042067307692307696 0.040865384615384616
0 0.8882211538461539 0.5132211538461539 0.03485576923076923 0.040865384615384616
0 0.796875 0.6358173076923077 0.037259615384615384 0.040865384615384616
0 0.7836538461538461 0.21153846153846154 0.036057692307692304 0.11899038461538461
0 0.5324519230769231 0.9134615384615384 0.056490384615384616 0.051682692307692304
0 0.5925480769230769 0.8389423076923077 0.04447115384615385 0.04447115384615385
0 0.8737980769230769 0.22235576923076922 0.040865384615384616 0.1141826923076923
0 0.9146634615384616 0.2247596153846154 0.03365384615384615 0.11298076923076923
0 0.9519230769230769 0.22716346153846154 0.030048076923076924 0.1141826923076923
0 0.984375 0.23076923076923078 0.030048076923076924 0.10576923076923077
0 0.08653846153846154 0.4411057692307692 0.0829326923076923 0.17427884615384615
0 0.18269230769230768 0.4338942307692308 0.07572115384615384 0.1622596153846154
0 0.9831730769230769 0.3701923076923077 0.028846153846153848 0.10216346153846154
0 0.6538461538461539 0.3798076923076923 0.042067307692307696 0.125
0 0.6959134615384616 0.375 0.03485576923076923 0.12620192307692307
0 0.7367788461538461 0.37740384615384615 0.039663461538461536 0.12259615384615384
0 0.5324519230769231 0.8569711538461539 0.057692307692307696 0.04807692307692308
0 0.7764423076923077 0.375 0.03365384615384615 0.11778846153846154
0 0.7391826923076923 0.20673076923076922 0.04326923076923077 0.12620192307692307
0 0.9699519230769231 0.5024038461538461 0.03365384615384615 0.038461538461538464
0 0.6875 0.203125 0.051682692307692304 0.12860576923076922
0 0.6274038461538461 0.19831730769230768 0.057692307692307696 0.13701923076923078
0 0.5709134615384616 0.1935096153846154 0.05048076923076923 0.13701923076923078
0 0.5048076923076923 0.18629807692307693 0.0625 0.14302884615384615
0 0.43149038461538464 0.18028846153846154 0.057692307692307696 0.15144230769230768
0 0.36658653846153844 0.17067307692307693 0.0673076923076923 0.15985576923076922
0 0.8509615384615384 0.3713942307692308 0.026442307692307692 0.1141826923076923
0 0.5877403846153846 0.7932692307692307 0.046875 0.04326923076923077
0 0.8161057692307693 0.37259615384615385 0.036057692307692304 0.11658653846153846
0 0.9735576923076923 0.46033653846153844 0.030048076923076924 0.036057692307692304
0 0.609375 0.38100961538461536 0.03485576923076923 0.13221153846153846
0 0.8858173076923077 0.3701923076923077 0.039663461538461536 0.11057692307692307
0 0.7992788461538461 0.5228365384615384 0.04567307692307692 0.04567307692307692
0 0.6995192307692307 0.7632211538461539 0.04567307692307692 0.04447115384615385
0 0.6514423076923077 0.8245192307692307 0.04567307692307692 0.04447115384615385
0 0.703125 0.8100961538461539 0.04326923076923077 0.039663461538461536
0 0.6526442307692307 0.8725961538461539 0.04807692307692308 0.04326923076923077
0 0.7055288461538461 0.8521634615384616 0.04807692307692308 0.042067307692307696
0 0.7451923076923077 0.6995192307692307 0.04567307692307692 0.039663461538461536
0 0.7944711538461539 0.6923076923076923 0.04567307692307692 0.039663461538461536
0 0.84375 0.6826923076923077 0.04567307692307692 0.039663461538461536
0 0.9134615384615384 0.6634615384615384 0.042067307692307696 0.039663461538461536
0 0.7475961538461539 0.7475961538461539 0.039663461538461536 0.03365384615384615
0 0.7920673076923077 0.7379807692307693 0.037259615384615384 0.038461538461538464
0 0.8341346153846154 0.7283653846153846 0.036057692307692304 0.028846153846153848
0 0.8762019230769231 0.7199519230769231 0.036057692307692304 0.026442307692307692
0 0.9170673076923077 0.7043269230769231 0.037259615384615384 0.030048076923076924
0 0.75 0.7884615384615384 0.037259615384615384 0.036057692307692304
0 0.7956730769230769 0.7788461538461539 0.040865384615384616 0.03485576923076923
0 0.8389423076923077 0.765625 0.03365384615384615 0.03485576923076923
0 0.8786057692307693 0.7536057692307693 0.028846153846153848 0.03125
0 0.9122596153846154 0.7415865384615384 0.027644230769230768 0.03365384615384615
0 0.7524038461538461 0.8365384615384616 0.040865384615384616 0.04326923076923077
0 0.7944711538461539 0.8257211538461539 0.03245192307692308 0.039663461538461536
0 0.8389423076923077 0.8076923076923077 0.030048076923076924 0.04326923076923077
0 0.7475961538461539 0.5276442307692307 0.046875 0.04447115384615385
0 0.8473557692307693 0.4699519230769231 0.038461538461538464 0.040865384615384616
0 0.7512019230769231 0.4807692307692308 0.04807692307692308 0.04567307692307692
0 0.6382211538461539 0.5420673076923077 0.04326923076923077 0.046875
0 0.9230769230769231 0.37259615384615385 0.025240384615384616 0.109375
0 0.9495192307692307 0.3701923076923077 0.02403846153846154 0.10697115384615384
0 0.25841346153846156 0.3858173076923077 0.05889423076923077 0.16105769230769232
0 0.3269230769230769 0.3798076923076923 0.05889423076923077 0.15625
0 0.3894230769230769 0.38100961538461536 0.06009615384615385 0.15264423076923078
0 0.45072115384615385 0.38341346153846156 0.04927884615384615 0.14302884615384615
0 0.5012019230769231 0.38221153846153844 0.04326923076923077 0.1346153846153846
0 0.5588942307692307 0.37740384615384615 0.055288461538461536 0.14302884615384615
0 0.021634615384615384 0.6971153846153846 0.042067307692307696 0.11057692307692307
0 0.09975961538461539 0.6850961538461539 0.08052884615384616 0.10697115384615384
0 0.203125 0.6634615384615384 0.09014423076923077 0.1045673076923077
0 0.8449519230769231 0.515625 0.036057692307692304 0.039663461538461536
0 0.2956730769230769 0.5228365384615384 0.0829326923076923 0.056490384615384616
0 0.3762019230769231 0.5120192307692307 0.06370192307692307 0.051682692307692304
0 0.4519230769230769 0.5060096153846154 0.07091346153846154 0.05048076923076923
0 0.5216346153846154 0.4987980769230769 0.05889423076923077 0.04447115384615385
0 0.5841346153846154 0.4951923076923077 0.04927884615384615 0.04326923076923077
0 0.6502403846153846 0.49399038461538464 0.04927884615384615 0.038461538461538464
0 0.6995192307692307 0.48197115384615385 0.04326923076923077 0.03365384615384615
0 0.37740384615384615 0.5733173076923077 0.06129807692307692 0.05889423076923077
0 0.4543269230769231 0.5649038461538461 0.0673076923076923 0.056490384615384616
0 0.5216346153846154 0.5588942307692307 0.05048076923076923 0.052884615384615384
0 0.5829326923076923 0.5504807692307693 0.05048076923076923 0.04927884615384615
0 0.6959134615384616 0.5324519230769231 0.04447115384615385 0.04326923076923077
0 0.2956730769230769 0.5853365384615384 0.08533653846153846 0.057692307692307696
0 0.9302884615384616 0.6069711538461539 0.027644230769230768 0.036057692307692304
0 0.0625 0.21394230769230768 0.08653846153846154 0.1875
0 0.7487980769230769 0.5925480769230769 0.04447115384615385 0.03365384615384615
0 0.6983173076923077 0.6033653846153846 0.039663461538461536 0.037259615384615384
0 0.6466346153846154 0.6105769230769231 0.051682692307692304 0.038461538461538464
0 0.5865384615384616 0.6201923076923077 0.054086538461538464 0.046875
0 0.5276442307692307 0.6887019230769231 0.06009615384615385 0.04927884615384615
0 0.4579326923076923 0.7055288461538461 0.054086538461538464 0.04927884615384615
0 0.8810096153846154 0.7992788461538461 0.03365384615384615 0.038461538461538464
0 0.9194711538461539 0.78125 0.027644230769230768 0.03485576923076923
0 0.953125 0.65625 0.03245192307692308 0.026442307692307692
0 0.953125 0.6959134615384616 0.028846153846153848 0.026442307692307692
0 0.953125 0.7307692307692307 0.030048076923076924 0.03245192307692308
0 0.9543269230769231 0.7680288461538461 0.028846153846153848 0.036057692307692304
0 0.984375 0.6466346153846154 0.026442307692307692 0.038461538461538464
0 0.984375 0.6802884615384616 0.026442307692307692 0.03365384615384615
0 0.9855769230769231 0.7620192307692307 0.027644230769230768 0.03485576923076923
0 0.5889423076923077 0.6754807692307693 0.055288461538461536 0.042067307692307696
0 0.6442307692307693 0.6658653846153846 0.046875 0.051682692307692304
0 0.9867788461538461 0.7175480769230769 0.021634615384615384 0.036057692307692304
0 0.75 0.6454326923076923 0.040865384615384616 0.04927884615384615
0 0.4675480769230769 0.9375 0.06009615384615385 0.046875
0 0.390625 0.9615384615384616 0.06610576923076923 0.057692307692307696
0 0.3161057692307692 0.9819711538461539 0.06490384615384616 0.03125
0 0.4651442307692308 0.8834134615384616 0.06370192307692307 0.042067307692307696
0 0.7007211538461539 0.6526442307692307 0.05048076923076923 0.046875
0 0.3894230769230769 0.9074519230769231 0.06971153846153846 0.04326923076923077
0 0.3137019230769231 0.9266826923076923 0.06490384615384616 0.054086538461538464
0 0.46274038461538464 0.8341346153846154 0.05889423076923077 0.04447115384615385
0 0.3894230769230769 0.8545673076923077 0.06971153846153846 0.052884615384615384
0 0.3112980769230769 0.8689903846153846 0.0733173076923077 0.04807692307692308
0 0.4579326923076923 0.7776442307692307 0.06610576923076923 0.055288461538461536
0 0.38221153846153844 0.7884615384615384 0.06490384615384616 0.04927884615384615
0 0.30649038461538464 0.8100961538461539 0.08173076923076923 0.05889423076923077
0 0.1622596153846154 0.9362980769230769 0.16826923076923078 0.0829326923076923
0 0.15985576923076922 0.8641826923076923 0.171875 0.04927884615384615
0 0.15384615384615385 0.7980769230769231 0.18509615384615385 0.07211538461538461
0 0.5913461538461539 0.7415865384615384 0.054086538461538464 0.04326923076923077