0 0.4699519230769231 0.5336538461538461 0.019230769230769232 0.030048076923076924
0 0.44711538461538464 0.5372596153846154 0.019230769230769232 0.030048076923076924
0 0.6322115384615384 0.5564903846153846 0.020432692307692308 0.03485576923076923
0 0.39903846153846156 0.5372596153846154 0.019230769230769232 0.030048076923076924
0 0.27403846153846156 0.2776442307692308 0.046875 0.12980769230769232
0 0.21875 0.2776442307692308 0.057692307692307696 0.13581730769230768
0 0.15504807692307693 0.26802884615384615 0.06129807692307692 0.14302884615384615
0 0.6177884615384616 0.41586538461538464 0.036057692307692304 0.0985576923076923
0 0.4254807692307692 0.5372596153846154 0.019230769230769232 0.030048076923076924
0 0.578125 0.41466346153846156 0.038461538461538464 0.10096153846153846
0 0.49278846153846156 0.5348557692307693 0.019230769230769232 0.030048076923076924
0 0.5336538461538461 0.5324519230769231 0.019230769230769232 0.030048076923076924
0 0.7259615384615384 0.4170673076923077 0.037259615384615384 0.09735576923076923
0 0.6862980769230769 0.41586538461538464 0.03485576923076923 0.10096153846153846
0 0.5336538461538461 0.5649038461538461 0.019230769230769232 0.03365384615384615
0 0.5120192307692307 0.5673076923076923 0.019230769230769232 0.03365384615384615
0 0.49038461538461536 0.5685096153846154 0.019230769230769232 0.03365384615384615
0 0.46875 0.5673076923076923 0.019230769230769232 0.03365384615384615
0 0.44591346153846156 0.5697115384615384 0.019230769230769232 0.03365384615384615
0 0.4230769230769231 0.5721153846153846 0.019230769230769232 0.03365384615384615
0 0.5120192307692307 0.5336538461538461 0.019230769230769232 0.030048076923076924
0 0.4014423076923077 0.5709134615384616 0.019230769230769232 0.030048076923076924
0 0.3786057692307692 0.5048076923076923 0.021634615384615384 0.030048076923076924
0 0.4026442307692308 0.5048076923076923 0.021634615384615384 0.030048076923076924
0 0.4266826923076923 0.5048076923076923 0.021634615384615384 0.030048076923076924
0 0.453125 0.5036057692307693 0.021634615384615384 0.030048076923076924
0 0.4735576923076923 0.5024038461538461 0.015625 0.027644230769230768
0 0.49158653846153844 0.5024038461538461 0.015625 0.03125
0 0.5120192307692307 0.5012019230769231 0.019230769230769232 0.03365384615384615
0 0.5324519230769231 0.4987980769230769 0.019230769230769232 0.03365384615384615
0 0.37740384615384615 0.5384615384615384 0.021634615384615384 0.030048076923076924
0 0.5384615384615384 0.41466346153846156 0.036057692307692304 0.1045673076923077
0 0.3161057692307692 0.41346153846153844 0.04447115384615385 0.11057692307692307
0 0.453125 0.41346153846153844 0.037259615384615384 0.10817307692307693
0 0.19471153846153846 0.5120192307692307 0.025240384615384616 0.037259615384615384
0 0.16706730769230768 0.5132211538461539 0.026442307692307692 0.037259615384615384
0 0.13701923076923078 0.5144230769230769 0.028846153846153848 0.037259615384615384
0 0.13822115384615385 0.5516826923076923 0.02403846153846154 0.03365384615384615
0 0.10817307692307693 0.5552884615384616 0.03245192307692308 0.03365384615384615
0 0.07451923076923077 0.5576923076923077 0.026442307692307692 0.039663461538461536
0 0.22355769230769232 0.5132211538461539 0.026442307692307692 0.037259615384615384
0 0.04447115384615385 0.5600961538461539 0.026442307692307692 0.039663461538461536
0 0.0733173076923077 0.5180288461538461 0.025240384615384616 0.037259615384615384
0 0.04567307692307692 0.5180288461538461 0.025240384615384616 0.039663461538461536
0 0.018028846153846152 0.5949519230769231 0.020432692307692308 0.040865384615384616
0 0.016826923076923076 0.5492788461538461 0.021634615384615384 0.037259615384615384
0 0.018028846153846152 0.5072115384615384 0.02283653846153846 0.039663461538461536
0 0.042067307692307696 0.4110576923076923 0.06370192307692307 0.12860576923076922
0 0.10697115384615384 0.5168269230769231 0.026442307692307692 0.039663461538461536
0 0.49278846153846156 0.41346153846153844 0.039663461538461536 0.10576923076923077
0 0.25240384615384615 0.5096153846153846 0.026442307692307692 0.037259615384615384
0 0.30528846153846156 0.5096153846153846 0.021634615384615384 0.036057692307692304
0 0.4098557692307692 0.41346153846153844 0.042067307692307696 0.10817307692307693
0 0.3641826923076923 0.41225961538461536 0.046875 0.11057692307692307
0 0.7644230769230769 0.41947115384615385 0.03125 0.09495192307692307
0 0.265625 0.41466346153846156 0.052884615384615384 0.11298076923076923
0 0.21153846153846154 0.41346153846153844 0.051682692307692304 0.11778846153846154
0 0.09134615384615384 0.265625 0.06009615384615385 0.14543269230769232
0 0.27884615384615385 0.5084134615384616 0.026442307692307692 0.037259615384615384
0 0.02403846153846154 0.26322115384615385 0.04807692307692308 0.14182692307692307
0 0.10336538461538461 0.41225961538461536 0.056490384615384616 0.12379807692307693
0 0.3016826923076923 0.5444711538461539 0.019230769230769232 0.03125
0 0.32572115384615385 0.5444711538461539 0.025240384615384616 0.030048076923076924
0 0.35216346153846156 0.5420673076923077 0.025240384615384616 0.028846153846153848
0 0.3557692307692308 0.5084134615384616 0.021634615384615384 0.036057692307692304
0 0.3293269230769231 0.5096153846153846 0.021634615384615384 0.036057692307692304
0 0.2764423076923077 0.5456730769230769 0.02403846153846154 0.030048076923076924
0 0.6117788461538461 0.5540865384615384 0.016826923076923076 0.03365384615384615
0 0.7980769230769231 0.4182692307692308 0.03125 0.0985576923076923
0 0.8617788461538461 0.4182692307692308 0.03245192307692308 0.09254807692307693
0 0.3798076923076923 0.5733173076923077 0.021634615384615384 0.036057692307692304
0 0.35336538461538464 0.5769230769230769 0.021634615384615384 0.036057692307692304
0 0.3269230769230769 0.5793269230769231 0.021634615384615384 0.036057692307692304
0 0.30288461538461536 0.5793269230769231 0.021634615384615384 0.036057692307692304
0 0.27884615384615385 0.5793269230769231 0.021634615384615384 0.036057692307692304
0 0.2536057692307692 0.5817307692307693 0.026442307692307692 0.03365384615384615
0 0.22596153846153846 0.5829326923076923 0.026442307692307692 0.03245192307692308
0 0.9074519230769231 0.5432692307692307 0.014423076923076924 0.026442307692307692
0 0.1971153846153846 0.5841346153846154 0.026442307692307692 0.03245192307692308
0 0.13942307692307693 0.5889423076923077 0.026442307692307692 0.03245192307692308
0 0.10697115384615384 0.5913461538461539 0.02283653846153846 0.03365384615384615
0 0.5925480769230769 0.5576923076923077 0.013221153846153846 0.030048076923076924
0 0.5985576923076923 0.5228365384615384 0.015625 0.026442307692307692
0 0.6165865384615384 0.5228365384615384 0.015625 0.026442307692307692
0 0.6358173076923077 0.5228365384615384 0.015625 0.026442307692307692
0 0.6526442307692307 0.5216346153846154 0.01201923076923077 0.028846153846153848
0 0.16826923076923078 0.5841346153846154 0.026442307692307692 0.03245192307692308
0 0.6682692307692307 0.5204326923076923 0.015625 0.027644230769230768
0 0.8918269230769231 0.5444711538461539 0.014423076923076924 0.027644230769230768
0 0.859375 0.5444711538461539 0.014423076923076924 0.027644230769230768
0 0.6526442307692307 0.5552884615384616 0.016826923076923076 0.03485576923076923
0 0.6682692307692307 0.5540865384615384 0.01201923076923077 0.03485576923076923
0 0.6838942307692307 0.5528846153846154 0.016826923076923076 0.03365384615384615
0 0.7043269230769231 0.5528846153846154 0.015625 0.03365384615384615
0 0.7199519230769231 0.5516826923076923 0.015625 0.03365384615384615
0 0.7403846153846154 0.5516826923076923 0.016826923076923076 0.028846153846153848
0 0.7415865384615384 0.5216346153846154 0.018028846153846152 0.025240384615384616
0 0.8737980769230769 0.5444711538461539 0.014423076923076924 0.027644230769230768
0 0.7427884615384616 0.49399038461538464 0.018028846153846152 0.025240384615384616
0 0.7608173076923077 0.5228365384615384 0.018028846153846152 0.025240384615384616
0 0.7584134615384616 0.5492788461538461 0.014423076923076924 0.027644230769230768
0 0.7752403846153846 0.5492788461538461 0.014423076923076924 0.026442307692307692
0 0.7932692307692307 0.5480769230769231 0.014423076923076924 0.027644230769230768
0 0.8100961538461539 0.5480769230769231 0.014423076923076924 0.027644230769230768
0 0.8269230769230769 0.5456730769230769 0.014423076923076924 0.027644230769230768
0 0.8425480769230769 0.5480769230769231 0.014423076923076924 0.027644230769230768
0 0.7620192307692307 0.4951923076923077 0.018028846153846152 0.025240384615384616
0 0.8305288461538461 0.4182692307692308 0.026442307692307692 0.09254807692307693
0 0.6862980769230769 0.5204326923076923 0.015625 0.027644230769230768
0 0.7079326923076923 0.49038461538461536 0.016826923076923076 0.028846153846153848
0 0.5540865384615384 0.5637019230769231 0.019230769230769232 0.03365384615384615
0 0.5769230769230769 0.29447115384615385 0.046875 0.12259615384615384
0 0.625 0.30408653846153844 0.042067307692307696 0.12259615384615384
0 0.6658653846153846 0.30408653846153844 0.03245192307692308 0.11899038461538461
0 0.7079326923076923 0.30649038461538464 0.038461538461538464 0.11538461538461539
0 0.75 0.30649038461538464 0.039663461538461536 0.11298076923076923
0 0.7896634615384616 0.3088942307692308 0.03485576923076923 0.109375
0 0.5757211538461539 0.5625 0.019230769230769232 0.03365384615384615
0 0.8269230769230769 0.31009615384615385 0.03365384615384615 0.10697115384615384
0 0.8978365384615384 0.3161057692307692 0.03365384615384615 0.09975961538461539
0 0.9338942307692307 0.31490384615384615 0.03245192307692308 0.10817307692307693
0 0.9675480769230769 0.31850961538461536 0.030048076923076924 0.0985576923076923
0 0.984375 0.41466346153846156 0.026442307692307692 0.09375
0 0.9543269230769231 0.41947115384615385 0.025240384615384616 0.0889423076923077
0 0.9242788461538461 0.4206730769230769 0.028846153846153848 0.09134615384615384
0 0.8942307692307693 0.4206730769230769 0.02403846153846154 0.09735576923076923
0 0.8617788461538461 0.3112980769230769 0.030048076923076924 0.10576923076923077
0 0.7079326923076923 0.5192307692307693 0.020432692307692308 0.027644230769230768
0 0.5540865384615384 0.53125 0.015625 0.028846153846153848
0 0.484375 0.29086538461538464 0.04447115384615385 0.1201923076923077
0 0.6887019230769231 0.49038461538461536 0.016826923076923076 0.028846153846153848
0 0.671875 0.49158653846153844 0.014423076923076924 0.026442307692307692
0 0.6538461538461539 0.49038461538461536 0.013221153846153846 0.027644230769230768
0 0.1658653846153846 0.5504807692307693 0.02283653846153846 0.03365384615384615
0 0.19471153846153846 0.5492788461538461 0.02283653846153846 0.03365384615384615
0 0.22355769230769232 0.5492788461538461 0.02403846153846154 0.030048076923076924
0 0.2512019230769231 0.5444711538461539 0.02403846153846154 0.030048076923076924
0 0.5300480769230769 0.2932692307692308 0.039663461538461536 0.12379807692307693
0 0.640625 0.49278846153846156 0.013221153846153846 0.027644230769230768
0 0.6021634615384616 0.49278846153846156 0.019230769230769232 0.028846153846153848
0 0.5528846153846154 0.4987980769230769 0.016826923076923076 0.03365384615384615
0 0.5757211538461539 0.49759615384615385 0.021634615384615384 0.03245192307692308
0 0.5757211538461539 0.5300480769230769 0.018028846153846152 0.028846153846153848
0 0.3317307692307692 0.28365384615384615 0.04807692307692308 0.12860576923076922
0 0.38461538461538464 0.2848557692307692 0.04447115384615385 0.12980769230769232
0 0.4375 0.28846153846153844 0.046875 0.12740384615384615
0 0.6213942307692307 0.49278846153846156 0.015625 0.030048076923076924
0 0.9254807692307693 0.5420673076923077 0.014423076923076924 0.027644230769230768
0 0.6526442307692307 0.41586538461538464 0.028846153846153848 0.09735576923076923
0 0.9699519230769231 0.5096153846153846 0.015625 0.02403846153846154
0 0.43149038461538464 0.7487980769230769 0.04326923076923077 0.03245192307692308
0 0.4807692307692308 0.7379807692307693 0.04326923076923077 0.03245192307692308
0 0.5276442307692307 0.7319711538461539 0.04326923076923077 0.03245192307692308
0 0.5300480769230769 0.6971153846153846 0.04326923076923077 0.03245192307692308
0 0.48677884615384615 0.703125 0.04326923076923077 0.03245192307692308
0 0.4375 0.7115384615384616 0.04326923076923077 0.03245192307692308
0 0.5745192307692307 0.7247596153846154 0.042067307692307696 0.03245192307692308
0 0.6201923076923077 0.7223557692307693 0.04567307692307692 0.030048076923076924
0 0.6165865384615384 0.6862980769230769 0.04326923076923077 0.03245192307692308
0 0.6622596153846154 0.6862980769230769 0.04326923076923077 0.03245192307692308
0 0.7067307692307693 0.6814903846153846 0.04326923076923077 0.03245192307692308
0 0.7019230769230769 0.7127403846153846 0.037259615384615384 0.027644230769230768
0 0.6610576923076923 0.7163461538461539 0.037259615384615384 0.028846153846153848
0 0.6598557692307693 0.7487980769230769 0.039663461538461536 0.03245192307692308
0 0.7019230769230769 0.7427884615384616 0.039663461538461536 0.03245192307692308
0 0.43028846153846156 0.7824519230769231 0.04326923076923077 0.03245192307692308
0 0.6189903846153846 0.7548076923076923 0.039663461538461536 0.03245192307692308
0 0.4807692307692308 0.7716346153846154 0.04326923076923077 0.03365384615384615
0 0.5264423076923077 0.8052884615384616 0.040865384615384616 0.038461538461538464
0 0.1466346153846154 0.8641826923076923 0.052884615384615384 0.037259615384615384
0 0.2668269230769231 0.8461538461538461 0.055288461538461536 0.040865384615384616
0 0.32091346153846156 0.8341346153846154 0.05048076923076923 0.03245192307692308
0 0.32211538461538464 0.796875 0.05048076923076923 0.03245192307692308
0 0.265625 0.8064903846153846 0.054086538461538464 0.036057692307692304
0 0.2692307692307692 0.7692307692307693 0.054086538461538464 0.036057692307692304
0 0.26802884615384615 0.7295673076923077 0.054086538461538464 0.036057692307692304
0 0.3269230769230769 0.7247596153846154 0.054086538461538464 0.036057692307692304
0 0.3245192307692308 0.7620192307692307 0.051682692307692304 0.03365384615384615
0 0.38221153846153844 0.7163461538461539 0.051682692307692304 0.03365384615384615
0 0.38221153846153844 0.7536057692307693 0.051682692307692304 0.03365384615384615
0 0.37740384615384615 0.7884615384615384 0.051682692307692304 0.03365384615384615
0 0.3762019230769231 0.8257211538461539 0.051682692307692304 0.03365384615384615
0 0.4326923076923077 0.8173076923076923 0.051682692307692304 0.03365384615384615
0 0.48197115384615385 0.8100961538461539 0.040865384615384616 0.038461538461538464
0 0.5276442307692307 0.7668269230769231 0.04326923076923077 0.03245192307692308
0 0.20552884615384615 0.8509615384615384 0.052884615384615384 0.036057692307692304
0 0.5733173076923077 0.7608173076923077 0.04567307692307692 0.03485576923076923
0 0.6189903846153846 0.7908653846153846 0.03485576923076923 0.037259615384615384
0 0.8966346153846154 0.6935096153846154 0.027644230769230768 0.021634615384615384
0 0.9290865384615384 0.6862980769230769 0.027644230769230768 0.027644230769230768
0 0.9615384615384616 0.6526442307692307 0.03125 0.028846153846153848
0 0.9903846153846154 0.6502403846153846 0.014423076923076924 0.03125
0 0.9879807692307693 0.6814903846153846 0.02283653846153846 0.02403846153846154
0 0.9603365384615384 0.6814903846153846 0.027644230769230768 0.027644230769230768
0 0.8942307692307693 0.7211538461538461 0.030048076923076924 0.026442307692307692
0 0.9266826923076923 0.7151442307692307 0.026442307692307692 0.026442307692307692
0 0.9579326923076923 0.7115384615384616 0.026442307692307692 0.026442307692307692
0 0.9867788461538461 0.7079326923076923 0.025240384615384616 0.020432692307692308
0 0.9855769230769231 0.734375 0.026442307692307692 0.027644230769230768
0 0.9543269230769231 0.7403846153846154 0.03245192307692308 0.02403846153846154
0 0.9206730769230769 0.7463942307692307 0.030048076923076924 0.025240384615384616
0 0.8894230769230769 0.7512019230769231 0.028846153846153848 0.025240384615384616
0 0.9507211538461539 0.5360576923076923 0.014423076923076924 0.027644230769230768
0 0.9050480769230769 0.6598557692307693 0.03125 0.025240384615384616
0 0.5757211538461539 0.7980769230769231 0.04567307692307692 0.03485576923076923
0 0.7379807692307693 0.7704326923076923 0.037259615384615384 0.030048076923076924
0 0.8161057692307693 0.7620192307692307 0.03485576923076923 0.03485576923076923
0 0.65625 0.7872596153846154 0.03485576923076923 0.037259615384615384
0 0.6983173076923077 0.7824519230769231 0.03485576923076923 0.037259615384615384
0 0.7487980769230769 0.6754807692307693 0.037259615384615384 0.03245192307692308
0 0.7896634615384616 0.671875 0.03365384615384615 0.03245192307692308
0 0.8269230769230769 0.6670673076923077 0.036057692307692304 0.03245192307692308
0 0.8665865384615384 0.6634615384615384 0.039663461538461536 0.03365384615384615
0 0.8557692307692307 0.6983173076923077 0.028846153846153848 0.02283653846153846
0 0.8197115384615384 0.6995192307692307 0.037259615384615384 0.026442307692307692
0 0.7824519230769231 0.703125 0.03485576923076923 0.027644230769230768
0 0.7451923076923077 0.7103365384615384 0.03125 0.027644230769230768
0 0.7439903846153846 0.7391826923076923 0.03125 0.025240384615384616
0 0.7800480769230769 0.734375 0.036057692307692304 0.027644230769230768
0 0.8197115384615384 0.7283653846153846 0.036057692307692304 0.028846153846153848
0 0.8569711538461539 0.7271634615384616 0.038461538461538464 0.028846153846153848
0 0.8533653846153846 0.7572115384615384 0.036057692307692304 0.026442307692307692
0 0.7788461538461539 0.7644230769230769 0.03125 0.03125
0 0.20673076923076922 0.8125 0.05048076923076923 0.03245192307692308
0 0.15865384615384615 0.41225961538461536 0.04447115384615385 0.12259615384615384
0 0.14423076923076922 0.7848557692307693 0.06009615384615385 0.03365384615384615
0 0.8762019230769231 0.5168269230769231 0.015625 0.02403846153846154
0 0.84375 0.5192307692307693 0.013221153846153846 0.020432692307692308
0 0.8293269230769231 0.5204326923076923 0.01201923076923077 0.02283653846153846
0 0.7776442307692307 0.5204326923076923 0.013221153846153846 0.025240384615384616
0 0.7932692307692307 0.5192307692307693 0.014423076923076924 0.02283653846153846
0 0.8125 0.5216346153846154 0.014423076923076924 0.021634615384615384
0 0.9447115384615384 0.6129807692307693 0.03365384615384615 0.028846153846153848
0 0.9134615384615384 0.5853365384615384 0.03245192307692308 0.027644230769230768
0 0.9098557692307693 0.6177884615384616 0.03245192307692308 0.028846153846153848
0 0.8725961538461539 0.6201923076923077 0.03245192307692308 0.027644230769230768
0 0.8353365384615384 0.6213942307692307 0.03485576923076923 0.03125
0 0.8389423076923077 0.5901442307692307 0.03485576923076923 0.027644230769230768
0 0.8737980769230769 0.5889423076923077 0.036057692307692304 0.03245192307692308
0 0.8004807692307693 0.5913461538461539 0.03245192307692308 0.036057692307692304
0 0.7620192307692307 0.5973557692307693 0.038461538461538464 0.03125
0 0.8617788461538461 0.5168269230769231 0.010817307692307692 0.021634615384615384
0 0.7992788461538461 0.6286057692307693 0.036057692307692304 0.03365384615384615
0 0.9098557692307693 0.515625 0.008413461538461538 0.025240384615384616
0 0.14783653846153846 0.8209134615384616 0.05889423076923077 0.038461538461538464
0 0.953125 0.5096153846153846 0.013221153846153846 0.02283653846153846
0 0.9411057692307693 0.5108173076923077 0.009615384615384616 0.021634615384615384
0 0.9411057692307693 0.4855769230769231 0.010817307692307692 0.02283653846153846
0 0.9567307692307693 0.484375 0.014423076923076924 0.02403846153846154
0 0.9711538461538461 0.4831730769230769 0.013221153846153846 0.02283653846153846
0 0.9266826923076923 0.4879807692307692 0.010817307692307692 0.026442307692307692
0 0.7800480769230769 0.49278846153846156 0.015625 0.027644230769230768
0 0.7980769230769231 0.4891826923076923 0.01201923076923077 0.027644230769230768
0 0.8125 0.49038461538461536 0.014423076923076924 0.03485576923076923
0 0.828125 0.49038461538461536 0.014423076923076924 0.030048076923076924
0 0.8473557692307693 0.49038461538461536 0.014423076923076924 0.030048076923076924
0 0.8617788461538461 0.4891826923076923 0.01201923076923077 0.027644230769230768
0 0.8786057692307693 0.49158653846153844 0.013221153846153846 0.025240384615384616
0 0.8930288461538461 0.4891826923076923 0.01201923076923077 0.027644230769230768
0 0.9098557692307693 0.4879807692307692 0.014423076923076924 0.026442307692307692
0 0.9242788461538461 0.5144230769230769 0.014423076923076924 0.02283653846153846
0 0.7596153846153846 0.6310096153846154 0.03485576923076923 0.028846153846153848
0 0.8942307692307693 0.5168269230769231 0.01201923076923077 0.021634615384615384
0 0.7199519230769231 0.6334134615384616 0.038461538461538464 0.03245192307692308
0 0.08052884615384616 0.7932692307692307 0.06009615384615385 0.038461538461538464
0 0.0829326923076923 0.8317307692307693 0.06370192307692307 0.03365384615384615
0 0.390625 0.6622596153846154 0.04807692307692308 0.037259615384615384
0 0.3389423076923077 0.6274038461538461 0.04807692307692308 0.037259615384615384
0 0.28125 0.6334134615384616 0.054086538461538464 0.039663461538461536
0 0.08653846153846154 0.8762019230769231 0.0625 0.036057692307692304
0 0.2776442307692308 0.6754807692307693 0.055288461538461536 0.039663461538461536
0 0.21514423076923078 0.6826923076923077 0.054086538461538464 0.039663461538461536
0 0.025240384615384616 0.8810096153846154 0.05048076923076923 0.039663461538461536
0 0.02403846153846154 0.8377403846153846 0.046875 0.037259615384615384
0 0.02403846153846154 0.7992788461538461 0.046875 0.037259615384615384
0 0.02403846153846154 0.7596153846153846 0.046875 0.037259615384615384
0 0.021634615384615384 0.6550480769230769 0.04326923076923077 0.04326923076923077
0 0.021634615384615384 0.7007211538461539 0.042067307692307696 0.037259615384615384
0 0.0829326923076923 0.6923076923076923 0.06610576923076923 0.038461538461538464
0 0.15264423076923078 0.6875 0.054086538461538464 0.039663461538461536
0 0.15384615384615385 0.6454326923076923 0.054086538461538464 0.039663461538461536
0 0.21995192307692307 0.6382211538461539 0.055288461538461536 0.039663461538461536
0 0.7211538461538461 0.5985576923076923 0.038461538461538464 0.03125
0 0.14302884615384615 0.7451923076923077 0.06610576923076923 0.03485576923076923
0 0.2091346153846154 0.7391826923076923 0.06009615384615385 0.037259615384615384
0 0.33774038461538464 0.6706730769230769 0.04807692307692308 0.037259615384615384
0 0.5865384615384616 0.6442307692307693 0.039663461538461536 0.036057692307692304
0 0.6370192307692307 0.6033653846153846 0.038461538461538464 0.036057692307692304
0 0.6346153846153846 0.6394230769230769 0.039663461538461536 0.036057692307692304
0 0.5408653846153846 0.6502403846153846 0.039663461538461536 0.036057692307692304
0 0.5432692307692307 0.6117788461538461 0.04447115384615385 0.03485576923076923
0 0.4951923076923077 0.6153846153846154 0.04447115384615385 0.03485576923076923
0 0.49399038461538464 0.6526442307692307 0.04447115384615385 0.03485576923076923
0 0.44350961538461536 0.6598557692307693 0.04447115384615385 0.03485576923076923
0 0.44711538461538464 0.6213942307692307 0.04447115384615385 0.03485576923076923
0 0.39302884615384615 0.6225961538461539 0.04807692307692308 0.037259615384615384
0 0.20793269230769232 0.7764423076923077 0.054086538461538464 0.03365384615384615
0 0.6766826923076923 0.6358173076923077 0.038461538461538464 0.03245192307692308
0 0.6802884615384616 0.6033653846153846 0.038461538461538464 0.036057692307692304