0 0.21634615384615385 0.15985576923076922 0.054086538461538464 0.10817307692307693
0 0.030048076923076924 0.15865384615384615 0.040865384615384616 0.10576923076923077
0 0.078125 0.15985576923076922 0.04567307692307692 0.10096153846153846
0 0.15985576923076922 0.1658653846153846 0.056490384615384616 0.0985576923076923
0 0.2668269230769231 0.1622596153846154 0.03485576923076923 0.11298076923076923
0 0.9086538461538461 0.1935096153846154 0.03245192307692308 0.0829326923076923
0 0.4579326923076923 0.18028846153846154 0.03365384615384615 0.0889423076923077
0 0.18870192307692307 0.8004807692307693 0.04567307692307692 0.0829326923076923
0 0.234375 0.796875 0.04326923076923077 0.08413461538461539
0 0.2800480769230769 0.7980769230769231 0.039663461538461536 0.09014423076923077
0 0.039663461538461536 0.9026442307692307 0.036057692307692304 0.08173076923076923
0 0.08173076923076923 0.9014423076923077 0.036057692307692304 0.07932692307692307
0 0.1201923076923077 0.9014423076923077 0.03245192307692308 0.07932692307692307
0 0.15985576923076922 0.9026442307692307 0.03245192307692308 0.07932692307692307
0 0.19951923076923078 0.9026442307692307 0.028846153846153848 0.0829326923076923
0 0.2403846153846154 0.9002403846153846 0.03245192307692308 0.08052884615384616
0 0.27884615384615385 0.9026442307692307 0.03365384615384615 0.08533653846153846
0 0.3317307692307692 0.8870192307692307 0.040865384615384616 0.1141826923076923
0 0.3798076923076923 0.8846153846153846 0.039663461538461536 0.1141826923076923
0 0.10096153846153846 0.8016826923076923 0.04927884615384615 0.08413461538461539
0 0.43028846153846156 0.8834134615384616 0.04807692307692308 0.11177884615384616
0 0.5300480769230769 0.8786057692307693 0.037259615384615384 0.10817307692307693
0 0.5865384615384616 0.8822115384615384 0.04567307692307692 0.109375
0 0.96875 0.8389423076923077 0.055288461538461536 0.03125
0 0.3293269230769231 0.7512019230769231 0.040865384615384616 0.11057692307692307
0 0.38100961538461536 0.7283653846153846 0.039663461538461536 0.11177884615384616
0 0.42788461538461536 0.7283653846153846 0.040865384615384616 0.11057692307692307
0 0.5264423076923077 0.7596153846153846 0.036057692307692304 0.109375
0 0.5733173076923077 0.7596153846153846 0.03485576923076923 0.09975961538461539
0 0.6105769230769231 0.7584134615384616 0.03365384615384615 0.10576923076923077
0 0.6574519230769231 0.6923076923076923 0.052884615384615384 0.06490384615384616
0 0.7992788461538461 0.7259615384615384 0.078125 0.040865384615384616
0 0.8028846153846154 0.7824519230769231 0.0829326923076923 0.04567307692307692
0 0.4855769230769231 0.8822115384615384 0.036057692307692304 0.11057692307692307
0 0.8834134615384616 0.7055288461538461 0.0625 0.06129807692307692
0 0.04447115384615385 0.8016826923076923 0.040865384615384616 0.08413461538461539
0 0.04567307692307692 0.6983173076923077 0.04567307692307692 0.09495192307692307
0 0.3641826923076923 0.16466346153846154 0.13942307692307693 0.11538461538461539
0 0.7632211538461539 0.2824519230769231 0.09254807692307693 0.0625
0 0.7572115384615384 0.35096153846153844 0.08533653846153846 0.0673076923076923
0 0.8425480769230769 0.35336538461538464 0.07572115384615384 0.06129807692307692
0 0.9459134615384616 0.2932692307692308 0.08413461538461539 0.06971153846153846
0 0.9411057692307693 0.3605769230769231 0.08413461538461539 0.06009615384615385
0 0.040865384615384616 0.4675480769230769 0.051682692307692304 0.08052884615384616
0 0.09254807692307693 0.4675480769230769 0.040865384615384616 0.08173076923076923
0 0.1622596153846154 0.4675480769230769 0.08052884615384616 0.07932692307692307
0 0.26322115384615385 0.46634615384615385 0.0985576923076923 0.0829326923076923
0 0.028846153846153848 0.5817307692307693 0.040865384615384616 0.09975961538461539
0 0.07451923076923077 0.5817307692307693 0.038461538461538464 0.10096153846153846
0 0.2776442307692308 0.6899038461538461 0.04447115384615385 0.0889423076923077
0 0.12740384615384615 0.5817307692307693 0.052884615384615384 0.1045673076923077
0 0.22596153846153846 0.5913461538461539 0.03245192307692308 0.08774038461538461
0 0.2668269230769231 0.5901442307692307 0.03245192307692308 0.08413461538461539
0 0.30528846153846156 0.5745192307692307 0.03245192307692308 0.07451923076923077
0 0.35216346153846156 0.5721153846153846 0.036057692307692304 0.09254807692307693
0 0.3894230769230769 0.5733173076923077 0.03245192307692308 0.09615384615384616
0 0.4206730769230769 0.5733173076923077 0.02283653846153846 0.0889423076923077
0 0.4543269230769231 0.5841346153846154 0.039663461538461536 0.10817307692307693
0 0.49158653846153844 0.5901442307692307 0.030048076923076924 0.1045673076923077
0 0.5276442307692307 0.5877403846153846 0.028846153846153848 0.1045673076923077
0 0.5600961538461539 0.5901442307692307 0.027644230769230768 0.10216346153846154
0 0.6021634615384616 0.5913461538461539 0.037259615384615384 0.109375
0 0.6394230769230769 0.5877403846153846 0.028846153846153848 0.1045673076923077
0 0.17908653846153846 0.5913461538461539 0.04326923076923077 0.0829326923076923
0 0.8822115384615384 0.7752403846153846 0.06129807692307692 0.06129807692307692
0 0.47475961538461536 0.71875 0.039663461538461536 0.1045673076923077
0 0.9603365384615384 0.7091346153846154 0.06129807692307692 0.06490384615384616
0 0.6826923076923077 0.18629807692307693 0.030048076923076924 0.08533653846153846
0 0.6466346153846154 0.18509615384615385 0.028846153846153848 0.08173076923076923
0 0.6105769230769231 0.1875 0.03125 0.08533653846153846
0 0.5721153846153846 0.1814903846153846 0.036057692307692304 0.07692307692307693
0 0.5360576923076923 0.18389423076923078 0.030048076923076924 0.08774038461538461
0 0.9507211538461539 0.7740384615384616 0.056490384615384616 0.055288461538461536
0 0.9338942307692307 0.6153846153846154 0.02283653846153846 0.056490384615384616
0 0.9675480769230769 0.6189903846153846 0.02283653846153846 0.054086538461538464
0 0.39302884615384615 0.4519230769230769 0.025240384615384616 0.11057692307692307
0 0.42908653846153844 0.4495192307692308 0.026442307692307692 0.109375
0 0.46875 0.4519230769230769 0.03125 0.1141826923076923
0 0.5072115384615384 0.45072115384615385 0.036057692307692304 0.11177884615384616
0 0.7235576923076923 0.1875 0.03485576923076923 0.07932692307692307
0 0.546875 0.45552884615384615 0.03365384615384615 0.11177884615384616
0 0.6201923076923077 0.46153846153846156 0.027644230769230768 0.11538461538461539
0 0.65625 0.4543269230769231 0.03125 0.10697115384615384
0 0.6923076923076923 0.4579326923076923 0.021634615384615384 0.10697115384615384
0 0.7235576923076923 0.45552884615384615 0.03245192307692308 0.1045673076923077
0 0.7596153846153846 0.45913461538461536 0.03125 0.1141826923076923
0 0.7992788461538461 0.4579326923076923 0.036057692307692304 0.1141826923076923
0 0.8353365384615384 0.45913461538461536 0.020432692307692308 0.10697115384615384
0 0.8653846153846154 0.45913461538461536 0.03125 0.10576923076923077
0 0.9026442307692307 0.46153846153846156 0.026442307692307692 0.11057692307692307
0 0.9795673076923077 0.46033653846153844 0.036057692307692304 0.11298076923076923
0 0.9399038461538461 0.46153846153846156 0.03125 0.10817307692307693
0 0.49759615384615385 0.1814903846153846 0.038461538461538464 0.0829326923076923
0 0.5853365384615384 0.453125 0.030048076923076924 0.11177884615384616
0 0.7608173076923077 0.18990384615384615 0.027644230769230768 0.0829326923076923
0 0.9014423076923077 0.6213942307692307 0.019230769230769232 0.051682692307692304
0 0.8353365384615384 0.18990384615384615 0.030048076923076924 0.08173076923076923
0 0.6754807692307693 0.5757211538461539 0.02403846153846154 0.09495192307692307
0 0.7115384615384616 0.5769230769230769 0.03365384615384615 0.0889423076923077
0 0.6766826923076923 0.3449519230769231 0.0625 0.078125
0 0.7632211538461539 0.6201923076923077 0.027644230769230768 0.06129807692307692
0 0.7992788461538461 0.6213942307692307 0.03125 0.06129807692307692
0 0.7980769230769231 0.1875 0.03485576923076923 0.07572115384615384
0 0.8774038461538461 0.6225961538461539 0.026442307692307692 0.055288461538461536
0 0.9038461538461539 0.5637019230769231 0.027644230769230768 0.052884615384615384
0 0.9411057692307693 0.5600961538461539 0.026442307692307692 0.054086538461538464
0 0.9759615384615384 0.5612980769230769 0.026442307692307692 0.05048076923076923
0 0.6057692307692307 0.34375 0.05889423076923077 0.08052884615384616
0 0.5360576923076923 0.34134615384615385 0.06971153846153846 0.078125
0 0.47475961538461536 0.3389423076923077 0.039663461538461536 0.08173076923076923
0 0.8413461538461539 0.6225961538461539 0.030048076923076924 0.0625
0 0.3870192307692308 0.33653846153846156 0.037259615384615384 0.08173076923076923
0 0.8713942307692307 0.19110576923076922 0.036057692307692304 0.07692307692307693
0 0.4254807692307692 0.3389423076923077 0.03245192307692308 0.07572115384615384
0 0.9459134615384616 0.19471153846153846 0.03485576923076923 0.07692307692307693
0 0.038461538461538464 0.3173076923076923 0.046875 0.10817307692307693
0 0.08413461538461539 0.31971153846153844 0.03365384615384615 0.10336538461538461
0 0.13221153846153846 0.32091346153846156 0.04326923076923077 0.10216346153846154
0 0.984375 0.19591346153846154 0.028846153846153848 0.08052884615384616
0 0.18028846153846154 0.31971153846153844 0.042067307692307696 0.10336538461538461
0 0.2283653846153846 0.32211538461538464 0.039663461538461536 0.10216346153846154
0 0.2704326923076923 0.32091346153846156 0.03245192307692308 0.1045673076923077
0 0.3173076923076923 0.33413461538461536 0.036057692307692304 0.08774038461538461
0 0.35216346153846156 0.33533653846153844 0.030048076923076924 0.08413461538461539