0 0.25600961538461536 0.7151442307692307 0.06971153846153846 0.04326923076923077
0 0.2403846153846154 0.5300480769230769 0.021634615384615384 0.078125
0 0.21514423076923078 0.5336538461538461 0.025240384615384616 0.07451923076923077
0 0.054086538461538464 0.5877403846153846 0.02403846153846154 0.15985576923076922
0 0.019230769230769232 0.6033653846153846 0.038461538461538464 0.15384615384615385
0 0.4338942307692308 0.3798076923076923 0.015625 0.07451923076923077
0 0.4182692307692308 0.3786057692307692 0.009615384615384616 0.07572115384615384
0 0.13221153846153846 0.3269230769230769 0.01201923076923077 0.010817307692307692
0 0.36778846153846156 0.38100961538461536 0.021634615384615384 0.08052884615384616
0 0.33774038461538464 0.7163461538461539 0.055288461538461536 0.04326923076923077
0 0.15985576923076922 0.3233173076923077 0.016826923076923076 0.010817307692307692
0 0.2608173076923077 0.5252403846153846 0.019230769230769232 0.07091346153846154
0 0.06610576923076923 0.20432692307692307 0.06971153846153846 0.15144230769230768
0 0.33653846153846156 0.671875 0.05048076923076923 0.040865384615384616
0 0.4014423076923077 0.3786057692307692 0.019230769230769232 0.0733173076923077
0 0.25961538461538464 0.7632211538461539 0.06370192307692307 0.038461538461538464
0 0.1310096153846154 0.1935096153846154 0.04447115384615385 0.11057692307692307
0 0.33533653846153844 0.6213942307692307 0.052884615384615384 0.04927884615384615
0 0.22235576923076922 0.3870192307692308 0.02403846153846154 0.09735576923076923
0 0.19951923076923078 0.3858173076923077 0.02403846153846154 0.10336538461538461
0 0.16466346153846154 0.3858173076923077 0.040865384615384616 0.1045673076923077
0 0.11658653846153846 0.5661057692307693 0.08173076923076923 0.1310096153846154
0 0.06850961538461539 0.4026442307692308 0.03245192307692308 0.15504807692307693
0 0.025240384615384616 0.39903846153846156 0.04927884615384615 0.17307692307692307
0 0.5060096153846154 0.24278846153846154 0.02403846153846154 0.09134615384615384
0 0.24519230769230768 0.38822115384615385 0.019230769230769232 0.09615384615384616
0 0.4807692307692308 0.23918269230769232 0.02283653846153846 0.10336538461538461
0 0.42788461538461536 0.23076923076923078 0.025240384615384616 0.109375
0 0.39783653846153844 0.22596153846153846 0.03365384615384615 0.1141826923076923
0 0.35336538461538464 0.21634615384615385 0.027644230769230768 0.12379807692307693
0 0.32211538461538464 0.21033653846153846 0.028846153846153848 0.12620192307692307
0 0.28846153846153844 0.19951923076923078 0.037259615384615384 0.12860576923076922
0 0.23918269230769232 0.19230769230769232 0.056490384615384616 0.1346153846153846
0 0.1814903846153846 0.19471153846153846 0.04807692307692308 0.12860576923076922
0 0.45552884615384615 0.23557692307692307 0.026442307692307692 0.10576923076923077
0 0.265625 0.3894230769230769 0.021634615384615384 0.09014423076923077
0 0.28846153846153844 0.38822115384615385 0.018028846153846152 0.09375
0 0.3161057692307692 0.38461538461538464 0.020432692307692308 0.08774038461538461
0 0.39663461538461536 0.640625 0.04807692307692308 0.051682692307692304
0 0.21995192307692307 0.3293269230769231 0.014423076923076924 0.01201923076923077
0 0.2439903846153846 0.3317307692307692 0.01201923076923077 0.013221153846153846
0 0.2608173076923077 0.33052884615384615 0.010817307692307692 0.01201923076923077
0 0.27884615384615385 0.3317307692307692 0.015625 0.013221153846153846
0 0.3016826923076923 0.33052884615384615 0.014423076923076924 0.009615384615384616
0 0.31490384615384615 0.3317307692307692 0.01201923076923077 0.009615384615384616
0 0.3317307692307692 0.33413461538461536 0.013221153846153846 0.007211538461538462
0 0.3317307692307692 0.3112980769230769 0.013221153846153846 0.010817307692307692
0 0.30408653846153844 0.3088942307692308 0.019230769230769232 0.01201923076923077
0 0.2824519230769231 0.30649038461538464 0.014423076923076924 0.015625
0 0.25961538461538464 0.30408653846153844 0.016826923076923076 0.014423076923076924
0 0.2439903846153846 0.30528846153846156 0.016826923076923076 0.014423076923076924
0 0.21754807692307693 0.3016826923076923 0.018028846153846152 0.013221153846153846
0 0.19110576923076922 0.30288461538461536 0.019230769230769232 0.009615384615384616
0 0.15264423076923078 0.29447115384615385 0.020432692307692308 0.016826923076923076
0 0.33774038461538464 0.38461538461538464 0.019230769230769232 0.08653846153846154
0 0.25721153846153844 0.6526442307692307 0.10576923076923077 0.052884615384615384
0 0.171875 0.3016826923076923 0.014423076923076924 0.010817307692307692
0 0.49399038461538464 0.47475961538461536 0.018028846153846152 0.052884615384615384
0 0.04927884615384615 0.765625 0.046875 0.1346153846153846
0 0.042067307692307696 0.9362980769230769 0.040865384615384616 0.12620192307692307
0 0.14182692307692307 0.75 0.046875 0.109375
0 0.09495192307692307 0.75 0.042067307692307696 0.12259615384615384
0 0.07932692307692307 0.9158653846153846 0.037259615384615384 0.1201923076923077
0 0.12620192307692307 0.8774038461538461 0.04447115384615385 0.052884615384615384
0 0.12379807692307693 0.9326923076923077 0.04326923076923077 0.04326923076923077
0 0.1658653846153846 0.9134615384615384 0.028846153846153848 0.04326923076923077
0 0.2668269230769231 0.8713942307692307 0.05889423076923077 0.04927884615384615
0 0.26322115384615385 0.8161057692307693 0.06971153846153846 0.040865384615384616
0 0.33533653846153844 0.7716346153846154 0.0625 0.05048076923076923
0 0.3293269230769231 0.8161057692307693 0.051682692307692304 0.036057692307692304
0 0.16466346153846154 0.8629807692307693 0.03485576923076923 0.054086538461538464
0 0.5204326923076923 0.47596153846153844 0.02403846153846154 0.052884615384615384
0 0.453125 0.49399038461538464 0.018028846153846152 0.057692307692307696
0 0.4170673076923077 0.4963942307692308 0.02403846153846154 0.06129807692307692
0 0.3798076923076923 0.5012019230769231 0.020432692307692308 0.06490384615384616
0 0.34615384615384615 0.5096153846153846 0.016826923076923076 0.06490384615384616
0 0.32211538461538464 0.5132211538461539 0.020432692307692308 0.07091346153846154
0 0.30408653846153844 0.515625 0.019230769230769232 0.0673076923076923
0 0.39663461538461536 0.6875 0.056490384615384616 0.036057692307692304
0 0.40384615384615385 0.734375 0.056490384615384616 0.039663461538461536
0 0.2824519230769231 0.5180288461538461 0.019230769230769232 0.07091346153846154
0 0.39663461538461536 0.7740384615384616 0.06009615384615385 0.039663461538461536