0 0.021634615384615384 0.7536057692307693 0.04326923076923077 0.0889423076923077
0 0.07091346153846154 0.7463942307692307 0.04326923076923077 0.08413461538461539
0 0.1310096153846154 0.7439903846153846 0.046875 0.07451923076923077
0 0.2247596153846154 0.7139423076923077 0.04326923076923077 0.08774038461538461
0 0.2764423076923077 0.71875 0.04567307692307692 0.08173076923076923
0 0.48197115384615385 0.6802884615384616 0.039663461538461536 0.07932692307692307
0 0.37740384615384615 0.6959134615384616 0.04927884615384615 0.08052884615384616
0 0.4326923076923077 0.6875 0.04807692307692308 0.0829326923076923
0 0.09134615384615384 0.6165865384615384 0.054086538461538464 0.0985576923076923
0 0.5769230769230769 0.6610576923076923 0.03485576923076923 0.06850961538461539
0 0.53125 0.6598557692307693 0.040865384615384616 0.07211538461538461
0 0.3233173076923077 0.7079326923076923 0.04927884615384615 0.08653846153846154
0 0.14783653846153846 0.6057692307692307 0.051682692307692304 0.10096153846153846
0 0.6286057692307693 0.5528846153846154 0.04807692307692308 0.08173076923076923
0 0.25961538461538464 0.5901442307692307 0.055288461538461536 0.09735576923076923
0 0.31490384615384615 0.5853365384615384 0.042067307692307696 0.09495192307692307
0 0.36538461538461536 0.5757211538461539 0.04447115384615385 0.0985576923076923
0 0.41947115384615385 0.5757211538461539 0.055288461538461536 0.09495192307692307
0 0.4723557692307692 0.5697115384615384 0.04447115384615385 0.0889423076923077
0 0.5240384615384616 0.5625 0.056490384615384616 0.08533653846153846
0 0.5817307692307693 0.5576923076923077 0.04326923076923077 0.08413461538461539
0 0.8149038461538461 0.5300480769230769 0.04326923076923077 0.078125
0 0.6790865384615384 0.546875 0.04807692307692308 0.0829326923076923
0 0.7271634615384616 0.5396634615384616 0.04567307692307692 0.08173076923076923
0 0.7728365384615384 0.5360576923076923 0.040865384615384616 0.07692307692307693
0 0.6237980769230769 0.6574519230769231 0.03365384615384615 0.07211538461538461
0 0.859375 0.5252403846153846 0.04326923076923077 0.078125
0 0.203125 0.6009615384615384 0.054086538461538464 0.09495192307692307
0 0.6634615384615384 0.6502403846153846 0.039663461538461536 0.06971153846153846
0 0.6225961538461539 0.8341346153846154 0.028846153846153848 0.06009615384615385
0 0.7584134615384616 0.6418269230769231 0.03365384615384615 0.055288461538461536
0 0.9038461538461539 0.5204326923076923 0.03365384615384615 0.07451923076923077
0 0.9759615384615384 0.7427884615384616 0.027644230769230768 0.10576923076923077
0 0.9290865384615384 0.7632211538461539 0.03125 0.06370192307692307
0 0.8942307692307693 0.7752403846153846 0.03485576923076923 0.07091346153846154
0 0.8533653846153846 0.78125 0.028846153846153848 0.06971153846153846
0 0.7427884615384616 0.7487980769230769 0.03245192307692308 0.056490384615384616
0 0.703125 0.8125 0.026442307692307692 0.06850961538461539
0 0.6670673076923077 0.8233173076923077 0.03365384615384615 0.06610576923076923
0 0.5877403846153846 0.8401442307692307 0.03485576923076923 0.07091346153846154
0 0.5504807692307693 0.8485576923076923 0.03485576923076923 0.06490384615384616
0 0.5120192307692307 0.8581730769230769 0.03485576923076923 0.06009615384615385
0 0.4735576923076923 0.8689903846153846 0.03365384615384615 0.06009615384615385
0 0.43149038461538464 0.8737980769230769 0.038461538461538464 0.06610576923076923
0 0.38461538461538464 0.8569711538461539 0.028846153846153848 0.07692307692307693
0 0.35336538461538464 0.890625 0.046875 0.07211538461538461
0 0.30408653846153844 0.8966346153846154 0.042067307692307696 0.0733173076923077
0 0.25961538461538464 0.9026442307692307 0.04567307692307692 0.07451923076923077
0 0.21153846153846154 0.9122596153846154 0.046875 0.0625
0 0.16105769230769232 0.921875 0.04326923076923077 0.09375
0 0.11538461538461539 0.9350961538461539 0.04567307692307692 0.09254807692307693
0 0.0733173076923077 0.9423076923076923 0.038461538461538464 0.08774038461538461
0 0.025240384615384616 0.9639423076923077 0.046875 0.06490384615384616
0 0.9567307692307693 0.609375 0.04326923076923077 0.07211538461538461
0 0.9134615384615384 0.6141826923076923 0.036057692307692304 0.06850961538461539
0 0.8762019230769231 0.6225961538461539 0.03245192307692308 0.06971153846153846
0 0.8365384615384616 0.6298076923076923 0.03485576923076923 0.06971153846153846
0 0.7956730769230769 0.640625 0.03245192307692308 0.06129807692307692
0 0.7115384615384616 0.640625 0.04807692307692308 0.08413461538461539
0 0.9399038461538461 0.5168269230769231 0.039663461538461536 0.07451923076923077
0 0.03365384615384615 0.6213942307692307 0.05889423076923077 0.09615384615384616
0 0.9747596153846154 0.4050480769230769 0.039663461538461536 0.07692307692307693
0 0.3016826923076923 0.2824519230769231 0.06009615384615385 0.10817307692307693
0 0.23557692307692307 0.28125 0.0673076923076923 0.11658653846153846
0 0.171875 0.28365384615384615 0.055288461538461536 0.11899038461538461
0 0.109375 0.2860576923076923 0.06129807692307692 0.11778846153846154
0 0.037259615384615384 0.2848557692307692 0.06971153846153846 0.12259615384615384
0 0.9819711538461539 0.140625 0.03485576923076923 0.10697115384615384
0 0.9507211538461539 0.140625 0.02403846153846154 0.10096153846153846
0 0.9206730769230769 0.13942307692307693 0.028846153846153848 0.10817307692307693
0 0.8870192307692307 0.13942307692307693 0.03485576923076923 0.11298076923076923
0 0.7548076923076923 0.12259615384615384 0.027644230769230768 0.09134615384615384
0 0.7175480769230769 0.12139423076923077 0.028846153846153848 0.09615384615384616
0 0.6826923076923077 0.1201923076923077 0.03125 0.09254807692307693
0 0.6466346153846154 0.11658653846153846 0.03125 0.09735576923076923
0 0.5721153846153846 0.11298076923076923 0.037259615384615384 0.1045673076923077
0 0.5336538461538461 0.11177884615384616 0.03365384615384615 0.10576923076923077
0 0.49399038461538464 0.11057692307692307 0.039663461538461536 0.10336538461538461
0 0.4495192307692308 0.10817307692307693 0.04447115384615385 0.109375
0 0.40625 0.10697115384615384 0.037259615384615384 0.11177884615384616
0 0.359375 0.0985576923076923 0.042067307692307696 0.12860576923076922
0 0.31490384615384615 0.09254807692307693 0.04447115384615385 0.1346153846153846
0 0.2692307692307692 0.09254807692307693 0.04447115384615385 0.13581730769230768
0 0.21875 0.08173076923076923 0.052884615384615384 0.15625
0 0.171875 0.09014423076923077 0.03245192307692308 0.1310096153846154
0 0.12379807692307693 0.08774038461538461 0.055288461538461536 0.13822115384615385
0 0.0673076923076923 0.0829326923076923 0.057692307692307696 0.14783653846153846
0 0.018028846153846152 0.09254807692307693 0.03485576923076923 0.12379807692307693
0 0.9795673076923077 0.5096153846153846 0.03485576923076923 0.07451923076923077
0 0.36658653846153844 0.2848557692307692 0.0625 0.109375
0 0.4326923076923077 0.2824519230769231 0.06610576923076923 0.10096153846153846
0 0.6117788461538461 0.11538461538461539 0.036057692307692304 0.109375
0 0.5649038461538461 0.2824519230769231 0.05889423076923077 0.09615384615384616
0 0.9362980769230769 0.4074519230769231 0.026442307692307692 0.07451923076923077
0 0.49759615384615385 0.27884615384615385 0.06129807692307692 0.10576923076923077
0 0.9050480769230769 0.4110576923076923 0.027644230769230768 0.07572115384615384
0 0.8701923076923077 0.41346153846153844 0.030048076923076924 0.07451923076923077
0 0.8377403846153846 0.41466346153846156 0.030048076923076924 0.07932692307692307
0 0.8016826923076923 0.41466346153846156 0.039663461538461536 0.08653846153846154
0 0.7560096153846154 0.4182692307692308 0.039663461538461536 0.08533653846153846
0 0.7079326923076923 0.4230769230769231 0.04807692307692308 0.0829326923076923
0 0.6586538461538461 0.4266826923076923 0.04927884615384615 0.08653846153846154
0 0.5528846153846154 0.42908653846153844 0.05889423076923077 0.08653846153846154
0 0.4891826923076923 0.4338942307692308 0.05889423076923077 0.08533653846153846
0 0.41225961538461536 0.4338942307692308 0.046875 0.09375
0 0.359375 0.4423076923076923 0.04567307692307692 0.09615384615384616
0 0.3076923076923077 0.46274038461538464 0.05048076923076923 0.06009615384615385
0 0.6105769230769231 0.4326923076923077 0.04447115384615385 0.09134615384615384
0 0.2536057692307692 0.4495192307692308 0.04447115384615385 0.10096153846153846
0 0.6682692307692307 0.27163461538461536 0.052884615384615384 0.11899038461538461
0 0.7115384615384616 0.2800480769230769 0.021634615384615384 0.09254807692307693
0 0.7524038461538461 0.27524038461538464 0.046875 0.09735576923076923
0 0.8533653846153846 0.27403846153846156 0.04567307692307692 0.09014423076923077
0 0.6141826923076923 0.27884615384615385 0.03245192307692308 0.09615384615384616
0 0.9459134615384616 0.2668269230769231 0.037259615384615384 0.09735576923076923
0 0.9026442307692307 0.2668269230769231 0.042067307692307696 0.09975961538461539
0 0.019230769230769232 0.46274038461538464 0.038461538461538464 0.10576923076923077
0 0.07572115384615384 0.45552884615384615 0.057692307692307696 0.11057692307692307
0 0.1346153846153846 0.45552884615384615 0.04567307692307692 0.10096153846153846
0 0.19471153846153846 0.4495192307692308 0.05048076923076923 0.11298076923076923
0 0.9831730769230769 0.26802884615384615 0.028846153846153848 0.0985576923076923