0 0.4567307692307692 0.08413461538461539 0.037259615384615384 0.08774038461538461
0 0.4098557692307692 0.07932692307692307 0.04927884615384615 0.030048076923076924
0 0.49399038461538464 0.08413461538461539 0.037259615384615384 0.08653846153846154
0 0.5324519230769231 0.0829326923076923 0.03485576923076923 0.08653846153846154
0 0.5709134615384616 0.0829326923076923 0.036057692307692304 0.08653846153846154
0 0.6033653846153846 0.08653846153846154 0.026442307692307692 0.08052884615384616
0 0.40865384615384615 0.11298076923076923 0.05048076923076923 0.030048076923076924
0 0.328125 0.0889423076923077 0.039663461538461536 0.08653846153846154
0 0.7776442307692307 0.06971153846153846 0.028846153846153848 0.10817307692307693
0 0.23677884615384615 0.09975961538461539 0.04447115384615385 0.020432692307692308
0 0.9519230769230769 0.1971153846153846 0.039663461538461536 0.013221153846153846
0 0.6610576923076923 0.020432692307692308 0.0829326923076923 0.019230769230769232
0 0.6622596153846154 0.054086538461538464 0.08052884615384616 0.02283653846153846
0 0.6634615384615384 0.0829326923076923 0.08052884615384616 0.018028846153846152
0 0.6610576923076923 0.11538461538461539 0.07932692307692307 0.019230769230769232
0 0.7451923076923077 0.06850961538461539 0.028846153846153848 0.10697115384615384
0 0.8389423076923077 0.07211538461538461 0.026442307692307692 0.09975961538461539
0 0.23677884615384615 0.12259615384615384 0.042067307692307696 0.020432692307692308
0 0.8689903846153846 0.06850961538461539 0.030048076923076924 0.10576923076923077
0 0.016826923076923076 0.09375 0.03365384615384615 0.027644230769230768
0 0.016826923076923076 0.12620192307692307 0.03365384615384615 0.03125
0 0.05048076923076923 0.10336538461538461 0.026442307692307692 0.07211538461538461
0 0.08173076923076923 0.09254807692307693 0.028846153846153848 0.09375
0 0.14423076923076922 0.09014423076923077 0.04447115384615385 0.09254807692307693
0 0.19230769230769232 0.109375 0.038461538461538464 0.018028846153846152
0 0.19230769230769232 0.12860576923076922 0.040865384615384616 0.01201923076923077
0 0.9651442307692307 0.06370192307692307 0.036057692307692304 0.1141826923076923
0 0.8882211538461539 0.2403846153846154 0.057692307692307696 0.06971153846153846
0 0.984375 0.8209134615384616 0.026442307692307692 0.021634615384615384
0 0.7788461538461539 0.2439903846153846 0.04807692307692308 0.0673076923076923
0 0.3605769230769231 0.6334134615384616 0.04807692307692308 0.078125
0 0.31490384615384615 0.6274038461538461 0.040865384615384616 0.09495192307692307
0 0.2692307692307692 0.6262019230769231 0.042067307692307696 0.09495192307692307
0 0.22596153846153846 0.6298076923076923 0.037259615384615384 0.08774038461538461
0 0.15504807692307693 0.6430288461538461 0.038461538461538464 0.06129807692307692
0 0.04567307692307692 0.6430288461538461 0.025240384615384616 0.06370192307692307
0 0.015625 0.6274038461538461 0.030048076923076924 0.09495192307692307
0 0.08173076923076923 0.6310096153846154 0.04326923076923077 0.09014423076923077
0 0.5396634615384616 0.6310096153846154 0.04447115384615385 0.08052884615384616
0 0.5841346153846154 0.6298076923076923 0.039663461538461536 0.08052884615384616
0 0.6201923076923077 0.6394230769230769 0.026442307692307692 0.06129807692307692
0 0.6598557692307693 0.6370192307692307 0.05048076923076923 0.06370192307692307
0 0.7139423076923077 0.625 0.04927884615384615 0.09014423076923077
0 0.7692307692307693 0.6370192307692307 0.04927884615384615 0.06610576923076923
0 0.8257211538461539 0.6358173076923077 0.04927884615384615 0.06490384615384616
0 0.8762019230769231 0.6370192307692307 0.04807692307692308 0.06370192307692307
0 0.9747596153846154 0.6346153846153846 0.04927884615384615 0.06850961538461539
0 0.9771634615384616 0.5036057692307693 0.038461538461538464 0.08653846153846154
0 0.9314903846153846 0.4987980769230769 0.051682692307692304 0.0985576923076923
0 0.40625 0.6322115384615384 0.038461538461538464 0.07932692307692307
0 0.4495192307692308 0.6322115384615384 0.04326923076923077 0.07932692307692307
0 0.4951923076923077 0.6322115384615384 0.04447115384615385 0.08173076923076923
0 0.051682692307692304 0.7764423076923077 0.057692307692307696 0.10336538461538461
0 0.9855769230769231 0.8028846153846154 0.026442307692307692 0.015625
0 0.984375 0.7836538461538461 0.026442307692307692 0.02403846153846154
0 0.9423076923076923 0.796875 0.04447115384615385 0.06850961538461539
0 0.8389423076923077 0.7836538461538461 0.046875 0.09615384615384616
0 0.7896634615384616 0.7992788461538461 0.04567307692307692 0.06610576923076923
0 0.75 0.7980769230769231 0.03125 0.06610576923076923
0 0.7055288461538461 0.796875 0.04567307692307692 0.07091346153846154
0 0.6081730769230769 0.7980769230769231 0.05048076923076923 0.06971153846153846
0 0.5564903846153846 0.7980769230769231 0.04447115384615385 0.06971153846153846
0 0.8665865384615384 0.515625 0.037259615384615384 0.0673076923076923
0 0.5168269230769231 0.7860576923076923 0.030048076923076924 0.09134615384615384
0 0.4483173076923077 0.7860576923076923 0.03245192307692308 0.09254807692307693
0 0.41346153846153844 0.7860576923076923 0.03245192307692308 0.09134615384615384
0 0.38100961538461536 0.7872596153846154 0.030048076923076924 0.09254807692307693
0 0.34615384615384615 0.7872596153846154 0.03485576923076923 0.09134615384615384
0 0.296875 0.7824519230769231 0.054086538461538464 0.10336538461538461
0 0.24519230769230768 0.7824519230769231 0.04447115384615385 0.10216346153846154
0 0.19471153846153846 0.7800480769230769 0.04326923076923077 0.10096153846153846
0 0.14783653846153846 0.7848557692307693 0.042067307692307696 0.09375
0 0.10336538461538461 0.7860576923076923 0.039663461538461536 0.09134615384615384
0 0.4807692307692308 0.7860576923076923 0.03125 0.09495192307692307
0 0.7704326923076923 0.5168269230769231 0.057692307692307696 0.0625
0 0.7199519230769231 0.5120192307692307 0.03365384615384615 0.07572115384615384
0 0.6766826923076923 0.5396634615384616 0.04807692307692308 0.013221153846153846
0 0.8329326923076923 0.3713942307692308 0.05048076923076923 0.09975961538461539
0 0.9447115384615384 0.36899038461538464 0.057692307692307696 0.10336538461538461
0 0.10817307692307693 0.2776442307692308 0.039663461538461536 0.021634615384615384
0 0.10817307692307693 0.2548076923076923 0.039663461538461536 0.020432692307692308
0 0.06971153846153846 0.2548076923076923 0.028846153846153848 0.07091346153846154
0 0.02403846153846154 0.2403846153846154 0.03485576923076923 0.0985576923076923
0 0.171875 0.23197115384615385 0.042067307692307696 0.11177884615384616
0 0.234375 0.23076923076923078 0.03245192307692308 0.11057692307692307
0 0.26802884615384615 0.23317307692307693 0.026442307692307692 0.10336538461538461
0 0.78125 0.3894230769230769 0.04567307692307692 0.06370192307692307
0 0.29927884615384615 0.23677884615384615 0.03245192307692308 0.0985576923076923
0 0.44591346153846156 0.2692307692307692 0.055288461538461536 0.03245192307692308
0 0.4423076923076923 0.23317307692307693 0.054086538461538464 0.03365384615384615
0 0.44591346153846156 0.1971153846153846 0.052884615384615384 0.03485576923076923
0 0.4987980769230769 0.23918269230769232 0.04447115384615385 0.08774038461538461
0 0.5444711538461539 0.2403846153846154 0.040865384615384616 0.0889423076923077
0 0.8882211538461539 0.7944711538461539 0.042067307692307696 0.07091346153846154
0 0.625 0.24519230769230768 0.03485576923076923 0.0733173076923077
0 0.6706730769230769 0.22956730769230768 0.052884615384615384 0.10216346153846154
0 0.7259615384615384 0.2283653846153846 0.052884615384615384 0.10336538461538461
0 0.34134615384615385 0.24158653846153846 0.046875 0.08774038461538461
0 0.8317307692307693 0.24278846153846154 0.052884615384615384 0.0673076923076923
0 0.5721153846153846 0.3942307692307692 0.039663461538461536 0.06850961538461539
0 0.4387019230769231 0.3786057692307692 0.04927884615384615 0.03125
0 0.6766826923076923 0.5240384615384616 0.04927884615384615 0.010817307692307692
0 0.6754807692307693 0.5072115384615384 0.05048076923076923 0.015625
0 0.5733173076923077 0.5204326923076923 0.052884615384615384 0.06370192307692307
0 0.5216346153846154 0.5048076923076923 0.046875 0.09495192307692307
0 0.4675480769230769 0.5048076923076923 0.051682692307692304 0.09014423076923077
0 0.4254807692307692 0.5216346153846154 0.030048076923076924 0.06490384615384616
0 0.3858173076923077 0.5144230769230769 0.040865384615384616 0.07932692307692307
0 0.3137019230769231 0.5192307692307693 0.036057692307692304 0.06971153846153846
0 0.27524038461538464 0.5084134615384616 0.037259615384615384 0.09014423076923077
0 0.49158653846153844 0.3858173076923077 0.05048076923076923 0.08413461538461539
0 0.23317307692307693 0.5072115384615384 0.038461538461538464 0.09134615384615384
0 0.13942307692307693 0.5060096153846154 0.042067307692307696 0.0985576923076923
0 0.09615384615384616 0.5108173076923077 0.039663461538461536 0.09134615384615384
0 0.054086538461538464 0.5108173076923077 0.039663461538461536 0.09254807692307693
0 0.016826923076923076 0.5012019230769231 0.03365384615384615 0.10336538461538461
0 0.2548076923076923 0.37740384615384615 0.039663461538461536 0.10336538461538461
0 0.0625 0.3786057692307692 0.056490384615384616 0.1045673076923077
0 0.3557692307692308 0.3870192307692308 0.04567307692307692 0.08413461538461539
0 0.30288461538461536 0.3786057692307692 0.05048076923076923 0.10096153846153846
0 0.43990384615384615 0.41225961538461536 0.051682692307692304 0.030048076923076924
0 0.18870192307692307 0.5060096153846154 0.046875 0.09615384615384616
0 0.5853365384615384 0.2512019230769231 0.038461538461538464 0.06490384615384616