0 0.5144230769230769 0.5853365384615384 0.06370192307692307 0.04567307692307692
0 0.5612980769230769 0.5829326923076923 0.020432692307692308 0.039663461538461536
0 0.4375 0.5865384615384616 0.06129807692307692 0.04326923076923077
0 0.24519230769230768 0.054086538461538464 0.07211538461538461 0.0733173076923077
0 0.3161057692307692 0.5841346153846154 0.05889423076923077 0.04807692307692308
0 0.08413461538461539 0.6658653846153846 0.06850961538461539 0.06850961538461539
0 0.2668269230769231 0.5853365384615384 0.03365384615384615 0.04927884615384615
0 0.37740384615384615 0.5865384615384616 0.055288461538461536 0.04447115384615385
0 0.17307692307692307 0.07451923076923077 0.054086538461538464 0.040865384615384616
0 0.02403846153846154 0.6658653846153846 0.046875 0.07211538461538461
0 0.5048076923076923 0.6526442307692307 0.03485576923076923 0.05048076923076923
0 0.3233173076923077 0.05889423076923077 0.07211538461538461 0.06490384615384616
0 0.41225961538461536 0.0733173076923077 0.09375 0.038461538461538464
0 0.5 0.057692307692307696 0.07692307692307693 0.07451923076923077
0 0.09975961538461539 0.052884615384615384 0.08774038461538461 0.07211538461538461
0 0.7884615384615384 0.055288461538461536 0.06610576923076923 0.09014423076923077
0 0.9050480769230769 0.04927884615384615 0.1201923076923077 0.09735576923076923
0 0.7716346153846154 0.2403846153846154 0.03125 0.08653846153846154
0 0.8016826923076923 0.23918269230769232 0.025240384615384616 0.08653846153846154
0 0.84375 0.24519230769230768 0.019230769230769232 0.0889423076923077
0 0.8641826923076923 0.2439903846153846 0.021634615384615384 0.08533653846153846
0 0.02283653846153846 0.8413461538461539 0.04447115384615385 0.0829326923076923
0 0.4639423076923077 0.6538461538461539 0.038461538461538464 0.05048076923076923
0 0.5480769230769231 0.8774038461538461 0.06129807692307692 0.028846153846153848
0 0.38341346153846156 0.8605769230769231 0.11298076923076923 0.0625
0 0.2608173076923077 0.8617788461538461 0.11177884615384616 0.06610576923076923
0 0.5757211538461539 0.7524038461538461 0.0829326923076923 0.054086538461538464
0 0.49278846153846156 0.7548076923076923 0.08173076923076923 0.06009615384615385
0 0.39783653846153844 0.7536057692307693 0.09375 0.055288461538461536
0 0.30528846153846156 0.7524038461538461 0.08413461538461539 0.057692307692307696
0 0.20432692307692307 0.7608173076923077 0.078125 0.038461538461538464
0 0.12259615384615384 0.7524038461538461 0.07572115384615384 0.054086538461538464
0 0.04447115384615385 0.7560096153846154 0.07572115384615384 0.055288461538461536
0 0.5913461538461539 0.6538461538461539 0.03485576923076923 0.05048076923076923
0 0.546875 0.6526442307692307 0.038461538461538464 0.04927884615384615
0 0.47716346153846156 0.8557692307692307 0.06850961538461539 0.06129807692307692
0 0.71875 0.052884615384615384 0.06610576923076923 0.09014423076923077
0 0.026442307692307692 0.06850961538461539 0.052884615384615384 0.05048076923076923
0 0.9639423076923077 0.8533653846153846 0.0673076923076923 0.014423076923076924
0 0.8966346153846154 0.2403846153846154 0.03125 0.0829326923076923
0 0.9302884615384616 0.2403846153846154 0.02403846153846154 0.08533653846153846
0 0.9711538461538461 0.46634615384615385 0.052884615384615384 0.014423076923076924
0 0.9699519230769231 0.4519230769230769 0.055288461538461536 0.014423076923076924
0 0.9711538461538461 0.4362980769230769 0.052884615384615384 0.016826923076923076
0 0.6983173076923077 0.4651442307692308 0.021634615384615384 0.078125
0 0.7283653846153846 0.4639423076923077 0.030048076923076924 0.0733173076923077
0 0.9194711538461539 0.4675480769230769 0.03125 0.0673076923076923
0 0.8882211538461539 0.4675480769230769 0.02403846153846154 0.06850961538461539
0 0.8569711538461539 0.46634615384615385 0.03125 0.0733173076923077
0 0.8209134615384616 0.4651442307692308 0.03245192307692308 0.07211538461538461
0 0.7896634615384616 0.4675480769230769 0.030048076923076924 0.06850961538461539
0 0.7596153846153846 0.46634615384615385 0.025240384615384616 0.06850961538461539
0 0.6971153846153846 0.24158653846153846 0.08413461538461539 0.06610576923076923
0 0.6586538461538461 0.5084134615384616 0.06490384615384616 0.020432692307692308
0 0.7043269230769231 0.3605769230769231 0.028846153846153848 0.07451923076923077
0 0.7355769230769231 0.359375 0.025240384615384616 0.07451923076923077
0 0.765625 0.359375 0.027644230769230768 0.0733173076923077
0 0.7980769230769231 0.359375 0.038461538461538464 0.07211538461538461
0 0.8341346153846154 0.359375 0.03125 0.07211538461538461
0 0.8689903846153846 0.3581730769230769 0.021634615384615384 0.07211538461538461
0 0.9002403846153846 0.3557692307692308 0.03365384615384615 0.08173076923076923
0 0.9350961538461539 0.3557692307692308 0.030048076923076924 0.08413461538461539
0 0.9903846153846154 0.3581730769230769 0.018028846153846152 0.08533653846153846
0 0.9663461538461539 0.3557692307692308 0.021634615384615384 0.08653846153846154
0 0.9915865384615384 0.24278846153846154 0.015625 0.08533653846153846
0 0.9627403846153846 0.2403846153846154 0.021634615384615384 0.08533653846153846
0 0.21394230769230768 0.5853365384615384 0.06129807692307692 0.04326923076923077
0 0.6478365384615384 0.4795673076923077 0.057692307692307696 0.019230769230769232
0 0.9711538461538461 0.4795673076923077 0.052884615384615384 0.016826923076923076
0 0.96875 0.49399038461538464 0.057692307692307696 0.016826923076923076
0 0.96875 0.5072115384615384 0.057692307692307696 0.014423076923076924
0 0.8521634615384616 0.8653846153846154 0.10216346153846154 0.01201923076923077
0 0.7451923076923077 0.8774038461538461 0.10096153846153846 0.014423076923076924
0 0.7451923076923077 0.8617788461538461 0.10096153846153846 0.013221153846153846
0 0.7415865384615384 0.8461538461538461 0.10336538461538461 0.014423076923076924
0 0.6454326923076923 0.8822115384615384 0.0889423076923077 0.009615384615384616
0 0.6430288461538461 0.8677884615384616 0.09014423076923077 0.009615384615384616
0 0.6394230769230769 0.8533653846153846 0.08653846153846154 0.014423076923076924
0 0.9699519230769231 0.7740384615384616 0.04567307692307692 0.06129807692307692
0 0.9158653846153846 0.7704326923076923 0.04567307692307692 0.06129807692307692
0 0.8689903846153846 0.7704326923076923 0.04567307692307692 0.06129807692307692
0 0.8125 0.7728365384615384 0.057692307692307696 0.07572115384615384
0 0.7548076923076923 0.765625 0.055288461538461536 0.06129807692307692
0 0.6983173076923077 0.765625 0.04927884615384615 0.06850961538461539
0 0.6454326923076923 0.7680288461538461 0.046875 0.0673076923076923
0 0.9411057692307693 0.6658653846153846 0.0625 0.07451923076923077
0 0.875 0.6658653846153846 0.06490384615384616 0.07211538461538461
0 0.8064903846153846 0.6730769230769231 0.054086538461538464 0.05889423076923077
0 0.7512019230769231 0.6730769230769231 0.046875 0.056490384615384616
0 0.6947115384615384 0.6754807692307693 0.05048076923076923 0.055288461538461536
0 0.640625 0.6706730769230769 0.04567307692307692 0.055288461538461536
0 0.9254807692307693 0.5805288461538461 0.08173076923076923 0.015625
0 0.8305288461538461 0.5877403846153846 0.0829326923076923 0.014423076923076924
0 0.8305288461538461 0.5721153846153846 0.09735576923076923 0.013221153846153846
0 0.765625 0.5637019230769231 0.013221153846153846 0.05889423076923077
0 0.7487980769230769 0.5649038461538461 0.019230769230769232 0.0625
0 0.7199519230769231 0.5661057692307693 0.021634615384615384 0.057692307692307696
0 0.6911057692307693 0.5673076923076923 0.020432692307692308 0.056490384615384616
0 0.6682692307692307 0.5685096153846154 0.019230769230769232 0.056490384615384616
0 0.6418269230769231 0.5673076923076923 0.021634615384615384 0.057692307692307696
0 0.9639423076923077 0.8689903846153846 0.0673076923076923 0.016826923076923076
0 0.15625 0.5841346153846154 0.052884615384615384 0.051682692307692304
0 0.296875 0.35216346153846156 0.051682692307692304 0.037259615384615384
0 0.06610576923076923 0.5913461538461539 0.038461538461538464 0.030048076923076924
0 0.5 0.34375 0.07211538461538461 0.021634615384615384
0 0.4375 0.32211538461538464 0.056490384615384616 0.010817307692307692
0 0.43149038461538464 0.3485576923076923 0.051682692307692304 0.039663461538461536
0 0.010817307692307692 0.33653846153846156 0.020432692307692308 0.056490384615384616
0 0.38461538461538464 0.35336538461538464 0.03485576923076923 0.03485576923076923
0 0.3449519230769231 0.32572115384615385 0.036057692307692304 0.03245192307692308
0 0.34375 0.35697115384615385 0.03245192307692308 0.02403846153846154
0 0.22956730769230768 0.3629807692307692 0.07211538461538461 0.010817307692307692
0 0.22956730769230768 0.3485576923076923 0.07451923076923077 0.014423076923076924
0 0.13581730769230768 0.3485576923076923 0.10576923076923077 0.039663461538461536
0 0.037259615384615384 0.33774038461538464 0.015625 0.046875
0 0.06490384615384616 0.3389423076923077 0.03125 0.055288461538461536
0 0.6274038461538461 0.26802884615384615 0.05048076923076923 0.04326923076923077
0 0.5721153846153846 0.2692307692307692 0.052884615384615384 0.038461538461538464
0 0.5168269230769231 0.27163461538461536 0.038461538461538464 0.030048076923076924
0 0.46033653846153844 0.22716346153846154 0.06490384615384616 0.03365384615384615
0 0.46033653846153844 0.265625 0.06370192307692307 0.040865384615384616
0 0.39302884615384615 0.2668269230769231 0.05889423076923077 0.04447115384615385
0 0.28725961538461536 0.2608173076923077 0.06129807692307692 0.04447115384615385
0 0.2283653846153846 0.2620192307692308 0.046875 0.04326923076923077
0 0.18028846153846154 0.26802884615384615 0.038461538461538464 0.03485576923076923
0 0.125 0.25841346153846156 0.0625 0.055288461538461536
0 0.07211538461538461 0.25961538461538464 0.04447115384615385 0.04927884615384615
0 0.02283653846153846 0.2668269230769231 0.04447115384615385 0.04326923076923077
0 0.1045673076923077 0.5841346153846154 0.040865384615384616 0.04326923076923077
0 0.4987980769230769 0.36177884615384615 0.06971153846153846 0.016826923076923076
0 0.5637019230769231 0.3545673076923077 0.04927884615384615 0.038461538461538464
0 0.3401442307692308 0.26802884615384615 0.03485576923076923 0.03485576923076923
0 0.6129807692307693 0.35216346153846156 0.014423076923076924 0.036057692307692304
0 0.02403846153846154 0.5829326923076923 0.04567307692307692 0.046875
0 0.5961538461538461 0.35336538461538464 0.010817307692307692 0.038461538461538464
0 0.5961538461538461 0.5096153846153846 0.057692307692307696 0.038461538461538464
0 0.5360576923076923 0.5108173076923077 0.05889423076923077 0.037259615384615384
0 0.47716346153846156 0.5108173076923077 0.055288461538461536 0.042067307692307696
0 0.41947115384615385 0.5108173076923077 0.052884615384615384 0.042067307692307696
0 0.296875 0.5108173076923077 0.057692307692307696 0.040865384615384616
0 0.24759615384615385 0.5120192307692307 0.03245192307692308 0.030048076923076924
0 0.2091346153846154 0.5144230769230769 0.040865384615384616 0.037259615384615384
0 0.16466346153846154 0.5120192307692307 0.04567307692307692 0.036057692307692304
0 0.12139423076923077 0.5108173076923077 0.039663461538461536 0.03365384615384615
0 0.0673076923076923 0.5048076923076923 0.05048076923076923 0.04447115384615385
0 0.020432692307692308 0.5084134615384616 0.039663461538461536 0.039663461538461536
0 0.359375 0.5096153846153846 0.06370192307692307 0.04326923076923077
0 0.53125 0.44591346153846156 0.055288461538461536 0.014423076923076924
0 0.5949519230769231 0.4326923076923077 0.06490384615384616 0.04567307692307692
0 0.016826923076923076 0.41947115384615385 0.025240384615384616 0.05889423076923077
0 0.13341346153846154 0.421875 0.046875 0.054086538461538464
0 0.2824519230769231 0.4362980769230769 0.046875 0.03245192307692308
0 0.3581730769230769 0.42908653846153844 0.0625 0.042067307692307696
0 0.19471153846153846 0.42788461538461536 0.06971153846153846 0.040865384615384616
0 0.41466346153846156 0.4254807692307692 0.037259615384615384 0.021634615384615384
0 0.41586538461538464 0.44591346153846156 0.03125 0.013221153846153846
0 0.4675480769230769 0.42788461538461536 0.0625 0.046875
0 0.53125 0.42788461538461536 0.055288461538461536 0.019230769230769232
0 0.08052884615384616 0.4206730769230769 0.057692307692307696 0.0625
0 0.040865384615384616 0.421875 0.019230769230769232 0.055288461538461536