0 0.9459134615384616 0.19471153846153846 0.08533653846153846 0.1310096153846154
0 0.8677884615384616 0.19951923076923078 0.07091346153846154 0.12259615384615384
0 0.7788461538461539 0.21995192307692307 0.052884615384615384 0.08653846153846154
0 0.7235576923076923 0.18990384615384615 0.046875 0.15264423076923078
0 0.6682692307692307 0.1935096153846154 0.06129807692307692 0.14423076923076922
0 0.6105769230769231 0.19591346153846154 0.052884615384615384 0.13581730769230768
0 0.5588942307692307 0.20552884615384615 0.04326923076923077 0.12620192307692307
0 0.5072115384615384 0.2091346153846154 0.05889423076923077 0.11778846153846154
0 0.3954326923076923 0.21153846153846154 0.0625 0.12259615384615384
0 0.5084134615384616 0.8533653846153846 0.03245192307692308 0.08533653846153846
0 0.14182692307692307 0.5516826923076923 0.02403846153846154 0.036057692307692304
0 0.1201923076923077 0.5504807692307693 0.016826923076923076 0.038461538461538464
0 0.08653846153846154 0.5516826923076923 0.030048076923076924 0.037259615384615384
0 0.06009615384615385 0.5528846153846154 0.018028846153846152 0.036057692307692304
0 0.30288461538461536 0.5180288461538461 0.03125 0.06610576923076923
0 0.010817307692307692 0.5540865384615384 0.021634615384615384 0.036057692307692304
0 0.984375 0.6262019230769231 0.026442307692307692 0.05048076923076923
0 0.9423076923076923 0.6189903846153846 0.04326923076923077 0.055288461538461536
0 0.8990384615384616 0.6201923076923077 0.040865384615384616 0.055288461538461536
0 0.8629807692307693 0.6201923076923077 0.030048076923076924 0.06370192307692307
0 0.8293269230769231 0.6225961538461539 0.037259615384615384 0.06490384615384616
0 0.7836538461538461 0.6286057692307693 0.055288461538461536 0.055288461538461536
0 0.7355769230769231 0.6225961538461539 0.036057692307692304 0.06490384615384616
0 0.33533653846153844 0.22355769230769232 0.05048076923076923 0.0985576923076923
0 0.5612980769230769 0.8173076923076923 0.027644230769230768 0.06610576923076923
0 0.2776442307692308 0.21754807692307693 0.06129807692307692 0.12620192307692307
0 0.21995192307692307 0.21033653846153846 0.04807692307692308 0.14302884615384615
0 0.7391826923076923 0.5180288461538461 0.03245192307692308 0.04807692307692308
0 0.7043269230769231 0.5144230769230769 0.038461538461538464 0.06129807692307692
0 0.6670673076923077 0.5144230769230769 0.03485576923076923 0.05889423076923077
0 0.6322115384615384 0.515625 0.03245192307692308 0.056490384615384616
0 0.6009615384615384 0.515625 0.028846153846153848 0.06009615384615385
0 0.5709134615384616 0.5180288461538461 0.027644230769230768 0.055288461538461536
0 0.5372596153846154 0.5168269230769231 0.03365384615384615 0.054086538461538464
0 0.7800480769230769 0.5084134615384616 0.037259615384615384 0.03245192307692308
0 0.5012019230769231 0.5180288461538461 0.038461538461538464 0.057692307692307696
0 0.44350961538461536 0.5192307692307693 0.016826923076923076 0.057692307692307696
0 0.41586538461538464 0.5204326923076923 0.03485576923076923 0.055288461538461536
0 0.3737980769230769 0.5168269230769231 0.04807692307692308 0.06610576923076923
0 0.16706730769230768 0.5216346153846154 0.025240384615384616 0.057692307692307696
0 0.2091346153846154 0.5204326923076923 0.026442307692307692 0.06129807692307692
0 0.23557692307692307 0.5216346153846154 0.025240384615384616 0.057692307692307696
0 0.26802884615384615 0.5120192307692307 0.038461538461538464 0.07451923076923077
0 0.4651442307692308 0.5216346153846154 0.025240384615384616 0.051682692307692304
0 0.7860576923076923 0.5324519230769231 0.039663461538461536 0.015625
0 0.8293269230769231 0.5276442307692307 0.04326923076923077 0.02403846153846154
0 0.8966346153846154 0.5048076923076923 0.051682692307692304 0.06850961538461539
0 0.13942307692307693 0.23076923076923078 0.09254807692307693 0.1141826923076923
0 0.9747596153846154 0.3641826923076923 0.04807692307692308 0.10216346153846154
0 0.9230769230769231 0.3798076923076923 0.042067307692307696 0.07572115384615384
0 0.8713942307692307 0.3894230769230769 0.036057692307692304 0.056490384615384616
0 0.8293269230769231 0.3894230769230769 0.042067307692307696 0.055288461538461536
0 0.765625 0.37740384615384615 0.078125 0.09495192307692307
0 0.6935096153846154 0.38341346153846156 0.06009615384615385 0.0733173076923077
0 0.6370192307692307 0.38341346153846156 0.05048076923076923 0.07572115384615384
0 0.5865384615384616 0.3870192307692308 0.04927884615384615 0.07211538461538461
0 0.49759615384615385 0.37740384615384615 0.11778846153846154 0.09735576923076923
0 0.3858173076923077 0.38100961538461536 0.10576923076923077 0.09014423076923077
0 0.29927884615384615 0.390625 0.06129807692307692 0.07572115384615384
0 0.20072115384615385 0.38100961538461536 0.1346153846153846 0.09615384615384616
0 0.05889423076923077 0.34375 0.09254807692307693 0.016826923076923076
0 0.07932692307692307 0.40625 0.1045673076923077 0.013221153846153846
0 0.09014423076923077 0.4639423076923077 0.10096153846153846 0.021634615384615384
0 0.953125 0.4963942307692308 0.05889423076923077 0.08533653846153846
0 0.7007211538461539 0.6177884615384616 0.027644230769230768 0.0625
0 0.6694711538461539 0.6177884615384616 0.03245192307692308 0.056490384615384616
0 0.03485576923076923 0.5516826923076923 0.028846153846153848 0.03485576923076923
0 0.5961538461538461 0.6213942307692307 0.030048076923076924 0.06490384615384616
0 0.8100961538461539 0.8197115384615384 0.051682692307692304 0.07692307692307693
0 0.8641826923076923 0.8197115384615384 0.051682692307692304 0.08052884615384616
0 0.9158653846153846 0.8257211538461539 0.04927884615384615 0.05889423076923077
0 0.9711538461538461 0.828125 0.052884615384615384 0.06490384615384616
0 0.02403846153846154 0.7283653846153846 0.04807692307692308 0.028846153846153848
0 0.021634615384615384 0.7644230769230769 0.04326923076923077 0.02283653846153846
0 0.06370192307692307 0.7632211538461539 0.039663461538461536 0.02283653846153846
0 0.0673076923076923 0.7271634615384616 0.027644230769230768 0.027644230769230768
0 0.11177884615384616 0.7199519230769231 0.03125 0.037259615384615384
0 0.6322115384615384 0.6213942307692307 0.038461538461538464 0.06490384615384616
0 0.15264423076923078 0.7560096153846154 0.038461538461538464 0.03245192307692308
0 0.15144230769230768 0.7259615384615384 0.04567307692307692 0.02403846153846154
0 0.19951923076923078 0.7391826923076923 0.030048076923076924 0.052884615384615384
0 0.23076923076923078 0.7355769230769231 0.027644230769230768 0.055288461538461536
0 0.2512019230769231 0.7319711538461539 0.016826923076923076 0.06009615384615385
0 0.2764423076923077 0.734375 0.028846153846153848 0.055288461538461536
0 0.3076923076923077 0.7319711538461539 0.03365384615384615 0.051682692307692304
0 0.7704326923076923 0.8389423076923077 0.026442307692307692 0.0673076923076923
0 0.34975961538461536 0.7451923076923077 0.04447115384615385 0.030048076923076924
0 0.7415865384615384 0.8329326923076923 0.026442307692307692 0.06370192307692307
0 0.6682692307692307 0.8365384615384616 0.03365384615384615 0.07692307692307693
0 0.47596153846153844 0.8557692307692307 0.030048076923076924 0.08052884615384616
0 0.44350961538461536 0.8617788461538461 0.027644230769230768 0.06610576923076923
0 0.41586538461538464 0.8509615384615384 0.02403846153846154 0.0733173076923077
0 0.3894230769230769 0.859375 0.02403846153846154 0.07451923076923077
0 0.35096153846153844 0.8569711538461539 0.02403846153846154 0.07572115384615384
0 0.32211538461538464 0.8581730769230769 0.03245192307692308 0.07451923076923077
0 0.2776442307692308 0.8569711538461539 0.038461538461538464 0.07692307692307693
0 0.24519230769230768 0.8305288461538461 0.021634615384615384 0.07692307692307693
0 0.2127403846153846 0.8449519230769231 0.039663461538461536 0.06850961538461539
0 0.15384615384615385 0.8389423076923077 0.03365384615384615 0.0625
0 0.11778846153846154 0.8449519230769231 0.039663461538461536 0.055288461538461536
0 0.08533653846153846 0.8605769230769231 0.02403846153846154 0.046875
0 0.054086538461538464 0.8425480769230769 0.03485576923076923 0.07692307692307693
0 0.019230769230769232 0.8497596153846154 0.038461538461538464 0.07451923076923077
0 0.5925480769230769 0.8233173076923077 0.03125 0.07572115384615384
0 0.6322115384615384 0.8137019230769231 0.03485576923076923 0.057692307692307696
0 0.6310096153846154 0.8677884615384616 0.038461538461538464 0.05048076923076923
0 0.7055288461538461 0.8317307692307693 0.038461538461538464 0.0733173076923077
0 0.40625 0.7307692307692307 0.056490384615384616 0.06370192307692307
0 0.11538461538461539 0.7572115384615384 0.03485576923076923 0.03245192307692308
0 0.4963942307692308 0.7319711538461539 0.030048076923076924 0.056490384615384616
0 0.9447115384615384 0.7283653846153846 0.042067307692307696 0.04927884615384615
0 0.9831730769230769 0.7259615384615384 0.03245192307692308 0.051682692307692304
0 0.018028846153846152 0.6490384615384616 0.03125 0.054086538461538464
0 0.052884615384615384 0.6490384615384616 0.027644230769230768 0.052884615384615384
0 0.0829326923076923 0.6478365384615384 0.028846153846153848 0.054086538461538464
0 0.11298076923076923 0.6466346153846154 0.027644230769230768 0.054086538461538464
0 0.14543269230769232 0.6466346153846154 0.037259615384615384 0.055288461538461536
0 0.18509615384615385 0.6310096153846154 0.03365384615384615 0.0625
0 0.22716346153846154 0.6322115384615384 0.042067307692307696 0.057692307692307696
0 0.8858173076923077 0.7211538461538461 0.04927884615384615 0.06129807692307692
0 0.26802884615384615 0.6262019230769231 0.03245192307692308 0.06009615384615385
0 0.32211538461538464 0.6298076923076923 0.03125 0.056490384615384616
0 0.359375 0.6490384615384616 0.021634615384615384 0.019230769230769232
0 0.3894230769230769 0.6274038461538461 0.028846153846153848 0.06370192307692307
0 0.4182692307692308 0.6310096153846154 0.026442307692307692 0.057692307692307696
0 0.4483173076923077 0.6298076923076923 0.030048076923076924 0.057692307692307696
0 0.47716346153846156 0.6201923076923077 0.02403846153846154 0.0625
0 0.5048076923076923 0.6298076923076923 0.026442307692307692 0.055288461538461536
0 0.5336538461538461 0.6225961538461539 0.027644230769230768 0.06610576923076923
0 0.5673076923076923 0.6237980769230769 0.026442307692307692 0.06610576923076923
0 0.29447115384615385 0.6310096153846154 0.021634615384615384 0.056490384615384616
0 0.45552884615384615 0.7283653846153846 0.036057692307692304 0.06490384615384616
0 0.33413461538461536 0.5264423076923077 0.026442307692307692 0.04567307692307692
0 0.8365384615384616 0.7199519230769231 0.04567307692307692 0.054086538461538464
0 0.6971153846153846 0.7211538461538461 0.027644230769230768 0.07932692307692307
0 0.6658653846153846 0.7163461538461539 0.026442307692307692 0.07091346153846154
0 0.6225961538461539 0.7067307692307693 0.046875 0.03125
0 0.625 0.7427884615384616 0.051682692307692304 0.03485576923076923
0 0.7355769230769231 0.7271634615384616 0.046875 0.06009615384615385
0 0.7872596153846154 0.7235576923076923 0.04927884615384615 0.06490384615384616
0 0.5829326923076923 0.7295673076923077 0.028846153846153848 0.05889423076923077
0 0.5552884615384616 0.7331730769230769 0.025240384615384616 0.055288461538461536
0 0.5276442307692307 0.7307692307692307 0.027644230769230768 0.06009615384615385