0 0.6225961538461539 0.10817307692307693 0.10576923076923077 0.052884615384615384
0 0.5108173076923077 0.10576923076923077 0.109375 0.055288461538461536
0 0.6225961538461539 0.1622596153846154 0.10576923076923077 0.051682692307692304
0 0.7331730769230769 0.16346153846153846 0.109375 0.052884615384615384
0 0.9471153846153846 0.1622596153846154 0.1045673076923077 0.04807692307692308
0 0.8425480769230769 0.16346153846153846 0.0985576923076923 0.05048076923076923
0 0.9459134615384616 0.10817307692307693 0.10697115384615384 0.051682692307692304
0 0.5108173076923077 0.16105769230769232 0.11057692307692307 0.051682692307692304
0 0.8389423076923077 0.109375 0.09975961538461539 0.051682692307692304
0 0.7319711538461539 0.109375 0.1045673076923077 0.055288461538461536
0 0.39663461538461536 0.14783653846153846 0.09014423076923077 0.07932692307692307
0 0.6033653846153846 0.46875 0.10576923076923077 0.04927884615384615
0 0.31850961538461536 0.16826923076923078 0.046875 0.039663461538461536
0 0.26802884615384615 0.15625 0.04326923076923077 0.06490384615384616
0 0.20432692307692307 0.0985576923076923 0.056490384615384616 0.056490384615384616
0 0.21153846153846154 0.15865384615384615 0.057692307692307696 0.056490384615384616
0 0.1201923076923077 0.10216346153846154 0.1045673076923077 0.057692307692307696
0 0.12379807692307693 0.16105769230769232 0.10336538461538461 0.04927884615384615
0 0.03365384615384615 0.10336538461538461 0.06610576923076923 0.055288461538461536
0 0.03125 0.16105769230769232 0.0625 0.051682692307692304
0 0.054086538461538464 0.32091346153846156 0.10697115384615384 0.054086538461538464
0 0.6911057692307693 0.9483173076923077 0.09495192307692307 0.046875
0 0.7896634615384616 0.9519230769230769 0.09495192307692307 0.046875
0 0.31971153846153844 0.12620192307692307 0.05048076923076923 0.042067307692307696
0 0.030048076923076924 0.9591346153846154 0.06009615384615385 0.052884615384615384
0 0.3918269230769231 0.8617788461538461 0.09254807692307693 0.042067307692307696
0 0.9627403846153846 0.8088942307692307 0.07211538461538461 0.042067307692307696
0 0.38100961538461536 0.6153846153846154 0.10336538461538461 0.04807692307692308
0 0.4879807692307692 0.6117788461538461 0.10336538461538461 0.04807692307692308
0 0.5901442307692307 0.6105769230769231 0.10096153846153846 0.04807692307692308
0 0.06971153846153846 0.5697115384615384 0.10096153846153846 0.04807692307692308
0 0.5949519230769231 0.9519230769230769 0.09254807692307693 0.04927884615384615
0 0.3894230769230769 0.9579326923076923 0.09735576923076923 0.04326923076923077
0 0.8365384615384616 0.31850961538461536 0.10216346153846154 0.046875
0 0.7319711538461539 0.3173076923076923 0.10216346153846154 0.046875
0 0.6225961538461539 0.265625 0.10697115384615384 0.051682692307692304
0 0.6225961538461539 0.31971153846153844 0.10817307692307693 0.052884615384615384
0 0.5108173076923077 0.31971153846153844 0.10576923076923077 0.04927884615384615
0 0.5048076923076923 0.26802884615384615 0.10697115384615384 0.052884615384615384
0 0.3858173076923077 0.2668269230769231 0.10576923076923077 0.05048076923076923
0 0.38221153846153844 0.32091346153846156 0.10576923076923077 0.054086538461538464
0 0.17427884615384615 0.5697115384615384 0.10096153846153846 0.04807692307692308
0 0.27884615384615385 0.5685096153846154 0.10096153846153846 0.04807692307692308
0 0.38341346153846156 0.5649038461538461 0.10096153846153846 0.04807692307692308
0 0.49158653846153844 0.5612980769230769 0.10096153846153846 0.04807692307692308
0 0.59375 0.5612980769230769 0.09975961538461539 0.04807692307692308
0 0.6935096153846154 0.609375 0.09975961538461539 0.04567307692307692
0 0.27283653846153844 0.265625 0.10576923076923077 0.054086538461538464
0 0.2800480769230769 0.6177884615384616 0.09495192307692307 0.04807692307692308
0 0.1778846153846154 0.6201923076923077 0.1045673076923077 0.04807692307692308
0 0.07091346153846154 0.6201923076923077 0.10336538461538461 0.04807692307692308
0 0.9855769230769231 0.41466346153846156 0.02403846153846154 0.05048076923076923
0 0.49399038461538464 0.4699519230769231 0.10697115384615384 0.04927884615384615
0 0.3894230769230769 0.47115384615384615 0.09735576923076923 0.04807692307692308
0 0.28365384615384615 0.4723557692307692 0.10576923076923077 0.04927884615384615
0 0.17307692307692307 0.47475961538461536 0.10697115384615384 0.04927884615384615
0 0.057692307692307696 0.4723557692307692 0.10697115384615384 0.04927884615384615
0 0.9435096153846154 0.2644230769230769 0.10216346153846154 0.051682692307692304
0 0.9723557692307693 0.9483173076923077 0.05048076923076923 0.04567307692307692
0 0.8389423076923077 0.265625 0.10216346153846154 0.051682692307692304
0 0.7295673076923077 0.265625 0.10216346153846154 0.051682692307692304
0 0.9423076923076923 0.3173076923076923 0.10216346153846154 0.046875
0 0.7944711538461539 0.6081730769230769 0.0985576923076923 0.04567307692307692
0 0.054086538461538464 0.4206730769230769 0.10817307692307693 0.054086538461538464
0 0.2776442307692308 0.4206730769230769 0.1045673076923077 0.052884615384615384
0 0.38461538461538464 0.4170673076923077 0.1045673076923077 0.052884615384615384
0 0.49399038461538464 0.4170673076923077 0.1045673076923077 0.04927884615384615
0 0.6009615384615384 0.41586538461538464 0.1045673076923077 0.04927884615384615
0 0.7091346153846154 0.41586538461538464 0.1045673076923077 0.04927884615384615
0 0.8125 0.46634615384615385 0.09975961538461539 0.04447115384615385
0 0.8125 0.4182692307692308 0.09975961538461539 0.04447115384615385
0 0.9170673076923077 0.46274038461538464 0.09975961538461539 0.04447115384615385
0 0.921875 0.41466346153846156 0.09975961538461539 0.04447115384615385
0 0.984375 0.46274038461538464 0.026442307692307692 0.04567307692307692
0 0.16706730769230768 0.4230769230769231 0.10817307692307693 0.052884615384615384
0 0.875 0.8100961538461539 0.08774038461538461 0.042067307692307696
0 0.6959134615384616 0.5600961538461539 0.0985576923076923 0.04567307692307692
0 0.9086538461538461 0.6081730769230769 0.0985576923076923 0.04567307692307692
0 0.96875 0.6923076923076923 0.06009615384615385 0.039663461538461536
0 0.9711538461538461 0.7355769230769231 0.056490384615384616 0.04567307692307692
0 0.021634615384615384 0.8737980769230769 0.04326923076923077 0.05048076923076923
0 0.019230769230769232 0.8257211538461539 0.038461538461538464 0.04567307692307692
0 0.09495192307692307 0.8701923076923077 0.09254807692307693 0.04807692307692308
0 0.0889423076923077 0.8209134615384616 0.09014423076923077 0.04326923076923077
0 0.1935096153846154 0.8677884615384616 0.09134615384615384 0.04326923076923077
0 0.2932692307692308 0.8617788461538461 0.09615384615384616 0.046875
0 0.2920673076923077 0.8185096153846154 0.09375 0.03485576923076923
0 0.7115384615384616 0.4675480769230769 0.10096153846153846 0.046875
0 0.4891826923076923 0.859375 0.09254807692307693 0.042067307692307696
0 0.5877403846153846 0.8605769230769231 0.09254807692307693 0.042067307692307696
0 0.6826923076923077 0.8581730769230769 0.09254807692307693 0.042067307692307696
0 0.7824519230769231 0.8557692307692307 0.09254807692307693 0.042067307692307696
0 0.3942307692307692 0.8173076923076923 0.09375 0.04567307692307692
0 0.49158653846153844 0.8137019230769231 0.09014423076923077 0.04326923076923077
0 0.5901442307692307 0.8149038461538461 0.09014423076923077 0.04326923076923077
0 0.6875 0.8112980769230769 0.09014423076923077 0.04326923076923077
0 0.7836538461538461 0.8100961538461539 0.09014423076923077 0.04326923076923077
0 0.875 0.8545673076923077 0.08774038461538461 0.038461538461538464
0 0.9627403846153846 0.8521634615384616 0.07211538461538461 0.042067307692307696
0 0.8882211538461539 0.6911057692307693 0.09375 0.04447115384615385
0 0.8858173076923077 0.7403846153846154 0.09254807692307693 0.04567307692307692
0 0.7932692307692307 0.6935096153846154 0.09495192307692307 0.04567307692307692
0 0.7884615384615384 0.7415865384615384 0.09495192307692307 0.04567307692307692
0 0.9158653846153846 0.5576923076923077 0.09975961538461539 0.04567307692307692
0 0.9807692307692307 0.609375 0.037259615384615384 0.04807692307692308
0 0.9831730769230769 0.5564903846153846 0.03245192307692308 0.04447115384615385
0 0.0829326923076923 0.7512019230769231 0.09735576923076923 0.04567307692307692
0 0.18389423076923078 0.7487980769230769 0.09735576923076923 0.04567307692307692
0 0.28365384615384615 0.7475961538461539 0.09735576923076923 0.04567307692307692
0 0.07932692307692307 0.7043269230769231 0.09735576923076923 0.04567307692307692
0 0.18389423076923078 0.7019230769230769 0.09735576923076923 0.04567307692307692
0 0.18509615384615385 0.9651442307692307 0.09975961538461539 0.04927884615384615
0 0.27283653846153844 0.32091346153846156 0.1045673076923077 0.051682692307692304
0 0.7992788461538461 0.5612980769230769 0.0985576923076923 0.04567307692307692
0 0.15985576923076922 0.2644230769230769 0.11177884615384616 0.052884615384615384
0 0.05048076923076923 0.2644230769230769 0.10096153846153846 0.057692307692307696
0 0.2848557692307692 0.7007211538461539 0.09735576923076923 0.04567307692307692
0 0.38461538461538464 0.7463942307692307 0.09735576923076923 0.04567307692307692
0 0.4855769230769231 0.7451923076923077 0.09735576923076923 0.04567307692307692
0 0.5853365384615384 0.7415865384615384 0.09495192307692307 0.04567307692307692
0 0.38461538461538464 0.6983173076923077 0.09495192307692307 0.04567307692307692
0 0.4879807692307692 0.6971153846153846 0.09495192307692307 0.04567307692307692
0 0.5865384615384616 0.6935096153846154 0.09495192307692307 0.04567307692307692
0 0.6850961538461539 0.7415865384615384 0.09495192307692307 0.04567307692307692
0 0.6875 0.6935096153846154 0.09495192307692307 0.04567307692307692
0 0.16466346153846154 0.32211538461538464 0.10336538461538461 0.051682692307692304
0 0.8930288461538461 0.9483173076923077 0.09495192307692307 0.046875
0 0.2860576923076923 0.9615384615384616 0.09735576923076923 0.04326923076923077