0 0.24759615384615385 0.46153846153846156 0.08774038461538461 0.08533653846153846
0 0.11538461538461539 0.4206730769230769 0.1045673076923077 0.02403846153846154
0 0.15384615384615385 0.47836538461538464 0.09375 0.07451923076923077
0 0.7295673076923077 0.3449519230769231 0.05048076923076923 0.08653846153846154
0 0.2776442307692308 0.6574519230769231 0.030048076923076924 0.052884615384615384
0 0.24759615384615385 0.6550480769230769 0.030048076923076924 0.04927884615384615
0 0.21875 0.65625 0.030048076923076924 0.04447115384615385
0 0.9783653846153846 0.7271634615384616 0.038461538461538464 0.08413461538461539
0 0.8713942307692307 0.7235576923076923 0.052884615384615384 0.08413461538461539
0 0.056490384615384616 0.47596153846153844 0.10096153846153846 0.07932692307692307
0 0.8209134615384616 0.7319711538461539 0.03245192307692308 0.051682692307692304
0 0.7860576923076923 0.7367788461538461 0.036057692307692304 0.06129807692307692
0 0.13701923076923078 0.71875 0.08052884615384616 0.09615384615384616
0 0.9254807692307693 0.7283653846153846 0.057692307692307696 0.078125
0 0.31850961538461536 0.46033653846153844 0.055288461538461536 0.08653846153846154
0 0.7728365384615384 0.34615384615384615 0.036057692307692304 0.09014423076923077
0 0.4387019230769231 0.46634615384615385 0.06009615384615385 0.09014423076923077
0 0.9759615384615384 0.5793269230769231 0.04326923076923077 0.1201923076923077
0 0.49759615384615385 0.46634615384615385 0.056490384615384616 0.09014423076923077
0 0.5456730769230769 0.45913461538461536 0.038461538461538464 0.1045673076923077
0 0.5877403846153846 0.4567307692307692 0.04326923076923077 0.10216346153846154
0 0.6394230769230769 0.46274038461538464 0.06009615384615385 0.0889423076923077
0 0.6947115384615384 0.46274038461538464 0.052884615384615384 0.08774038461538461
0 0.3786057692307692 0.4639423076923077 0.06009615384615385 0.09254807692307693
0 0.7536057692307693 0.4651442307692308 0.05048076923076923 0.08533653846153846
0 0.8641826923076923 0.4170673076923077 0.056490384615384616 0.10576923076923077
0 0.9254807692307693 0.4206730769230769 0.06610576923076923 0.0985576923076923
0 0.9759615384615384 0.41947115384615385 0.04326923076923077 0.10336538461538461
0 0.9831730769230769 0.296875 0.03245192307692308 0.0829326923076923
0 0.9471153846153846 0.29927884615384615 0.04567307692307692 0.08653846153846154
0 0.9002403846153846 0.3016826923076923 0.04807692307692308 0.0829326923076923
0 0.8221153846153846 0.34375 0.05048076923076923 0.09495192307692307
0 0.8052884615384616 0.47115384615384615 0.05048076923076923 0.09735576923076923
0 0.8665865384615384 0.5637019230769231 0.06009615384615385 0.1502403846153846
0 0.3870192307692308 0.6574519230769231 0.030048076923076924 0.054086538461538464
0 0.7415865384615384 0.5757211538461539 0.052884615384615384 0.057692307692307696
0 0.9771634615384616 0.8870192307692307 0.03485576923076923 0.054086538461538464
0 0.9795673076923077 0.8173076923076923 0.036057692307692304 0.08173076923076923
0 0.9399038461538461 0.8641826923076923 0.028846153846153848 0.06610576923076923
0 0.9014423076923077 0.859375 0.046875 0.0733173076923077
0 0.7992788461538461 0.6610576923076923 0.027644230769230768 0.042067307692307696
0 0.7716346153846154 0.6586538461538461 0.026442307692307692 0.04567307692307692
0 0.038461538461538464 0.8497596153846154 0.07692307692307693 0.06009615384615385
0 0.7451923076923077 0.6586538461538461 0.026442307692307692 0.04447115384615385
0 0.6862980769230769 0.6538461538461539 0.028846153846153848 0.054086538461538464
0 0.6586538461538461 0.6586538461538461 0.025240384615384616 0.04326923076923077
0 0.6358173076923077 0.6586538461538461 0.02283653846153846 0.042067307692307696
0 0.609375 0.6586538461538461 0.030048076923076924 0.04447115384615385
0 0.5829326923076923 0.6586538461538461 0.02403846153846154 0.04567307692307692
0 0.5564903846153846 0.6598557692307693 0.027644230769230768 0.04447115384615385
0 0.71875 0.6538461538461539 0.027644230769230768 0.054086538461538464
0 0.04447115384615385 0.7295673076923077 0.08774038461538461 0.11057692307692307
0 0.038461538461538464 0.5793269230769231 0.07572115384615384 0.10697115384615384
0 0.109375 0.5757211538461539 0.07692307692307693 0.09254807692307693
0 0.7007211538461539 0.578125 0.030048076923076924 0.06129807692307692
0 0.6550480769230769 0.5733173076923077 0.06129807692307692 0.07211538461538461
0 0.30649038461538464 0.65625 0.027644230769230768 0.054086538461538464
0 0.33413461538461536 0.65625 0.025240384615384616 0.055288461538461536
0 0.359375 0.6550480769230769 0.026442307692307692 0.057692307692307696
0 0.41947115384615385 0.6502403846153846 0.025240384615384616 0.046875
0 0.44471153846153844 0.6538461538461539 0.026442307692307692 0.054086538461538464
0 0.7512019230769231 0.7367788461538461 0.03365384615384615 0.06129807692307692
0 0.5925480769230769 0.5721153846153846 0.06370192307692307 0.078125
0 0.5204326923076923 0.5709134615384616 0.07932692307692307 0.08052884615384616
0 0.4423076923076923 0.5673076923076923 0.078125 0.0733173076923077
0 0.3713942307692308 0.5673076923076923 0.06370192307692307 0.0733173076923077
0 0.30288461538461536 0.5661057692307693 0.0733173076923077 0.06971153846153846
0 0.23076923076923078 0.5649038461538461 0.06971153846153846 0.07091346153846154
0 0.171875 0.5853365384615384 0.04807692307692308 0.07451923076923077
0 0.7896634615384616 0.5817307692307693 0.04447115384615385 0.046875
0 0.7175480769230769 0.7367788461538461 0.03245192307692308 0.0625
0 0.5540865384615384 0.17548076923076922 0.056490384615384616 0.10697115384615384
0 0.6478365384615384 0.7379807692307693 0.03365384615384615 0.054086538461538464
0 0.34975961538461536 0.14903846153846154 0.04807692307692308 0.15985576923076922
0 0.39783653846153844 0.15745192307692307 0.04807692307692308 0.14302884615384615
0 0.44350961538461536 0.17548076923076922 0.054086538461538464 0.11538461538461539
0 0.49759615384615385 0.1778846153846154 0.055288461538461536 0.11057692307692307
0 0.6057692307692307 0.1658653846153846 0.04807692307692308 0.12620192307692307
0 0.6670673076923077 0.1658653846153846 0.07451923076923077 0.12620192307692307
0 0.7439903846153846 0.13942307692307693 0.078125 0.1778846153846154
0 0.6826923076923077 0.7391826923076923 0.037259615384615384 0.057692307692307696
0 0.875 0.1814903846153846 0.054086538461538464 0.1045673076923077
0 0.9206730769230769 0.20552884615384615 0.04447115384615385 0.06850961538461539
0 0.9723557692307693 0.18269230769230768 0.05048076923076923 0.11538461538461539
0 0.21634615384615385 0.7307692307692307 0.06610576923076923 0.07932692307692307
0 0.8557692307692307 0.8545673076923077 0.04447115384615385 0.09254807692307693
0 0.8076923076923077 0.8533653846153846 0.05048076923076923 0.09254807692307693
0 0.7463942307692307 0.8317307692307693 0.06129807692307692 0.0985576923076923
0 0.6875 0.8413461538461539 0.055288461538461536 0.10697115384615384
0 0.6009615384615384 0.8569711538461539 0.11177884615384616 0.0889423076923077
0 0.49759615384615385 0.8569711538461539 0.09495192307692307 0.09014423076923077
0 0.42427884615384615 0.84375 0.04567307692307692 0.11778846153846154
0 0.3762019230769231 0.8413461538461539 0.052884615384615384 0.11298076923076923
0 0.32091346153846156 0.8413461538461539 0.056490384615384616 0.11298076923076923
0 0.2439903846153846 0.8449519230769231 0.10096153846153846 0.06370192307692307
0 0.13822115384615385 0.8473557692307693 0.1141826923076923 0.06009615384615385
0 0.3004807692307692 0.15865384615384615 0.05048076923076923 0.13942307692307693
0 0.25961538461538464 0.15985576923076922 0.036057692307692304 0.13822115384615385
0 0.8149038461538461 0.1875 0.06610576923076923 0.09375
0 0.17427884615384615 0.15264423076923078 0.04447115384615385 0.16105769230769232
0 0.609375 0.7355769230769231 0.042067307692307696 0.057692307692307696
0 0.5564903846153846 0.7355769230769231 0.06129807692307692 0.07211538461538461
0 0.21995192307692307 0.1502403846153846 0.04447115384615385 0.15745192307692307
0 0.43509615384615385 0.7319711538461539 0.057692307692307696 0.06971153846153846
0 0.3786057692307692 0.734375 0.057692307692307696 0.0733173076923077
0 0.3269230769230769 0.7355769230769231 0.046875 0.07211538461538461
0 0.2764423076923077 0.7439903846153846 0.054086538461538464 0.052884615384615384
0 0.6814903846153846 0.3473557692307692 0.04326923076923077 0.08052884615384616
0 0.6298076923076923 0.34615384615384615 0.054086538461538464 0.08052884615384616
0 0.5817307692307693 0.34134615384615385 0.042067307692307696 0.0889423076923077
0 0.5372596153846154 0.34375 0.04807692307692308 0.09254807692307693
0 0.49399038461538464 0.734375 0.06009615384615385 0.06850961538461539
0 0.052884615384615384 0.15865384615384615 0.05889423076923077 0.15384615384615385
0 0.4387019230769231 0.33413461538461536 0.06009615384615385 0.11177884615384616
0 0.375 0.33653846153846156 0.06850961538461539 0.10576923076923077
0 0.2920673076923077 0.3473557692307692 0.09495192307692307 0.08413461538461539
0 0.20552884615384615 0.34975961538461536 0.07932692307692307 0.07932692307692307
0 0.12379807692307693 0.35096153846153844 0.08413461538461539 0.08052884615384616
0 0.04807692307692308 0.3485576923076923 0.0673076923076923 0.08533653846153846
0 0.013221153846153846 0.15504807692307693 0.026442307692307692 0.1466346153846154
0 0.09975961538461539 0.16466346153846154 0.03245192307692308 0.14543269230769232
0 0.1346153846153846 0.15264423076923078 0.03485576923076923 0.15985576923076922
0 0.4891826923076923 0.34975961538461536 0.04807692307692308 0.08052884615384616