0 0.9447115384615384 0.8076923076923077 0.04927884615384615 0.10576923076923077
0 0.9855769230769231 0.8040865384615384 0.02403846153846154 0.10336538461538461
0 0.10336538461538461 0.7355769230769231 0.036057692307692304 0.04807692307692308
0 0.13942307692307693 0.7307692307692307 0.03245192307692308 0.057692307692307696
0 0.16826923076923078 0.7439903846153846 0.021634615384615384 0.028846153846153848
0 0.43990384615384615 0.6875 0.05048076923076923 0.06490384615384616
0 0.8918269230769231 0.8064903846153846 0.04927884615384615 0.10096153846153846
0 0.2668269230769231 0.7019230769230769 0.055288461538461536 0.09615384615384616
0 0.5552884615384616 0.43149038461538464 0.04927884615384615 0.013221153846153846
0 0.5012019230769231 0.43028846153846156 0.055288461538461536 0.013221153846153846
0 0.1045673076923077 0.8413461538461539 0.037259615384615384 0.018028846153846152
0 0.21033653846153846 0.7019230769230769 0.055288461538461536 0.09495192307692307
0 0.8377403846153846 0.8076923076923077 0.056490384615384616 0.10096153846153846
0 0.47596153846153844 0.8209134615384616 0.08173076923076923 0.10336538461538461
0 0.734375 0.8125 0.04326923076923077 0.109375
0 0.6850961538461539 0.8149038461538461 0.05048076923076923 0.10336538461538461
0 0.5973557692307693 0.8161057692307693 0.1201923076923077 0.09495192307692307
0 0.10336538461538461 0.8245192307692307 0.042067307692307696 0.013221153846153846
0 0.39302884615384615 0.8197115384615384 0.07572115384615384 0.1045673076923077
0 0.06490384615384616 0.6935096153846154 0.04807692307692308 0.036057692307692304
0 0.054086538461538464 0.7427884615384616 0.036057692307692304 0.039663461538461536
0 0.9038461538461539 0.49759615384615385 0.04567307692307692 0.027644230769230768
0 0.2860576923076923 0.8221153846153846 0.03365384615384615 0.10576923076923077
0 0.9014423076923077 0.4675480769230769 0.036057692307692304 0.027644230769230768
0 0.9038461538461539 0.43990384615384615 0.038461538461538464 0.026442307692307692
0 0.7848557692307693 0.8125 0.04567307692307692 0.09975961538461539
0 0.15144230769230768 0.8461538461538461 0.04326923076923077 0.014423076923076924
0 0.15384615384615385 0.8257211538461539 0.04447115384615385 0.016826923076923076
0 0.028846153846153848 0.8701923076923077 0.05048076923076923 0.036057692307692304
0 0.8209134615384616 0.5829326923076923 0.055288461538461536 0.0985576923076923
0 0.7524038461538461 0.5817307692307693 0.056490384615384616 0.09495192307692307
0 0.6947115384615384 0.5805288461538461 0.05048076923076923 0.0889423076923077
0 0.640625 0.5841346153846154 0.04927884615384615 0.09134615384615384
0 0.5865384615384616 0.5853365384615384 0.054086538461538464 0.09014423076923077
0 0.5192307692307693 0.5865384615384616 0.057692307692307696 0.09014423076923077
0 0.8774038461538461 0.5829326923076923 0.054086538461538464 0.09495192307692307
0 0.45552884615384615 0.5865384615384616 0.06610576923076923 0.08653846153846154
0 0.3317307692307692 0.5901442307692307 0.05889423076923077 0.08653846153846154
0 0.27163461538461536 0.5913461538461539 0.06009615384615385 0.08173076923076923
0 0.2127403846153846 0.5853365384615384 0.04567307692307692 0.057692307692307696
0 0.14543269230769232 0.6069711538461539 0.057692307692307696 0.06009615384615385
0 0.07932692307692307 0.6129807692307693 0.0673076923076923 0.056490384615384616
0 0.4951923076923077 0.6935096153846154 0.056490384615384616 0.07932692307692307
0 0.3942307692307692 0.5877403846153846 0.05889423076923077 0.08413461538461539
0 0.3858173076923077 0.6838942307692307 0.046875 0.056490384615384616
0 0.5516826923076923 0.6935096153846154 0.052884615384615384 0.08052884615384616
0 0.6682692307692307 0.6959134615384616 0.056490384615384616 0.09134615384615384
0 0.33413461538461536 0.6838942307692307 0.052884615384615384 0.06009615384615385
0 0.14903846153846154 0.8737980769230769 0.05889423076923077 0.026442307692307692
0 0.015625 0.7067307692307693 0.027644230769230768 0.052884615384615384
0 0.9302884615384616 0.5793269230769231 0.05048076923076923 0.09014423076923077
0 0.15264423076923078 0.8028846153846154 0.04326923076923077 0.015625
0 0.10096153846153846 0.8028846153846154 0.038461538461538464 0.020432692307692308
0 0.609375 0.6983173076923077 0.057692307692307696 0.09014423076923077
0 0.04807692307692308 0.84375 0.037259615384615384 0.015625
0 0.046875 0.8016826923076923 0.03365384615384615 0.02283653846153846
0 0.9747596153846154 0.6754807692307693 0.03485576923076923 0.06009615384615385
0 0.9158653846153846 0.6706730769230769 0.036057692307692304 0.046875
0 0.8737980769230769 0.671875 0.040865384615384616 0.04927884615384615
0 0.7800480769230769 0.6947115384615384 0.0673076923076923 0.09014423076923077
0 0.7211538461538461 0.6923076923076923 0.04326923076923077 0.0829326923076923
0 0.046875 0.8257211538461539 0.037259615384615384 0.018028846153846152
0 0.3269230769230769 0.8209134615384616 0.04807692307692308 0.0985576923076923
0 0.25600961538461536 0.8221153846153846 0.02403846153846154 0.10817307692307693
0 0.7524038461538461 0.46875 0.04567307692307692 0.026442307692307692
0 0.5300480769230769 0.49158653846153844 0.056490384615384616 0.01201923076923077
0 0.5252403846153846 0.46875 0.046875 0.015625
0 0.5180288461538461 0.4483173076923077 0.040865384615384616 0.019230769230769232
0 0.4026442307692308 0.49158653846153844 0.06129807692307692 0.037259615384615384
0 0.3401442307692308 0.49038461538461536 0.06009615384615385 0.03485576923076923
0 0.27283653846153844 0.4987980769230769 0.06129807692307692 0.030048076923076924
0 0.19831730769230768 0.4987980769230769 0.06610576923076923 0.030048076923076924
0 0.5264423076923077 0.5072115384615384 0.055288461538461536 0.015625
0 0.27403846153846156 0.4651442307692308 0.0625 0.03485576923076923
0 0.11057692307692307 0.4963942307692308 0.09975961538461539 0.038461538461538464
0 0.9603365384615384 0.3557692307692308 0.04447115384615385 0.08413461538461539
0 0.9098557692307693 0.3545673076923077 0.055288461538461536 0.08052884615384616
0 0.8629807692307693 0.35336538461538464 0.036057692307692304 0.08173076923076923
0 0.7776442307692307 0.3545673076923077 0.02283653846153846 0.08052884615384616
0 0.8004807692307693 0.3581730769230769 0.019230769230769232 0.07211538461538461
0 0.828125 0.3557692307692308 0.03485576923076923 0.07692307692307693
0 0.19831730769230768 0.46274038461538464 0.06490384615384616 0.03485576923076923
0 0.7355769230769231 0.35096153846153844 0.05889423076923077 0.08653846153846154
0 0.5865384615384616 0.4987980769230769 0.056490384615384616 0.030048076923076924
0 0.5829326923076923 0.47596153846153844 0.04807692307692308 0.016826923076923076
0 0.8557692307692307 0.4987980769230769 0.038461538461538464 0.027644230769230768
0 0.8557692307692307 0.4699519230769231 0.04326923076923077 0.025240384615384616
0 0.8581730769230769 0.43990384615384615 0.046875 0.027644230769230768
0 0.8016826923076923 0.43990384615384615 0.04447115384615385 0.027644230769230768
0 0.8016826923076923 0.46875 0.04567307692307692 0.027644230769230768
0 0.8088942307692307 0.5 0.04807692307692308 0.026442307692307692
0 0.7584134615384616 0.4987980769230769 0.04326923076923077 0.028846153846153848
0 0.578125 0.4519230769230769 0.046875 0.02403846153846154
0 0.7524038461538461 0.4411057692307692 0.046875 0.026442307692307692
0 0.6947115384615384 0.45552884615384615 0.04807692307692308 0.021634615384615384
0 0.7007211538461539 0.48197115384615385 0.04807692307692308 0.027644230769230768
0 0.7043269230769231 0.5072115384615384 0.055288461538461536 0.018028846153846152
0 0.6454326923076923 0.5036057692307693 0.052884615384615384 0.020432692307692308
0 0.6418269230769231 0.4639423076923077 0.056490384615384616 0.021634615384615384
0 0.6310096153846154 0.43990384615384615 0.04326923076923077 0.02403846153846154
0 0.6490384615384616 0.484375 0.055288461538461536 0.018028846153846152
0 0.6838942307692307 0.4326923076923077 0.042067307692307696 0.014423076923076924
0 0.6814903846153846 0.35216346153846156 0.03365384615384615 0.08173076923076923
0 0.4651442307692308 0.49278846153846156 0.06009615384615385 0.03245192307692308
0 0.5961538461538461 0.37740384615384615 0.056490384615384616 0.03245192307692308
0 0.7980769230769231 0.22355769230769232 0.04567307692307692 0.0889423076923077
0 0.7331730769230769 0.21514423076923078 0.055288461538461536 0.09975961538461539
0 0.6706730769230769 0.21634615384615385 0.040865384615384616 0.09495192307692307
0 0.6225961538461539 0.21634615384615385 0.055288461538461536 0.09615384615384616
0 0.5564903846153846 0.22235576923076922 0.04326923076923077 0.08173076923076923
0 0.5120192307692307 0.22716346153846154 0.03245192307692308 0.06370192307692307
0 0.44591346153846156 0.1778846153846154 0.08052884615384616 0.026442307692307692
0 0.3629807692307692 0.17668269230769232 0.08173076923076923 0.021634615384615384
0 0.4675480769230769 0.2247596153846154 0.04567307692307692 0.06370192307692307
0 0.41586538461538464 0.22355769230769232 0.056490384615384616 0.06490384615384616
0 0.36778846153846156 0.22235576923076922 0.040865384615384616 0.057692307692307696
0 0.3173076923076923 0.22115384615384615 0.055288461538461536 0.06490384615384616
0 0.6442307692307693 0.35336538461538464 0.037259615384615384 0.08052884615384616
0 0.1310096153846154 0.21634615384615385 0.051682692307692304 0.06610576923076923
0 0.08413461538461539 0.21754807692307693 0.038461538461538464 0.06490384615384616
0 0.03245192307692308 0.21754807692307693 0.057692307692307696 0.06490384615384616
0 0.03365384615384615 0.15384615384615385 0.042067307692307696 0.057692307692307696
0 0.8389423076923077 0.2283653846153846 0.03485576923076923 0.08173076923076923
0 0.8689903846153846 0.23798076923076922 0.021634615384615384 0.06850961538461539
0 0.22596153846153846 0.20432692307692307 0.1141826923076923 0.09975961538461539
0 0.9038461538461539 0.23557692307692307 0.03485576923076923 0.07451923076923077
0 0.21514423076923078 0.8293269230769231 0.056490384615384616 0.10336538461538461
0 0.5913461538461539 0.3425480769230769 0.05048076923076923 0.030048076923076924
0 0.5336538461538461 0.375 0.057692307692307696 0.03125
0 0.47115384615384615 0.37259615384615385 0.05889423076923077 0.037259615384615384
0 0.4074519230769231 0.3713942307692308 0.06129807692307692 0.038461538461538464
0 0.46875 0.33533653846153844 0.056490384615384616 0.03365384615384615
0 0.4074519230769231 0.33413461538461536 0.056490384615384616 0.03485576923076923
0 0.34615384615384615 0.3713942307692308 0.06009615384615385 0.037259615384615384
0 0.53125 0.3401442307692308 0.05889423076923077 0.03485576923076923
0 0.27884615384615385 0.3701923076923077 0.0625 0.036057692307692304
0 0.21394230769230768 0.36899038461538464 0.0625 0.038461538461538464
0 0.2800480769230769 0.33413461538461536 0.06370192307692307 0.03365384615384615
0 0.21514423076923078 0.3317307692307692 0.057692307692307696 0.03485576923076923
0 0.2800480769230769 0.2956730769230769 0.06490384615384616 0.036057692307692304
0 0.21394230769230768 0.2932692307692308 0.0625 0.038461538461538464
0 0.34375 0.3329326923076923 0.06009615384615385 0.036057692307692304
0 0.9675480769230769 0.23076923076923078 0.04567307692307692 0.09014423076923077