0 0.055288461538461536 0.4699519230769231 0.009615384615384616 0.1346153846153846
0 0.078125 0.546875 0.026442307692307692 0.1346153846153846
0 0.9783653846153846 0.4543269230769231 0.042067307692307696 0.09975961538461539
0 0.4026442307692308 0.6838942307692307 0.03125 0.07451923076923077
0 0.8581730769230769 0.5721153846153846 0.057692307692307696 0.08413461538461539
0 0.03485576923076923 0.4483173076923077 0.039663461538461536 0.1346153846153846
0 0.7848557692307693 0.5673076923076923 0.07932692307692307 0.0985576923076923
0 0.9266826923076923 0.5649038461538461 0.06971153846153846 0.09495192307692307
0 0.07091346153846154 0.6971153846153846 0.03125 0.05048076923076923
0 0.3125 0.6826923076923077 0.025240384615384616 0.08533653846153846
0 0.1622596153846154 0.6971153846153846 0.03485576923076923 0.055288461538461536
0 0.19951923076923078 0.6959134615384616 0.03125 0.06129807692307692
0 0.24519230769230768 0.6766826923076923 0.021634615384615384 0.08774038461538461
0 0.3245192307692308 0.4735576923076923 0.04807692307692308 0.06490384615384616
0 0.2764423076923077 0.6826923076923077 0.03125 0.08653846153846154
0 0.359375 0.6838942307692307 0.040865384615384616 0.07451923076923077
0 0.7127403846153846 0.5745192307692307 0.05889423076923077 0.08052884615384616
0 0.10817307692307693 0.6959134615384616 0.036057692307692304 0.052884615384615384
0 0.6538461538461539 0.5757211538461539 0.04927884615384615 0.0733173076923077
0 0.5024038461538461 0.4326923076923077 0.04807692307692308 0.027644230769230768
0 0.5432692307692307 0.5649038461538461 0.037259615384615384 0.07572115384615384
0 0.4483173076923077 0.6862980769230769 0.042067307692307696 0.07572115384615384
0 0.37740384615384615 0.47475961538461536 0.056490384615384616 0.06370192307692307
0 0.4423076923076923 0.45552884615384615 0.0673076923076923 0.10216346153846154
0 0.5024038461538461 0.4795673076923077 0.051682692307692304 0.05889423076923077
0 0.5528846153846154 0.47836538461538464 0.04807692307692308 0.06129807692307692
0 0.5576923076923077 0.4326923076923077 0.055288461538461536 0.021634615384615384
0 0.6081730769230769 0.4675480769230769 0.042067307692307696 0.06370192307692307
0 0.6658653846153846 0.4543269230769231 0.0673076923076923 0.09735576923076923
0 0.6009615384615384 0.5757211538461539 0.056490384615384616 0.08052884615384616
0 0.8040865384615384 0.4567307692307692 0.03365384615384615 0.09014423076923077
0 0.9278846153846154 0.46274038461538464 0.055288461538461536 0.07932692307692307
0 0.1502403846153846 0.5817307692307693 0.04567307692307692 0.06610576923076923
0 0.19951923076923078 0.5733173076923077 0.046875 0.08173076923076923
0 0.25 0.5697115384615384 0.046875 0.0889423076923077
0 0.296875 0.5709134615384616 0.04447115384615385 0.0889423076923077
0 0.35096153846153844 0.5709134615384616 0.051682692307692304 0.08533653846153846
0 0.4206730769230769 0.5673076923076923 0.07572115384615384 0.0889423076923077
0 0.4879807692307692 0.5661057692307693 0.055288461538461536 0.08533653846153846
0 0.8725961538461539 0.4639423076923077 0.052884615384615384 0.08052884615384616
0 0.49038461538461536 0.6754807692307693 0.03485576923076923 0.09134615384615384
0 0.8990384615384616 0.8629807692307693 0.04447115384615385 0.08413461538461539
0 0.5637019230769231 0.6802884615384616 0.037259615384615384 0.08653846153846154
0 0.8677884615384616 0.7704326923076923 0.04326923076923077 0.054086538461538464
0 0.9110576923076923 0.7716346153846154 0.039663461538461536 0.056490384615384616
0 0.9663461538461539 0.7788461538461539 0.06490384615384616 0.042067307692307696
0 0.07572115384615384 0.8449519230769231 0.039663461538461536 0.06129807692307692
0 0.15264423076923078 0.8665865384615384 0.04447115384615385 0.09254807692307693
0 0.19591346153846154 0.8725961538461539 0.040865384615384616 0.078125
0 0.23798076923076922 0.8629807692307693 0.040865384615384616 0.09254807692307693
0 0.2824519230769231 0.8629807692307693 0.04326923076923077 0.09254807692307693
0 0.828125 0.7740384615384616 0.03365384615384615 0.04807692307692308
0 0.32572115384615385 0.8617788461538461 0.04447115384615385 0.0889423076923077
0 0.4411057692307692 0.8569711538461539 0.037259615384615384 0.07211538461538461
0 0.48677884615384615 0.8737980769230769 0.04326923076923077 0.08052884615384616
0 0.5264423076923077 0.8581730769230769 0.036057692307692304 0.06850961538461539
0 0.65625 0.8569711538461539 0.04326923076923077 0.06971153846153846
0 0.7247596153846154 0.8882211538461539 0.054086538461538464 0.046875
0 0.9459134615384616 0.8629807692307693 0.04927884615384615 0.08413461538461539
0 0.9867788461538461 0.8569711538461539 0.025240384615384616 0.07451923076923077
0 0.8545673076923077 0.8329326923076923 0.03125 0.037259615384615384
0 0.36899038461538464 0.8701923076923077 0.039663461538461536 0.078125
0 0.5240384615384616 0.6742788461538461 0.03485576923076923 0.09134615384615384
0 0.7944711538461539 0.7728365384615384 0.03365384615384615 0.04447115384615385
0 0.7319711538461539 0.7704326923076923 0.028846153846153848 0.04567307692307692
0 0.6033653846153846 0.6790865384615384 0.036057692307692304 0.08052884615384616
0 0.6550480769230769 0.6814903846153846 0.040865384615384616 0.08173076923076923
0 0.6959134615384616 0.6814903846153846 0.038461538461538464 0.08052884615384616
0 0.7367788461538461 0.6802884615384616 0.039663461538461536 0.08533653846153846
0 0.78125 0.6766826923076923 0.042067307692307696 0.09014423076923077
0 0.8365384615384616 0.6887019230769231 0.06129807692307692 0.0625
0 0.9122596153846154 0.6899038461538461 0.07091346153846154 0.052884615384615384
0 0.020432692307692308 0.6947115384615384 0.040865384615384616 0.052884615384615384
0 0.7620192307692307 0.7716346153846154 0.028846153846153848 0.04927884615384615
0 0.07692307692307693 0.7752403846153846 0.109375 0.051682692307692304
0 0.24639423076923078 0.7716346153846154 0.1045673076923077 0.052884615384615384
0 0.328125 0.7704326923076923 0.056490384615384616 0.054086538461538464
0 0.3894230769230769 0.7692307692307693 0.06009615384615385 0.056490384615384616
0 0.453125 0.7704326923076923 0.06129807692307692 0.055288461538461536
0 0.5132211538461539 0.7692307692307693 0.05889423076923077 0.055288461538461536
0 0.5685096153846154 0.7716346153846154 0.04567307692307692 0.04927884615384615
0 0.6622596153846154 0.7692307692307693 0.037259615384615384 0.04927884615384615
0 0.6995192307692307 0.7716346153846154 0.028846153846153848 0.04447115384615385
0 0.16466346153846154 0.7704326923076923 0.06009615384615385 0.051682692307692304
0 0.26802884615384615 0.45552884615384615 0.05889423076923077 0.10096153846153846
0 0.7451923076923077 0.4543269230769231 0.078125 0.0985576923076923
0 0.1466346153846154 0.35096153846153844 0.08774038461538461 0.07932692307692307
0 0.6598557692307693 0.33774038461538464 0.06129807692307692 0.10216346153846154
0 0.71875 0.3581730769230769 0.04927884615384615 0.06490384615384616
0 0.7788461538461539 0.3557692307692308 0.06490384615384616 0.07211538461538461
0 0.8377403846153846 0.3545673076923077 0.051682692307692304 0.07451923076923077
0 0.9050480769230769 0.3605769230769231 0.052884615384615384 0.057692307692307696
0 0.14543269230769232 0.4543269230769231 0.07572115384615384 0.10216346153846154
0 0.5901442307692307 0.3401442307692308 0.0733173076923077 0.10216346153846154
0 0.2800480769230769 0.23317307692307693 0.054086538461538464 0.07451923076923077
0 0.1658653846153846 0.23557692307692307 0.054086538461538464 0.06971153846153846
0 0.11057692307692307 0.23557692307692307 0.052884615384615384 0.06971153846153846
0 0.04807692307692308 0.234375 0.051682692307692304 0.06850961538461539
0 0.46033653846153844 0.057692307692307696 0.05048076923076923 0.020432692307692308
0 0.47596153846153844 0.08173076923076923 0.056490384615384616 0.025240384615384616
0 0.36658653846153844 0.11778846153846154 0.042067307692307696 0.020432692307692308
0 0.22235576923076922 0.234375 0.054086538461538464 0.07572115384615384
0 0.2091346153846154 0.47115384615384615 0.052884615384615384 0.06610576923076923
0 0.5264423076923077 0.3581730769230769 0.05048076923076923 0.0625
0 0.39783653846153844 0.3389423076923077 0.06370192307692307 0.09975961538461539
0 0.5012019230769231 0.234375 0.06129807692307692 0.07692307692307693
0 0.5612980769230769 0.23557692307692307 0.056490384615384616 0.078125
0 0.6213942307692307 0.23557692307692307 0.06129807692307692 0.078125
0 0.6826923076923077 0.23798076923076922 0.052884615384615384 0.07211538461538461
0 0.7379807692307693 0.2403846153846154 0.054086538461538464 0.06490384615384616
0 0.7932692307692307 0.2403846153846154 0.04927884615384615 0.06610576923076923
0 0.4675480769230769 0.34375 0.06490384615384616 0.09495192307692307
0 0.8461538461538461 0.24158653846153846 0.046875 0.0673076923076923
0 0.9627403846153846 0.234375 0.054086538461538464 0.08173076923076923
0 0.04927884615384615 0.33653846153846156 0.09495192307692307 0.057692307692307696
0 0.33413461538461536 0.2403846153846154 0.054086538461538464 0.078125
0 0.21634615384615385 0.36177884615384615 0.036057692307692304 0.054086538461538464
0 0.27283653846153844 0.3389423076923077 0.078125 0.0985576923076923
0 0.3389423076923077 0.3605769230769231 0.052884615384615384 0.057692307692307696
0 0.9086538461538461 0.2403846153846154 0.04567307692307692 0.06610576923076923
0 0.9603365384615384 0.13942307692307693 0.078125 0.038461538461538464
0 0.8882211538461539 0.11057692307692307 0.05889423076923077 0.025240384615384616
0 0.8677884615384616 0.14182692307692307 0.06490384615384616 0.025240384615384616
0 0.6081730769230769 0.11778846153846154 0.04447115384615385 0.020432692307692308
0 0.5552884615384616 0.09615384615384616 0.04447115384615385 0.020432692307692308
0 0.5625 0.11899038461538461 0.046875 0.021634615384615384
0 0.5649038461538461 0.14182692307692307 0.05048076923076923 0.020432692307692308
0 0.5108173076923077 0.140625 0.04807692307692308 0.02283653846153846
0 0.5084134615384616 0.11778846153846154 0.046875 0.021634615384615384
0 0.6165865384615384 0.14302884615384615 0.04567307692307692 0.02403846153846154
0 0.46033653846153844 0.12980769230769232 0.04447115384615385 0.04567307692307692
0 0.359375 0.14182692307692307 0.05048076923076923 0.02283653846153846
0 0.31490384615384615 0.10576923076923077 0.039663461538461536 0.09014423076923077
0 0.27283653846153844 0.12620192307692307 0.038461538461538464 0.056490384615384616
0 0.2247596153846154 0.13822115384615385 0.04807692307692308 0.027644230769230768
0 0.12740384615384615 0.12379807692307693 0.052884615384615384 0.056490384615384616
0 0.06971153846153846 0.125 0.056490384615384616 0.055288461538461536
0 0.41346153846153844 0.12379807692307693 0.04567307692307692 0.06009615384615385
0 0.6646634615384616 0.11177884615384616 0.042067307692307696 0.08653846153846154
0 0.7079326923076923 0.11177884615384616 0.038461538461538464 0.08653846153846154
0 0.7487980769230769 0.11658653846153846 0.03245192307692308 0.04326923076923077
0 0.8004807692307693 0.14543269230769232 0.04927884615384615 0.020432692307692308
0 0.8125 0.10817307692307693 0.05889423076923077 0.026442307692307692
0 0.4423076923076923 0.24158653846153846 0.054086538461538464 0.06490384615384616
0 0.38822115384615385 0.24278846153846154 0.04807692307692308 0.06129807692307692
0 0.7487980769230769 0.14783653846153846 0.042067307692307696 0.013221153846153846