0 0.9639423076923077 0.8533653846153846 0.06971153846153846 0.028846153846153848
0 0.4951923076923077 0.1141826923076923 0.06850961538461539 0.057692307692307696
0 0.4182692307692308 0.1201923076923077 0.07091346153846154 0.046875
0 0.3473557692307692 0.12139423076923077 0.07211538461538461 0.051682692307692304
0 0.27403846153846156 0.1141826923076923 0.06971153846153846 0.057692307692307696
0 0.03365384615384615 0.10336538461538461 0.057692307692307696 0.08774038461538461
0 0.10697115384615384 0.8846153846153846 0.03485576923076923 0.046875
0 0.06009615384615385 0.8846153846153846 0.046875 0.042067307692307696
0 0.9771634615384616 0.7223557692307693 0.04447115384615385 0.06129807692307692
0 0.9326923076923077 0.7211538461538461 0.03245192307692308 0.054086538461538464
0 0.8822115384615384 0.7043269230769231 0.06370192307692307 0.07572115384615384
0 0.8185096153846154 0.7079326923076923 0.05048076923076923 0.08052884615384616
0 0.9639423076923077 0.8798076923076923 0.0673076923076923 0.02403846153846154
0 0.7620192307692307 0.7103365384615384 0.052884615384615384 0.08413461538461539
0 0.6947115384615384 0.7103365384615384 0.06129807692307692 0.08653846153846154
0 0.6213942307692307 0.7115384615384616 0.06971153846153846 0.08533653846153846
0 0.5492788461538461 0.7139423076923077 0.06610576923076923 0.08173076923076923
0 0.39783653846153844 0.7163461538461539 0.057692307692307696 0.09014423076923077
0 0.7800480769230769 0.1141826923076923 0.07211538461538461 0.05889423076923077
0 0.28966346153846156 0.7211538461538461 0.04567307692307692 0.06971153846153846
0 0.24759615384615385 0.7235576923076923 0.04326923076923077 0.0625
0 0.20192307692307693 0.7259615384615384 0.040865384615384616 0.06490384615384616
0 0.15144230769230768 0.7307692307692307 0.05048076923076923 0.06129807692307692
0 0.10216346153846154 0.7319711538461539 0.040865384615384616 0.06129807692307692
0 0.040865384615384616 0.7427884615384616 0.07211538461538461 0.039663461538461536
0 0.23557692307692307 0.6454326923076923 0.038461538461538464 0.06850961538461539
0 0.5697115384615384 0.11899038461538461 0.06971153846153846 0.040865384615384616
0 0.17548076923076922 0.6358173076923077 0.0673076923076923 0.016826923076923076
0 0.6430288461538461 0.11057692307692307 0.06971153846153846 0.06009615384615385
0 0.18870192307692307 0.11298076923076923 0.08774038461538461 0.06490384615384616
0 0.8485576923076923 0.11177884615384616 0.0625 0.057692307692307696
0 0.90625 0.11778846153846154 0.05048076923076923 0.04567307692307692
0 0.057692307692307696 0.4362980769230769 0.04326923076923077 0.078125
0 0.10697115384615384 0.4362980769230769 0.05048076923076923 0.07451923076923077
0 0.28365384615384615 0.5012019230769231 0.06129807692307692 0.057692307692307696
0 0.3449519230769231 0.4951923076923077 0.06009615384615385 0.06971153846153846
0 0.4026442307692308 0.4963942307692308 0.056490384615384616 0.06129807692307692
0 0.5180288461538461 0.49399038461538464 0.04927884615384615 0.06370192307692307
0 0.5817307692307693 0.4807692307692308 0.0625 0.09014423076923077
0 0.640625 0.47716346153846156 0.054086538461538464 0.09134615384615384
0 0.71875 0.4723557692307692 0.08653846153846154 0.09975961538461539
0 0.8016826923076923 0.4723557692307692 0.07692307692307693 0.10336538461538461
0 0.890625 0.49038461538461536 0.08052884615384616 0.06850961538461539
0 0.02403846153846154 0.5504807692307693 0.04447115384615385 0.07932692307692307
0 0.0829326923076923 0.5480769230769231 0.06370192307692307 0.07572115384615384
0 0.21153846153846154 0.5504807692307693 0.07572115384615384 0.06850961538461539
0 0.35096153846153844 0.6165865384615384 0.06971153846153846 0.06129807692307692
0 0.4266826923076923 0.609375 0.06971153846153846 0.078125
0 0.49759615384615385 0.6105769230769231 0.06610576923076923 0.07692307692307693
0 0.5733173076923077 0.6237980769230769 0.07692307692307693 0.054086538461538464
0 0.6502403846153846 0.609375 0.057692307692307696 0.07451923076923077
0 0.7043269230769231 0.6117788461538461 0.04326923076923077 0.06490384615384616
0 0.7644230769230769 0.5685096153846154 0.039663461538461536 0.03245192307692308
0 0.7560096153846154 0.6165865384615384 0.04927884615384615 0.0625
0 0.8028846153846154 0.6129807692307693 0.036057692307692304 0.06971153846153846
0 0.10576923076923077 0.11658653846153846 0.08052884615384616 0.057692307692307696
0 0.17548076923076922 0.6646634615384616 0.06971153846153846 0.026442307692307692
0 0.34375 0.7163461538461539 0.055288461538461536 0.08774038461538461
0 0.9771634615384616 0.6334134615384616 0.040865384615384616 0.07451923076923077
0 0.8485576923076923 0.2247596153846154 0.030048076923076924 0.06490384615384616
0 0.8858173076923077 0.23197115384615385 0.03365384615384615 0.052884615384615384
0 0.9242788461538461 0.2283653846153846 0.038461538461538464 0.06009615384615385
0 0.9675480769230769 0.23197115384615385 0.038461538461538464 0.054086538461538464
0 0.040865384615384616 0.3245192307692308 0.046875 0.06850961538461539
0 0.09375 0.328125 0.039663461538461536 0.0625
0 0.8088942307692307 0.22596153846153846 0.040865384615384616 0.06610576923076923
0 0.17908653846153846 0.31971153846153844 0.11298076923076923 0.06850961538461539
0 0.3786057692307692 0.3449519230769231 0.055288461538461536 0.11298076923076923
0 0.43509615384615385 0.34375 0.055288461538461536 0.11298076923076923
0 0.4879807692307692 0.3449519230769231 0.046875 0.10817307692307693
0 0.546875 0.3449519230769231 0.055288461538461536 0.11177884615384616
0 0.6105769230769231 0.3425480769230769 0.05048076923076923 0.11057692307692307
0 0.6730769230769231 0.34615384615384615 0.06610576923076923 0.10576923076923077
0 0.27283653846153844 0.3473557692307692 0.06490384615384616 0.10576923076923077
0 0.7427884615384616 0.3605769230769231 0.05889423076923077 0.08052884615384616
0 0.7632211538461539 0.234375 0.03365384615384615 0.05048076923076923
0 0.6935096153846154 0.23317307692307693 0.03365384615384615 0.052884615384615384
0 0.9783653846153846 0.109375 0.040865384615384616 0.06370192307692307
0 0.056490384615384616 0.22355769230769232 0.04326923076923077 0.08653846153846154
0 0.10576923076923077 0.22115384615384615 0.046875 0.0889423076923077
0 0.15745192307692307 0.22235576923076922 0.04567307692307692 0.08774038461538461
0 0.20192307692307693 0.22235576923076922 0.04567307692307692 0.09014423076923077
0 0.25240384615384615 0.22956730769230768 0.046875 0.07692307692307693
0 0.7283653846153846 0.22596153846153846 0.03245192307692308 0.055288461538461536
0 0.3004807692307692 0.23557692307692307 0.042067307692307696 0.051682692307692304
0 0.40024038461538464 0.23677884615384615 0.03485576923076923 0.054086538461538464
0 0.45072115384615385 0.24759615384615385 0.0673076923076923 0.030048076923076924
0 0.453125 0.21995192307692307 0.06370192307692307 0.02403846153846154
0 0.5216346153846154 0.23076923076923078 0.0673076923076923 0.0625
0 0.5817307692307693 0.22956730769230768 0.055288461538461536 0.0625
0 0.6430288461538461 0.22956730769230768 0.06370192307692307 0.06009615384615385
0 0.35096153846153844 0.23557692307692307 0.05889423076923077 0.055288461538461536
0 0.09735576923076923 0.6454326923076923 0.0733173076923077 0.057692307692307696
0 0.7115384615384616 0.11177884615384616 0.06490384615384616 0.06370192307692307
0 0.14182692307692307 0.8689903846153846 0.03485576923076923 0.08533653846153846
0 0.9290865384615384 0.3389423076923077 0.07932692307692307 0.11778846153846154
0 0.8581730769230769 0.359375 0.056490384615384616 0.0733173076923077
0 0.29086538461538464 0.8521634615384616 0.05048076923076923 0.10216346153846154
0 0.8004807692307693 0.3641826923076923 0.052884615384615384 0.0733173076923077
0 0.33774038461538464 0.859375 0.03365384615384615 0.08653846153846154
0 0.3762019230769231 0.859375 0.04326923076923077 0.08533653846153846
0 0.421875 0.8569711538461539 0.04807692307692308 0.09134615384615384
0 0.4699519230769231 0.8521634615384616 0.046875 0.09254807692307693
0 0.23557692307692307 0.8557692307692307 0.046875 0.09735576923076923
0 0.5180288461538461 0.8545673076923077 0.04447115384615385 0.0889423076923077
0 0.8004807692307693 0.8389423076923077 0.06009615384615385 0.11778846153846154
0 0.8557692307692307 0.8653846153846154 0.04447115384615385 0.06129807692307692
0 0.9038461538461539 0.8605769230769231 0.037259615384615384 0.057692307692307696
0 0.8461538461538461 0.6177884615384616 0.04927884615384615 0.0625
0 0.8966346153846154 0.609375 0.046875 0.08173076923076923
0 0.96875 0.5432692307692307 0.05889423076923077 0.02403846153846154
0 0.9699519230769231 0.5673076923076923 0.05889423076923077 0.02403846153846154
0 0.9411057692307693 0.6430288461538461 0.03125 0.055288461538461536
0 0.5901442307692307 0.8389423076923077 0.07932692307692307 0.12379807692307693
0 0.18509615384615385 0.8653846153846154 0.046875 0.09975961538461539